#!ascii label  , from subject sub-v1s23x0050567_ses-1 vox2ras=TkReg
975
57436  16.907  -2.932  -27.584 0.2500000000
57452  17.893  -2.692  -28.422 0.2500000000
57451  18.759  -2.893  -29.095 0.7500000000
60310  16.146  -0.414  -28.294 0.2500000000
59375  15.750  -1.137  -27.769 0.1250000000
60322  17.058  -0.200  -29.084 0.3750000000
117491  16.261  -1.469  -27.894 0.2500000000
58431  17.232  -2.191  -28.150 0.2500000000
58454  18.560  -2.200  -29.461 0.7500000000
58444  17.819  -1.854  -28.759 0.3750000000
57450  19.413  -3.126  -29.592 0.8750000000
59389  16.624  -0.882  -28.363 0.3750000000
121162  17.680  -1.346  -28.911 0.3750000000
59394  19.027  -1.597  -30.868 0.8750000000
58455  18.271  -1.472  -29.723 0.7500000000
115048  18.148  -4.664  -32.161 1.0000000000
58468  18.687  -2.711  -32.022 1.0000000000
120093  19.212  -2.037  -30.678 0.8750000000
57459  20.043  -2.918  -30.642 1.0000000000
57466  19.978  -4.401  -31.458 1.0000000000
60329  17.555  -0.258  -29.826 0.7500000000
59400  18.646  -0.979  -31.497 0.8750000000
59395  18.132  -0.797  -30.312 0.8750000000
56520  16.655  -4.484  -32.919 1.0000000000
58469  17.703  -2.645  -32.479 1.0000000000
59399  18.859  -2.062  -32.079 1.0000000000
56522  19.880  -4.803  -32.791 1.0000000000
55593  18.273  -5.689  -32.353 1.0000000000
55590  20.129  -6.671  -31.889 1.0000000000
108193  19.007  -4.813  -31.526 1.0000000000
60311  15.395  -0.359  -27.963 0.1250000000
60341  18.244  -0.498  -31.552 1.0000000000
116086  17.823  -0.074  -30.732 0.8750000000
59404  18.129  -1.827  -32.485 1.0000000000
58477  18.269  -3.161  -33.664 1.0000000000
57490  17.087  -3.074  -33.841 1.0000000000
58470  16.057  -2.856  -32.915 1.0000000000
59412  16.990  -1.666  -33.322 1.0000000000
57483  19.712  -3.606  -33.028 1.0000000000
56525  17.133  -5.093  -33.165 1.0000000000
59397  22.169  -1.575  -31.513 1.0000000000
57474  20.324  -3.207  -31.641 1.0000000000
63979  15.990  3.444  -31.480 0.2500000000
121667  16.080  0.071  -28.446 0.2500000000
61258  16.323  0.677  -28.967 0.3750000000
61257  16.807  0.394  -29.320 0.5000000000
60336  17.309  0.924  -30.758 1.0000000000
61265  17.146  1.154  -30.468 0.6250000000
117296  17.604  0.485  -31.159 1.0000000000
61288  18.362  -0.310  -31.783 1.0000000000
112430  19.509  -1.745  -32.403 1.0000000000
58483  17.842  -2.224  -34.012 1.0000000000
60347  18.800  -0.996  -32.247 1.0000000000
59410  20.016  -0.967  -32.299 1.0000000000
59398  21.414  -1.567  -31.819 1.0000000000
110835  21.675  0.299  -32.194 1.0000000000
60335  21.914  -0.716  -31.927 1.0000000000
116644  15.524  3.310  -32.136 0.5000000000
63057  16.599  2.696  -30.704 0.3750000000
110320  16.767  2.270  -30.955 0.3750000000
62138  16.544  2.397  -31.823 0.5000000000
62145  16.707  2.211  -31.748 0.8750000000
61271  17.250  1.289  -31.403 1.0000000000
109484  16.764  2.464  -31.974 1.0000000000
61287  18.639  0.011  -31.959 1.0000000000
61279  18.136  0.833  -31.903 1.0000000000
61278  20.551  1.022  -32.603 1.0000000000
61285  19.741  0.780  -32.557 1.0000000000
62142  22.005  1.343  -32.078 1.0000000000
115108  20.939  0.395  -32.403 1.0000000000
61264  22.592  0.649  -30.887 0.8750000000
63994  15.239  3.616  -32.098 0.5000000000
63068  15.968  2.935  -32.097 0.5000000000
63083  16.080  3.337  -32.144 0.6250000000
103083  17.261  3.162  -32.266 1.0000000000
106072  18.058  2.678  -32.401 1.0000000000
64002  20.944  2.719  -32.719 1.0000000000
120127  20.594  2.722  -32.816 1.0000000000
63088  20.468  2.363  -32.837 1.0000000000
63089  19.695  2.297  -32.866 1.0000000000
63079  21.375  2.182  -32.534 1.0000000000
62149  20.898  1.802  -32.700 1.0000000000
62153  20.150  1.690  -32.786 1.0000000000
63067  21.932  2.949  -31.172 0.8750000000
62143  21.643  1.670  -32.347 1.0000000000
62137  22.312  1.355  -31.380 0.8750000000
64007  15.234  3.828  -32.269 0.5000000000
64006  17.143  3.733  -32.498 0.8750000000
64851  19.301  4.240  -33.013 1.0000000000
64005  18.276  3.375  -32.690 1.0000000000
63993  20.874  3.507  -32.394 1.0000000000
64003  20.267  3.237  -32.843 1.0000000000
63090  18.798  2.091  -32.662 1.0000000000
65603  21.595  5.224  -31.253 1.0000000000
63977  22.222  3.520  -30.094 1.0000000000
63992  21.351  2.737  -32.217 1.0000000000
64835  21.363  4.318  -31.598 1.0000000000
63978  21.867  3.913  -30.897 1.0000000000
64008  15.079  4.134  -32.288 0.5000000000
104549  16.037  3.922  -32.391 0.8750000000
116565  20.291  5.795  -33.059 1.0000000000
64852  18.260  4.086  -32.901 1.0000000000
67071  21.834  7.215  -31.915 1.0000000000
114441  21.399  5.788  -31.697 1.0000000000
123099  22.143  6.576  -30.788 1.0000000000
66337  21.777  6.538  -31.425 1.0000000000
65614  21.049  4.999  -31.930 1.0000000000
65602  22.045  5.477  -30.651 1.0000000000
118436  21.843  5.960  -30.991 1.0000000000
65583  22.446  5.329  -29.909 0.8750000000
67866  19.615  8.504  -34.515 1.0000000000
67102  17.560  7.725  -32.994 0.3750000000
67850  19.085  7.746  -34.027 0.8750000000
66375  20.207  6.532  -33.507 1.0000000000
67085  21.446  7.142  -32.715 1.0000000000
109395  19.243  9.018  -34.996 0.8750000000
68684  19.996  8.995  -35.140 1.0000000000
67114  19.954  7.898  -34.192 1.0000000000
67865  20.300  8.551  -34.566 1.0000000000
67848  21.156  8.025  -33.793 1.0000000000
67084  21.880  7.900  -32.495 1.0000000000
67836  21.492  7.744  -33.158 1.0000000000
67828  22.705  8.976  -31.531 1.0000000000
68699  18.572  9.457  -35.340 0.7500000000
68683  20.643  9.159  -34.933 1.0000000000
68682  21.318  9.417  -34.486 1.0000000000
69513  22.328  10.153  -33.374 1.0000000000
68673  21.871  9.357  -33.690 1.0000000000
67847  21.842  8.526  -33.239 1.0000000000
68697  20.420  9.385  -35.585 1.0000000000
68696  21.041  9.747  -35.433 1.0000000000
69514  21.828  9.978  -34.083 1.0000000000
73971  16.220  15.518  -35.585 0.1250000000
73970  16.939  15.735  -34.758 0.1250000000
73988  15.466  15.525  -38.343 0.2500000000
73978  15.610  15.571  -36.919 0.1250000000
73987  16.444  15.415  -38.920 0.3750000000
74654  15.534  16.498  -37.777 0.2500000000
107236  16.745  16.516  -39.204 0.5000000000
74660  17.242  17.687  -39.103 0.3750000000
74653  16.101  17.513  -36.936 0.2500000000
74661  16.033  17.278  -38.731 0.2500000000
105892  16.558  18.176  -38.191 0.2500000000
75323  16.771  18.881  -37.792 0.2500000000
76008  17.730  18.902  -38.564 0.2500000000
75321  18.241  18.197  -38.470 0.3750000000
75322  17.060  18.755  -38.778 0.2500000000
76003  19.105  18.656  -37.906 0.3750000000
76680  19.355  19.156  -37.884 0.2500000000
59374  17.089  -1.471  -28.359 0.2500000000
57465  21.113  -3.005  -31.173 1.0000000000
65615  20.507  4.775  -32.444 1.0000000000
57424  17.021  -3.916  -27.234 0.1250000000
56498  18.914  -3.713  -28.738 0.6250000000
56497  19.462  -3.991  -29.093 0.7500000000
106040  19.965  -4.337  -29.330 1.0000000000
114264  16.493  -2.073  -27.684 0.1250000000
57458  20.433  -3.370  -30.676 1.0000000000
57464  22.031  -3.064  -31.108 1.0000000000
58459  22.451  -2.372  -31.180 1.0000000000
63058  16.436  1.643  -29.538 0.2500000000
111600  22.602  -0.091  -31.279 0.8750000000
122712  22.305  2.768  -30.163 0.8750000000
62133  22.540  1.376  -30.321 0.8750000000
105913  22.665  3.979  -29.169 0.8750000000
109051  17.163  6.778  -32.518 0.1250000000
64837  15.217  4.486  -32.098 0.3750000000
65629  17.376  5.128  -32.700 0.6250000000
66336  22.315  6.110  -30.323 1.0000000000
113076  22.280  4.389  -30.015 0.8750000000
67851  18.302  8.148  -33.724 0.5000000000
67867  18.863  8.572  -34.308 0.8750000000
67101  18.293  7.257  -33.587 0.3750000000
108095  18.911  6.922  -33.742 0.8750000000
67070  22.319  8.047  -31.558 1.0000000000
68660  23.076  9.728  -31.499 1.0000000000
68672  22.346  9.349  -32.960 1.0000000000
69531  19.525  9.898  -36.456 0.8750000000
69542  21.002  10.595  -36.320 1.0000000000
69520  21.527  10.333  -34.808 1.0000000000
73129  17.908  15.198  -34.192 0.1250000000
72299  16.116  13.984  -35.649 0.1250000000
72333  17.977  13.647  -38.467 0.6250000000
73977  19.576  16.145  -37.648 0.5000000000
74647  16.301  16.376  -35.848 0.2500000000
75315  19.534  17.695  -37.418 0.5000000000
75309  16.864  17.776  -35.544 0.2500000000
75316  16.577  18.362  -36.759 0.2500000000
74659  18.844  17.146  -37.991 0.5000000000
76004  16.929  18.805  -36.573 0.1250000000
76009  16.999  19.270  -38.329 0.2500000000
115167  18.006  19.621  -38.706 0.2500000000
76002  20.271  18.790  -36.901 0.3750000000
76698  19.030  19.786  -39.070 0.2500000000
76689  17.338  19.527  -37.860 0.1250000000
57435  18.280  -3.497  -28.266 0.5000000000
57460  19.368  -2.504  -30.221 0.8750000000
57449  20.006  -3.520  -29.901 1.0000000000
57467  19.390  -3.113  -31.486 1.0000000000
119968  20.229  -4.017  -31.570 1.0000000000
56516  20.374  -5.433  -32.178 1.0000000000
60330  17.344  0.364  -30.038 0.8750000000
104372  18.424  -1.482  -32.189 1.0000000000
59403  20.461  -1.660  -32.031 1.0000000000
59420  16.520  -1.850  -33.992 1.0000000000
60349  17.025  -1.542  -33.742 1.0000000000
58466  20.878  -2.390  -31.628 1.0000000000
58460  21.749  -2.318  -31.407 1.0000000000
62134  16.954  1.291  -30.105 0.3750000000
61272  16.989  1.789  -31.266 0.8750000000
61280  17.724  0.559  -31.510 1.0000000000
60340  20.956  -0.615  -32.210 1.0000000000
109057  19.262  -1.049  -32.408 1.0000000000
60354  17.871  -1.323  -33.597 1.0000000000
60346  19.284  -0.397  -32.182 1.0000000000
60345  20.091  -0.051  -32.428 1.0000000000
61269  22.289  0.701  -31.800 1.0000000000
120734  16.962  1.882  -31.036 0.6250000000
63074  15.976  2.822  -32.129 0.6250000000
62144  17.295  1.498  -31.745 1.0000000000
62154  19.352  1.491  -32.645 1.0000000000
62155  18.656  1.180  -32.250 1.0000000000
62150  18.038  1.818  -32.222 1.0000000000
61277  21.291  1.149  -32.458 1.0000000000
63073  21.827  2.021  -31.882 0.8750000000
63082  19.126  2.862  -32.825 1.0000000000
120458  21.457  3.481  -31.693 1.0000000000
63080  21.026  2.323  -32.710 1.0000000000
63081  19.994  2.870  -32.936 1.0000000000
64850  20.179  4.076  -32.738 1.0000000000
64004  19.365  3.472  -32.922 1.0000000000
64836  20.779  4.328  -32.240 1.0000000000
64822  21.946  4.776  -30.734 1.0000000000
64854  15.713  4.303  -32.308 0.6250000000
64853  17.006  4.371  -32.584 0.7500000000
65628  18.581  4.763  -33.095 1.0000000000
65627  19.202  4.971  -33.154 1.0000000000
66367  19.587  5.641  -33.309 1.0000000000
104449  19.925  4.965  -32.868 1.0000000000
66366  20.914  6.419  -32.954 1.0000000000
67056  22.183  7.215  -31.079 1.0000000000
66353  21.371  6.443  -32.205 1.0000000000
65626  20.785  5.577  -32.472 1.0000000000
65638  18.798  5.491  -33.379 1.0000000000
67098  21.014  7.184  -33.400 1.0000000000
66376  19.237  6.305  -33.609 1.0000000000
67099  20.451  7.461  -33.856 1.0000000000
68698  19.594  9.400  -35.816 0.8750000000
67849  20.576  8.103  -34.178 1.0000000000
67864  20.930  8.635  -34.363 1.0000000000
114054  22.312  8.713  -32.345 1.0000000000
108479  21.427  8.781  -33.929 1.0000000000
69529  21.389  10.348  -35.843 1.0000000000
69530  20.614  9.852  -36.200 1.0000000000
73136  17.120  15.173  -34.313 0.1250000000
73145  15.964  14.800  -36.184 0.1250000000
73144  16.386  14.969  -34.988 0.1250000000
105350  16.805  17.053  -35.384 0.2500000000
74662  15.759  16.293  -38.958 0.2500000000
72300  16.082  14.055  -36.775 0.3750000000
73163  15.916  14.800  -38.414 0.5000000000
111561  18.195  16.440  -38.692 0.5000000000
73986  17.595  15.707  -38.845 0.7500000000
76688  17.632  19.383  -38.633 0.2500000000
121028  17.601  -3.413  -27.807 0.2500000000
109802  16.848  -4.620  -26.848 0.1250000000
56472  17.415  -4.564  -27.166 0.1250000000
56483  18.549  -4.288  -28.015 0.6250000000
103662  16.600  4.859  -32.359 0.6250000000
120536  17.905  4.710  -32.891 0.8750000000
65639  18.088  5.339  -33.156 0.8750000000
112746  17.711  6.796  -33.211 0.7500000000
66378  17.532  5.991  -33.004 0.8750000000
66377  18.338  6.262  -33.480 1.0000000000
67100  19.637  7.141  -33.833 1.0000000000
69543  20.070  10.657  -36.678 1.0000000000
70458  21.366  11.198  -35.932 1.0000000000
70451  21.868  11.193  -34.559 1.0000000000
120140  16.172  13.525  -36.442 0.3750000000
73169  18.838  13.985  -38.450 0.7500000000
73161  17.980  14.715  -38.575 0.7500000000
73162  16.888  14.360  -38.407 0.5000000000
73985  18.871  15.416  -38.323 0.7500000000
76687  19.911  19.432  -38.092 0.2500000000
76679  20.718  19.276  -37.200 0.3750000000
52742  22.292  -8.399  -28.553 0.7500000000
108823  24.804  -7.779  -29.354 0.7500000000
52743  21.506  -8.366  -28.100 0.7500000000
53709  21.020  -7.548  -28.276 0.7500000000
53721  23.444  -7.303  -29.700 0.7500000000
115782  22.953  -7.992  -29.046 0.7500000000
53722  22.420  -7.121  -29.443 0.7500000000
53723  21.379  -7.005  -28.920 0.7500000000
54674  23.806  -6.608  -30.109 0.7500000000
107105  23.086  -6.716  -29.959 0.7500000000
54677  19.710  -4.913  -28.765 0.7500000000
56482  19.152  -4.568  -28.393 0.6250000000
106589  21.789  -6.372  -29.491 0.7500000000
119292  21.353  -5.679  -29.508 0.8750000000
55584  20.497  -5.192  -29.275 0.8750000000
55580  23.954  -5.943  -30.256 0.7500000000
55581  23.177  -6.001  -30.242 0.7500000000
55583  21.381  -4.913  -29.822 0.8750000000
56496  20.595  -4.230  -29.777 0.8750000000
56503  23.580  -5.224  -30.338 0.7500000000
118054  22.875  -5.263  -30.370 0.7500000000
55588  22.233  -4.726  -30.326 0.8750000000
56506  20.639  -3.724  -30.333 0.8750000000
57456  23.116  -3.881  -30.611 0.7500000000
103919  22.272  -3.835  -30.726 0.8750000000
58452  23.546  -2.468  -30.081 0.8750000000
111366  22.732  -3.142  -30.885 0.8750000000
58453  23.046  -2.436  -30.769 0.8750000000
59393  22.768  -1.643  -31.123 0.8750000000
60309  25.230  -0.228  -28.645 0.3750000000
60321  23.906  -0.978  -29.192 0.6250000000
60327  23.230  -1.000  -29.872 0.7500000000
60328  22.890  -0.918  -30.832 0.7500000000
61243  24.848  0.529  -28.611 0.5000000000
61254  24.176  -0.105  -28.885 0.5000000000
61255  23.398  0.474  -29.342 0.7500000000
61263  22.874  -0.105  -30.192 0.7500000000
63037  25.683  1.955  -28.554 0.1250000000
63038  24.587  1.790  -28.613 0.3750000000
62125  23.805  1.210  -28.871 0.6250000000
62132  23.074  1.317  -29.493 0.6250000000
118942  27.411  2.983  -29.349 0.1250000000
63052  26.867  2.809  -28.980 0.1250000000
63054  25.027  2.609  -28.549 0.1250000000
63959  25.290  3.560  -28.555 0.1250000000
108367  23.425  2.710  -28.843 0.6250000000
119823  23.429  3.551  -28.689 0.6250000000
110986  22.725  3.109  -29.339 0.7500000000
63958  26.366  3.485  -28.935 0.1250000000
114782  26.699  4.561  -29.690 0.1250000000
64805  24.802  4.570  -28.487 0.1250000000
64806  23.538  4.547  -28.587 0.6250000000
64807  22.693  4.776  -29.206 0.7500000000
63957  27.045  3.449  -29.520 0.1250000000
109890  25.383  5.448  -28.715 0.5000000000
66316  25.779  6.292  -29.122 0.5000000000
112309  24.748  6.270  -28.867 0.6250000000
65582  23.141  5.494  -28.943 0.7500000000
69545  18.492  9.794  -36.236 0.6250000000
119655  17.982  10.324  -36.737 0.5000000000
69544  18.914  10.386  -36.837 0.7500000000
67043  25.111  7.082  -29.327 0.6250000000
67045  23.480  7.467  -29.896 0.6250000000
67046  22.738  7.032  -30.251 0.8750000000
67805  25.777  7.790  -29.578 0.5000000000
67806  24.828  7.982  -29.665 0.6250000000
67817  25.504  8.647  -29.780 0.6250000000
67807  23.923  8.081  -29.904 0.7500000000
70472  18.285  10.838  -37.413 0.7500000000
67055  23.186  7.908  -30.353 0.8750000000
68666  22.682  9.500  -32.196 0.8750000000
112789  22.659  9.989  -32.678 0.8750000000
67819  23.560  8.685  -30.405 0.7500000000
68659  23.532  9.830  -30.989 0.8750000000
69499  23.586  10.422  -31.433 0.8750000000
69505  23.315  10.854  -32.022 0.8750000000
69506  22.843  10.768  -32.683 0.8750000000
67816  26.487  8.403  -29.779 0.3750000000
114981  26.090  9.185  -29.951 0.5000000000
68651  24.581  9.657  -30.436 0.6250000000
68648  27.680  9.131  -30.541 0.2500000000
68649  26.883  9.206  -30.151 0.3750000000
68650  25.318  9.469  -30.179 0.5000000000
113409  20.016  11.995  -38.198 0.7500000000
70471  19.558  11.184  -37.441 0.7500000000
70470  20.409  11.565  -36.885 0.8750000000
69519  22.030  10.682  -34.017 0.8750000000
123337  22.216  11.380  -33.926 0.7500000000
70438  22.875  11.482  -32.966 0.8750000000
68658  24.154  10.112  -30.823 0.6250000000
69498  24.410  10.781  -31.155 0.7500000000
69490  26.197  9.985  -30.418 0.3750000000
69496  26.853  10.724  -30.800 0.5000000000
70436  24.252  11.980  -31.845 0.7500000000
106921  27.924  9.738  -30.869 0.2500000000
70487  17.659  11.609  -37.719 0.6250000000
70485  20.462  11.912  -37.647 0.8750000000
71444  20.943  11.949  -36.323 0.8750000000
109710  21.587  11.713  -35.044 0.8750000000
71437  20.918  12.767  -36.220 0.7500000000
71428  22.120  12.106  -34.201 0.8750000000
71413  23.118  12.183  -32.934 0.7500000000
70428  24.730  11.468  -31.425 0.5000000000
121600  27.759  11.683  -31.904 0.2500000000
70426  26.489  11.479  -31.219 0.5000000000
69497  25.895  10.889  -30.851 0.5000000000
115062  28.351  9.945  -31.419 0.2500000000
71458  17.205  12.511  -37.920 0.5000000000
71473  18.559  12.914  -38.515 0.5000000000
71472  19.320  13.023  -38.512 0.6250000000
72317  20.602  13.464  -38.076 0.7500000000
72298  20.850  13.463  -36.078 0.7500000000
73143  20.688  14.159  -36.355 0.7500000000
73142  21.106  13.976  -35.437 0.7500000000
117183  21.880  14.487  -34.354 0.7500000000
72297  21.221  13.136  -35.453 0.7500000000
73135  22.263  14.062  -33.969 0.7500000000
72280  23.159  13.533  -33.178 0.7500000000
73127  23.001  14.325  -33.438 0.7500000000
72268  25.785  13.709  -32.441 0.5000000000
73117  25.159  14.246  -32.771 0.3750000000
72270  23.787  13.475  -32.732 0.6250000000
71408  27.584  12.338  -32.253 0.2500000000
71409  26.443  13.140  -32.188 0.3750000000
73160  19.409  14.503  -38.285 0.6250000000
73159  20.268  14.175  -38.092 0.7500000000
73969  20.465  15.151  -36.625 0.7500000000
73968  20.944  14.940  -35.375 0.7500000000
73953  22.454  15.041  -33.901 0.7500000000
73952  23.277  15.140  -33.528 0.6250000000
73116  25.981  14.324  -32.872 0.3750000000
73125  24.674  14.824  -33.214 0.3750000000
71420  28.019  12.763  -32.920 0.1250000000
108791  27.793  13.779  -34.027 0.1250000000
72279  26.759  13.897  -32.834 0.2500000000
73984  20.089  15.054  -37.782 0.6250000000
114445  21.394  15.876  -34.878 0.6250000000
108612  22.191  15.922  -34.288 0.7500000000
73951  24.125  15.534  -33.596 0.3750000000
73960  23.153  15.971  -33.856 0.3750000000
108150  26.863  14.964  -34.111 0.2500000000
73124  25.602  14.829  -33.277 0.3750000000
73126  23.802  14.686  -33.237 0.6250000000
71435  28.125  12.837  -35.871 0.1250000000
72288  27.680  13.782  -34.830 0.1250000000
71427  28.563  12.524  -34.248 0.1250000000
74651  20.244  16.246  -36.566 0.6250000000
74646  21.167  16.656  -35.182 0.3750000000
115584  20.715  15.914  -35.645 0.3750000000
74639  22.697  16.679  -34.355 0.3750000000
74636  25.306  16.511  -34.848 0.2500000000
114160  24.013  16.277  -33.991 0.3750000000
73141  26.976  14.893  -35.731 0.1250000000
73958  26.446  15.540  -34.637 0.3750000000
73950  25.195  15.478  -33.685 0.3750000000
71442  28.491  12.287  -36.146 0.1250000000
119335  27.340  14.397  -34.435 0.1250000000
75993  20.710  18.175  -36.113 0.3750000000
74652  19.791  16.897  -37.120 0.3750000000
118747  20.613  16.704  -35.775 0.3750000000
75307  21.681  17.395  -35.001 0.3750000000
75308  20.949  17.415  -35.569 0.3750000000
75297  24.053  17.333  -34.924 0.3750000000
75298  23.139  17.383  -34.724 0.3750000000
75299  22.367  17.252  -34.694 0.3750000000
74645  24.897  17.111  -35.290 0.3750000000
74637  24.461  16.724  -34.539 0.3750000000
74638  23.573  16.747  -34.348 0.3750000000
72315  25.943  14.012  -37.664 0.1250000000
73966  26.572  15.563  -35.466 0.1250000000
73976  26.141  16.142  -36.078 0.2500000000
72305  27.397  13.382  -36.832 0.1250000000
76000  22.384  19.129  -36.453 0.2500000000
75990  23.027  18.677  -35.875 0.2500000000
75991  22.179  18.686  -35.770 0.3750000000
75992  21.514  18.157  -35.537 0.3750000000
74650  25.087  17.292  -36.235 0.1250000000
75305  23.649  18.003  -35.457 0.3750000000
75306  22.512  18.002  -35.172 0.3750000000
75304  24.470  17.686  -35.718 0.2500000000
73157  25.159  14.807  -37.899 0.1250000000
74644  25.575  16.694  -35.715 0.1250000000
76001  21.348  18.946  -36.289 0.3750000000
75999  23.224  18.895  -36.819 0.2500000000
75312  24.475  17.908  -36.687 0.1250000000
75998  23.868  18.401  -37.317 0.1250000000
103727  24.800  17.118  -37.423 0.1250000000
75319  24.276  17.801  -37.912 0.1250000000
72329  24.813  13.652  -38.891 0.1250000000
73993  24.184  15.813  -38.814 0.1250000000
76017  23.104  18.515  -39.094 0.1250000000
74667  24.085  16.356  -39.231 0.1250000000
123834  23.798  17.506  -38.887 0.1250000000
73178  24.053  14.290  -40.057 0.1250000000
72342  24.043  13.549  -40.253 0.1250000000
56505  21.369  -4.135  -30.330 0.8750000000
59387  23.724  -1.758  -29.596 0.6250000000
67827  23.194  9.239  -30.894 0.8750000000
103765  25.140  11.024  -31.060 0.5000000000
69495  27.740  10.459  -31.045 0.3750000000
71456  19.212  12.376  -38.456 0.6250000000
71455  20.740  12.601  -37.970 0.8750000000
72307  20.745  13.304  -37.115 0.7500000000
71436  21.268  12.225  -35.620 0.8750000000
71429  21.648  12.676  -34.829 0.7500000000
72281  22.632  13.581  -33.598 0.7500000000
71422  22.696  12.763  -33.455 0.7500000000
71403  25.152  12.191  -31.621 0.5000000000
71410  25.496  12.946  -31.967 0.5000000000
71411  24.676  12.660  -31.976 0.7500000000
71402  26.170  12.308  -31.646 0.5000000000
119822  25.720  15.745  -37.088 0.1250000000
75313  23.819  18.415  -36.304 0.2500000000
103605  24.159  17.043  -38.622 0.1250000000
73168  24.111  14.806  -39.453 0.1250000000
115808  24.164  2.431  -28.638 0.5000000000
63056  22.758  2.179  -29.636 0.7500000000
67042  26.147  7.009  -29.491 0.3750000000
67068  27.968  8.326  -30.765 0.2500000000
70437  23.421  11.589  -32.345 0.7500000000
74649  25.480  16.610  -36.644 0.1250000000
67826  28.337  8.371  -31.587 0.1250000000
51826  23.368  -9.346  -28.514 0.7500000000
51827  22.325  -9.095  -28.242 0.7500000000
118405  21.007  -8.608  -27.485 0.7500000000
52744  20.732  -7.967  -27.681 0.7500000000
51824  24.670  -8.449  -28.989 0.7500000000
53719  25.270  -7.261  -29.476 0.7500000000
54664  19.467  -5.488  -28.051 0.6250000000
54663  20.576  -6.729  -28.393 0.7500000000
54673  24.692  -6.324  -29.966 0.6250000000
114033  24.504  -5.448  -30.074 0.7500000000
56494  25.132  -4.804  -29.857 0.6250000000
57448  23.903  -3.855  -30.143 0.6250000000
58443  24.259  -2.525  -29.502 0.5000000000
60319  25.656  -1.154  -28.813 0.3750000000
59386  24.668  -1.727  -29.008 0.5000000000
62122  26.255  1.241  -28.569 0.1250000000
63036  26.621  2.042  -28.674 0.1250000000
123156  28.121  3.340  -29.806 0.1250000000
63976  27.723  4.066  -30.473 0.1250000000
64821  27.524  4.481  -30.713 0.1250000000
120422  27.066  5.011  -30.389 0.1250000000
65580  26.412  5.459  -29.415 0.1250000000
66315  26.457  6.359  -29.614 0.1250000000
67054  26.957  7.027  -29.869 0.2500000000
113882  27.057  7.817  -29.839 0.2500000000
70473  17.214  10.978  -36.758 0.5000000000
68665  28.881  9.330  -32.685 0.1250000000
68657  28.252  9.113  -31.122 0.2500000000
69511  29.147  10.735  -33.549 0.1250000000
70450  28.852  11.947  -33.991 0.1250000000
113049  28.839  11.874  -34.734 0.1250000000
72318  17.014  13.389  -38.184 0.3750000000
70457  28.903  11.739  -35.637 0.1250000000
70484  28.092  12.033  -37.847 0.1250000000
71453  28.356  12.167  -36.999 0.1250000000
72328  25.697  13.422  -38.345 0.1250000000
70508  25.397  11.899  -40.303 0.1250000000
75301  17.527  17.200  -34.743 0.1250000000
76685  21.758  19.649  -38.068 0.2500000000
76696  22.567  19.266  -38.447 0.1250000000
76018  22.595  19.018  -39.667 0.1250000000
75330  23.942  17.122  -39.406 0.1250000000
75331  23.710  17.876  -39.552 0.1250000000
74000  24.099  15.553  -39.366 0.1250000000
114519  23.811  13.029  -40.874 0.1250000000
116709  24.155  15.136  -39.884 0.1250000000
60334  22.491  -0.826  -31.502 0.7500000000
113280  23.505  6.885  -29.546 0.7500000000
66318  22.897  6.225  -29.554 0.7500000000
68685  18.443  9.253  -34.483 0.3750000000
57457  21.240  -3.493  -30.909 0.8750000000
67820  22.857  8.474  -30.856 0.8750000000
122954  21.563  10.938  -35.269 0.8750000000
109583  22.480  11.053  -33.405 0.8750000000
111207  20.061  18.139  -36.849 0.3750000000
108006  20.590  19.664  -38.516 0.1250000000
76686  21.079  19.553  -37.681 0.2500000000
53708  21.896  -7.766  -28.726 0.7500000000
115944  22.925  -8.706  -28.653 0.7500000000
53707  24.011  -7.915  -29.326 0.7500000000
53706  25.558  -7.994  -29.004 0.7500000000
53720  24.440  -7.175  -29.772 0.7500000000
53710  20.365  -7.227  -27.797 0.7500000000
54675  22.553  -6.384  -29.850 0.7500000000
54676  20.142  -5.836  -28.544 0.7500000000
103881  20.902  -6.188  -29.033 0.7500000000
55582  22.230  -5.628  -29.950 0.8750000000
118460  23.527  -4.476  -30.403 0.7500000000
115164  23.376  -3.161  -30.462 0.7500000000
115266  23.925  -3.094  -29.931 0.6250000000
59392  23.180  -1.727  -30.404 0.7500000000
60320  24.685  -0.847  -28.811 0.5000000000
110163  23.443  -0.348  -29.459 0.7500000000
62124  24.513  1.091  -28.632 0.5000000000
62123  25.303  1.200  -28.552 0.2500000000
61242  25.796  0.490  -28.588 0.1250000000
63053  26.011  2.743  -28.658 0.2500000000
63055  23.583  1.936  -28.947 0.6250000000
63956  27.642  3.505  -29.911 0.1250000000
64804  26.019  4.453  -28.891 0.1250000000
64803  26.684  3.973  -29.485 0.1250000000
113051  24.248  3.868  -28.473 0.5000000000
64802  27.133  4.084  -30.157 0.1250000000
65581  24.202  5.474  -28.575 0.6250000000
66317  23.736  6.244  -28.987 0.6250000000
67818  24.495  8.879  -30.063 0.6250000000
70429  23.911  11.207  -31.667 0.7500000000
69491  25.086  10.315  -30.648 0.5000000000
71471  20.064  12.826  -38.355 0.6250000000
70425  27.390  11.258  -31.318 0.3750000000
72289  22.139  13.156  -34.093 0.7500000000
72269  24.700  13.427  -32.375 0.6250000000
71421  23.301  12.912  -32.913 0.7500000000
70427  25.600  11.572  -31.289 0.5000000000
70435  28.345  11.796  -32.620 0.1250000000
69504  28.926  10.886  -32.702 0.1250000000
70424  28.278  10.915  -31.817 0.2500000000
69494  28.798  10.085  -32.191 0.1250000000
73151  20.583  14.209  -37.510 0.7500000000
113479  21.424  14.451  -34.839 0.7500000000
123890  23.597  14.054  -33.055 0.6250000000
72267  27.286  13.103  -32.528 0.1250000000
108155  26.473  14.640  -33.420 0.3750000000
72277  28.202  13.081  -33.696 0.1250000000
72287  28.120  13.167  -34.538 0.1250000000
73959  24.819  16.128  -34.111 0.3750000000
73134  27.019  15.043  -34.903 0.2500000000
72296  27.735  13.350  -36.054 0.1250000000
71443  27.971  12.787  -36.549 0.1250000000
71434  28.423  12.516  -35.216 0.1250000000
73140  27.349  14.358  -35.240 0.1250000000
75314  20.268  17.324  -36.367 0.3750000000
114949  25.691  15.896  -34.370 0.2500000000
73149  27.274  14.079  -36.139 0.1250000000
72306  26.803  14.060  -37.026 0.1250000000
118940  24.202  18.100  -35.978 0.3750000000
72314  26.738  13.242  -37.710 0.1250000000
73156  26.209  14.792  -37.077 0.1250000000
72316  25.158  14.008  -38.263 0.1250000000
73975  26.486  15.351  -36.314 0.1250000000
71468  27.277  12.465  -38.203 0.1250000000
76007  22.548  19.331  -37.393 0.2500000000
76678  21.711  19.445  -37.086 0.2500000000
73158  24.289  15.165  -38.731 0.1250000000
73167  24.487  14.383  -38.762 0.1250000000
76006  23.267  18.902  -37.870 0.1250000000
75320  23.661  18.186  -38.404 0.1250000000
74658  24.455  16.402  -38.318 0.1250000000
72341  24.475  13.258  -39.674 0.1250000000
117184  25.095  16.358  -37.484 0.1250000000
76025  23.324  18.560  -40.131 0.1250000000
51814  22.885  -9.931  -28.096 0.7500000000
52741  23.742  -8.630  -28.851 0.7500000000
51825  24.474  -9.364  -28.605 0.7500000000
119101  21.583  -9.011  -27.774 0.7500000000
51815  22.001  -9.639  -27.707 0.7500000000
54650  19.319  -6.138  -27.427 0.5000000000
115414  19.938  -6.404  -27.913 0.6250000000
114423  24.693  -4.158  -29.888 0.6250000000
58442  25.266  -2.615  -29.258 0.5000000000
65601  27.431  5.720  -30.893 0.1250000000
65613  27.480  5.297  -31.762 0.1250000000
66335  26.945  6.050  -30.152 0.1250000000
69512  28.892  11.525  -33.398 0.1250000000
71483  25.901  12.349  -39.453 0.1250000000
71470  25.307  12.972  -39.098 0.1250000000
52728  21.278  -9.249  -27.294 0.7500000000
53693  20.194  -7.672  -27.294 0.5000000000
51813  24.699  -10.089  -28.214 0.6250000000
51812  25.277  -9.628  -28.144 0.6250000000
52726  26.382  -8.199  -27.743 0.3750000000
53692  25.933  -8.357  -28.372 0.6250000000
55557  27.465  -6.588  -28.591 0.2500000000
54662  26.130  -7.194  -29.209 0.3750000000
59385  25.687  -1.977  -29.044 0.3750000000
71446  16.750  12.120  -36.989 0.2500000000
72309  16.329  14.094  -37.764 0.2500000000
50885  23.908  -10.086  -28.297 0.6250000000
117002  26.112  -6.105  -29.603 0.5000000000
113907  25.569  -4.081  -29.753 0.3750000000
52727  25.762  -8.913  -27.865 0.6250000000
57447  24.761  -3.397  -29.652 0.5000000000
49905  23.979  -11.275  -27.371 0.6250000000
52730  19.994  -8.118  -26.822 0.3750000000
52729  20.574  -8.768  -26.924 0.3750000000
50872  23.463  -10.628  -27.781 0.6250000000
50874  21.650  -9.996  -27.173 0.6250000000
52703  26.056  -9.091  -26.413 0.3750000000
114359  25.703  -9.656  -27.216 0.5000000000
50870  25.141  -10.347  -27.655 0.6250000000
117894  19.720  -7.456  -26.974 0.2500000000
53670  26.755  -7.710  -26.214 0.3750000000
55545  27.319  -6.814  -27.608 0.2500000000
55571  27.400  -6.052  -29.371 0.2500000000
56493  26.352  -4.825  -29.776 0.3750000000
113584  26.520  -3.979  -29.882 0.2500000000
57446  25.954  -3.350  -29.600 0.2500000000
58441  26.440  -2.561  -29.414 0.2500000000
63039  15.596  1.770  -28.688 0.1250000000
63995  14.986  4.119  -32.184 0.2500000000
66368  16.799  5.775  -32.249 0.3750000000
65630  16.010  5.043  -31.985 0.2500000000
108582  16.294  12.979  -36.166 0.2500000000
105067  16.091  2.472  -29.405 0.1250000000
62126  15.715  0.964  -28.516 0.2500000000
55579  25.571  -5.681  -29.765 0.5000000000
121457  20.498  -8.236  -27.226 0.5000000000
52740  25.333  -8.834  -28.559 0.6250000000
53705  26.395  -7.719  -28.613 0.5000000000
54672  25.626  -6.550  -29.617 0.5000000000
113556  26.346  -1.768  -29.077 0.2500000000
53711  19.806  -6.971  -27.382 0.3750000000
55558  18.884  -5.036  -27.777 0.2500000000
54649  26.941  -7.343  -28.100 0.2500000000
53681  26.790  -7.651  -27.150 0.2500000000
55544  27.742  -6.161  -27.821 0.2500000000
54671  26.565  -6.464  -29.392 0.3750000000
55578  26.620  -5.741  -29.629 0.3750000000
52713  26.013  -8.822  -27.164 0.5000000000
52712  26.413  -8.349  -26.709 0.3750000000
117850  20.078  -8.611  -26.607 0.3750000000
50873  22.500  -10.471  -27.530 0.6250000000
51792  25.872  -9.947  -26.202 0.3750000000
50858  25.450  -10.571  -26.806 0.5000000000
112403  27.270  -5.211  -29.753 0.2500000000
57445  27.003  -3.386  -29.944 0.2500000000
62127  15.372  1.285  -28.308 0.1250000000
48960  22.585  -12.138  -26.485 0.5000000000
49888  24.913  -12.109  -25.953 0.3750000000
49895  24.471  -11.775  -26.733 0.5000000000
49896  22.563  -11.448  -26.982 0.5000000000
117066  21.903  -12.175  -25.972 0.3750000000
49898  20.844  -10.728  -25.951 0.5000000000
123356  22.533  -10.985  -27.249 0.5000000000
49897  21.750  -11.340  -26.472 0.5000000000
50861  21.283  -10.353  -26.618 0.3750000000
48921  20.105  -12.565  -24.040 0.1250000000
48949  20.997  -12.059  -25.232 0.3750000000
50862  20.526  -9.890  -26.238 0.2500000000
47091  20.598  -14.356  -23.537 0.1250000000
48017  20.681  -13.067  -24.307 0.2500000000
48025  22.575  -13.387  -25.406 0.3750000000
49887  25.439  -11.539  -25.528 0.2500000000
48023  23.957  -13.157  -25.678 0.3750000000
48947  23.346  -12.713  -26.184 0.5000000000
48003  20.129  -13.346  -23.705 0.1250000000
48026  21.739  -12.873  -25.364 0.3750000000
48948  22.560  -12.828  -25.901 0.3750000000
48935  19.734  -11.804  -24.272 0.1250000000
50854  19.440  -10.010  -25.254 0.1250000000
67053  27.553  7.611  -30.325 0.1250000000
51800  20.916  -9.532  -26.764 0.3750000000
50859  24.843  -11.079  -27.219 0.3750000000
49906  23.088  -11.181  -27.357 0.5000000000
51801  20.152  -9.114  -26.384 0.2500000000
51791  26.217  -9.394  -25.695 0.2500000000
48959  23.466  -11.934  -26.848 0.5000000000
49889  21.294  -11.606  -25.781 0.5000000000
49894  25.176  -11.360  -26.399 0.3750000000
49890  20.707  -11.284  -25.446 0.2500000000
48922  19.302  -12.401  -23.609 0.1250000000
48934  20.470  -12.292  -24.585 0.2500000000
49876  20.250  -11.463  -24.920 0.1250000000
113207  20.171  -10.146  -25.726 0.1250000000
47092  19.724  -13.993  -23.208 0.1250000000
48002  21.017  -13.889  -24.060 0.1250000000
48016  21.419  -13.431  -24.624 0.3750000000
108213  24.659  -12.830  -25.481 0.2500000000
49891  20.148  -10.698  -25.321 0.1250000000
47103  21.889  -14.193  -24.294 0.2500000000
120396  23.750  -13.617  -25.232 0.2500000000
48024  23.238  -13.327  -25.611 0.2500000000
48014  23.120  -13.896  -24.991 0.2500000000
47102  22.654  -14.242  -24.457 0.1250000000
113418  18.764  -6.179  -26.879 0.1250000000
111248  17.929  9.923  -35.594 0.1250000000
68686  17.830  10.035  -34.539 0.1250000000
113205  17.109  10.950  -34.117 0.1250000000
70452  16.805  11.489  -34.788 0.1250000000
69521  17.394  10.621  -35.159 0.1250000000
70445  17.160  11.312  -33.223 0.1250000000
109673  16.266  13.284  -34.979 0.1250000000
68675  17.967  9.574  -33.597 0.1250000000
71430  16.446  12.584  -34.353 0.1250000000
71416  17.449  12.685  -32.838 0.1250000000
68674  18.308  8.876  -33.862 0.1250000000
102062  15.191  4.556  -31.769 0.1250000000
52714  19.531  -8.466  -26.290 0.1250000000
53683  18.783  -6.844  -26.455 0.1250000000
66354  16.190  5.926  -31.685 0.1250000000
67852  17.906  8.730  -33.175 0.1250000000
68667  17.788  9.448  -32.608 0.1250000000
123131  17.771  10.060  -32.920 0.1250000000
69507  17.608  10.739  -32.692 0.1250000000
70431  17.994  11.550  -31.592 0.1250000000
111563  16.541  13.724  -33.986 0.1250000000
56484  17.844  -4.088  -27.621 0.1250000000
122439  19.129  -5.536  -27.628 0.1250000000
70459  16.983  10.937  -35.777 0.1250000000
71438  16.548  11.996  -35.701 0.1250000000
53694  19.297  -6.861  -26.906 0.1250000000
53682  19.255  -7.602  -26.491 0.1250000000
55559  18.139  -4.883  -27.370 0.1250000000
106625  18.730  -5.552  -27.315 0.1250000000
54639  18.359  -6.150  -26.547 0.1250000000
111455  17.499  10.415  -33.499 0.1250000000
120311  16.727  11.935  -33.751 0.1250000000
104536  17.909  10.886  -31.933 0.1250000000
106651  16.794  13.024  -33.456 0.1250000000
71423  16.995  12.163  -33.062 0.1250000000
110955  17.516  10.394  -31.363 0.1250000000
71415  18.198  13.190  -32.736 0.1250000000
52702  26.510  -8.565  -25.733 0.1250000000
54626  27.121  -7.097  -25.847 0.1250000000
54638  27.111  -7.022  -26.727 0.1250000000
111398  27.445  -6.393  -26.970 0.1250000000
111182  28.138  -5.401  -27.965 0.1250000000
55556  27.979  -5.823  -28.861 0.1250000000
55570  27.989  -5.077  -29.643 0.1250000000
56492  27.412  -4.294  -30.001 0.1250000000
58418  28.415  -2.851  -28.596 0.1250000000
57434  28.232  -3.431  -29.468 0.1250000000
57444  27.733  -3.475  -29.992 0.1250000000
59383  27.513  -2.245  -29.243 0.1250000000
58440  27.316  -2.777  -29.687 0.1250000000
59372  27.824  -1.564  -28.734 0.1250000000
59373  27.287  -1.333  -28.879 0.1250000000
60318  26.656  -1.171  -28.878 0.1250000000
49875  25.264  -12.314  -25.132 0.1250000000
48013  24.376  -13.479  -25.056 0.1250000000
49874  25.721  -11.640  -24.713 0.1250000000
50845  25.824  -10.980  -25.108 0.1250000000
51780  26.613  -9.289  -25.041 0.1250000000
54606  27.412  -7.298  -25.266 0.1250000000
53656  27.489  -7.877  -24.828 0.1250000000
54637  27.412  -6.400  -26.197 0.1250000000
56437  28.119  -5.001  -26.184 0.1250000000
56458  28.272  -4.830  -27.132 0.1250000000
56471  28.489  -4.616  -28.214 0.1250000000
57408  28.648  -3.076  -27.565 0.1250000000
59363  28.345  -1.417  -28.225 0.1250000000
60307  27.033  -0.423  -28.736 0.1250000000
111179  27.624  -0.546  -28.591 0.1250000000
60308  26.225  -0.331  -28.697 0.1250000000
53657  27.011  -7.826  -25.448 0.1250000000
59384  26.996  -1.972  -29.271 0.1250000000
110328  27.795  -5.682  -26.797 0.1250000000
58439  27.778  -2.900  -29.645 0.1250000000
50853  25.623  -10.745  -25.854 0.1250000000
51781  26.137  -10.152  -25.198 0.1250000000
48932  25.034  -13.057  -24.700 0.1250000000
52696  27.012  -8.542  -24.942 0.1250000000
55529  27.860  -5.806  -25.708 0.1250000000
123567  28.306  -5.130  -28.905 0.1250000000
56491  28.068  -4.153  -29.901 0.1250000000
58430  28.012  -2.507  -29.169 0.1250000000
113495  28.564  -3.750  -28.496 0.1250000000
58429  28.243  -2.097  -28.597 0.1250000000
60306  28.139  -0.628  -28.336 0.1250000000
48919  25.533  -12.377  -24.300 0.1250000000
50831  26.260  -10.885  -24.358 0.1250000000
55511  28.057  -6.346  -25.096 0.1250000000
108165  28.069  0.313  -28.456 0.1250000000
48015  22.234  -13.709  -24.871 0.3750000000
48933  21.046  -12.763  -24.822 0.2500000000
48946  24.167  -12.475  -26.191 0.3750000000
50860  22.015  -10.789  -27.061 0.5000000000
50871  24.384  -10.618  -27.785 0.6250000000
54661  26.974  -6.998  -29.012 0.2500000000
54679  19.837  -6.468  -32.321 1.0000000000
54680  19.905  -6.651  -32.154 1.0000000000
54681  19.248  -6.269  -32.570 1.0000000000
54682  18.912  -6.286  -32.483 1.0000000000
54683  18.050  -5.963  -32.810 1.0000000000
54684  18.458  -6.125  -32.790 1.0000000000
55589  20.263  -6.458  -32.148 1.0000000000
55591  19.428  -6.405  -31.937 1.0000000000
55592  19.602  -5.958  -32.752 1.0000000000
55594  17.330  -5.362  -32.901 1.0000000000
55595  18.826  -5.853  -33.105 1.0000000000
55596  17.778  -5.892  -32.981 1.0000000000
56481  28.393  -4.400  -29.249 0.1250000000
56495  24.196  -4.666  -30.125 0.7500000000
56504  22.952  -4.602  -30.528 0.7500000000
56511  20.379  -5.922  -31.857 1.0000000000
56512  19.729  -6.005  -31.619 1.0000000000
56517  20.024  -5.732  -32.562 1.0000000000
56518  18.739  -5.619  -31.880 1.0000000000
56519  17.711  -4.978  -32.503 1.0000000000
56521  16.394  -4.010  -32.949 1.0000000000
56523  19.156  -5.432  -33.068 1.0000000000
56524  18.125  -5.342  -33.318 1.0000000000
56526  16.518  -4.338  -33.134 1.0000000000
56527  15.985  -3.462  -33.428 1.0000000000
56528  16.703  -4.207  -33.444 1.0000000000
56529  16.344  -3.551  -33.826 1.0000000000
56530  15.881  -3.119  -33.582 1.0000000000
57475  20.240  -4.049  -32.306 1.0000000000
57476  18.332  -3.667  -32.027 1.0000000000
57477  17.163  -3.857  -32.594 1.0000000000
57478  16.205  -3.720  -32.712 1.0000000000
57479  15.841  -3.313  -33.202 1.0000000000
57484  18.862  -4.255  -33.313 1.0000000000
57485  17.571  -4.147  -33.595 1.0000000000
57486  15.786  -3.032  -33.608 1.0000000000
57487  15.800  -2.912  -33.647 1.0000000000
57489  17.517  -3.035  -33.830 1.0000000000
57491  16.228  -3.033  -33.784 1.0000000000
58461  19.153  -2.279  -31.682 1.0000000000
58467  20.083  -2.750  -32.269 1.0000000000
58471  15.726  -2.723  -33.525 1.0000000000
58475  19.407  -2.475  -33.142 1.0000000000
58476  18.654  -2.262  -33.704 1.0000000000
58478  15.802  -2.765  -33.684 1.0000000000
58484  17.117  -2.396  -34.005 1.0000000000
58485  16.648  -3.014  -33.953 1.0000000000
58486  16.115  -3.092  -33.972 1.0000000000
59388  17.507  -0.832  -29.138 0.7500000000
59405  16.291  -1.937  -33.154 1.0000000000
59406  15.888  -2.367  -33.696 1.0000000000
59411  18.900  -1.594  -33.288 1.0000000000
59413  16.278  -1.950  -33.750 1.0000000000
59418  18.182  -1.478  -33.942 1.0000000000
59419  17.365  -1.638  -34.034 1.0000000000
59421  16.046  -2.368  -33.881 1.0000000000
60348  18.215  -1.240  -32.766 1.0000000000
60353  18.733  -1.319  -33.133 1.0000000000
61244  24.098  0.644  -28.782 0.5000000000
61256  22.763  0.719  -29.972 0.8750000000
61270  21.830  1.114  -32.276 1.0000000000
61286  19.133  0.439  -32.234 1.0000000000
62114  14.422  1.596  -27.367 0.1250000000
62148  21.392  1.797  -32.472 1.0000000000
63066  22.291  2.112  -30.797 0.8750000000
63960  24.243  3.116  -28.546 0.5000000000
67044  24.168  7.393  -29.561 0.6250000000
67804  26.526  7.604  -29.658 0.2500000000
67815  27.368  8.425  -30.125 0.3750000000
68652  23.891  9.426  -30.566 0.8750000000
68656  28.639  9.210  -31.866 0.2500000000
69489  27.259  9.908  -30.571 0.2500000000
69500  22.988  10.224  -32.076 0.8750000000
69532  17.544  10.256  -36.155 0.5000000000
70444  22.577  11.832  -33.475 0.7500000000
70469  20.799  11.243  -36.506 1.0000000000
70486  18.870  11.556  -38.171 0.7500000000
71401  27.053  11.989  -31.638 0.5000000000
71412  23.842  12.619  -32.378 0.6250000000
71445  20.676  12.420  -36.923 0.8750000000
71454  27.650  12.684  -37.360 0.1250000000
71457  18.191  12.248  -38.345 0.5000000000
71469  26.319  12.767  -38.617 0.1250000000
71474  17.760  12.906  -38.392 0.5000000000
71484  24.878  12.533  -39.949 0.1250000000
71485  24.095  12.789  -40.517 0.1250000000
71491  23.722  12.281  -41.437 0.1250000000
72278  27.612  13.529  -33.254 0.3750000000
72295  27.929  13.221  -35.339 0.1250000000
72308  16.439  13.184  -37.231 0.3750000000
72330  24.214  14.014  -39.513 0.1250000000
72331  19.724  13.637  -38.374 0.6250000000
72332  18.899  13.427  -38.518 0.6250000000
73118  24.272  14.145  -32.842 0.6250000000
73133  27.206  14.254  -33.661 0.1250000000
73150  26.786  14.649  -36.463 0.1250000000
73152  15.715  14.802  -37.511 0.3750000000
73949  26.122  15.316  -33.861 0.3750000000
73961  21.678  15.132  -34.541 0.7500000000
73967  26.041  16.130  -35.189 0.2500000000
73983  24.751  15.714  -38.058 0.1250000000
74640  21.883  16.666  -34.625 0.3750000000
76010  17.176  19.199  -37.142 0.1250000000
105117  16.775  -2.042  -32.956 1.0000000000
107038  26.918  12.610  -31.985 0.5000000000
107887  28.531  12.305  -33.464 0.1250000000
108560  19.054  -3.156  -33.412 1.0000000000
110662  21.639  13.707  -34.677 0.7500000000
114744  22.249  -0.010  -31.867 1.0000000000
115921  27.592  13.752  -35.520 0.1250000000
117461  22.616  7.748  -30.795 1.0000000000
120736  22.085  0.547  -32.085 1.0000000000
120849  27.069  -7.227  -27.391 0.2500000000
121545  21.492  -12.172  -25.599 0.3750000000
121798  20.162  15.636  -37.201 0.6250000000
122596  19.779  3.674  -32.890 1.0000000000
123132  16.817  -3.063  -33.957 1.0000000000
123451  25.003  -6.826  -29.750 0.7500000000
123772  24.244  6.794  -29.245 0.6250000000
