#!ascii label  , from subject sub-v1s23x0050567_ses-1 vox2ras=TkReg
1350
1231  32.169  -76.945  -3.838 0.5000000000
5705  23.428  -67.523  -21.556 0.6000000238
6257  22.877  -67.081  -21.713 0.6000000238
5706  22.788  -67.844  -21.306 0.6000000238
114792  22.385  -66.529  -21.387 0.6999999881
6258  22.178  -67.288  -21.258 0.6000000238
119520  23.444  -64.361  -20.788 0.6999999881
6813  22.332  -65.663  -20.815 0.6000000238
116977  25.453  -71.509  -7.441 0.5000000000
116712  26.077  -74.306  -8.541 0.6000000238
2702  25.871  -73.705  -8.309 0.6000000238
3158  25.515  -72.792  -7.000 0.5000000000
103990  26.361  -76.126  -8.002 0.5000000000
1892  26.269  -75.287  -7.801 0.4000000060
2262  26.047  -74.442  -7.714 0.5000000000
2691  25.762  -73.598  -7.332 0.6000000238
108771  23.528  -64.833  -12.127 0.5000000000
1022  28.857  -78.351  -6.765 0.4000000060
6741  23.785  -64.879  -13.507 0.5000000000
6742  22.839  -65.513  -13.698 0.5000000000
6758  23.273  -65.537  -15.160 0.6000000238
6218  23.957  -66.203  -17.714 0.6000000238
6239  24.335  -67.258  -20.437 0.6000000238
107404  24.030  -67.279  -21.225 0.6999999881
5686  23.583  -67.779  -20.654 0.6000000238
6256  23.718  -66.781  -21.679 0.6999999881
7354  24.976  -65.110  -21.242 0.6000000238
7355  24.305  -65.161  -21.348 0.6999999881
7931  25.557  -64.124  -20.881 0.6000000238
7932  24.968  -63.487  -20.790 0.6000000238
7339  24.152  -64.160  -20.924 0.6999999881
8497  25.823  -62.758  -20.733 0.6999999881
6791  21.830  -65.337  -19.739 0.6000000238
4112  26.024  -70.146  -8.120 0.5000000000
3159  25.642  -71.971  -8.128 0.6000000238
3622  25.826  -71.115  -8.098 0.5000000000
2277  26.160  -74.731  -9.140 0.6000000238
111530  26.147  -73.806  -9.077 0.6999999881
104822  25.568  -72.843  -8.037 0.6000000238
105720  26.497  -77.070  -8.216 0.4000000060
6748  25.332  -65.185  -13.847 0.5000000000
6740  24.828  -64.812  -13.259 0.5000000000
1249  31.281  -77.357  -5.289 0.5000000000
6749  24.489  -64.862  -14.109 0.5000000000
6779  24.687  -65.652  -17.355 0.6999999881
6769  23.870  -65.384  -15.985 0.6000000238
6217  24.791  -66.120  -18.409 0.6999999881
6780  24.061  -65.619  -16.864 0.6000000238
6229  24.913  -66.649  -19.677 0.6999999881
6230  24.155  -67.028  -19.204 0.6000000238
6238  24.738  -66.835  -20.775 0.6999999881
6828  25.119  -65.780  -21.331 0.6000000238
6255  24.509  -66.663  -21.270 0.6000000238
6829  24.498  -65.718  -21.500 0.6000000238
115775  26.317  -63.431  -20.778 0.6000000238
8496  26.788  -62.583  -20.763 0.6999999881
8490  23.014  -62.711  -19.886 0.6999999881
7315  21.717  -64.562  -18.940 0.5000000000
8498  25.086  -62.499  -20.648 0.6999999881
7923  23.612  -63.352  -20.453 0.6999999881
7321  22.344  -64.655  -19.979 0.6000000238
3640  26.568  -70.958  -10.202 0.5000000000
4123  26.533  -70.443  -9.534 0.5000000000
4580  26.382  -69.729  -8.899 0.5000000000
3176  26.416  -72.532  -10.209 0.6999999881
3627  26.583  -71.291  -9.450 0.6000000238
2284  25.915  -75.026  -10.038 0.5000000000
109644  26.074  -73.996  -9.829 0.6999999881
2713  26.115  -73.278  -10.426 0.6999999881
102982  26.080  -73.015  -8.877 0.6000000238
105458  26.426  -72.242  -9.378 0.6000000238
108023  26.614  -77.443  -9.081 0.4000000060
1578  26.367  -76.450  -8.855 0.4000000060
116892  26.265  -75.511  -8.609 0.5000000000
6166  25.749  -65.838  -13.621 0.5000000000
6755  25.498  -65.437  -15.979 0.5000000000
6181  25.643  -65.620  -14.528 0.5000000000
109493  25.086  -65.039  -14.701 0.5000000000
6778  25.585  -65.770  -17.834 0.6000000238
6768  24.687  -65.324  -16.476 0.5000000000
6228  25.682  -66.160  -18.928 0.6999999881
6236  26.605  -66.590  -20.307 0.6000000238
6237  25.737  -66.603  -20.181 0.6999999881
6811  26.652  -65.890  -20.839 0.6000000238
6268  26.142  -66.224  -20.865 0.6000000238
6254  25.463  -66.443  -20.847 0.6999999881
7351  27.994  -64.319  -20.691 0.6999999881
107961  26.476  -65.226  -20.876 0.6000000238
6827  25.896  -65.834  -21.111 0.6000000238
114966  28.231  -62.952  -20.877 0.6000000238
7929  27.780  -63.443  -20.775 0.6999999881
7930  27.014  -63.435  -20.792 0.6999999881
9135  29.132  -62.103  -19.829 0.6000000238
9166  28.479  -62.132  -20.475 0.6000000238
111239  27.589  -62.603  -20.767 0.6999999881
103691  21.943  -61.319  -19.657 0.6000000238
8485  27.376  -62.010  -20.632 0.6999999881
8489  23.839  -62.097  -20.322 0.6999999881
8468  22.375  -62.324  -19.513 0.6000000238
9160  28.618  -61.892  -20.242 0.6000000238
9162  27.128  -61.588  -20.399 0.8000000119
8486  26.442  -61.756  -20.552 0.6999999881
8487  25.523  -61.695  -20.530 0.6999999881
8488  24.717  -61.754  -20.502 0.6999999881
4140  26.334  -70.185  -10.288 0.6000000238
3177  26.214  -72.675  -10.850 0.6999999881
3189  26.398  -72.118  -10.754 0.6999999881
112994  26.573  -71.759  -10.162 0.6000000238
2285  25.717  -74.219  -10.730 0.5000000000
2714  25.827  -73.252  -11.328 0.6999999881
1583  26.283  -76.877  -9.711 0.4000000060
1914  26.174  -75.783  -9.462 0.5000000000
103697  25.690  -66.047  -12.628 0.5000000000
104525  25.377  -66.743  -11.920 0.5000000000
6206  26.036  -65.921  -16.407 0.6000000238
6215  26.596  -66.597  -17.691 0.6000000238
6216  26.201  -65.965  -17.281 0.6999999881
6767  25.533  -65.518  -16.889 0.6999999881
6227  26.564  -66.616  -19.213 0.6999999881
106975  26.312  -66.191  -18.172 0.6999999881
6253  26.986  -66.393  -20.563 0.6000000238
7350  28.925  -64.431  -20.665 0.6999999881
6825  28.012  -65.274  -20.650 0.6999999881
6810  27.428  -66.001  -20.652 0.6999999881
117950  22.784  -58.108  -20.176 0.6000000238
7928  29.838  -63.051  -20.921 0.6000000238
115626  29.278  -63.455  -20.817 0.6999999881
6826  27.179  -65.325  -20.740 0.6999999881
9117  31.374  -61.831  -18.627 0.6000000238
104497  30.179  -62.277  -20.039 0.6000000238
8484  30.136  -62.502  -20.509 0.6000000238
8493  29.562  -62.537  -20.625 0.6000000238
114469  28.565  -63.467  -20.795 0.6999999881
122602  23.009  -59.399  -20.348 0.6000000238
108360  30.046  -62.242  -19.539 0.6000000238
9159  29.167  -62.289  -20.459 0.6000000238
9139  25.290  -60.405  -19.971 0.6999999881
9140  24.621  -59.954  -20.069 0.6000000238
9165  24.273  -60.793  -20.289 0.6999999881
8467  23.121  -61.025  -19.989 0.6000000238
9816  31.794  -61.109  -18.000 0.5000000000
9118  30.502  -62.048  -18.463 0.6000000238
9119  29.577  -62.248  -18.922 0.8000000119
109212  29.045  -62.230  -18.332 0.8000000119
9138  26.953  -61.295  -19.873 0.8000000119
115649  26.470  -61.245  -20.236 0.8000000119
9163  25.824  -61.055  -20.260 0.6999999881
9164  25.098  -60.836  -20.271 0.6999999881
9136  28.270  -61.828  -20.164 0.8000000119
9137  27.607  -61.616  -20.220 0.8000000119
3653  26.342  -71.392  -10.997 0.6999999881
122017  26.283  -70.635  -10.815 0.6999999881
4616  25.445  -69.239  -11.267 0.6999999881
4606  25.932  -69.336  -10.394 0.6000000238
2293  25.495  -74.092  -11.529 0.6000000238
5078  25.167  -68.312  -11.512 0.5000000000
5580  25.255  -67.199  -12.582 0.5000000000
104438  22.182  -61.575  -13.578 0.6000000238
5595  25.538  -66.807  -13.419 0.5000000000
9044  22.475  -61.519  -14.493 0.5000000000
5611  25.833  -66.591  -14.449 0.5000000000
9064  22.814  -61.276  -15.339 0.6000000238
5627  26.323  -67.298  -16.326 0.6999999881
6190  26.231  -66.532  -16.058 0.6000000238
5673  27.014  -67.188  -18.552 0.6999999881
6205  26.423  -66.472  -16.798 0.6999999881
9081  23.546  -60.148  -16.999 0.6000000238
5704  27.389  -67.065  -20.245 0.6999999881
5685  27.189  -67.397  -19.768 0.6000000238
113803  28.944  -65.588  -20.575 0.6999999881
6809  28.261  -66.254  -20.559 0.6999999881
10546  23.423  -58.487  -18.755 0.6000000238
115741  23.099  -59.281  -17.664 0.6000000238
9798  24.473  -59.631  -18.464 0.6000000238
10560  22.524  -57.978  -19.476 0.6000000238
8483  31.117  -62.659  -20.586 0.6000000238
9797  25.044  -60.363  -18.342 0.6999999881
9817  24.701  -59.520  -19.260 0.6000000238
114557  23.345  -58.616  -20.232 0.6000000238
9133  31.616  -62.156  -19.498 0.6000000238
9099  28.963  -62.135  -17.425 0.6000000238
116764  28.082  -62.142  -17.015 0.6000000238
9122  26.342  -61.137  -19.140 0.6999999881
9123  25.408  -60.386  -19.402 0.6000000238
9141  23.869  -59.617  -20.303 0.6000000238
9075  29.693  -61.633  -16.892 0.6000000238
115480  27.200  -61.710  -18.825 0.8000000119
9098  29.763  -62.084  -17.835 0.6000000238
109211  28.145  -62.167  -18.315 0.6999999881
112525  26.033  -60.847  -19.907 0.8000000119
3654  25.899  -71.382  -11.903 0.6999999881
4158  25.432  -70.623  -12.286 0.6999999881
115093  25.402  -69.914  -11.779 0.6999999881
3201  25.658  -72.758  -12.191 0.6999999881
113504  25.782  -72.007  -12.293 0.6999999881
112823  25.016  -69.075  -12.055 0.6000000238
115181  24.929  -68.164  -12.367 0.6000000238
9743  24.048  -60.787  -11.575 0.6000000238
8991  22.080  -61.162  -11.611 0.6000000238
9008  23.813  -61.290  -12.446 0.6000000238
9009  22.314  -61.397  -12.182 0.6000000238
103108  25.022  -67.866  -13.187 0.6000000238
9028  23.781  -61.459  -13.364 0.5000000000
5139  25.883  -68.407  -16.373 0.6999999881
121119  25.953  -67.771  -15.877 0.6999999881
107668  24.604  -61.508  -13.870 0.4000000060
9043  23.781  -61.498  -14.131 0.5000000000
108460  27.025  -68.205  -18.201 0.6999999881
5154  26.464  -68.393  -17.348 0.8000000119
108725  24.148  -61.485  -14.746 0.5000000000
109418  27.330  -68.149  -19.162 0.6000000238
5662  26.839  -67.478  -17.592 0.6999999881
9062  24.506  -61.413  -15.532 0.6000000238
6252  27.732  -66.749  -20.482 0.6999999881
5684  27.654  -67.876  -20.167 0.6999999881
9080  24.854  -61.286  -16.418 0.6999999881
114040  24.011  -60.950  -16.328 0.6000000238
6823  30.474  -64.705  -20.684 0.6999999881
6808  29.687  -65.913  -20.558 0.6999999881
9078  26.699  -61.979  -16.271 0.5000000000
9103  24.419  -60.444  -17.415 0.6000000238
7927  31.216  -63.372  -20.917 0.6000000238
115320  30.499  -63.342  -20.893 0.6000000238
7349  29.952  -63.970  -20.744 0.6999999881
9102  25.294  -61.174  -17.330 0.6999999881
8491  31.582  -62.946  -20.857 0.6000000238
8492  30.552  -62.808  -20.777 0.6000000238
105348  27.073  -62.095  -17.082 0.5000000000
105347  26.167  -61.722  -17.223 0.6000000238
9157  31.812  -62.438  -20.221 0.6000000238
9783  30.183  -60.706  -16.506 0.6000000238
116811  28.962  -61.797  -16.507 0.5000000000
106721  25.801  -61.120  -18.244 0.6999999881
10532  30.591  -59.890  -16.690 0.6000000238
3661  25.442  -71.394  -12.708 0.6999999881
4167  24.905  -70.573  -13.203 0.6999999881
4637  24.661  -69.546  -13.452 0.6000000238
5087  24.788  -68.846  -12.895 0.6000000238
9711  23.769  -60.220  -10.808 0.4000000060
9712  22.947  -60.229  -10.684 0.5000000000
5111  25.132  -68.408  -14.562 0.6000000238
10472  25.424  -59.756  -11.316 0.5000000000
8992  21.318  -61.080  -11.710 0.6000000238
4663  24.935  -69.098  -15.118 0.6999999881
4672  25.254  -69.313  -16.364 0.6999999881
107568  25.610  -67.599  -14.769 0.6000000238
9027  24.562  -61.362  -12.938 0.5000000000
5164  27.020  -69.017  -18.846 0.6999999881
9042  25.606  -61.551  -13.965 0.4000000060
104041  29.045  -68.172  -20.584 0.6999999881
120314  28.400  -68.043  -20.471 0.6999999881
5175  27.746  -68.746  -20.145 0.6999999881
109779  25.040  -61.575  -14.706 0.6000000238
6250  30.107  -66.680  -20.577 0.6999999881
5701  29.537  -67.454  -20.590 0.6999999881
5703  27.944  -67.567  -20.391 0.6999999881
9040  27.321  -61.259  -14.027 0.5000000000
9061  25.405  -61.627  -15.503 0.5000000000
6822  31.232  -64.887  -20.719 0.6000000238
6807  30.583  -65.690  -20.602 0.6999999881
6251  29.147  -66.541  -20.552 0.6999999881
9060  26.347  -61.830  -15.467 0.5000000000
117293  32.523  -63.062  -20.910 0.5000000000
7348  31.685  -64.157  -20.859 0.6000000238
110076  30.850  -64.031  -20.816 0.6000000238
4168  24.724  -70.923  -13.960 0.6999999881
4182  24.557  -70.180  -14.079 0.6999999881
11176  24.631  -58.773  -10.170 0.4000000060
4196  24.509  -70.463  -15.472 0.6999999881
4652  24.673  -69.284  -14.303 0.6999999881
11177  23.720  -58.870  -10.007 0.4000000060
4664  24.759  -69.763  -15.799 0.6999999881
10474  21.404  -59.720  -10.854 0.6000000238
4685  25.656  -69.357  -17.207 0.8000000119
4708  26.793  -69.707  -19.607 0.6000000238
4684  26.434  -69.106  -18.031 0.6000000238
120488  20.937  -57.998  -12.243 0.6000000238
5192  28.594  -68.795  -20.547 0.6999999881
4707  27.418  -69.668  -20.168 0.6999999881
104020  30.068  -68.428  -20.611 0.6000000238
6249  31.295  -66.852  -20.581 0.6000000238
11912  20.283  -57.827  -14.721 0.5000000000
7347  32.590  -64.335  -20.885 0.6000000238
6806  31.680  -65.849  -20.619 0.6999999881
7925  33.021  -63.686  -20.967 0.5000000000
4202  24.859  -70.045  -16.744 0.6999999881
11157  23.271  -58.067  -9.830 0.4000000060
4211  25.037  -70.345  -17.716 0.8000000119
11178  21.666  -58.717  -10.595 0.5000000000
4218  26.007  -70.397  -19.581 0.8000000119
11862  21.729  -57.769  -10.730 0.4000000060
106675  22.141  -58.078  -10.310 0.4000000060
4699  25.696  -69.803  -18.094 0.6999999881
106654  21.577  -57.220  -12.266 0.4000000060
11196  20.672  -58.861  -11.565 0.5000000000
120451  31.634  -67.923  -20.498 0.6000000238
5191  29.479  -69.087  -20.605 0.6000000238
112821  27.597  -70.293  -20.485 0.6999999881
12621  22.049  -56.618  -11.774 0.4000000060
5700  30.623  -67.663  -20.581 0.6000000238
11903  21.408  -57.316  -14.032 0.4000000060
11235  20.277  -58.239  -13.920 0.6000000238
7338  32.153  -65.066  -20.751 0.6000000238
110517  34.045  -63.894  -20.875 0.5000000000
12591  23.425  -56.624  -9.738 0.4000000060
4212  24.542  -70.947  -17.196 0.8000000119
12592  22.808  -56.592  -10.062 0.4000000060
4219  25.358  -70.521  -18.796 0.6999999881
12605  21.963  -56.944  -10.878 0.4000000060
112440  28.380  -70.517  -20.593 0.6000000238
4228  26.740  -70.566  -20.347 0.6999999881
4712  28.933  -69.741  -20.600 0.6000000238
12635  22.626  -56.005  -12.730 0.4000000060
12652  21.988  -56.830  -13.734 0.4000000060
6248  32.281  -66.727  -20.563 0.6000000238
12662  21.954  -56.794  -14.676 0.4000000060
105754  33.149  -65.309  -20.731 0.4000000060
106454  23.924  -55.981  -9.649 0.4000000060
4230  25.004  -71.392  -19.423 0.6999999881
13390  22.771  -56.017  -10.469 0.4000000060
4238  27.598  -71.358  -20.693 0.6999999881
4239  26.562  -71.568  -20.621 0.6000000238
13405  22.742  -55.649  -10.915 0.4000000060
5190  30.678  -69.549  -20.493 0.6000000238
4711  29.998  -70.051  -20.527 0.6000000238
13444  22.936  -55.866  -13.857 0.4000000060
113117  32.458  -67.686  -20.434 0.6000000238
13452  23.083  -55.784  -14.906 0.3000000119
111204  33.872  -66.431  -20.458 0.4000000060
6805  34.235  -65.642  -20.579 0.4000000060
117648  34.996  -66.714  -20.197 0.4000000060
14149  23.440  -54.390  -10.972 0.4000000060
14160  23.517  -54.574  -11.936 0.4000000060
120306  31.758  -69.852  -20.264 0.6000000238
5699  32.559  -68.733  -20.236 0.6000000238
5188  33.268  -69.211  -19.817 0.6000000238
5696  34.735  -67.521  -20.039 0.4000000060
5682  34.819  -67.652  -19.743 0.5000000000
123262  35.811  -66.886  -20.010 0.4000000060
106367  23.717  -52.923  -15.293 0.3000000119
6234  35.805  -66.851  -19.829 0.4000000060
15618  25.014  -51.736  -10.001 0.4000000060
15652  25.072  -52.504  -14.198 0.3000000119
16336  21.704  -51.172  -13.250 0.4000000060
17021  25.903  -50.195  -10.017 0.4000000060
17023  24.818  -50.889  -11.118 0.4000000060
16334  25.226  -51.864  -13.624 0.3000000119
17049  25.282  -51.140  -13.071 0.3000000119
15664  23.250  -52.028  -14.888 0.3000000119
15663  24.299  -52.294  -15.174 0.3000000119
15653  22.220  -51.784  -14.201 0.3000000119
17762  25.424  -49.483  -10.588 0.4000000060
17770  25.004  -49.738  -11.331 0.4000000060
17036  25.012  -50.995  -11.955 0.4000000060
16346  25.066  -51.817  -14.514 0.3000000119
16347  24.630  -51.720  -15.039 0.3000000119
113251  20.319  -49.226  -14.299 0.4000000060
105831  18.893  -49.315  -15.461 0.3000000119
17830  18.332  -49.099  -15.383 0.3000000119
16348  23.699  -51.492  -15.127 0.3000000119
17060  22.812  -50.642  -14.504 0.3000000119
17769  25.165  -48.842  -11.163 0.4000000060
106970  25.111  -50.249  -12.417 0.4000000060
112140  25.248  -50.597  -13.718 0.3000000119
17072  24.985  -51.024  -14.827 0.3000000119
17797  21.823  -49.685  -13.619 0.3000000119
17073  24.310  -51.061  -15.235 0.3000000119
17815  19.657  -49.428  -15.358 0.3000000119
120529  23.673  -50.839  -15.168 0.3000000119
17842  20.114  -49.291  -16.564 0.4000000060
18594  19.474  -48.970  -16.394 0.3000000119
18593  20.273  -48.802  -16.886 0.3000000119
19360  19.597  -48.145  -16.402 0.3000000119
102830  24.950  -49.243  -12.105 0.4000000060
17781  25.123  -49.677  -13.258 0.4000000060
17795  25.124  -50.080  -14.397 0.3000000119
17814  21.334  -49.320  -14.300 0.4000000060
17811  24.872  -50.314  -15.217 0.3000000119
17813  22.196  -49.645  -14.558 0.3000000119
17828  20.207  -49.518  -15.998 0.4000000060
17840  21.666  -49.600  -16.804 0.4000000060
19359  20.310  -47.722  -16.647 0.3000000119
119873  24.905  -47.858  -12.530 0.4000000060
118341  24.856  -48.210  -13.471 0.4000000060
107437  24.873  -48.566  -14.308 0.4000000060
18575  24.888  -49.434  -15.020 0.4000000060
17080  24.463  -50.472  -15.544 0.3000000119
17825  23.721  -50.161  -16.750 0.3000000119
17839  22.815  -49.846  -17.164 0.3000000119
17849  23.097  -49.527  -17.507 0.3000000119
18604  22.649  -48.901  -17.626 0.5000000000
17841  20.894  -49.280  -17.039 0.4000000060
18606  21.113  -48.902  -17.328 0.4000000060
21028  20.773  -45.689  -16.099 0.3000000119
19330  24.957  -47.395  -13.222 0.4000000060
19335  24.849  -47.745  -14.200 0.4000000060
120189  24.787  -47.698  -15.064 0.3000000119
19357  24.604  -48.462  -17.035 0.3000000119
121847  24.583  -46.920  -16.826 0.3000000119
21034  24.693  -45.886  -17.424 0.3000000119
18583  24.754  -49.246  -16.151 0.3000000119
121720  24.732  -48.831  -16.661 0.3000000119
19369  24.067  -48.358  -17.425 0.3000000119
115153  23.982  -47.547  -17.289 0.3000000119
119748  24.055  -46.193  -17.399 0.3000000119
17848  23.766  -49.568  -17.485 0.3000000119
20192  22.787  -47.052  -17.180 0.3000000119
20193  21.855  -47.161  -16.967 0.3000000119
21919  20.852  -44.732  -16.049 0.3000000119
20983  26.753  -45.560  -11.527 0.3000000119
20984  26.208  -45.812  -12.132 0.3000000119
20143  25.320  -46.613  -13.144 0.3000000119
21009  25.799  -45.804  -14.480 0.3000000119
21016  25.748  -45.712  -15.635 0.3000000119
21024  26.097  -45.036  -17.163 0.3000000119
20151  25.310  -46.487  -14.141 0.3000000119
20159  25.242  -46.427  -15.259 0.3000000119
120683  24.967  -46.736  -16.319 0.3000000119
21025  25.694  -45.631  -16.723 0.3000000119
105278  24.748  -45.272  -17.664 0.3000000119
21035  24.077  -45.479  -17.512 0.3000000119
21036  23.242  -45.988  -17.176 0.3000000119
21925  23.250  -44.862  -17.195 0.3000000119
20181  21.348  -46.400  -16.512 0.3000000119
21027  21.546  -45.483  -16.382 0.3000000119
21860  27.715  -44.643  -11.331 0.3000000119
120623  26.323  -45.509  -12.850 0.3000000119
21003  26.124  -45.592  -13.560 0.3000000119
21008  26.345  -45.190  -15.132 0.3000000119
122389  26.557  -44.632  -16.670 0.3000000119
22798  25.118  -43.983  -17.964 0.3000000119
22800  23.260  -43.831  -17.300 0.3000000119
109550  20.835  -43.605  -16.205 0.3000000119
21916  26.414  -44.312  -17.374 0.3000000119
21923  25.793  -44.641  -17.768 0.3000000119
113816  24.037  -42.822  -17.783 0.3000000119
22787  22.382  -42.945  -16.921 0.3000000119
21917  22.168  -44.012  -16.706 0.3000000119
22788  21.222  -42.753  -16.510 0.3000000119
23632  27.006  -42.879  -17.265 0.3000000119
23644  26.341  -42.808  -17.669 0.3000000119
112229  24.671  -43.146  -17.911 0.3000000119
22785  27.353  -43.294  -16.731 0.3000000119
112254  26.866  -42.196  -17.248 0.3000000119
114282  25.565  -42.105  -17.734 0.3000000119
23646  24.582  -42.276  -17.797 0.3000000119
23647  23.541  -42.143  -17.558 0.3000000119
23648  22.551  -42.070  -17.168 0.3000000119
23633  21.453  -41.892  -16.701 0.3000000119
1242  31.396  -77.581  -4.161 0.5000000000
1011  30.582  -77.888  -5.332 0.5000000000
1021  29.350  -78.245  -6.225 0.4000000060
6812  23.071  -66.080  -21.609 0.6999999881
107324  22.916  -63.921  -20.239 0.6999999881
1275  26.912  -77.950  -8.379 0.4000000060
1020  30.184  -77.844  -6.059 0.5000000000
7353  25.723  -65.136  -21.054 0.6000000238
6191  25.989  -66.007  -15.406 0.5000000000
7352  27.182  -64.440  -20.747 0.6000000238
5125  25.559  -68.212  -15.403 0.6999999881
5702  28.542  -67.267  -20.520 0.6999999881
11890  21.471  -57.323  -13.084 0.4000000060
118473  33.471  -63.150  -20.872 0.5000000000
106021  31.405  -68.826  -20.443 0.6000000238
7337  33.574  -64.573  -20.837 0.4000000060
108747  29.533  -70.804  -20.511 0.6000000238
117649  31.434  -70.432  -20.231 0.6000000238
14169  23.659  -54.823  -12.875 0.3000000119
6247  33.465  -67.363  -20.335 0.4000000060
5697  34.311  -68.246  -19.862 0.4000000060
19329  25.186  -47.118  -12.324 0.3000000119
20992  26.689  -45.223  -12.321 0.3000000119
3306  27.757  -73.424  -20.204 0.5000000000
3307  26.595  -73.361  -20.343 0.5000000000
3741  25.220  -72.284  -19.994 0.6999999881
3728  24.452  -72.454  -18.307 0.6999999881
4203  24.527  -70.636  -16.240 0.6000000238
3752  27.107  -72.450  -20.609 0.5000000000
3740  26.049  -72.353  -20.509 0.6000000238
3715  24.624  -71.385  -18.349 0.6000000238
3209  25.100  -72.161  -13.806 0.6000000238
3208  25.402  -72.275  -13.026 0.6000000238
3267  24.483  -73.243  -17.768 0.6999999881
108194  24.657  -72.705  -15.386 0.6000000238
3682  24.554  -71.832  -15.074 0.6000000238
3256  24.490  -72.589  -16.802 0.6999999881
3242  24.465  -72.130  -15.937 0.6000000238
3668  24.776  -71.624  -14.252 0.6000000238
3305  28.904  -73.147  -20.073 0.5000000000
2775  24.954  -73.422  -15.817 0.6999999881
2763  24.936  -73.375  -14.906 0.6999999881
2753  24.990  -73.664  -14.232 0.6000000238
111454  25.107  -72.959  -13.732 0.6000000238
2801  24.842  -74.050  -17.759 0.6000000238
111514  24.623  -72.887  -16.168 0.6999999881
3223  24.854  -72.529  -14.480 0.6000000238
2799  26.031  -74.672  -18.584 0.6000000238
3739  30.036  -72.571  -19.804 0.5000000000
4237  28.906  -71.647  -20.529 0.5000000000
2787  25.423  -74.135  -17.277 0.6999999881
113044  25.048  -74.111  -14.779 0.6000000238
2742  25.434  -73.651  -12.131 0.6000000238
3725  30.719  -72.023  -19.671 0.5000000000
4236  30.161  -71.850  -20.170 0.5000000000
4681  32.115  -69.776  -18.839 0.5000000000
4227  31.150  -71.473  -19.790 0.5000000000
4680  32.967  -69.156  -19.081 0.4000000060
5707  22.123  -68.112  -20.887 0.4000000060
5687  22.695  -68.425  -20.432 0.4000000060
119600  23.199  -67.953  -18.656 0.5000000000
5663  23.531  -67.229  -18.348 0.5000000000
5664  22.932  -67.927  -17.878 0.5000000000
4706  32.257  -70.287  -19.795 0.5000000000
6219  23.231  -66.903  -17.325 0.5000000000
119367  21.402  -66.449  -13.270 0.6000000238
4696  32.877  -69.727  -19.667 0.4000000060
6207  23.429  -66.030  -16.736 0.5000000000
6192  22.994  -66.083  -15.869 0.5000000000
6182  22.070  -66.428  -13.936 0.5000000000
5177  22.121  -68.995  -20.078 0.5000000000
5675  22.718  -68.589  -19.079 0.5000000000
5155  22.319  -68.884  -17.931 0.5000000000
102929  22.378  -68.229  -17.171 0.5000000000
5647  21.750  -68.752  -16.971 0.5000000000
6208  22.794  -66.859  -16.449 0.5000000000
5646  22.108  -67.810  -16.319 0.5000000000
6183  21.704  -67.012  -14.632 0.5000000000
4705  32.779  -69.681  -19.800 0.5000000000
110112  22.343  -66.980  -15.517 0.5000000000
5658  33.038  -67.523  -18.563 0.4000000060
5162  33.888  -68.758  -19.766 0.4000000060
120438  34.113  -67.875  -19.174 0.4000000060
7903  21.358  -63.603  -18.709 0.5000000000
5156  21.530  -69.558  -17.859 0.5000000000
106115  32.224  -70.273  -19.961 0.5000000000
5173  33.819  -68.735  -19.915 0.4000000060
9142  22.115  -59.790  -20.268 0.5000000000
9143  21.058  -60.101  -20.159 0.5000000000
8470  19.290  -61.607  -19.722 0.5000000000
112338  20.835  -62.664  -18.897 0.5000000000
5672  34.816  -67.772  -19.696 0.4000000060
9830  21.373  -58.885  -20.441 0.5000000000
9831  20.395  -59.192  -20.256 0.5000000000
10561  21.269  -58.090  -19.683 0.5000000000
10550  19.615  -58.955  -19.601 0.5000000000
9145  19.018  -60.470  -19.913 0.5000000000
8471  18.350  -61.820  -19.801 0.4000000060
10548  20.745  -58.627  -18.671 0.5000000000
9833  18.508  -59.893  -19.680 0.6000000238
119700  18.299  -60.724  -19.789 0.6000000238
9800  22.208  -59.359  -17.497 0.5000000000
9786  20.741  -60.423  -16.897 0.5000000000
9802  20.257  -59.460  -17.843 0.5000000000
106033  18.398  -59.577  -18.695 0.6000000238
9834  17.599  -60.240  -19.468 0.6000000238
8472  17.363  -62.224  -19.848 0.6000000238
7908  16.578  -62.948  -19.906 0.5000000000
7326  16.118  -64.012  -19.931 0.5000000000
115407  14.877  -64.524  -20.099 0.5000000000
9784  22.691  -60.141  -16.781 0.5000000000
9082  22.285  -60.953  -16.034 0.5000000000
9083  21.227  -61.271  -15.988 0.5000000000
9787  19.716  -60.445  -17.213 0.5000000000
9084  20.180  -61.387  -16.325 0.6000000238
9821  17.311  -60.063  -18.962 0.6000000238
9147  16.870  -60.709  -19.555 0.6000000238
115319  16.528  -61.850  -19.860 0.6000000238
7909  15.591  -62.962  -19.843 0.5000000000
9806  12.593  -61.071  -17.004 0.5000000000
116095  13.616  -64.181  -19.571 0.5000000000
111190  23.170  -60.834  -16.137 0.5000000000
9065  21.927  -61.482  -15.208 0.5000000000
107973  21.133  -61.802  -15.106 0.6000000238
9067  19.583  -62.136  -15.724 0.6000000238
8445  18.720  -62.289  -15.928 0.6000000238
9105  17.692  -60.895  -17.613 0.6000000238
9087  17.361  -61.876  -16.837 0.6000000238
9822  16.583  -60.573  -18.681 0.6000000238
9106  16.891  -61.134  -17.709 0.6000000238
8474  15.841  -61.916  -19.786 0.6000000238
8475  15.069  -62.065  -19.590 0.5000000000
7328  14.501  -64.003  -19.655 0.5000000000
8476  14.409  -62.328  -19.191 0.5000000000
114147  13.873  -62.238  -18.623 0.5000000000
7911  13.440  -63.523  -18.908 0.5000000000
9127  13.084  -62.147  -18.022 0.5000000000
9045  21.461  -61.734  -14.270 0.6000000238
8427  19.749  -62.321  -14.821 0.6000000238
8436  18.989  -62.466  -15.090 0.6000000238
8429  17.829  -62.224  -14.506 0.6000000238
8446  17.812  -62.414  -16.005 0.6000000238
9088  16.506  -61.925  -16.867 0.6000000238
8448  16.123  -62.224  -16.086 0.6000000238
9107  16.044  -61.377  -17.792 0.5000000000
106762  15.763  -61.886  -16.833 0.5000000000
8458  14.752  -61.694  -19.196 0.5000000000
9090  14.413  -61.417  -16.302 0.5000000000
9069  15.119  -61.490  -15.517 0.6000000238
9109  13.999  -61.634  -17.397 0.5000000000
9091  13.492  -61.166  -16.724 0.5000000000
9788  13.901  -60.652  -16.106 0.5000000000
11261  14.268  -58.944  -16.121 0.5000000000
118397  19.068  -62.009  -13.775 0.6000000238
9033  17.756  -61.638  -14.075 0.6000000238
9049  16.237  -61.744  -14.810 0.6000000238
9068  15.780  -61.976  -15.442 0.6000000238
9050  15.270  -60.928  -15.057 0.6000000238
10528  14.369  -59.956  -15.732 0.5000000000
9032  18.633  -61.566  -13.664 0.6000000238
123614  15.624  -61.473  -15.044 0.6000000238
10526  15.745  -59.418  -15.209 0.6000000238
11252  15.001  -59.242  -15.651 0.5000000000
11210  19.869  -59.276  -12.626 0.6000000238
10491  19.712  -60.056  -12.377 0.6000000238
120588  19.213  -59.841  -13.070 0.6000000238
10516  17.255  -60.052  -14.273 0.6000000238
109005  16.364  -60.297  -14.586 0.6000000238
11250  16.290  -58.569  -15.550 0.5000000000
11225  19.659  -58.891  -13.501 0.6000000238
11226  18.926  -59.236  -13.913 0.6000000238
11236  19.490  -58.445  -14.442 0.6000000238
10517  16.634  -59.340  -14.886 0.6000000238
11247  18.954  -58.129  -15.157 0.6000000238
106687  18.474  -57.616  -15.778 0.5000000000
11921  20.236  -57.353  -15.532 0.4000000060
3697  24.452  -71.223  -15.670 0.6000000238
3716  24.450  -72.018  -17.501 0.6999999881
4710  30.790  -70.973  -20.267 0.5000000000
4234  31.644  -70.936  -19.928 0.5000000000
4207  31.762  -70.760  -19.169 0.5000000000
4226  31.788  -70.899  -19.733 0.5000000000
106858  21.234  -68.297  -16.104 0.6000000238
9104  18.608  -60.448  -17.635 0.6000000238
9085  19.217  -61.496  -16.604 0.6000000238
9149  15.448  -61.310  -19.319 0.6000000238
9108  15.029  -61.684  -17.469 0.5000000000
9759  18.155  -60.924  -13.648 0.6000000238
9768  16.810  -61.197  -14.313 0.6000000238
11237  18.544  -58.783  -14.604 0.6000000238
11923  17.593  -57.701  -15.884 0.6000000238
123192  32.548  -76.446  -3.795 0.4000000060
2224  33.694  -74.862  -4.527 0.5000000000
113332  33.349  -75.275  -5.177 0.5000000000
1861  33.152  -75.630  -4.486 0.4000000060
1535  32.576  -76.317  -4.461 0.4000000060
1547  32.304  -76.361  -5.361 0.4000000060
1241  31.980  -76.953  -4.797 0.4000000060
2247  33.529  -74.344  -6.393 0.5000000000
2236  33.722  -74.633  -5.574 0.5000000000
105676  32.529  -75.852  -6.023 0.5000000000
117123  32.040  -76.386  -6.024 0.5000000000
1548  31.815  -76.800  -5.565 0.4000000060
2248  32.737  -74.767  -6.968 0.5000000000
1890  32.210  -75.363  -7.078 0.5000000000
1558  32.060  -76.019  -6.741 0.5000000000
110394  31.376  -76.832  -6.353 0.5000000000
1250  30.819  -77.459  -5.942 0.4000000060
1259  30.547  -77.255  -6.634 0.4000000060
122769  32.254  -75.037  -7.192 0.5000000000
113487  31.693  -75.794  -7.323 0.5000000000
119868  31.116  -75.965  -7.817 0.5000000000
1567  31.299  -76.295  -7.250 0.5000000000
1264  30.857  -76.806  -7.148 0.5000000000
1029  29.886  -77.645  -6.882 0.4000000060
110146  25.455  -74.790  -11.392 0.5000000000
1922  25.659  -75.356  -10.885 0.4000000060
1921  26.002  -76.247  -10.402 0.4000000060
1589  26.389  -77.197  -10.395 0.4000000060
1285  26.756  -77.682  -9.913 0.4000000060
1045  27.339  -78.136  -9.263 0.4000000060
1568  30.581  -76.510  -7.824 0.5000000000
110071  28.005  -78.429  -8.878 0.4000000060
1036  28.509  -78.209  -8.259 0.4000000060
1031  28.729  -78.252  -7.421 0.4000000060
1577  29.975  -76.452  -8.532 0.4000000060
1272  30.021  -76.986  -8.157 0.5000000000
109407  29.285  -77.977  -7.168 0.4000000060
1265  30.268  -77.090  -7.417 0.4000000060
1931  25.816  -76.257  -11.197 0.4000000060
1293  26.929  -77.519  -10.640 0.4000000060
1284  27.367  -77.980  -10.132 0.4000000060
119894  29.781  -75.947  -9.008 0.4000000060
1043  28.605  -77.970  -9.084 0.4000000060
118380  29.009  -77.802  -8.606 0.4000000060
1582  29.486  -76.202  -9.323 0.4000000060
1281  29.587  -76.845  -8.805 0.4000000060
1274  29.164  -77.409  -9.044 0.4000000060
1273  29.464  -77.339  -8.378 0.4000000060
2305  25.264  -74.681  -12.216 0.5000000000
1939  25.168  -75.779  -12.862 0.4000000060
1606  25.543  -76.525  -12.537 0.4000000060
105830  26.450  -77.312  -12.201 0.4000000060
1300  27.471  -77.110  -11.747 0.4000000060
1292  27.624  -77.426  -10.768 0.4000000060
1291  28.323  -77.230  -10.384 0.4000000060
1044  28.057  -78.098  -9.822 0.4000000060
1586  29.485  -75.623  -10.330 0.4000000060
1290  28.924  -76.735  -10.107 0.4000000060
1283  28.755  -77.469  -9.661 0.4000000060
2752  25.074  -73.877  -13.502 0.5000000000
2319  25.021  -74.827  -13.267 0.5000000000
2320  24.963  -74.672  -14.273 0.6000000238
103340  25.540  -76.758  -13.481 0.5000000000
1305  27.046  -77.415  -12.603 0.4000000060
1304  27.802  -77.068  -12.456 0.4000000060
1597  28.489  -76.563  -12.124 0.4000000060
1596  29.243  -76.135  -11.739 0.4000000060
1622  25.713  -76.894  -14.615 0.4000000060
2335  25.226  -74.836  -15.069 0.5000000000
1319  26.396  -77.136  -14.831 0.4000000060
1317  27.433  -77.296  -13.382 0.4000000060
1640  26.013  -76.726  -15.340 0.5000000000
1639  26.628  -76.774  -15.275 0.4000000060
1318  26.952  -77.287  -14.256 0.4000000060
1620  27.930  -77.056  -14.030 0.4000000060
2334  25.842  -74.963  -15.521 0.6000000238
2774  25.740  -73.951  -16.134 0.6000000238
2332  26.920  -75.821  -15.672 0.5000000000
117911  27.764  -75.838  -15.421 0.4000000060
3281  24.886  -73.629  -19.236 0.5000000000
9029  21.265  -61.675  -13.265 0.5000000000
9011  20.418  -61.259  -12.377 0.5000000000
10475  20.784  -59.540  -11.280 0.5000000000
9010  21.075  -61.410  -12.406 0.5000000000
9744  20.147  -60.675  -12.124 0.5000000000
9047  19.820  -62.091  -13.871 0.5000000000
1881  32.632  -75.284  -6.618 0.5000000000
1872  32.882  -75.819  -5.265 0.5000000000
1598  26.323  -77.074  -11.183 0.4000000060
1301  26.975  -77.385  -11.540 0.4000000060
1282  29.253  -76.857  -9.460 0.4000000060
112687  26.819  -77.460  -13.503 0.4000000060
1299  27.999  -76.849  -11.380 0.4000000060
1588  28.593  -76.403  -10.991 0.4000000060
1958  25.080  -75.900  -14.126 0.5000000000
1604  28.315  -76.948  -13.135 0.4000000060
1970  25.419  -76.237  -15.139 0.5000000000
2333  26.183  -75.517  -15.714 0.6000000238
1637  27.775  -76.379  -14.994 0.5000000000
2773  25.909  -74.594  -15.833 0.5000000000
6204  29.415  -66.950  -15.787 0.3000000119
120145  29.226  -67.658  -15.839 0.3000000119
5136  29.396  -68.321  -16.453 0.3000000119
5644  29.777  -67.451  -16.534 0.3000000119
6766  30.508  -65.760  -16.319 0.3000000119
6746  29.702  -64.939  -14.778 0.3000000119
6754  30.030  -65.318  -15.514 0.3000000119
5124  28.829  -68.280  -15.291 0.3000000119
4671  28.620  -69.835  -16.119 0.4000000060
5625  28.925  -67.399  -15.056 0.3000000119
4683  29.259  -70.169  -17.214 0.4000000060
4670  29.301  -69.268  -16.760 0.4000000060
3726  30.230  -72.459  -19.429 0.4000000060
3291  29.251  -73.164  -19.829 0.4000000060
104758  29.079  -66.596  -14.834 0.3000000119
5153  30.026  -68.936  -17.376 0.3000000119
4682  30.838  -69.935  -18.226 0.4000000060
6202  31.011  -66.128  -17.036 0.3000000119
104163  31.011  -67.757  -17.665 0.3000000119
4201  27.643  -71.298  -15.830 0.4000000060
3703  27.384  -72.020  -16.261 0.4000000060
3254  27.021  -73.055  -16.906 0.4000000060
3266  26.709  -74.141  -17.935 0.4000000060
4662  28.559  -69.251  -15.117 0.4000000060
4200  28.051  -70.671  -15.926 0.4000000060
3702  27.979  -71.408  -16.622 0.4000000060
111739  27.602  -73.385  -17.881 0.4000000060
102985  27.752  -73.898  -18.830 0.4000000060
120926  28.756  -68.729  -14.313 0.3000000119
4210  28.608  -70.774  -16.892 0.4000000060
3265  28.613  -73.044  -18.489 0.4000000060
2824  26.142  -74.222  -19.905 0.4000000060
5610  28.903  -67.201  -14.204 0.3000000119
3712  29.605  -72.329  -18.635 0.4000000060
3280  27.728  -73.999  -19.575 0.4000000060
6180  29.054  -66.392  -13.902 0.3000000119
3711  30.536  -71.754  -18.853 0.4000000060
2762  27.655  -73.122  -14.862 0.4000000060
3241  26.464  -73.974  -15.769 0.4000000060
3221  28.077  -72.291  -14.525 0.4000000060
3222  27.435  -72.448  -14.940 0.4000000060
113467  27.120  -73.217  -15.249 0.4000000060
3255  26.291  -73.838  -16.615 0.4000000060
4635  29.334  -69.239  -13.715 0.3000000119
4180  28.406  -70.778  -14.382 0.4000000060
106739  29.822  -67.025  -13.274 0.3000000119
6165  29.264  -67.071  -13.674 0.3000000119
2812  26.910  -74.454  -19.074 0.4000000060
6164  29.504  -66.263  -13.314 0.3000000119
104234  26.578  -74.828  -15.686 0.4000000060
2772  27.140  -73.991  -15.271 0.4000000060
119011  32.684  -68.218  -18.612 0.3000000119
5151  31.904  -68.474  -18.354 0.3000000119
2814  25.476  -74.481  -19.142 0.4000000060
2786  25.820  -74.475  -17.525 0.4000000060
115596  25.780  -74.196  -16.406 0.4000000060
111583  27.502  -75.048  -15.506 0.4000000060
5137  28.922  -68.965  -15.919 0.3000000119
6203  30.220  -66.635  -16.582 0.3000000119
4195  28.215  -70.165  -15.066 0.4000000060
121446  29.872  -69.734  -17.508 0.4000000060
3713  28.663  -71.824  -17.605 0.4000000060
4208  30.150  -70.618  -18.055 0.4000000060
3279  28.647  -73.565  -19.506 0.4000000060
5152  30.987  -68.784  -17.939 0.4000000060
3681  27.879  -71.646  -14.684 0.4000000060
3240  26.845  -72.827  -15.738 0.4000000060
4651  28.630  -69.719  -14.331 0.3000000119
3714  27.794  -72.362  -17.268 0.4000000060
5099  29.052  -68.730  -13.849 0.3000000119
3680  28.404  -71.569  -14.304 0.4000000060
4166  28.972  -70.108  -13.885 0.3000000119
5098  29.448  -68.411  -13.616 0.3000000119
2622  36.207  -72.999  -0.874 0.3000000119
2613  36.349  -73.092  0.133 0.3000000119
108172  36.647  -71.941  -2.341 0.3000000119
3082  37.048  -72.379  -0.328 0.3000000119
3090  36.003  -72.691  -1.844 0.3000000119
2190  35.439  -73.686  -0.379 0.3000000119
3092  36.343  -71.575  -3.230 0.3000000119
3556  37.500  -71.333  -1.873 0.3000000119
3089  36.883  -72.225  -1.349 0.3000000119
3100  35.994  -71.374  -3.905 0.3000000119
3093  35.838  -72.354  -2.787 0.3000000119
2629  35.315  -73.345  -1.410 0.3000000119
2217  33.577  -74.653  -3.486 0.3000000119
4058  37.126  -70.144  -3.107 0.3000000119
3559  37.817  -70.444  -2.392 0.3000000119
3116  35.878  -71.163  -4.117 0.3000000119
3566  37.372  -70.418  -2.937 0.3000000119
3555  38.211  -70.443  -1.330 0.3000000119
2647  34.586  -73.313  -3.628 0.3000000119
2223  34.285  -74.068  -5.110 0.3000000119
2216  34.144  -74.047  -4.040 0.3000000119
3580  35.360  -71.493  -4.837 0.3000000119
2646  35.163  -72.760  -3.252 0.3000000119
3117  35.534  -71.827  -4.590 0.3000000119
2667  35.131  -72.472  -5.247 0.3000000119
2668  34.662  -73.213  -5.620 0.3000000119
2235  34.176  -73.851  -6.086 0.3000000119
2261  30.837  -74.589  -7.877 0.4000000060
2259  33.076  -74.076  -7.020 0.4000000060
3965  35.149  -70.510  3.659 0.3000000119
3935  33.624  -70.642  5.438 0.3000000119
3081  37.744  -71.594  0.246 0.3000000119
3075  37.134  -72.391  0.642 0.3000000119
4495  37.379  -69.301  -0.806 0.3000000119
4031  36.843  -69.769  0.106 0.3000000119
3979  36.248  -70.649  2.569 0.3000000119
112350  35.904  -70.654  3.312 0.3000000119
3949  35.082  -70.598  4.474 0.3000000119
4519  36.546  -68.824  -2.343 0.3000000119
4489  37.901  -69.748  -0.045 0.3000000119
3996  36.763  -70.503  1.786 0.3000000119
3490  36.266  -71.140  3.926 0.3000000119
3948  35.854  -70.905  4.330 0.3000000119
4041  38.199  -69.658  -1.512 0.3000000119
3547  38.197  -70.682  -0.103 0.3000000119
3510  37.303  -70.851  2.084 0.3000000119
3978  36.844  -70.994  3.095 0.3000000119
3537  38.037  -70.934  0.806 0.3000000119
3052  37.207  -71.452  2.385 0.3000000119
2637  35.180  -73.023  -2.327 0.3000000119
2630  34.347  -73.578  -1.943 0.3000000119
4517  37.892  -69.562  -2.272 0.3000000119
2653  35.194  -72.603  -4.251 0.3000000119
104355  33.618  -70.332  3.212 0.3000000119
3053  36.778  -72.304  2.510 0.3000000119
4503  37.649  -69.166  -1.705 0.3000000119
4016  36.333  -70.373  1.003 0.3000000119
4014  38.030  -70.319  0.412 0.3000000119
108542  36.867  -70.694  2.406 0.3000000119
115545  36.490  -71.912  3.691 0.3000000119
2677  33.812  -73.617  -6.719 0.3000000119
2740  33.396  -73.000  -12.232 0.3000000119
2725  32.824  -73.583  -11.096 0.3000000119
2281  32.288  -74.005  -10.665 0.3000000119
2282  31.502  -74.555  -10.669 0.4000000060
2283  30.375  -74.995  -10.459 0.4000000060
1907  29.932  -75.296  -9.237 0.3000000119
1576  30.309  -76.029  -8.393 0.3000000119
2304  32.472  -74.100  -12.016 0.3000000119
2292  31.839  -74.684  -11.956 0.4000000060
1929  31.265  -74.950  -11.285 0.4000000060
1930  30.612  -75.450  -11.843 0.4000000060
1913  29.623  -75.451  -9.894 0.3000000119
1938  30.423  -75.736  -12.786 0.4000000060
1602  29.902  -76.000  -12.275 0.4000000060
1587  29.189  -76.007  -10.686 0.3000000119
1603  29.103  -76.417  -12.744 0.3000000119
4149  34.247  -71.299  -11.403 0.3000000119
3187  34.059  -71.661  -11.362 0.3000000119
113827  32.733  -73.406  -10.688 0.4000000060
2712  31.432  -74.186  -10.075 0.3000000119
2276  30.513  -74.639  -9.859 0.3000000119
2272  30.328  -74.472  -8.836 0.3000000119
3199  34.196  -71.889  -11.848 0.3000000119
3200  33.752  -72.354  -12.507 0.3000000119
2750  33.265  -72.710  -13.055 0.3000000119
2751  32.707  -73.438  -13.071 0.3000000119
107545  32.018  -74.361  -12.922 0.3000000119
122110  31.263  -75.112  -11.993 0.4000000060
114935  32.331  -73.065  -14.163 0.3000000119
2324  31.743  -73.078  -14.491 0.3000000119
2317  31.834  -73.818  -14.093 0.3000000119
1937  31.434  -74.967  -12.679 0.4000000060
123391  30.952  -75.358  -12.464 0.4000000060
1967  30.426  -74.372  -14.710 0.3000000119
1955  30.795  -75.074  -14.063 0.4000000060
1956  30.199  -75.660  -13.781 0.4000000060
2770  29.438  -74.263  -15.063 0.3000000119
1975  29.245  -75.108  -14.957 0.4000000060
1968  29.825  -75.226  -14.661 0.4000000060
1619  28.787  -76.560  -13.694 0.4000000060
2761  28.596  -73.149  -14.717 0.3000000119
103688  28.515  -75.550  -15.075 0.4000000060
2331  28.576  -75.178  -15.250 0.3000000119
5552  32.389  -67.329  -10.736 0.3000000119
4603  31.927  -69.182  -11.014 0.3000000119
4604  31.142  -69.427  -10.481 0.3000000119
4138  31.204  -70.294  -10.157 0.3000000119
107246  34.645  -70.587  -11.593 0.3000000119
112019  33.791  -70.718  -11.190 0.3000000119
119274  32.882  -70.660  -10.861 0.3000000119
104604  31.455  -71.096  -9.929 0.3000000119
3651  34.954  -70.658  -12.057 0.3000000119
4148  34.810  -70.691  -11.782 0.3000000119
4136  33.486  -71.420  -10.886 0.3000000119
3638  33.041  -72.017  -10.639 0.3000000119
3175  32.690  -72.762  -10.465 0.3000000119
3170  31.514  -72.661  -9.712 0.3000000119
2701  30.597  -73.559  -8.838 0.3000000119
2700  30.601  -73.735  -8.160 0.3000000119
2690  31.190  -73.899  -7.554 0.3000000119
2689  32.095  -73.565  -7.163 0.3000000119
3660  34.580  -71.217  -12.331 0.3000000119
104825  30.723  -73.354  -14.808 0.3000000119
114188  29.785  -74.527  -14.899 0.3000000119
3239  30.882  -73.220  -14.900 0.3000000119
105694  30.026  -74.132  -14.956 0.3000000119
3220  29.022  -72.144  -14.299 0.3000000119
2771  28.086  -74.106  -15.105 0.3000000119
6118  32.791  -66.665  -10.308 0.3000000119
5568  33.006  -68.022  -11.288 0.3000000119
5077  32.859  -68.931  -11.328 0.3000000119
103657  31.959  -70.096  -10.735 0.3000000119
109910  34.799  -69.675  -11.640 0.3000000119
4150  32.859  -69.893  -11.149 0.3000000119
2688  33.253  -73.154  -6.934 0.3000000119
6108  33.325  -66.270  -9.531 0.3000000119
5551  33.350  -67.268  -10.949 0.3000000119
5550  34.378  -67.275  -11.129 0.3000000119
5567  34.001  -67.984  -11.434 0.3000000119
4615  33.839  -69.787  -11.416 0.3000000119
4614  35.225  -70.110  -11.898 0.3000000119
6117  33.764  -66.620  -10.452 0.3000000119
6116  34.758  -66.538  -10.600 0.3000000119
5549  35.546  -67.340  -11.377 0.3000000119
120248  34.694  -68.770  -11.617 0.3000000119
2260  32.065  -74.583  -7.267 0.3000000119
1891  31.575  -75.333  -7.512 0.3000000119
1906  30.543  -75.388  -8.249 0.3000000119
1595  29.841  -75.661  -11.356 0.4000000060
1629  28.867  -75.681  -14.809 0.4000000060
109515  33.727  -72.488  -11.756 0.3000000119
121489  32.651  -73.878  -11.431 0.3000000119
2711  33.162  -72.871  -10.956 0.3000000119
2291  32.211  -74.262  -11.231 0.4000000060
1920  30.232  -75.282  -10.964 0.4000000060
118878  30.897  -75.290  -13.263 0.4000000060
3652  34.503  -71.218  -11.722 0.3000000119
3637  33.786  -71.899  -11.035 0.3000000119
2706  32.026  -73.498  -10.182 0.3000000119
2707  31.074  -73.451  -9.481 0.4000000060
117709  30.692  -74.085  -9.391 0.3000000119
3206  34.085  -71.723  -12.823 0.3000000119
3207  33.457  -72.125  -13.406 0.3000000119
2758  32.839  -72.595  -13.824 0.3000000119
106321  31.112  -74.289  -14.408 0.4000000060
2760  29.833  -73.244  -14.829 0.3000000119
4137  32.224  -71.086  -10.438 0.3000000119
3639  31.940  -71.903  -10.052 0.3000000119
3219  30.360  -72.456  -14.585 0.3000000119
6751  22.719  -65.903  -14.511 0.4000000060
1030  29.158  -77.873  -7.951 0.4000000060
1266  29.672  -77.444  -7.661 0.4000000060
1306  26.533  -77.457  -13.068 0.4000000060
1525  32.519  -76.511  -3.235 0.4000000060
1599  25.832  -76.821  -11.901 0.4000000060
1605  25.984  -77.209  -12.832 0.4000000060
1618  29.662  -76.130  -13.255 0.4000000060
1621  26.276  -77.395  -13.880 0.4000000060
1630  28.327  -76.389  -14.556 0.4000000060
1631  27.462  -76.809  -14.702 0.4000000060
1632  26.849  -77.019  -14.927 0.4000000060
1638  27.214  -76.596  -15.149 0.4000000060
1871  33.133  -75.166  -6.004 0.5000000000
1880  33.072  -74.731  -6.651 0.5000000000
1908  26.168  -74.842  -8.370 0.4000000060
1932  25.468  -75.747  -11.807 0.4000000060
1957  29.299  -76.000  -14.205 0.4000000060
1959  25.143  -75.493  -14.858 0.5000000000
1969  28.247  -76.049  -15.021 0.4000000060
1976  26.402  -76.337  -15.571 0.5000000000
1977  25.817  -76.049  -15.567 0.5000000000
1978  25.454  -75.610  -15.278 0.5000000000
2318  31.391  -74.674  -13.649 0.4000000060
2325  31.024  -73.597  -14.672 0.3000000119
2330  29.348  -74.860  -15.035 0.4000000060
2566  36.316  -72.512  3.180 0.3000000119
2638  34.543  -73.260  -2.785 0.3000000119
2654  34.716  -73.321  -4.659 0.3000000119
2708  26.256  -73.132  -9.640 0.6000000238
2724  33.315  -72.946  -11.419 0.3000000119
2741  32.979  -73.569  -11.806 0.3000000119
2788  24.836  -73.521  -16.868 0.6999999881
2800  25.305  -74.539  -18.170 0.6000000238
2813  26.295  -74.572  -19.323 0.4000000060
2815  24.845  -74.026  -18.466 0.6999999881
2823  26.953  -74.299  -19.669 0.4000000060
2825  25.365  -73.886  -19.744 0.5000000000
2833  27.026  -73.988  -20.028 0.5000000000
3024  36.210  -71.659  4.168 0.3000000119
3064  37.611  -71.208  1.557 0.3000000119
3065  37.182  -72.204  1.640 0.3000000119
3074  37.638  -71.644  1.008 0.3000000119
3088  37.715  -71.492  -0.777 0.3000000119
3101  35.756  -72.067  -3.753 0.3000000119
3133  35.038  -72.081  -5.755 0.3000000119
3166  26.048  -72.350  -8.662 0.6000000238
3174  33.381  -72.359  -10.906 0.3000000119
3188  33.668  -72.223  -11.235 0.3000000119
3190  26.105  -72.228  -11.501 0.6999999881
3278  29.551  -73.013  -19.432 0.4000000060
3282  24.550  -73.217  -18.621 0.6999999881
3292  28.386  -73.607  -19.855 0.4000000060
3293  27.600  -73.944  -19.871 0.5000000000
3294  25.640  -73.267  -20.194 0.5000000000
3295  25.006  -73.154  -19.801 0.5000000000
3304  29.610  -72.831  -19.906 0.5000000000
3500  36.519  -71.404  3.608 0.3000000119
3511  36.819  -71.686  3.142 0.3000000119
3560  37.165  -71.115  -2.807 0.3000000119
3567  36.641  -70.855  -3.470 0.3000000119
3621  26.276  -71.615  -8.752 0.6000000238
3667  25.091  -71.481  -13.502 0.6000000238
3696  27.372  -71.802  -15.325 0.4000000060
3704  24.444  -71.566  -16.556 0.6000000238
3727  24.654  -72.473  -19.190 0.6999999881
3738  30.559  -72.026  -19.822 0.5000000000
3749  30.032  -72.438  -19.931 0.5000000000
3750  29.403  -72.504  -20.173 0.5000000000
3751  28.302  -72.495  -20.469 0.5000000000
3934  34.638  -70.848  5.337 0.3000000119
3950  33.996  -70.244  4.728 0.3000000119
3964  36.215  -70.836  3.614 0.3000000119
3981  34.081  -70.612  2.510 0.3000000119
3995  37.646  -70.649  1.254 0.3000000119
3997  35.729  -70.612  1.803 0.3000000119
4015  37.349  -70.260  0.916 0.3000000119
4030  38.281  -69.961  -0.510 0.3000000119
4049  38.169  -69.944  -2.162 0.3000000119
4057  37.774  -69.944  -2.669 0.3000000119
4059  36.409  -70.138  -3.316 0.3000000119
4111  26.418  -70.712  -8.798 0.5000000000
4147  35.188  -70.046  -11.932 0.3000000119
4151  25.927  -70.652  -11.491 0.6999999881
4181  27.813  -71.017  -15.093 0.4000000060
4183  24.532  -70.863  -14.765 0.6999999881
4209  29.466  -71.232  -17.861 0.4000000060
4217  31.299  -71.435  -19.476 0.5000000000
4229  25.726  -71.279  -20.152 0.6999999881
4235  30.981  -71.563  -19.972 0.5000000000
4496  36.467  -69.197  -0.805 0.3000000119
4518  37.297  -69.197  -2.331 0.3000000119
4526  37.505  -69.692  -2.620 0.3000000119
4605  26.343  -69.744  -9.708 0.5000000000
4625  24.952  -69.789  -12.588 0.6999999881
4636  28.924  -69.300  -13.936 0.3000000119
4653  24.565  -69.928  -14.909 0.6999999881
4697  32.277  -70.398  -19.594 0.5000000000
4698  26.228  -69.739  -18.807 0.6999999881
4713  28.049  -69.431  -20.472 0.6999999881
4974  36.868  -68.717  -2.077 0.3000000119
5063  31.931  -68.162  -10.966 0.3000000119
5076  33.847  -68.820  -11.497 0.3000000119
5100  24.844  -68.589  -13.747 0.6000000238
5138  26.495  -67.734  -16.907 0.6999999881
5150  33.641  -68.573  -19.294 0.4000000060
5163  33.477  -69.138  -19.676 0.4000000060
5174  33.379  -69.099  -19.792 0.5000000000
5176  27.402  -68.960  -19.657 0.6000000238
5189  32.542  -69.653  -20.081 0.6000000238
5193  28.040  -68.395  -20.388 0.6999999881
5569  25.259  -67.336  -11.325 0.5000000000
5593  29.456  -67.653  -13.580 0.3000000119
5594  29.032  -67.957  -13.880 0.3000000119
5626  28.813  -67.895  -14.481 0.3000000119
5628  26.027  -67.130  -15.447 0.6000000238
5629  21.603  -67.495  -15.377 0.6000000238
5645  26.623  -67.074  -17.044 0.6999999881
5674  23.377  -67.937  -19.437 0.5000000000
5683  34.234  -68.258  -19.682 0.4000000060
5698  33.516  -68.532  -20.064 0.6000000238
6193  22.230  -66.699  -14.761 0.5000000000
6246  35.443  -67.270  -19.859 0.4000000060
6269  25.232  -66.214  -21.217 0.6000000238
6270  24.437  -66.221  -21.530 0.6000000238
6271  23.921  -65.932  -21.697 0.6999999881
6723  24.170  -64.719  -12.700 0.5000000000
6724  23.147  -65.118  -12.889 0.5000000000
6739  25.464  -65.289  -12.998 0.5000000000
6750  23.504  -65.178  -14.339 0.5000000000
6753  30.846  -65.009  -16.083 0.3000000119
6756  24.828  -65.077  -15.566 0.5000000000
6757  24.176  -64.959  -14.993 0.5000000000
6765  31.291  -65.418  -16.754 0.3000000119
6803  36.153  -66.388  -19.919 0.4000000060
6814  21.712  -66.354  -20.388 0.6000000238
6824  29.755  -65.045  -20.620 0.6999999881
7327  15.258  -63.913  -19.840 0.5000000000
7340  23.632  -65.200  -21.308 0.6999999881
7341  22.933  -65.002  -20.894 0.6999999881
7902  22.269  -63.485  -19.215 0.6000000238
7910  14.820  -63.074  -19.581 0.5000000000
7922  24.392  -62.893  -20.584 0.6999999881
7926  32.093  -63.520  -20.942 0.5000000000
8418  19.079  -62.286  -14.326 0.6000000238
8428  18.488  -62.356  -14.583 0.6000000238
8430  17.019  -62.032  -14.572 0.6000000238
8437  18.194  -62.492  -15.182 0.6000000238
8438  17.357  -62.426  -15.205 0.6000000238
8439  16.539  -62.261  -15.299 0.6000000238
8447  16.937  -62.390  -16.035 0.6000000238
8459  14.334  -61.841  -18.847 0.5000000000
8460  13.275  -62.834  -18.479 0.5000000000
8469  20.991  -61.559  -19.488 0.5000000000
8473  16.864  -61.325  -19.816 0.6000000238
8494  28.988  -62.978  -20.876 0.6999999881
8495  28.108  -62.181  -20.590 0.6000000238
9006  25.249  -61.101  -12.532 0.5000000000
9012  19.939  -61.262  -12.615 0.5000000000
9025  26.156  -61.339  -13.347 0.4000000060
9030  20.350  -61.644  -13.032 0.5000000000
9031  19.456  -61.544  -13.230 0.5000000000
9046  20.534  -62.053  -14.545 0.6000000238
9048  18.446  -62.078  -14.080 0.6000000238
9063  23.658  -61.272  -15.473 0.5000000000
9066  20.424  -61.953  -15.439 0.6000000238
9079  25.759  -61.695  -16.359 0.5000000000
9086  18.271  -61.693  -16.778 0.6000000238
9089  15.329  -61.893  -16.210 0.6000000238
9097  31.110  -61.480  -17.888 0.6000000238
9100  27.396  -62.098  -17.847 0.6000000238
9101  26.623  -61.733  -18.057 0.6999999881
9120  28.677  -62.089  -19.266 0.8000000119
9121  27.813  -61.752  -19.546 0.8000000119
9124  15.643  -61.083  -18.672 0.6000000238
9125  14.695  -61.549  -18.573 0.5000000000
9126  13.863  -61.852  -18.218 0.5000000000
9134  30.755  -62.223  -19.491 0.6000000238
9144  19.983  -60.495  -19.985 0.5000000000
9146  17.529  -61.102  -19.785 0.6000000238
9148  16.284  -60.750  -19.255 0.6000000238
9158  30.856  -62.409  -20.226 0.6000000238
9161  27.917  -61.914  -20.492 0.6000000238
9713  22.175  -60.116  -10.692 0.5000000000
9726  23.270  -60.680  -11.156 0.6000000238
9727  22.521  -60.727  -11.121 0.6000000238
9728  21.683  -60.592  -11.162 0.6000000238
9729  20.837  -60.385  -11.468 0.5000000000
9757  19.496  -60.758  -12.688 0.6000000238
9758  18.843  -60.811  -13.219 0.6000000238
9767  17.543  -60.878  -13.966 0.6000000238
9769  15.930  -61.044  -14.700 0.6000000238
9777  14.615  -60.830  -15.534 0.6000000238
9785  21.744  -60.288  -16.743 0.5000000000
9799  23.883  -59.403  -18.047 0.6000000238
9801  21.238  -59.429  -17.571 0.5000000000
9803  19.251  -59.382  -18.455 0.6000000238
9804  17.806  -60.011  -18.469 0.6000000238
9805  17.226  -60.416  -18.362 0.6000000238
9818  24.152  -58.809  -19.087 0.6000000238
9819  18.831  -59.422  -19.384 0.6000000238
9820  18.023  -59.733  -19.157 0.6000000238
9827  24.776  -59.815  -19.767 0.6000000238
9828  24.190  -59.045  -19.824 0.6000000238
9829  22.410  -58.640  -20.412 0.6000000238
9832  19.451  -59.471  -19.966 0.5000000000
9835  16.955  -60.383  -19.174 0.6000000238
10457  24.223  -59.527  -10.456 0.4000000060
10458  23.332  -59.603  -10.360 0.5000000000
10459  22.621  -59.663  -10.444 0.4000000060
10460  22.065  -59.430  -10.483 0.6000000238
10490  20.244  -59.670  -11.851 0.5000000000
10505  18.488  -60.050  -13.605 0.6000000238
10506  17.903  -60.258  -13.906 0.6000000238
10515  18.129  -59.547  -14.170 0.6000000238
10518  15.691  -60.306  -14.881 0.6000000238
10527  15.054  -60.142  -15.251 0.6000000238
10547  21.758  -58.518  -18.468 0.5000000000
10549  19.944  -58.781  -18.903 0.5000000000
10559  23.496  -58.275  -19.697 0.6000000238
10562  20.340  -58.490  -19.729 0.5000000000
10566  21.864  -58.233  -20.207 0.5000000000
10567  20.821  -58.477  -20.247 0.5000000000
10568  20.074  -58.812  -20.115 0.5000000000
11158  22.622  -57.900  -10.000 0.4000000060
11195  21.054  -59.018  -11.004 0.5000000000
11209  20.338  -58.819  -12.212 0.6000000238
11224  20.310  -58.489  -12.978 0.6000000238
11238  17.634  -59.051  -14.723 0.6000000238
11248  18.077  -58.303  -15.242 0.6000000238
11249  17.165  -58.448  -15.384 0.5000000000
11251  15.591  -58.667  -15.713 0.5000000000
11847  23.745  -57.398  -9.705 0.4000000060
11848  22.971  -57.294  -9.828 0.4000000060
11861  22.345  -57.295  -10.307 0.4000000060
11878  21.518  -57.458  -11.456 0.4000000060
11904  20.872  -57.834  -13.416 0.6000000238
11911  21.121  -57.238  -15.025 0.4000000060
11913  19.673  -57.877  -15.115 0.6000000238
11922  19.354  -57.471  -15.723 0.4000000060
12604  22.424  -56.598  -10.532 0.4000000060
12620  22.343  -56.228  -10.962 0.4000000060
12636  22.010  -56.726  -12.839 0.4000000060
12651  22.532  -56.349  -14.328 0.4000000060
13388  24.475  -55.386  -9.644 0.4000000060
13389  23.225  -55.887  -9.968 0.4000000060
13421  23.128  -55.292  -12.281 0.4000000060
13422  22.629  -55.814  -11.620 0.4000000060
13433  23.333  -55.349  -13.323 0.3000000119
14150  23.054  -55.123  -11.310 0.4000000060
15662  24.777  -52.279  -14.796 0.3000000119
16300  25.388  -51.024  -10.023 0.4000000060
16335  22.551  -51.210  -14.237 0.3000000119
17022  25.110  -50.394  -10.651 0.4000000060
17816  18.353  -49.336  -15.022 0.3000000119
17824  24.581  -50.036  -15.953 0.3000000119
17827  21.349  -49.523  -15.633 0.4000000060
17829  19.467  -49.311  -16.024 0.3000000119
17837  24.398  -50.027  -16.903 0.3000000119
17838  23.703  -49.881  -17.319 0.3000000119
17847  24.160  -49.700  -17.330 0.3000000119
17850  21.982  -49.316  -17.351 0.4000000060
18560  24.930  -48.726  -12.836 0.4000000060
18567  24.995  -49.112  -13.886 0.3000000119
18584  18.846  -49.066  -15.896 0.3000000119
18585  18.345  -48.619  -15.569 0.3000000119
18592  24.584  -49.329  -17.056 0.3000000119
18602  24.187  -49.172  -17.435 0.3000000119
18603  23.544  -49.034  -17.628 0.3000000119
18605  21.841  -48.774  -17.480 0.5000000000
19343  24.778  -48.439  -15.085 0.3000000119
19358  21.050  -47.353  -16.775 0.3000000119
19361  18.924  -48.422  -15.997 0.3000000119
19370  22.300  -48.022  -17.388 0.3000000119
19371  21.462  -48.104  -17.210 0.4000000060
19372  20.796  -48.247  -17.033 0.3000000119
20142  25.667  -46.447  -12.153 0.3000000119
20152  25.025  -47.029  -13.844 0.3000000119
20169  25.334  -46.132  -16.197 0.3000000119
20179  25.085  -46.227  -17.019 0.3000000119
20180  22.213  -46.198  -16.760 0.3000000119
20182  20.568  -46.664  -16.310 0.3000000119
20190  24.359  -46.722  -17.159 0.3000000119
20191  23.658  -46.918  -17.287 0.3000000119
20993  25.831  -45.976  -12.890 0.3000000119
21015  26.241  -45.133  -16.195 0.3000000119
21026  22.360  -45.209  -16.715 0.3000000119
21033  25.406  -45.421  -17.485 0.3000000119
21861  27.148  -44.925  -11.753 0.3000000119
21918  21.585  -44.644  -16.383 0.3000000119
21924  25.125  -44.840  -17.830 0.3000000119
22786  26.994  -44.051  -16.711 0.3000000119
22796  26.746  -43.544  -17.379 0.3000000119
22797  26.071  -43.776  -17.874 0.3000000119
22799  24.104  -43.560  -17.755 0.3000000119
23645  25.454  -43.039  -17.939 0.3000000119
102784  22.874  -61.469  -12.847 0.6000000238
103844  22.699  -67.539  -16.988 0.5000000000
104461  24.685  -47.516  -16.555 0.3000000119
104557  21.707  -62.543  -18.992 0.5000000000
104627  23.073  -61.499  -13.869 0.5000000000
104833  20.665  -61.866  -13.770 0.5000000000
105473  25.320  -67.637  -14.028 0.6000000238
105846  20.743  -49.448  -16.530 0.4000000060
105847  27.752  -76.147  -15.227 0.5000000000
106137  24.348  -47.618  -17.067 0.3000000119
106631  25.298  -73.238  -12.873 0.6000000238
106719  33.338  -75.319  -3.846 0.3000000119
107054  30.347  -73.792  -14.982 0.3000000119
107391  22.629  -58.808  -10.142 0.4000000060
107712  21.173  -58.268  -11.199 0.5000000000
107767  25.085  -67.578  -11.950 0.5000000000
107907  22.999  -61.190  -11.788 0.6000000238
108111  21.902  -61.519  -12.715 0.6000000238
108669  22.425  -56.369  -13.491 0.4000000060
109082  23.325  -61.435  -14.694 0.6000000238
109442  25.486  -68.670  -10.804 0.6000000238
109796  23.330  -42.913  -17.436 0.3000000119
110180  14.145  -63.339  -19.226 0.5000000000
110336  24.258  -56.805  -9.620 0.4000000060
110554  34.435  -70.447  3.231 0.3000000119
111301  25.270  -74.099  -15.396 0.6000000238
111336  20.805  -57.698  -14.235 0.5000000000
111474  24.776  -64.447  -21.034 0.6000000238
111580  27.539  -68.201  -19.856 0.6999999881
111587  27.102  -76.330  -15.429 0.4000000060
112122  24.249  -44.573  -17.681 0.3000000119
112225  25.243  -68.962  -15.800 0.6999999881
112266  26.370  -64.328  -20.817 0.6999999881
113115  32.725  -66.089  -20.625 0.6000000238
113212  24.942  -50.421  -11.448 0.4000000060
113550  23.313  -48.017  -17.485 0.3000000119
113892  25.980  -61.678  -14.704 0.6000000238
114209  25.258  -51.315  -14.023 0.3000000119
114881  16.212  -61.116  -19.683 0.6000000238
115614  26.931  -61.681  -14.695 0.5000000000
115714  20.704  -61.040  -11.932 0.6000000238
115726  26.253  -41.957  -17.509 0.3000000119
116002  38.028  -69.500  -0.926 0.3000000119
116015  21.724  -61.369  -12.084 0.5000000000
117544  28.772  -62.337  -20.564 0.6000000238
117760  20.558  -49.398  -15.136 0.4000000060
117968  25.199  -74.032  -12.774 0.5000000000
118310  25.931  -69.991  -11.030 0.6999999881
118633  36.453  -70.787  3.014 0.3000000119
119296  29.226  -76.254  -9.877 0.4000000060
119471  31.038  -71.008  -18.722 0.5000000000
119974  34.248  -68.353  -19.674 0.4000000060
120070  25.652  -46.081  -13.625 0.3000000119
120302  13.857  -62.829  -18.868 0.5000000000
120784  33.248  -74.245  -6.777 0.4000000060
120899  35.723  -70.688  3.927 0.3000000119
121414  30.752  -70.283  -20.422 0.6000000238
121511  27.565  -64.867  -20.701 0.6999999881
121659  25.432  -70.855  -19.542 0.8000000119
122057  16.090  -59.819  -14.840 0.6000000238
122251  18.742  -61.144  -19.856 0.6000000238
122272  24.963  -73.114  -14.315 0.6000000238
122323  26.654  -66.579  -18.361 0.6000000238
122646  30.286  -73.902  -14.840 0.3000000119
122758  25.469  -65.380  -15.218 0.5000000000
122887  22.123  -68.639  -20.614 0.4000000060
123029  25.440  -72.238  -7.497 0.5000000000
123193  22.007  -67.154  -15.025 0.5000000000
123539  37.228  -70.555  1.712 0.3000000119
123810  22.645  -58.600  -18.314 0.5000000000
123852  22.684  -66.231  -15.155 0.4000000060
