#!ascii label  , from subject sub-v1s23x0050608_ses-1 vox2ras=TkReg
1508
25138  31.303  -58.530  -17.164 0.6000000238
142045  31.127  -57.303  -16.202 0.5000000000
27022  33.027  -56.095  -18.941 0.6999999881
26074  33.060  -56.924  -19.047 0.6000000238
27025  33.471  -56.428  -19.513 0.6000000238
27983  33.919  -56.049  -20.022 0.6000000238
26064  32.138  -57.194  -17.743 0.6999999881
27023  32.607  -56.643  -18.387 0.6000000238
26075  32.631  -57.620  -18.571 0.5000000000
26078  33.113  -57.583  -19.249 0.5000000000
137235  33.490  -57.957  -19.771 0.5000000000
154071  33.849  -56.744  -19.999 0.6000000238
151037  34.378  -56.649  -20.500 0.6000000238
27014  31.663  -56.789  -16.955 0.5000000000
26065  31.528  -57.664  -17.074 0.5000000000
25150  32.018  -58.110  -17.826 0.6000000238
27028  35.259  -56.608  -21.197 0.6000000238
25114  30.644  -58.715  -14.814 0.5000000000
25113  31.178  -58.894  -14.352 0.5000000000
30016  34.807  -53.912  -20.406 0.6000000238
28948  32.637  -54.877  -18.170 0.6000000238
27968  33.048  -55.227  -18.849 0.6999999881
28952  34.120  -54.273  -19.941 0.6000000238
27974  33.993  -55.192  -20.018 0.6000000238
28958  34.636  -54.806  -20.520 0.6000000238
27956  32.260  -55.435  -17.563 0.6000000238
27969  32.600  -55.750  -18.291 0.6999999881
27981  35.269  -55.394  -21.108 0.6000000238
27005  31.823  -55.940  -16.890 0.5000000000
27988  36.139  -56.040  -21.705 0.6000000238
155132  30.765  -57.776  -15.605 0.5000000000
26047  30.670  -57.881  -14.872 0.5000000000
27032  37.106  -56.763  -22.421 0.6000000238
27036  38.616  -56.792  -23.704 0.6999999881
27037  38.034  -57.457  -23.264 0.6000000238
27042  38.941  -57.034  -24.575 0.6999999881
26094  38.316  -57.839  -24.589 0.6000000238
26101  37.130  -57.919  -24.970 0.6000000238
26100  37.854  -58.294  -24.823 0.6000000238
137987  32.177  -55.331  -22.188 0.5000000000
30025  30.903  -53.853  -21.333 0.6999999881
28971  32.018  -54.676  -21.997 0.6000000238
134772  30.532  -53.026  -21.215 0.8000000119
28965  30.861  -54.789  -21.204 0.6999999881
151694  35.075  -53.249  -20.282 0.6000000238
30015  35.531  -53.591  -20.756 0.6999999881
28947  33.149  -54.336  -18.695 0.6999999881
30008  33.700  -53.827  -19.250 0.6999999881
30007  34.414  -53.332  -19.759 0.6000000238
28957  35.350  -54.413  -20.975 0.6999999881
30024  36.162  -54.024  -21.284 0.6999999881
147959  32.808  -54.075  -17.936 0.6000000238
30002  33.386  -53.407  -18.399 0.6000000238
28962  36.956  -54.463  -21.810 0.8000000119
28923  32.209  -54.448  -16.528 0.5000000000
28934  32.401  -54.642  -17.383 0.5000000000
28963  36.087  -54.942  -21.527 0.6000000238
28924  31.710  -54.979  -15.938 0.5000000000
27948  31.993  -55.169  -16.787 0.5000000000
28968  37.942  -54.701  -22.439 0.8000000119
27987  37.175  -55.544  -22.195 0.6000000238
130379  30.766  -57.114  -14.202 0.5000000000
27991  38.517  -55.631  -23.166 0.8000000119
28972  39.214  -55.189  -24.007 0.8000000119
27992  37.908  -56.449  -22.857 0.6999999881
28000  38.993  -55.889  -25.299 0.6999999881
27996  39.354  -55.281  -24.834 0.6999999881
134159  35.989  -55.300  -24.777 0.6999999881
137065  37.271  -55.350  -25.352 0.6999999881
27046  38.864  -56.941  -25.163 0.6999999881
28002  36.861  -56.559  -25.137 0.6000000238
27047  38.032  -57.476  -25.175 0.6000000238
28974  33.844  -54.746  -23.513 0.6999999881
27044  34.821  -56.391  -24.115 0.6999999881
28003  35.601  -56.092  -24.543 0.6000000238
28970  32.627  -54.906  -22.482 0.6999999881
27993  33.225  -55.271  -23.019 0.6000000238
147950  31.752  -53.878  -21.837 0.8000000119
137399  32.499  -54.060  -22.361 0.8000000119
27994  32.635  -55.712  -22.623 0.6000000238
31035  31.362  -53.033  -21.681 0.8999999762
145744  29.851  -53.211  -20.644 0.6999999881
155001  30.134  -54.182  -20.822 0.6999999881
143812  35.719  -52.896  -20.457 0.6000000238
30014  36.354  -53.248  -21.021 0.6999999881
31024  37.488  -52.283  -21.092 0.6999999881
31017  35.102  -52.669  -19.893 0.6000000238
31025  37.392  -52.924  -21.369 0.6000000238
31998  34.582  -51.837  -18.580 0.4000000060
30001  33.928  -53.097  -19.064 0.6000000238
32007  35.222  -52.003  -19.409 0.6000000238
30023  37.117  -53.663  -21.553 0.6999999881
31009  33.934  -52.579  -18.484 0.6000000238
30982  33.353  -52.481  -16.518 0.4000000060
29990  33.006  -53.223  -16.821 0.5000000000
150640  33.074  -53.462  -17.567 0.6000000238
30032  37.727  -54.025  -22.064 0.8000000119
28916  31.900  -54.245  -15.622 0.5000000000
134637  38.475  -54.018  -22.656 0.8000000119
28917  31.408  -54.862  -14.946 0.4000000060
28966  39.244  -54.334  -24.274 0.8000000119
26999  30.859  -56.255  -13.963 0.5000000000
28976  37.876  -54.500  -25.363 0.8000000119
30048  36.009  -53.346  -24.392 0.8000000119
28975  38.843  -54.831  -25.247 0.8000000119
28973  34.517  -54.060  -23.961 0.8000000119
28977  36.412  -54.292  -24.907 0.6999999881
30043  34.062  -53.183  -23.457 0.8999999762
30033  33.731  -53.931  -23.342 0.8999999762
28978  35.341  -54.493  -24.472 0.6999999881
30034  33.152  -53.374  -22.833 0.8999999762
27998  34.775  -55.218  -24.165 0.6999999881
28969  33.175  -54.377  -22.903 0.6000000238
30035  32.257  -53.136  -22.204 0.8999999762
32009  29.594  -52.118  -19.848 0.8000000119
136754  29.481  -52.717  -19.168 0.8000000119
31028  29.716  -52.413  -20.468 0.8000000119
31019  29.429  -52.880  -19.995 0.8000000119
153294  30.259  -51.875  -21.244 0.8000000119
31027  30.111  -52.364  -21.008 0.6999999881
135703  36.577  -52.555  -20.693 0.6999999881
31026  35.898  -52.234  -20.056 0.6000000238
32013  36.865  -51.813  -20.335 0.5000000000
31034  38.669  -52.464  -22.085 0.6999999881
31997  35.373  -51.299  -18.981 0.4000000060
32006  36.005  -51.571  -19.628 0.6000000238
30031  38.376  -53.335  -22.274 0.6999999881
30993  33.983  -52.072  -17.907 0.5000000000
31971  34.147  -50.986  -16.748 0.5000000000
30994  33.520  -52.737  -17.538 0.6000000238
30973  33.104  -52.236  -15.573 0.4000000060
31972  33.625  -51.670  -16.140 0.4000000060
31052  39.088  -52.745  -24.334 0.8000000119
30039  39.323  -53.545  -24.370 0.8000000119
30974  32.540  -52.766  -14.987 0.4000000060
30046  38.597  -53.894  -25.071 0.8000000119
30040  39.131  -53.379  -24.543 0.8000000119
28967  38.878  -54.542  -23.352 0.8000000119
28910  31.636  -54.084  -14.613 0.3000000119
30041  35.295  -52.833  -23.883 0.8000000119
31054  36.227  -52.610  -23.902 0.8000000119
30047  37.383  -53.669  -24.904 0.8000000119
31055  34.649  -52.765  -23.613 0.8000000119
132271  33.469  -52.059  -22.884 0.8999999762
31044  32.779  -52.352  -22.613 0.8999999762
153364  32.367  -51.810  -22.419 0.8999999762
31045  31.839  -52.164  -22.111 0.8999999762
32008  29.860  -51.308  -19.601 0.8000000119
31999  30.281  -51.185  -18.503 0.8000000119
31036  30.817  -52.179  -21.546 0.8999999762
32014  29.878  -51.570  -20.710 0.8000000119
32021  30.482  -51.424  -21.496 0.8000000119
32019  38.173  -51.691  -21.287 0.6000000238
32970  39.350  -51.470  -22.202 0.6000000238
32963  37.365  -51.077  -20.290 0.6000000238
32946  35.618  -50.584  -18.591 0.4000000060
32956  36.127  -50.922  -19.240 0.4000000060
32005  36.623  -51.204  -19.778 0.5000000000
32947  34.926  -51.020  -18.207 0.4000000060
31042  39.400  -52.718  -23.449 0.6999999881
148747  34.579  -50.743  -17.520 0.5000000000
32934  35.116  -50.164  -17.807 0.4000000060
32035  39.712  -52.400  -24.199 0.6999999881
32935  34.532  -50.101  -17.005 0.5000000000
32036  38.818  -52.251  -24.166 0.8000000119
31051  39.459  -52.902  -24.183 0.8000000119
146337  35.921  -52.046  -23.388 0.8000000119
31053  37.782  -52.635  -24.210 0.8000000119
148433  34.028  -51.678  -22.857 0.8000000119
32986  33.419  -50.889  -22.361 0.8999999762
31056  34.113  -52.385  -23.247 0.8999999762
32030  32.847  -51.421  -22.503 0.8999999762
32031  32.005  -51.355  -22.275 0.8999999762
32020  31.239  -51.410  -21.946 1.0000000000
32957  30.370  -50.534  -19.203 0.8000000119
154672  30.804  -50.862  -21.857 1.0000000000
32964  29.986  -50.646  -20.276 0.8000000119
32974  30.816  -50.289  -21.861 1.0000000000
32975  30.247  -50.653  -21.303 0.8000000119
142065  30.191  -50.063  -20.771 0.8000000119
32969  39.992  -51.417  -23.323 0.6000000238
32025  39.842  -51.727  -23.489 0.6999999881
32945  36.344  -50.237  -18.937 0.4000000060
33920  36.959  -49.991  -19.312 0.4000000060
32955  36.831  -50.623  -19.564 0.4000000060
131127  35.851  -49.803  -18.321 0.4000000060
31033  39.562  -52.209  -23.464 0.6999999881
33897  34.892  -49.484  -17.234 0.5000000000
34759  36.452  -48.489  -18.093 0.4000000060
32037  37.183  -52.167  -23.648 0.8000000119
32027  38.096  -51.757  -23.762 0.8000000119
32029  35.199  -51.630  -22.937 0.8000000119
32985  34.534  -51.091  -22.267 0.8000000119
32038  34.997  -52.258  -23.429 0.8000000119
155516  32.210  -50.936  -22.276 0.8999999762
32987  32.463  -50.485  -22.233 0.8999999762
32988  31.534  -50.553  -22.180 1.0000000000
33937  31.100  -49.580  -22.142 1.0000000000
144708  30.208  -49.915  -19.934 0.8000000119
33921  30.767  -49.746  -18.968 0.8000000119
33938  30.588  -49.070  -21.739 1.0000000000
33927  30.286  -49.345  -20.707 0.8000000119
137215  30.477  -49.834  -21.529 0.8000000119
148157  38.495  -50.321  -20.761 0.6000000238
32962  38.351  -50.932  -21.000 0.6000000238
32981  40.038  -51.628  -24.231 0.6999999881
33919  37.434  -49.427  -19.402 0.4000000060
32954  37.643  -50.287  -20.008 0.5000000000
32026  39.565  -52.029  -24.095 0.8000000119
32982  38.844  -51.410  -23.993 0.8000000119
33914  36.615  -49.368  -18.707 0.4000000060
35661  36.820  -47.675  -17.949 0.4000000060
33913  37.253  -48.453  -18.773 0.4000000060
32028  36.498  -51.644  -23.047 0.8000000119
153170  33.152  -50.227  -21.962 0.8999999762
33935  33.434  -49.591  -21.598 0.8000000119
33947  31.868  -49.683  -22.259 1.0000000000
34794  32.238  -48.983  -22.249 1.0000000000
34795  31.617  -48.999  -22.337 1.0000000000
34787  30.637  -48.275  -21.809 1.0000000000
137435  30.317  -48.657  -20.078 0.8999999762
34761  30.919  -48.799  -18.952 0.8999999762
137552  30.370  -48.646  -21.036 1.0000000000
34774  30.315  -47.931  -20.708 1.0000000000
34765  30.553  -47.994  -19.530 1.0000000000
36594  30.707  -46.943  -22.188 1.0000000000
37542  30.920  -46.308  -22.692 1.0000000000
37543  30.329  -46.122  -21.485 1.0000000000
129908  31.490  -45.031  -22.842 1.0000000000
37553  30.705  -45.573  -22.332 1.0000000000
135427  40.045  -50.839  -23.030 0.6999999881
33944  40.018  -51.015  -24.354 0.6999999881
33925  39.139  -49.975  -21.125 0.6000000238
32961  39.358  -50.887  -21.823 0.6000000238
131283  39.966  -51.308  -23.977 0.6999999881
136927  37.996  -48.818  -19.602 0.5000000000
33945  39.220  -51.076  -24.119 0.8000000119
35666  37.988  -47.912  -19.222 0.4000000060
32983  37.102  -51.161  -22.921 0.8000000119
32971  36.188  -50.530  -22.035 0.8000000119
32972  35.075  -50.536  -21.686 0.8000000119
32984  35.761  -51.139  -22.299 0.8000000119
32973  33.993  -50.388  -21.766 0.6999999881
33936  32.831  -49.074  -21.908 0.8999999762
34785  33.344  -48.808  -21.519 1.0000000000
34793  32.743  -48.401  -22.240 1.0000000000
35698  31.935  -48.275  -22.723 1.0000000000
35696  33.068  -47.766  -22.470 1.0000000000
36600  33.071  -47.261  -23.085 1.0000000000
135294  32.208  -47.483  -23.326 1.0000000000
36601  32.768  -46.517  -23.403 1.0000000000
36602  31.569  -46.885  -23.208 1.0000000000
35670  30.181  -47.384  -19.988 1.0000000000
35669  30.828  -47.226  -19.237 1.0000000000
37552  31.687  -46.001  -23.248 1.0000000000
35679  30.159  -46.988  -20.884 1.0000000000
36587  30.061  -46.260  -20.556 1.0000000000
129810  30.094  -45.138  -21.292 1.0000000000
129187  30.984  -44.092  -22.447 1.0000000000
129185  30.524  -44.840  -22.111 1.0000000000
34780  39.757  -49.811  -21.720 0.5000000000
150038  38.582  -49.130  -20.286 0.5000000000
34769  39.152  -48.992  -20.790 0.5000000000
33932  37.582  -49.933  -22.840 0.8000000119
141755  37.494  -50.607  -22.930 0.8000000119
137406  36.405  -49.734  -21.762 0.6999999881
33933  35.313  -49.339  -21.069 0.8000000119
144528  35.477  -49.970  -21.463 0.8000000119
34784  33.863  -49.099  -21.136 0.6999999881
33934  34.470  -49.705  -21.287 0.6999999881
34773  33.734  -48.469  -20.823 0.8999999762
35678  33.588  -47.674  -20.490 0.8000000119
36575  33.510  -46.991  -19.895 0.8000000119
37524  33.506  -45.607  -19.691 0.8000000119
35686  33.306  -48.070  -21.463 0.8999999762
36586  33.370  -47.120  -20.741 0.8000000119
131239  33.461  -46.384  -20.187 0.8000000119
36593  33.411  -47.278  -22.068 1.0000000000
154483  33.383  -47.582  -21.073 0.8999999762
37533  33.504  -45.799  -20.559 0.8999999762
139819  33.674  -46.341  -21.655 0.8999999762
144664  33.663  -46.461  -22.946 1.0000000000
37551  32.738  -45.418  -23.407 1.0000000000
129690  32.417  -44.370  -23.130 1.0000000000
129644  29.761  -44.454  -20.940 1.0000000000
129754  33.614  -44.752  -23.309 1.0000000000
129587  30.033  -44.297  -21.523 1.0000000000
129179  33.309  -43.602  -23.034 1.0000000000
129191  32.025  -43.375  -22.900 1.0000000000
136889  30.876  -43.095  -22.452 1.0000000000
33943  40.436  -50.851  -23.785 0.6999999881
34791  39.151  -50.316  -24.471 0.6999999881
34792  38.661  -50.328  -23.919 0.6999999881
34779  40.303  -50.070  -22.605 0.6000000238
34768  39.792  -48.936  -21.463 0.5000000000
34782  36.761  -48.958  -21.716 0.6999999881
34783  36.001  -48.989  -21.149 0.6999999881
34772  34.420  -48.871  -20.819 0.6999999881
36574  34.074  -46.887  -19.552 0.8000000119
37510  34.337  -45.341  -18.856 0.8000000119
37523  33.726  -46.124  -19.410 0.8000000119
37511  33.617  -45.227  -18.990 0.8000000119
147391  33.517  -44.971  -19.347 0.8000000119
156645  33.912  -45.496  -21.488 1.0000000000
147091  33.604  -45.032  -20.347 0.8999999762
147097  33.508  -44.339  -19.497 0.8000000119
129181  34.266  -44.648  -21.888 1.0000000000
129531  33.514  -43.458  -19.670 0.8000000119
37541  34.144  -45.453  -22.694 1.0000000000
37550  33.691  -45.612  -23.254 1.0000000000
129639  34.067  -44.286  -22.983 1.0000000000
129481  29.539  -43.642  -20.993 1.0000000000
129176  30.179  -44.116  -20.307 1.0000000000
136885  33.450  -42.537  -22.771 1.0000000000
129193  32.904  -41.973  -23.038 1.0000000000
147181  31.831  -42.376  -22.912 1.0000000000
146656  30.038  -43.521  -21.747 1.0000000000
129569  32.324  -41.481  -23.253 1.0000000000
33952  40.181  -50.767  -24.550 0.6999999881
148449  38.114  -49.329  -23.635 0.6000000238
34781  37.451  -48.875  -22.587 0.6000000238
35685  36.803  -48.223  -21.539 0.6999999881
34770  36.185  -48.373  -20.951 0.6999999881
35676  35.462  -47.957  -20.301 0.6999999881
34771  35.250  -48.644  -20.631 0.6999999881
37522  34.654  -46.171  -19.278 0.8000000119
35677  34.285  -48.104  -20.278 0.6999999881
38403  33.938  -44.547  -18.596 0.8000000119
129177  33.689  -43.773  -18.501 0.8000000119
147280  33.182  -42.925  -18.955 0.8000000119
129508  33.884  -44.037  -20.640 0.8000000119
130251  34.302  -44.124  -22.508 1.0000000000
147297  33.986  -43.024  -20.819 1.0000000000
147090  33.447  -42.527  -19.857 0.6999999881
129782  34.098  -42.632  -21.820 1.0000000000
129186  33.809  -42.071  -20.990 0.8999999762
129790  33.716  -42.203  -22.411 1.0000000000
151555  33.575  -41.450  -22.590 1.0000000000
129709  29.859  -43.145  -20.388 1.0000000000
129614  33.421  -41.632  -22.850 1.0000000000
129823  33.098  -41.195  -23.254 1.0000000000
129171  30.649  -42.301  -22.413 1.0000000000
129469  29.575  -43.043  -21.273 1.0000000000
147120  29.440  -42.756  -20.922 1.0000000000
129184  31.322  -41.585  -22.972 1.0000000000
35684  37.001  -47.659  -21.825 0.6000000238
35675  36.494  -47.579  -20.807 0.6999999881
36585  35.706  -47.323  -20.068 0.6999999881
35667  34.658  -47.466  -19.837 0.6999999881
36573  35.219  -46.813  -19.624 0.8000000119
38402  34.815  -44.461  -18.387 0.6999999881
147256  33.354  -43.061  -18.414 0.6999999881
129189  33.171  -41.596  -19.967 0.8000000119
129774  32.909  -42.122  -18.990 0.6999999881
129188  33.858  -41.719  -21.995 1.0000000000
129190  33.387  -40.355  -21.918 1.0000000000
148371  29.500  -41.754  -20.882 1.0000000000
129752  33.406  -40.842  -23.010 1.0000000000
129538  30.354  -41.553  -22.336 1.0000000000
129196  31.901  -40.900  -23.479 1.0000000000
35694  38.273  -48.941  -24.131 0.6000000238
35695  37.491  -47.991  -22.960 0.6000000238
36592  37.097  -46.833  -22.008 0.6000000238
35674  36.888  -46.948  -21.179 0.6000000238
36584  36.400  -46.681  -20.293 0.6000000238
36572  35.793  -46.096  -19.592 0.6999999881
38419  35.504  -45.005  -18.761 0.6999999881
39332  34.319  -43.787  -18.143 0.6999999881
40271  34.330  -42.349  -17.533 0.6999999881
40272  33.617  -42.286  -17.716 0.6999999881
129884  32.911  -41.758  -18.266 0.6999999881
46259  37.272  -35.558  -20.173 0.3000000119
129714  32.642  -41.199  -18.974 0.6999999881
147247  32.752  -40.742  -18.243 0.6999999881
47268  37.504  -35.005  -20.157 0.3000000119
147221  32.843  -40.662  -19.988 0.8000000119
144794  30.323  -42.770  -17.497 0.8999999762
129751  33.467  -41.049  -21.205 1.0000000000
129636  31.068  -42.367  -18.379 1.0000000000
147164  29.939  -42.230  -20.286 1.0000000000
147306  31.113  -42.144  -18.899 1.0000000000
42835  33.395  -40.213  -22.773 1.0000000000
42065  32.619  -40.206  -23.546 1.0000000000
147182  32.667  -40.858  -23.450 1.0000000000
147050  29.765  -42.261  -21.584 1.0000000000
42066  31.551  -40.196  -23.573 1.0000000000
149283  37.652  -47.795  -23.842 0.6000000238
36599  37.418  -46.841  -22.974 0.6000000238
37540  37.304  -45.852  -22.037 0.6000000238
37531  37.163  -45.343  -20.970 0.6999999881
37532  36.683  -45.775  -20.221 0.6999999881
36583  36.974  -46.204  -21.128 0.6000000238
37521  36.195  -45.379  -19.413 0.6999999881
40306  38.147  -42.474  -22.326 0.3000000119
40299  38.005  -42.690  -21.527 0.3000000119
39331  35.334  -43.698  -18.012 0.6999999881
39320  34.795  -43.061  -17.730 0.6999999881
44456  37.101  -37.015  -20.575 0.3000000119
45287  36.910  -36.033  -20.021 0.4000000060
134491  37.201  -34.894  -19.840 0.4000000060
39324  29.474  -43.082  -17.159 0.6999999881
40275  28.758  -42.365  -17.444 0.6999999881
52193  38.555  -29.579  -20.378 0.3000000119
48284  37.587  -34.337  -20.198 0.3000000119
129643  32.527  -40.099  -18.992 0.6999999881
40273  30.662  -42.211  -17.882 0.8999999762
152709  38.309  -30.935  -20.323 0.3000000119
48276  37.512  -33.875  -20.093 0.3000000119
129596  32.645  -39.889  -19.948 0.8000000119
129879  30.814  -41.718  -18.335 0.8999999762
50131  38.155  -31.681  -20.379 0.3000000119
129591  33.039  -40.098  -20.923 0.8000000119
129840  33.069  -39.508  -21.966 1.0000000000
129887  30.091  -41.442  -20.172 1.0000000000
42842  33.099  -39.482  -23.097 1.0000000000
129720  29.672  -41.465  -21.593 1.0000000000
129656  29.398  -40.910  -21.171 1.0000000000
147134  30.876  -40.893  -23.086 1.0000000000
129785  30.430  -40.121  -23.131 1.0000000000
42851  31.166  -39.462  -23.668 1.0000000000
38425  37.307  -44.476  -20.787 0.6999999881
38426  36.915  -44.930  -20.048 0.6999999881
39358  37.824  -43.441  -22.171 0.3000000119
38418  36.518  -44.603  -19.146 0.6999999881
38401  35.922  -44.231  -18.427 0.6999999881
40292  37.960  -42.493  -20.683 0.4000000060
41221  38.154  -41.620  -20.251 0.3000000119
40270  35.327  -42.305  -17.449 0.6999999881
41196  34.809  -41.651  -17.294 0.6999999881
41197  33.853  -41.623  -17.471 0.6999999881
148479  37.600  -39.275  -19.162 0.4000000060
43606  37.204  -38.929  -18.569 0.6000000238
43621  36.931  -38.070  -18.541 0.5000000000
129183  33.134  -41.203  -17.744 0.6999999881
43620  37.425  -38.460  -19.473 0.3000000119
129867  33.108  -40.299  -17.700 0.6999999881
51140  36.645  -30.334  -19.312 0.4000000060
45276  36.862  -36.546  -19.161 0.4000000060
41200  28.198  -41.732  -17.700 0.6999999881
51139  37.378  -30.060  -19.563 0.4000000060
131094  36.949  -35.555  -19.059 0.4000000060
39325  28.246  -43.204  -17.399 0.6000000238
51154  38.098  -30.230  -20.000 0.3000000119
50115  37.660  -30.899  -19.728 0.3000000119
47253  37.278  -34.152  -19.732 0.4000000060
146426  37.082  -34.611  -19.128 0.4000000060
42818  32.419  -39.386  -19.469 0.6999999881
43609  32.542  -39.064  -18.752 0.6999999881
40274  29.834  -42.212  -17.541 0.6999999881
49235  36.936  -32.011  -19.255 0.4000000060
48264  37.206  -33.385  -19.477 0.4000000060
46236  36.507  -35.022  -18.369 0.4000000060
155300  32.300  -38.838  -19.552 0.8000000119
49250  37.531  -32.861  -19.795 0.3000000119
131273  36.978  -33.800  -19.056 0.4000000060
147222  32.466  -39.230  -20.464 0.8000000119
129741  30.776  -41.595  -19.380 1.0000000000
43633  32.553  -38.553  -21.334 0.8999999762
43641  32.807  -38.690  -22.546 1.0000000000
43657  31.857  -38.725  -23.928 1.0000000000
42850  32.240  -39.423  -23.709 1.0000000000
43650  32.628  -38.743  -23.414 1.0000000000
42061  29.541  -39.816  -22.388 1.0000000000
147820  30.877  -38.843  -23.786 1.0000000000
42852  29.978  -39.263  -23.254 1.0000000000
38433  37.398  -44.873  -21.679 0.6000000238
39359  37.549  -44.027  -21.477 0.6000000238
38417  37.160  -43.970  -19.878 0.6999999881
151422  37.464  -43.763  -20.715 0.6000000238
39344  36.803  -43.757  -18.841 0.6999999881
40300  37.735  -43.255  -21.134 0.5000000000
39330  36.327  -43.445  -18.127 0.6999999881
40290  37.700  -42.372  -19.633 0.6000000238
153002  36.586  -42.772  -17.908 0.6999999881
41217  37.830  -41.448  -19.248 0.6000000238
40269  36.292  -42.216  -17.603 0.6999999881
42047  37.764  -40.625  -18.879 0.6000000238
41195  35.817  -41.437  -17.319 0.6999999881
134728  35.098  -41.024  -17.179 0.6999999881
42805  37.463  -39.844  -18.520 0.5000000000
43607  36.750  -38.563  -17.892 0.6000000238
43598  36.268  -39.072  -17.449 0.6000000238
42033  33.777  -40.728  -17.385 0.6000000238
156813  35.486  -31.152  -19.083 0.4000000060
44439  36.989  -37.495  -19.293 0.4000000060
44430  36.668  -37.127  -18.283 0.4000000060
147967  36.613  -37.838  -17.893 0.5000000000
43599  35.476  -39.017  -17.187 0.6000000238
42801  33.898  -39.757  -17.314 0.6999999881
42802  33.180  -39.545  -17.686 0.6999999881
50116  36.838  -31.186  -19.268 0.4000000060
50104  36.073  -31.451  -19.033 0.5000000000
130735  36.543  -36.047  -18.195 0.4000000060
43601  33.013  -38.968  -17.987 0.6999999881
41205  29.666  -40.725  -17.903 0.8999999762
41199  29.255  -41.551  -17.630 0.6999999881
50132  37.602  -31.860  -19.784 0.4000000060
47243  36.333  -34.003  -18.453 0.4000000060
43622  32.381  -38.309  -20.160 0.6999999881
136412  32.602  -38.193  -19.194 0.6999999881
146674  36.928  -32.680  -19.211 0.4000000060
129769  30.910  -40.823  -18.976 0.8999999762
147265  30.215  -40.218  -19.899 0.8999999762
129197  29.846  -40.743  -22.223 1.0000000000
129668  29.594  -40.190  -20.572 1.0000000000
44462  32.457  -37.936  -22.893 1.0000000000
147282  29.305  -40.119  -21.439 1.0000000000
43656  32.398  -38.668  -23.778 1.0000000000
147272  29.529  -39.418  -20.673 1.0000000000
44467  32.075  -37.995  -24.162 1.0000000000
46275  31.381  -35.429  -24.087 0.8999999762
145593  31.769  -36.062  -24.060 1.0000000000
44468  31.641  -37.491  -24.361 1.0000000000
154373  29.450  -38.742  -23.096 1.0000000000
43651  29.056  -38.958  -22.446 1.0000000000
44473  31.076  -36.956  -24.384 1.0000000000
44469  29.668  -37.575  -23.569 1.0000000000
44463  29.037  -38.149  -22.887 0.8999999762
45309  30.416  -36.410  -24.065 1.0000000000
45306  29.544  -36.770  -23.590 0.8999999762
39350  37.593  -43.169  -20.226 0.6000000238
151238  37.326  -43.142  -19.332 0.6999999881
39329  37.065  -42.892  -18.498 0.6999999881
153604  37.417  -42.638  -19.027 0.6999999881
40280  37.042  -42.181  -18.014 0.6999999881
40279  37.483  -42.150  -18.729 0.6000000238
41203  37.464  -41.340  -18.282 0.6000000238
41193  37.130  -40.868  -17.819 0.6999999881
42030  36.507  -40.733  -17.468 0.6000000238
138769  35.495  -39.798  -17.168 0.6000000238
42800  34.810  -39.566  -17.139 0.6000000238
51141  35.522  -29.911  -19.333 0.3000000119
42037  37.417  -40.582  -18.229 0.6000000238
42038  37.023  -40.212  -17.825 0.6000000238
141773  34.522  -38.926  -17.204 0.6000000238
153459  35.197  -30.387  -19.293 0.4000000060
134307  36.093  -38.207  -17.413 0.6000000238
139578  35.155  -38.192  -17.187 0.6000000238
136893  35.640  -37.591  -17.328 0.5000000000
134630  33.670  -38.918  -17.484 0.6000000238
45262  35.923  -36.201  -17.545 0.4000000060
43600  33.566  -38.176  -17.748 0.6000000238
50105  35.187  -31.648  -18.961 0.5000000000
47235  35.638  -34.644  -17.961 0.4000000060
46237  35.946  -35.459  -17.748 0.4000000060
43608  33.054  -38.181  -18.409 0.6000000238
140478  35.364  -32.543  -18.692 0.5000000000
48254  36.422  -33.090  -18.835 0.4000000060
44431  32.884  -37.364  -18.786 0.6000000238
48255  35.575  -33.285  -18.479 0.4000000060
48244  35.082  -33.862  -18.209 0.4000000060
156094  30.380  -40.644  -18.295 0.8999999762
44449  32.417  -37.664  -20.713 0.8999999762
151662  30.483  -39.617  -18.851 0.8999999762
129607  30.544  -40.013  -19.220 0.8999999762
43623  29.903  -38.702  -20.028 0.8999999762
129721  30.172  -39.535  -19.895 0.8999999762
142297  32.307  -37.206  -23.039 1.0000000000
155205  32.036  -37.367  -24.267 1.0000000000
42836  29.068  -39.376  -21.564 1.0000000000
46277  29.581  -35.832  -23.656 1.0000000000
44470  28.764  -37.164  -22.904 0.8999999762
47280  29.961  -34.900  -23.936 1.0000000000
46278  29.108  -35.130  -23.578 0.8999999762
53039  36.838  -27.941  -19.564 0.3000000119
137691  36.148  -28.545  -19.510 0.3000000119
51142  34.647  -30.175  -19.517 0.3000000119
150487  34.276  -38.175  -17.347 0.6000000238
51129  34.876  -30.855  -19.263 0.5000000000
44426  34.856  -37.370  -17.274 0.5000000000
46231  35.276  -35.855  -17.495 0.5000000000
45264  34.212  -36.829  -17.515 0.5000000000
154037  34.037  -37.552  -17.517 0.5000000000
49226  34.353  -32.150  -18.955 0.5000000000
46238  34.890  -35.276  -17.652 0.5000000000
45268  33.690  -36.392  -17.822 0.5000000000
47236  34.397  -34.570  -17.967 0.5000000000
48256  34.404  -33.052  -18.607 0.5000000000
44440  32.515  -37.516  -19.693 0.6999999881
47244  33.088  -34.151  -18.652 0.5000000000
47237  33.476  -34.594  -18.320 0.5000000000
132445  32.410  -36.994  -20.175 0.6000000238
132759  32.367  -36.787  -21.150 0.8999999762
148296  32.348  -37.253  -22.255 0.8999999762
143847  32.437  -37.837  -21.824 0.8999999762
46274  31.664  -35.314  -23.673 0.8999999762
44471  32.041  -36.748  -24.069 0.8999999762
44466  32.232  -37.704  -23.817 1.0000000000
43642  28.817  -38.639  -21.450 0.8999999762
139371  29.337  -38.832  -20.812 0.8999999762
44464  28.483  -37.627  -22.307 0.8999999762
47279  30.927  -34.815  -24.144 0.8000000119
48291  30.920  -34.207  -23.847 0.6999999881
44457  28.736  -37.817  -21.264 0.8999999762
45299  28.255  -36.351  -22.583 0.8999999762
130983  28.161  -36.945  -22.174 0.8999999762
52179  35.405  -29.097  -19.545 0.3000000119
53040  35.760  -27.811  -19.661 0.4000000060
53907  35.452  -27.128  -19.850 0.3000000119
52180  34.647  -29.520  -19.706 0.3000000119
156897  34.626  -28.931  -19.880 0.4000000060
50117  33.919  -30.637  -19.794 0.4000000060
154238  33.715  -31.960  -19.274 0.5000000000
49236  33.078  -31.919  -19.697 0.4000000060
46239  33.588  -35.478  -18.022 0.5000000000
44427  33.474  -37.264  -17.976 0.5000000000
48257  33.146  -33.371  -18.921 0.5000000000
45269  33.118  -36.470  -18.380 0.5000000000
47238  32.790  -34.920  -18.779 0.5000000000
46240  32.812  -35.819  -18.752 0.5000000000
47245  32.589  -34.117  -19.213 0.5000000000
144756  32.621  -36.600  -19.329 0.5000000000
145535  32.459  -34.790  -19.625 0.5000000000
46253  32.337  -35.160  -20.435 0.6000000238
157069  32.388  -35.949  -20.526 0.6000000238
135856  32.117  -34.694  -21.366 0.6999999881
132767  32.303  -35.748  -21.341 0.6999999881
46260  32.210  -35.458  -22.255 0.8000000119
141649  32.287  -36.435  -22.381 0.8000000119
43634  29.343  -38.152  -20.582 0.8999999762
45304  32.011  -35.825  -23.675 0.8999999762
45298  32.159  -35.917  -23.032 0.8999999762
47278  31.350  -34.830  -23.647 0.6999999881
134190  28.181  -36.614  -21.626 0.8999999762
45293  27.802  -36.087  -21.969 0.8999999762
133055  29.684  -34.146  -23.990 1.0000000000
53057  34.755  -27.677  -20.231 0.4000000060
54892  35.105  -26.483  -20.065 0.3000000119
51155  33.942  -29.940  -20.075 0.4000000060
50118  33.129  -31.173  -20.112 0.4000000060
52194  34.048  -29.271  -20.292 0.4000000060
53058  34.239  -28.519  -20.481 0.4000000060
49228  32.743  -32.749  -19.602 0.4000000060
51156  33.110  -30.450  -20.603 0.4000000060
48265  32.253  -33.196  -20.288 0.4000000060
49237  32.386  -32.391  -20.349 0.4000000060
47254  32.186  -34.140  -20.178 0.5000000000
47262  31.921  -34.028  -21.865 0.6000000238
46265  32.011  -35.244  -22.967 0.8000000119
47275  31.650  -34.228  -22.700 0.6999999881
48290  31.145  -33.811  -23.421 0.6999999881
46273  28.467  -34.818  -23.305 0.8999999762
46266  27.910  -35.613  -22.440 0.8999999762
48292  29.452  -33.454  -24.054 0.8999999762
48294  28.368  -34.097  -23.424 0.8000000119
155978  28.060  -35.104  -22.854 0.8000000119
50148  29.598  -31.982  -23.915 0.6999999881
143246  28.980  -31.371  -23.665 0.8000000119
55922  34.851  -25.912  -20.335 0.3000000119
53913  34.759  -26.958  -20.386 0.3000000119
52200  33.605  -29.102  -20.953 0.3000000119
53914  34.243  -27.157  -20.959 0.4000000060
52195  33.447  -29.694  -20.746 0.4000000060
156283  33.218  -29.470  -21.139 0.5000000000
50119  32.549  -31.719  -20.443 0.5000000000
50137  32.262  -30.736  -21.305 0.5000000000
49251  31.935  -32.161  -21.139 0.5000000000
50138  31.815  -31.594  -21.652 0.5000000000
48277  31.819  -33.076  -21.619 0.5000000000
48285  31.784  -33.309  -22.162 0.6000000238
139786  31.797  -33.928  -22.483 0.6999999881
48287  31.674  -33.480  -22.597 0.6999999881
49261  31.464  -32.935  -23.110 0.6999999881
50146  31.207  -32.145  -23.377 0.6999999881
49266  30.987  -33.167  -23.753 0.6999999881
51169  31.115  -31.222  -23.152 0.6999999881
50153  30.539  -32.457  -23.947 0.8000000119
51170  30.480  -30.976  -23.466 0.6999999881
145318  35.576  -25.919  -19.807 0.3000000119
144265  35.088  -25.308  -20.108 0.3000000119
55923  34.431  -25.419  -20.906 0.4000000060
54893  34.421  -26.331  -20.849 0.3000000119
53071  33.598  -28.420  -21.270 0.4000000060
143453  32.763  -29.920  -21.238 0.4000000060
52201  32.994  -29.119  -21.498 0.3000000119
51160  32.077  -30.352  -21.633 0.6000000238
53072  32.992  -28.285  -21.836 0.3000000119
51164  32.196  -29.667  -21.746 0.5000000000
52202  32.308  -28.872  -21.973 0.4000000060
49257  31.703  -32.684  -22.003 0.6999999881
50140  31.554  -31.967  -22.367 0.6999999881
51165  31.635  -30.409  -22.111 0.6000000238
50145  31.490  -32.280  -22.792 0.6999999881
156060  31.445  -34.217  -22.911 0.6999999881
50141  31.443  -31.405  -22.622 0.6999999881
140037  31.292  -30.440  -22.636 0.6000000238
53925  33.592  -27.513  -21.587 0.3000000119
54899  33.989  -25.757  -21.524 0.3000000119
141747  33.238  -26.682  -22.041 0.3000000119
54900  33.524  -25.918  -21.998 0.3000000119
53073  32.310  -28.152  -22.249 0.5000000000
52205  31.623  -29.478  -22.316 0.6000000238
144416  31.843  -28.685  -22.383 0.6000000238
57819  35.302  -23.007  -20.311 0.4000000060
57820  34.660  -23.246  -21.134 0.3000000119
56898  34.315  -24.747  -21.280 0.3000000119
55928  34.050  -25.097  -21.553 0.3000000119
56903  33.965  -24.357  -21.875 0.3000000119
154897  33.295  -25.477  -22.234 0.3000000119
139636  33.027  -24.981  -22.424 0.4000000060
53935  32.517  -26.688  -22.347 0.4000000060
53936  32.111  -27.405  -22.439 0.5000000000
137297  31.353  -28.859  -22.767 0.6000000238
151825  29.487  -29.611  -23.133 0.6999999881
133263  28.028  -32.245  -23.384 0.8000000119
152137  35.309  -21.723  -20.650 0.4000000060
58735  34.893  -22.344  -21.007 0.3000000119
58736  34.344  -22.658  -21.816 0.3000000119
57831  33.657  -23.634  -22.352 0.3000000119
56904  33.332  -24.244  -22.416 0.4000000060
57836  33.131  -23.304  -22.967 0.4000000060
55933  32.339  -25.084  -22.617 0.4000000060
54911  32.103  -25.963  -22.530 0.4000000060
133099  31.890  -26.705  -22.532 0.5000000000
51166  30.695  -30.293  -22.897 0.6000000238
53937  31.346  -27.220  -22.685 0.4000000060
52212  30.020  -30.032  -23.284 0.6999999881
54912  31.412  -26.195  -22.670 0.4000000060
54913  30.772  -26.487  -22.849 0.4000000060
53078  30.191  -28.317  -23.043 0.6000000238
52208  29.726  -29.126  -23.062 0.6000000238
51172  28.750  -30.635  -23.462 0.6999999881
52213  29.062  -29.258  -23.266 0.6999999881
136093  35.380  -21.014  -20.794 0.3000000119
59660  34.901  -21.565  -21.344 0.3000000119
59675  34.510  -21.437  -22.124 0.3000000119
138990  34.153  -22.051  -22.406 0.3000000119
58752  33.756  -22.792  -22.558 0.3000000119
57840  32.778  -22.639  -23.753 0.3000000119
56914  32.574  -23.328  -23.449 0.3000000119
55934  31.595  -25.264  -22.726 0.4000000060
55944  31.865  -24.439  -23.030 0.3000000119
152915  32.029  -23.691  -23.614 0.3000000119
155133  31.586  -24.103  -23.473 0.3000000119
55935  30.896  -25.518  -22.870 0.3000000119
144844  31.293  -23.812  -24.089 0.4000000060
150329  30.257  -26.719  -22.888 0.5000000000
53939  29.821  -27.413  -23.056 0.5000000000
53082  29.260  -28.318  -23.133 0.5000000000
59674  34.955  -20.858  -21.725 0.3000000119
60648  35.031  -20.180  -22.321 0.3000000119
60649  34.596  -20.831  -22.492 0.3000000119
59686  34.084  -21.296  -22.979 0.3000000119
58759  33.748  -22.028  -23.024 0.3000000119
58762  32.917  -21.742  -24.269 0.3000000119
57847  32.493  -22.221  -24.414 0.3000000119
57842  31.811  -23.162  -24.317 0.3000000119
55946  30.406  -24.828  -23.194 0.4000000060
141950  30.273  -25.857  -22.951 0.5000000000
54914  29.984  -26.560  -23.142 0.5000000000
140968  28.614  -28.868  -23.262 0.5000000000
147106  35.446  -19.280  -21.966 0.3000000119
60663  34.477  -20.360  -23.253 0.3000000119
59693  33.795  -20.797  -23.807 0.3000000119
59694  33.307  -20.986  -24.407 0.3000000119
59697  32.882  -20.979  -25.088 0.3000000119
58766  32.446  -21.542  -25.142 0.3000000119
56915  30.543  -24.283  -24.028 0.4000000060
56916  30.102  -24.568  -23.971 0.4000000060
56928  29.848  -23.967  -24.599 0.4000000060
53943  29.239  -27.364  -23.084 0.5000000000
54923  29.395  -26.989  -23.092 0.4000000060
129514  35.996  -18.570  -21.369 0.3000000119
147143  34.506  -19.568  -23.830 0.3000000119
134278  34.051  -20.162  -24.122 0.3000000119
150677  33.647  -20.494  -24.450 0.3000000119
147234  32.995  -20.470  -25.829 0.3000000119
57848  32.002  -22.394  -24.851 0.3000000119
58767  32.075  -21.796  -25.710 0.3000000119
57849  31.336  -23.050  -24.944 0.3000000119
56927  30.693  -23.820  -24.833 0.4000000060
145579  30.611  -23.073  -25.246 0.3000000119
129529  35.576  -18.434  -22.104 0.3000000119
147150  35.334  -18.732  -22.825 0.3000000119
129515  35.254  -18.281  -23.384 0.3000000119
60662  35.032  -19.537  -23.011 0.3000000119
129543  34.511  -18.884  -24.372 0.3000000119
147257  34.124  -19.588  -24.617 0.3000000119
129556  34.100  -18.949  -25.268 0.3000000119
147158  33.780  -19.752  -25.328 0.3000000119
60667  33.386  -20.401  -25.143 0.3000000119
147298  33.685  -19.289  -26.007 0.3000000119
129779  32.663  -20.919  -25.713 0.3000000119
147203  35.510  -17.864  -22.742 0.3000000119
147177  34.963  -18.242  -24.047 0.3000000119
141750  35.269  -17.019  -24.170 0.3000000119
63781  34.998  -17.639  -24.344 0.3000000119
63782  34.532  -18.107  -24.897 0.3000000119
129839  33.373  -19.910  -25.955 0.3000000119
129599  33.010  -19.791  -26.395 0.3000000119
58788  32.335  -20.506  -26.451 0.3000000119
64751  35.478  -16.899  -23.314 0.3000000119
63794  34.763  -17.224  -24.934 0.3000000119
140606  35.215  -16.390  -24.867 0.4000000060
63795  34.370  -17.634  -25.705 0.3000000119
129781  33.940  -18.097  -26.230 0.3000000119
129526  33.528  -18.791  -26.546 0.3000000119
64771  34.672  -16.827  -25.724 0.4000000060
64785  35.111  -16.165  -25.791 0.4000000060
64786  34.596  -16.348  -26.362 0.4000000060
65722  35.482  -15.604  -25.322 0.3000000119
65734  35.221  -15.577  -26.317 0.4000000060
35687  31.250  -47.747  -22.669 1.0000000000
48296  30.225  -33.925  -24.107 0.6999999881
150897  30.237  -31.647  -23.797 0.8000000119
51171  29.601  -30.952  -23.605 0.8000000119
52207  30.612  -29.170  -22.940 0.6999999881
27975  33.497  -55.617  -19.456 0.6000000238
27006  31.296  -56.392  -15.936 0.5000000000
27002  30.859  -56.350  -14.694 0.5000000000
31018  34.493  -52.550  -19.224 0.5000000000
30983  32.743  -52.959  -15.949 0.4000000060
31984  33.842  -51.916  -17.094 0.5000000000
29973  32.202  -53.505  -15.314 0.4000000060
30030  39.181  -53.542  -23.615 0.6999999881
30042  34.934  -53.305  -23.988 0.8999999762
32018  39.301  -51.923  -22.477 0.6999999881
31983  34.312  -51.425  -17.703 0.5000000000
32914  34.112  -50.031  -16.127 0.5000000000
29964  32.027  -53.341  -14.346 0.4000000060
31062  37.083  -53.083  -24.389 0.8000000119
33915  35.422  -49.285  -17.688 0.4000000060
148156  30.409  -49.291  -19.695 0.8000000119
34747  36.236  -47.833  -17.530 0.4000000060
34786  31.186  -48.646  -22.295 1.0000000000
33926  38.190  -49.644  -20.156 0.5000000000
35688  30.531  -47.578  -21.694 1.0000000000
35697  32.592  -47.775  -22.885 1.0000000000
35668  33.874  -47.411  -19.927 0.8000000119
129192  34.009  -43.275  -22.512 1.0000000000
129638  33.371  -43.722  -18.887 0.8000000119
129173  34.305  -44.699  -22.773 1.0000000000
157017  35.274  -45.642  -19.082 0.6999999881
42064  33.178  -40.121  -23.292 1.0000000000
42828  37.926  -39.227  -19.909 0.4000000060
147277  30.871  -42.964  -17.868 1.0000000000
147170  31.008  -41.583  -18.707 1.0000000000
41216  38.185  -40.643  -19.883 0.4000000060
42817  37.908  -39.911  -19.383 0.5000000000
49225  36.162  -32.195  -18.920 0.4000000060
134427  30.686  -37.645  -24.109 1.0000000000
45261  36.318  -36.699  -17.747 0.5000000000
47281  29.080  -34.458  -23.699 0.8000000119
49227  33.523  -32.485  -19.130 0.5000000000
46243  32.529  -35.659  -19.638 0.5000000000
145988  32.007  -32.858  -20.912 0.5000000000
136887  31.964  -33.637  -21.063 0.5000000000
50133  32.404  -31.243  -20.876 0.5000000000
50147  30.840  -31.852  -23.618 0.6999999881
52206  31.165  -29.640  -22.794 0.6999999881
53077  30.930  -28.210  -22.846 0.6000000238
141514  33.286  -22.354  -23.381 0.3000000119
27043  35.921  -57.155  -24.620 0.5000000000
26097  35.117  -57.560  -24.175 0.5000000000
27999  33.924  -55.746  -23.612 0.5000000000
25171  35.370  -59.179  -23.724 0.5000000000
25166  36.617  -59.517  -23.416 0.5000000000
25169  37.324  -58.728  -24.496 0.5000000000
26096  36.327  -58.363  -24.537 0.5000000000
26085  37.233  -58.947  -23.254 0.5000000000
26086  35.738  -58.028  -21.623 0.4000000060
26084  37.309  -57.952  -22.816 0.5000000000
146105  36.678  -58.334  -22.416 0.5000000000
26082  34.094  -57.504  -20.315 0.5000000000
27033  36.346  -57.264  -21.974 0.5000000000
35632  29.992  -47.537  -16.493 0.6999999881
35633  28.911  -47.673  -16.499 0.6999999881
149100  31.262  -47.295  -17.290 0.8000000119
33898  31.319  -48.453  -17.967 0.8000000119
33899  30.966  -48.955  -17.226 0.8000000119
34760  31.163  -47.848  -18.632 0.8999999762
36538  29.273  -46.870  -16.526 0.6999999881
35646  31.435  -47.574  -17.853 0.8999999762
36550  31.330  -46.006  -17.530 0.8999999762
35662  31.335  -46.999  -18.452 0.8999999762
36576  31.051  -46.395  -19.090 0.8999999762
37495  29.920  -45.430  -16.662 0.6000000238
36551  30.675  -45.887  -16.881 0.8000000119
36565  31.464  -46.163  -18.273 0.8999999762
37525  31.262  -45.504  -18.891 0.8999999762
141445  30.405  -45.802  -19.930 0.8999999762
129819  30.041  -45.039  -20.530 0.8999999762
36615  38.796  -47.862  -25.670 0.5000000000
35703  38.285  -48.236  -24.866 0.5000000000
34800  40.246  -50.259  -24.981 0.6000000238
34801  39.346  -49.697  -24.941 0.5000000000
33942  40.568  -50.805  -24.125 0.6000000238
38394  29.623  -44.674  -16.774 0.6000000238
37494  30.492  -45.093  -16.884 0.8999999762
37512  31.508  -45.302  -18.042 0.8999999762
37493  31.084  -45.187  -17.403 0.8999999762
129683  31.376  -44.528  -18.600 0.8999999762
129808  30.748  -44.867  -19.635 0.8999999762
37549  37.508  -45.952  -23.165 0.5000000000
36598  37.641  -46.986  -24.076 0.5000000000
36608  38.100  -47.153  -24.984 0.5000000000
38393  30.709  -44.330  -17.144 0.8999999762
138025  29.846  -43.867  -16.930 0.6999999881
129676  31.353  -44.480  -17.809 0.8999999762
147255  31.408  -43.902  -18.171 0.8999999762
129174  30.996  -44.103  -19.319 0.8999999762
136599  37.654  -45.073  -23.259 0.5000000000
37557  37.819  -46.002  -24.313 0.5000000000
129172  31.270  -43.225  -18.235 0.8999999762
129180  31.206  -42.855  -18.818 0.8999999762
135238  30.792  -43.394  -19.491 0.8999999762
38438  37.485  -45.211  -22.482 0.5000000000
38432  37.603  -44.440  -22.369 0.5000000000
41206  28.600  -40.972  -17.743 0.6000000238
139314  27.844  -40.526  -17.902 0.6000000238
42039  28.933  -40.102  -17.864 0.8000000119
143419  28.041  -39.611  -17.953 0.6999999881
42811  26.956  -39.165  -18.282 0.6999999881
43613  26.335  -38.309  -18.429 0.6999999881
42809  29.239  -39.202  -18.132 0.8000000119
42808  30.031  -39.887  -18.325 0.8000000119
42810  28.341  -38.665  -18.119 0.6999999881
141811  27.567  -37.993  -18.264 0.6999999881
44435  26.785  -37.419  -18.428 0.6999999881
44434  27.639  -37.208  -18.509 0.6999999881
45272  27.278  -36.632  -18.675 0.6999999881
145648  29.888  -38.447  -19.261 0.8000000119
44432  29.251  -37.691  -19.085 0.8000000119
43610  30.313  -39.189  -19.282 0.8000000119
45279  27.955  -35.904  -19.280 0.6999999881
45278  28.693  -36.479  -19.506 0.6999999881
45277  28.981  -36.563  -20.211 0.8000000119
43624  29.586  -37.855  -19.839 0.8000000119
46244  28.618  -35.801  -19.969 0.6999999881
45289  28.580  -36.138  -20.750 0.8000000119
46255  27.943  -34.674  -20.646 0.6000000238
44450  29.231  -37.326  -20.408 0.8000000119
44451  28.807  -36.913  -21.020 0.8000000119
47263  27.637  -34.514  -21.622 0.6000000238
48278  27.262  -33.669  -21.685 0.6000000238
48279  26.821  -33.048  -21.747 0.6000000238
46261  28.001  -35.214  -21.292 0.8000000119
129922  27.581  -34.057  -22.415 0.6000000238
48286  27.319  -33.150  -22.400 0.6000000238
147818  28.198  -35.857  -21.273 0.8000000119
156131  27.254  -32.508  -22.657 0.6000000238
47270  27.736  -34.891  -22.411 0.6999999881
49265  27.958  -32.934  -23.344 0.6000000238
50150  27.956  -31.454  -23.326 0.6999999881
50142  27.468  -31.659  -23.050 0.6000000238
49260  27.583  -32.356  -23.026 0.6000000238
51173  27.930  -30.553  -23.345 0.6000000238
145551  28.287  -33.470  -23.521 0.6999999881
49264  28.621  -32.945  -23.754 0.6999999881
27029  34.825  -57.381  -20.899 0.5000000000
26090  37.991  -58.439  -23.822 0.5000000000
25165  37.479  -59.171  -23.983 0.5000000000
36577  30.222  -46.683  -19.881 0.8999999762
38437  37.824  -44.134  -23.201 0.3000000119
138521  30.066  -39.053  -18.726 0.8000000119
24298  35.893  -59.632  -23.436 0.5000000000
131776  36.417  -59.088  -22.582 0.5000000000
35647  31.078  -46.696  -17.075 0.8000000119
34807  39.218  -48.826  -25.470 0.5000000000
43611  29.379  -38.420  -18.555 0.8000000119
44433  28.407  -37.387  -18.628 0.6999999881
45270  29.224  -37.095  -19.696 0.8000000119
46245  28.078  -35.116  -19.945 0.6999999881
46254  28.329  -35.361  -20.543 0.6999999881
35665  38.624  -47.472  -19.614 0.4000000060
150555  39.114  -47.042  -19.935 0.4000000060
35673  39.270  -47.958  -20.475 0.4000000060
35683  40.423  -48.897  -22.291 0.5000000000
36582  39.702  -46.998  -20.661 0.4000000060
36571  39.279  -46.220  -19.741 0.4000000060
35693  40.913  -49.197  -23.434 0.5000000000
34799  40.725  -50.291  -24.404 0.5000000000
35682  40.828  -48.173  -22.612 0.5000000000
36591  40.355  -47.599  -21.695 0.4000000060
151038  39.914  -48.046  -21.255 0.4000000060
37530  39.816  -45.805  -20.319 0.4000000060
37539  40.298  -46.463  -21.297 0.4000000060
38424  39.981  -44.750  -19.893 0.4000000060
34805  40.684  -49.870  -25.124 0.5000000000
37529  40.288  -45.282  -20.925 0.4000000060
39357  40.903  -43.637  -20.908 0.4000000060
38423  40.404  -44.189  -20.455 0.4000000060
39348  41.482  -43.373  -20.413 0.4000000060
39349  40.918  -43.718  -19.996 0.4000000060
35702  41.146  -49.290  -24.563 0.5000000000
41230  44.066  -41.486  -23.751 0.3000000119
36590  40.791  -47.157  -22.377 0.4000000060
40304  43.096  -42.148  -22.640 0.3000000119
37538  40.655  -45.940  -22.052 0.4000000060
40303  43.822  -42.286  -22.409 0.3000000119
40297  43.268  -42.562  -21.905 0.3000000119
156378  42.638  -42.439  -22.233 0.3000000119
39356  41.759  -42.954  -21.737 0.3000000119
39362  41.122  -43.638  -21.993 0.4000000060
38431  40.627  -44.573  -21.695 0.4000000060
39354  43.624  -42.931  -21.506 0.3000000119
40298  42.459  -42.682  -21.651 0.3000000119
156233  41.448  -43.232  -21.131 0.4000000060
35707  40.753  -49.051  -25.475 0.4000000060
146353  41.273  -48.431  -24.895 0.4000000060
36597  41.188  -46.739  -23.234 0.4000000060
133715  41.261  -48.090  -23.638 0.4000000060
41231  43.050  -41.603  -24.027 0.3000000119
146055  42.304  -42.411  -25.224 0.3000000119
40311  42.647  -42.014  -23.339 0.3000000119
40312  41.988  -42.565  -23.412 0.3000000119
39363  41.597  -43.533  -23.971 0.3000000119
39364  41.277  -44.056  -23.223 0.4000000060
38436  41.021  -44.541  -22.664 0.4000000060
140709  42.424  -42.283  -22.757 0.3000000119
40305  42.112  -42.651  -22.392 0.3000000119
39361  41.527  -43.139  -22.759 0.3000000119
34806  40.026  -49.509  -25.463 0.4000000060
37561  41.321  -45.177  -26.457 0.3000000119
156414  41.104  -45.700  -26.377 0.3000000119
37558  41.499  -45.721  -25.938 0.4000000060
37562  40.680  -46.166  -26.295 0.4000000060
37559  41.264  -46.695  -25.498 0.4000000060
36607  41.402  -47.410  -24.575 0.4000000060
149410  42.234  -43.226  -25.865 0.3000000119
38444  41.763  -44.828  -26.102 0.3000000119
38442  41.870  -45.118  -25.392 0.3000000119
37555  41.676  -45.666  -24.825 0.4000000060
37556  41.436  -46.228  -24.090 0.4000000060
39366  41.939  -44.110  -25.325 0.3000000119
38439  41.661  -44.635  -24.385 0.4000000060
38440  41.390  -45.122  -23.636 0.4000000060
40315  42.042  -42.979  -24.695 0.3000000119
37548  41.050  -45.525  -22.870 0.4000000060
37560  38.446  -46.587  -25.557 0.4000000060
37565  39.630  -45.517  -26.490 0.3000000119
37563  39.389  -46.303  -26.151 0.4000000060
36614  39.619  -47.435  -26.046 0.4000000060
35708  39.869  -48.524  -25.843 0.4000000060
36616  40.430  -46.993  -26.107 0.4000000060
36613  40.875  -47.937  -25.830 0.4000000060
46246  27.319  -35.208  -19.497 0.6000000238
45280  26.798  -35.988  -18.940 0.6000000238
133913  27.417  -34.030  -20.861 0.5000000000
47246  27.433  -34.471  -20.099 0.5000000000
48266  26.733  -33.410  -21.020 0.5000000000
49252  26.605  -32.245  -22.109 0.5000000000
50143  27.032  -31.860  -22.716 0.5000000000
50151  27.286  -30.919  -23.127 0.5000000000
61703  32.514  -19.043  -27.284 0.3000000119
62774  32.417  -18.773  -27.447 0.3000000119
61705  31.702  -19.202  -27.580 0.3000000119
63805  34.003  -17.268  -26.467 0.3000000119
62765  33.320  -18.176  -26.888 0.3000000119
149554  33.013  -18.988  -27.017 0.3000000119
151389  32.931  -17.992  -27.252 0.3000000119
143424  31.989  -17.919  -27.881 0.3000000119
62775  31.408  -18.604  -27.826 0.3000000119
139274  30.609  -18.239  -28.034 0.3000000119
64795  33.956  -16.528  -26.907 0.3000000119
63811  33.370  -17.354  -27.077 0.3000000119
63812  32.847  -17.421  -27.437 0.3000000119
62766  32.490  -18.159  -27.535 0.3000000119
63813  32.280  -17.381  -27.810 0.3000000119
63819  31.381  -17.198  -28.176 0.3000000119
137629  30.414  -16.721  -28.323 0.3000000119
64799  29.727  -16.930  -28.071 0.3000000119
65749  33.949  -15.725  -27.294 0.3000000119
64796  33.305  -16.628  -27.319 0.3000000119
65750  32.981  -15.887  -27.665 0.3000000119
64797  32.652  -16.685  -27.681 0.3000000119
65751  32.303  -16.016  -27.969 0.3000000119
64802  31.913  -16.560  -28.087 0.3000000119
64803  30.961  -16.226  -28.346 0.3000000119
64804  30.065  -15.936  -28.278 0.3000000119
66660  34.930  -15.219  -27.052 0.3000000119
66672  34.393  -14.780  -27.624 0.3000000119
65757  32.230  -15.189  -28.279 0.3000000119
65758  31.547  -15.705  -28.320 0.3000000119
156638  31.281  -14.945  -28.524 0.3000000119
66673  33.329  -15.054  -27.874 0.3000000119
66686  32.652  -14.375  -28.529 0.3000000119
66687  31.609  -14.302  -28.705 0.3000000119
67645  34.789  -13.974  -27.988 0.3000000119
66685  33.749  -14.246  -28.278 0.3000000119
67662  33.031  -13.742  -28.790 0.3000000119
67661  34.035  -13.387  -28.703 0.3000000119
68581  34.792  -12.814  -28.910 0.3000000119
35659  38.141  -47.004  -18.874 0.4000000060
136112  38.718  -46.587  -19.275 0.4000000060
37520  39.470  -45.253  -19.379 0.4000000060
39342  42.167  -43.427  -20.127 0.4000000060
39343  41.498  -43.644  -19.674 0.4000000060
38415  40.438  -44.113  -19.489 0.4000000060
139495  44.652  -42.181  -22.720 0.3000000119
40296  44.403  -42.647  -22.213 0.3000000119
39347  43.393  -43.333  -20.952 0.3000000119
152484  42.720  -43.242  -20.580 0.3000000119
40310  43.892  -41.916  -22.936 0.3000000119
41239  42.705  -41.615  -25.132 0.3000000119
39372  41.940  -43.693  -26.995 0.3000000119
40318  42.318  -42.328  -26.081 0.3000000119
131475  38.068  -45.546  -24.980 0.4000000060
37564  38.451  -45.577  -25.693 0.4000000060
138352  38.792  -45.440  -26.205 0.4000000060
38449  39.837  -44.713  -26.740 0.3000000119
149199  40.598  -45.375  -26.565 0.3000000119
38441  37.867  -44.875  -24.166 0.4000000060
45273  26.267  -36.799  -18.589 0.6000000238
66659  35.588  -14.732  -26.613 0.3000000119
66671  35.302  -14.413  -27.329 0.3000000119
67660  35.249  -13.263  -28.328 0.3000000119
41237  44.728  -40.972  -24.559 0.3000000119
34764  38.577  -48.360  -19.973 0.4000000060
40314  42.405  -42.128  -24.257 0.3000000119
65735  34.548  -15.878  -26.802 0.3000000119
35660  37.496  -47.397  -18.443 0.3000000119
36563  38.412  -46.166  -18.492 0.3000000119
153879  29.433  -53.392  -20.136 0.6000000238
31010  29.528  -53.266  -18.342 0.6999999881
37509  38.953  -45.728  -18.912 0.3000000119
30960  32.815  -51.997  -14.621 0.3000000119
31964  33.336  -51.445  -15.182 0.3000000119
31986  29.886  -51.682  -16.948 0.6999999881
35643  37.142  -46.819  -17.605 0.3000000119
30996  29.812  -52.477  -17.261 0.6999999881
155953  29.718  -53.041  -17.542 0.6999999881
36548  38.250  -45.830  -17.684 0.3000000119
32000  29.824  -51.960  -18.888 0.6999999881
156239  38.764  -45.428  -17.381 0.3000000119
38392  40.598  -44.712  -17.846 0.3000000119
37491  39.359  -45.128  -17.632 0.3000000119
37508  39.361  -45.029  -18.477 0.3000000119
37507  41.874  -44.971  -17.930 0.3000000119
145896  40.631  -44.277  -18.668 0.3000000119
38400  39.982  -44.721  -18.108 0.3000000119
32924  33.772  -50.812  -15.702 0.3000000119
145818  35.290  -48.020  -16.796 0.4000000060
32925  30.490  -50.369  -17.182 0.6999999881
35644  36.451  -47.100  -17.152 0.3000000119
31985  30.328  -51.065  -17.541 0.6999999881
30995  30.062  -51.841  -17.850 0.6999999881
37480  38.273  -45.594  -16.891 0.3000000119
37479  39.206  -45.421  -16.786 0.3000000119
37490  40.612  -45.139  -17.279 0.3000000119
38416  39.903  -44.525  -18.949 0.3000000119
37506  42.433  -45.326  -18.084 0.3000000119
33883  34.536  -49.172  -16.457 0.4000000060
32926  29.928  -50.324  -16.689 0.6999999881
136567  36.182  -46.893  -16.248 0.3000000119
35645  35.795  -47.537  -16.914 0.3000000119
36535  37.608  -45.902  -16.388 0.3000000119
36536  36.940  -46.420  -16.709 0.3000000119
37478  40.245  -45.606  -16.622 0.3000000119
32948  30.733  -50.318  -18.102 0.6999999881
38414  41.432  -44.046  -18.943 0.3000000119
37505  43.009  -45.539  -18.763 0.3000000119
38398  42.206  -44.635  -18.613 0.3000000119
134141  30.824  -49.757  -17.450 0.6999999881
36526  36.962  -46.296  -15.947 0.3000000119
33916  31.120  -49.385  -18.077 0.6999999881
36522  40.253  -46.495  -16.000 0.3000000119
36533  39.421  -45.938  -15.978 0.3000000119
149588  42.922  -44.646  -19.421 0.3000000119
36524  38.719  -46.395  -15.499 0.3000000119
38413  42.196  -43.992  -19.447 0.3000000119
38443  38.082  -44.655  -25.157 0.3000000119
27984  30.214  -55.179  -20.760 0.5000000000
27970  28.965  -54.752  -18.492 0.6999999881
28954  29.165  -54.469  -19.745 0.6000000238
28955  28.837  -54.973  -19.259 0.6000000238
30017  29.483  -53.931  -20.262 0.6000000238
30984  29.445  -52.455  -16.573 0.6999999881
31974  29.408  -51.039  -16.537 0.6999999881
33868  33.777  -49.969  -15.215 0.3000000119
33867  34.176  -49.225  -15.535 0.4000000060
33885  29.660  -49.606  -16.496 0.6999999881
34727  34.938  -47.908  -15.458 0.4000000060
34736  34.852  -48.227  -16.300 0.4000000060
34738  30.588  -48.218  -16.723 0.6999999881
35623  36.570  -46.862  -15.419 0.3000000119
35601  37.278  -47.193  -14.829 0.3000000119
34706  38.078  -47.713  -14.664 0.3000000119
36564  37.806  -46.526  -18.072 0.3000000119
137147  28.976  -54.337  -19.114 0.6000000238
35622  38.042  -46.832  -15.077 0.3000000119
35603  35.502  -47.771  -14.749 0.3000000119
26098  34.384  -58.095  -23.767 0.5000000000
27995  32.055  -56.022  -22.222 0.5000000000
27040  32.073  -56.894  -22.249 0.5000000000
27045  34.066  -56.831  -23.668 0.4000000060
24270  27.293  -59.370  -17.145 0.4000000060
24272  25.312  -59.858  -17.354 0.5000000000
27039  32.653  -56.583  -22.687 0.4000000060
27038  33.255  -56.203  -23.138 0.5000000000
23410  23.934  -60.754  -17.385 0.4000000060
23412  23.165  -60.944  -16.967 0.4000000060
24271  26.590  -60.040  -17.443 0.5000000000
133079  23.035  -60.126  -17.058 0.4000000060
152351  23.013  -61.134  -16.624 0.4000000060
24273  24.230  -59.957  -17.443 0.4000000060
25141  26.235  -59.319  -16.877 0.5000000000
25140  27.808  -58.633  -16.958 0.5000000000
134802  28.588  -57.564  -17.519 0.4000000060
28959  29.582  -54.769  -20.327 0.5000000000
27977  28.741  -55.693  -19.393 0.4000000060
27024  28.654  -56.862  -18.458 0.4000000060
27976  29.105  -55.257  -19.869 0.4000000060
22486  22.946  -60.247  -16.347 0.4000000060
133312  20.426  -57.810  -14.927 0.4000000060
24274  23.715  -59.301  -17.358 0.4000000060
25136  20.420  -58.026  -16.759 0.4000000060
25134  25.938  -58.557  -16.573 0.5000000000
25142  25.158  -59.052  -16.985 0.4000000060
26071  21.279  -57.571  -17.429 0.4000000060
25133  26.975  -58.657  -16.619 0.5000000000
137175  22.783  -56.206  -17.435 0.4000000060
141238  21.956  -56.756  -17.527 0.4000000060
26059  27.631  -57.924  -16.470 0.5000000000
26058  28.411  -57.199  -16.590 0.5000000000
27961  23.377  -55.635  -17.312 0.4000000060
28938  23.186  -54.786  -17.389 0.4000000060
26066  28.220  -58.002  -16.916 0.5000000000
27015  28.881  -56.727  -17.319 0.6000000238
27958  28.840  -56.083  -18.050 0.6000000238
27971  28.736  -55.462  -18.688 0.5000000000
25129  21.020  -58.220  -15.781 0.4000000060
140291  20.171  -57.822  -15.954 0.4000000060
24264  22.619  -59.339  -16.784 0.4000000060
25135  21.148  -58.390  -16.980 0.4000000060
26061  25.444  -57.795  -16.439 0.5000000000
25143  24.240  -58.637  -17.237 0.4000000060
25146  21.592  -58.235  -17.286 0.4000000060
26060  26.581  -57.844  -16.229 0.5000000000
132639  23.493  -56.463  -17.310 0.4000000060
27018  22.887  -57.063  -17.483 0.4000000060
150717  28.858  -56.396  -16.691 0.5000000000
144111  23.772  -54.118  -17.352 0.4000000060
27007  29.213  -55.964  -17.058 0.6000000238
27957  29.153  -55.335  -17.700 0.6000000238
25144  23.349  -58.592  -17.351 0.4000000060
25145  22.505  -58.431  -17.297 0.4000000060
149444  23.614  -57.238  -17.334 0.4000000060
27008  27.322  -56.944  -15.921 0.5000000000
27017  24.100  -56.687  -17.063 0.4000000060
27960  24.022  -55.903  -17.086 0.4000000060
132739  28.253  -56.280  -16.138 0.5000000000
28937  23.970  -55.043  -17.184 0.4000000060
28935  29.376  -54.525  -17.454 0.6000000238
27949  29.315  -55.113  -16.715 0.6000000238
27950  28.902  -55.687  -16.341 0.6000000238
24256  22.522  -59.307  -16.242 0.4000000060
24276  22.075  -58.613  -16.972 0.4000000060
26069  23.074  -57.864  -17.440 0.4000000060
26070  22.219  -57.715  -17.485 0.4000000060
27009  25.912  -56.977  -15.893 0.5000000000
26067  24.526  -57.858  -16.925 0.5000000000
27016  24.777  -56.980  -16.548 0.5000000000
27953  25.301  -55.963  -16.086 0.5000000000
27951  27.496  -55.975  -15.736 0.5000000000
27952  26.518  -56.039  -15.671 0.5000000000
138433  26.032  -55.139  -15.831 0.5000000000
27959  24.608  -55.415  -16.750 0.4000000060
136366  28.166  -55.412  -15.776 0.6000000238
28936  24.716  -54.413  -16.994 0.5000000000
29993  25.254  -53.519  -17.022 0.4000000060
29992  29.551  -53.694  -17.425 0.6000000238
28925  29.370  -54.098  -16.450 0.6000000238
28927  27.907  -54.398  -15.638 0.6000000238
134096  27.112  -55.197  -15.666 0.5000000000
143095  25.246  -55.045  -16.410 0.5000000000
28926  28.892  -54.807  -15.966 0.6000000238
28928  26.652  -54.340  -15.829 0.5000000000
29982  29.038  -53.206  -16.103 0.6000000238
29981  29.619  -53.178  -16.772 0.6000000238
33887  27.393  -49.528  -16.742 0.5000000000
32928  28.090  -50.175  -16.423 0.6000000238
32929  27.105  -50.441  -16.733 0.5000000000
141845  28.620  -50.745  -16.361 0.6000000238
31976  27.453  -51.326  -16.425 0.6000000238
30986  26.969  -52.027  -16.464 0.5000000000
30997  26.109  -52.039  -17.036 0.5000000000
29983  28.212  -53.448  -15.738 0.6000000238
29984  27.141  -53.521  -15.903 0.5000000000
29985  26.141  -53.527  -16.468 0.5000000000
30987  25.708  -52.755  -17.036 0.5000000000
33886  28.545  -49.369  -16.426 0.5000000000
34741  27.662  -48.692  -16.753 0.5000000000
34739  29.640  -48.312  -16.470 0.6000000238
32927  29.090  -50.219  -16.363 0.6000000238
141781  27.527  -52.771  -16.015 0.6000000238
141974  26.570  -52.769  -16.494 0.5000000000
30985  28.840  -52.305  -16.132 0.6000000238
138008  27.944  -52.101  -16.096 0.6000000238
27034  31.486  -56.276  -21.746 0.4000000060
28964  31.428  -54.509  -21.586 0.5000000000
27989  31.559  -55.337  -21.709 0.4000000060
26091  33.344  -57.213  -23.238 0.5000000000
26087  31.579  -58.082  -21.881 0.5000000000
26092  32.677  -57.532  -22.774 0.5000000000
135850  31.543  -57.175  -21.768 0.5000000000
144519  23.459  -60.018  -17.278 0.4000000060
24275  22.937  -59.245  -17.134 0.4000000060
26072  20.451  -57.433  -17.173 0.4000000060
27962  22.633  -55.391  -17.425 0.4000000060
26068  23.819  -57.925  -17.311 0.4000000060
24257  21.719  -58.578  -16.535 0.4000000060
142206  28.373  -52.769  -15.895 0.6000000238
25137  19.735  -57.521  -16.194 0.3000000119
27963  21.395  -55.941  -17.417 0.3000000119
133298  21.824  -55.228  -17.437 0.3000000119
27020  20.255  -56.699  -17.147 0.3000000119
27964  20.498  -55.922  -17.243 0.3000000119
27965  19.681  -56.063  -16.865 0.3000000119
23401  22.946  -60.229  -16.738 0.4000000060
23411  23.346  -60.680  -17.192 0.4000000060
25147  20.734  -58.058  -17.157 0.4000000060
25148  20.095  -57.659  -16.766 0.3000000119
25170  36.526  -59.201  -24.039 0.5000000000
26046  30.987  -58.049  -14.281 0.5000000000
26057  30.776  -57.136  -15.194 0.5000000000
26073  19.802  -57.008  -16.771 0.3000000119
26077  33.492  -57.178  -19.650 0.5000000000
26089  38.531  -57.656  -24.045 0.6000000238
26095  37.897  -58.658  -24.397 0.5000000000
27010  24.515  -56.183  -16.693 0.4000000060
27011  18.949  -56.341  -16.329 0.3000000119
27013  32.192  -56.292  -17.654 0.6000000238
27019  20.949  -56.758  -17.389 0.4000000060
27041  39.251  -56.328  -24.970 0.6999999881
27942  31.007  -55.568  -14.303 0.5000000000
27945  31.278  -55.620  -15.338 0.5000000000
27982  34.533  -55.763  -20.571 0.6000000238
27997  39.193  -56.104  -24.288 0.8000000119
28001  38.180  -56.315  -25.441 0.6000000238
28929  25.658  -54.321  -16.437 0.5000000000
28939  22.345  -54.598  -17.445 0.3000000119
28953  33.559  -54.735  -19.388 0.6000000238
29980  32.452  -53.708  -16.248 0.5000000000
29991  32.658  -53.920  -17.098 0.5000000000
30003  29.210  -54.016  -18.408 0.6999999881
30009  29.238  -53.599  -19.436 0.6000000238
30045  39.143  -54.166  -24.767 0.8000000119
30049  35.381  -53.850  -24.385 0.6999999881
31043  33.536  -52.647  -22.995 0.8999999762
31061  38.294  -53.197  -24.671 0.8000000119
31973  30.081  -50.911  -16.911 0.6999999881
31975  28.515  -51.451  -16.287 0.6000000238
33882  35.052  -48.729  -17.038 0.4000000060
33884  30.439  -49.691  -16.878 0.6999999881
33946  32.607  -49.661  -22.043 0.8999999762
34737  34.521  -48.550  -15.760 0.4000000060
34740  28.650  -48.474  -16.497 0.5000000000
34748  35.735  -48.421  -17.474 0.5000000000
34749  31.184  -47.993  -17.267 0.8000000119
34790  40.606  -50.200  -23.447 0.6000000238
35624  35.731  -47.293  -15.476 0.3000000119
35630  35.410  -47.577  -16.184 0.4000000060
35631  30.864  -47.416  -16.823 0.8000000119
36525  37.799  -46.150  -15.675 0.3000000119
36534  38.490  -45.791  -16.133 0.3000000119
36537  30.351  -46.744  -16.622 0.8000000119
36549  37.613  -46.096  -17.221 0.3000000119
36552  29.660  -46.084  -16.559 0.6999999881
37492  38.825  -45.489  -18.075 0.3000000119
37534  30.021  -45.686  -20.752 1.0000000000
38399  41.321  -44.532  -18.218 0.3000000119
38447  41.621  -44.383  -26.703 0.3000000119
38448  40.868  -44.606  -26.828 0.3000000119
39321  33.792  -43.016  -17.941 0.6999999881
39322  31.109  -43.723  -17.750 0.8999999762
39323  30.467  -43.437  -17.301 0.8999999762
39355  42.917  -42.900  -21.166 0.3000000119
39369  42.041  -43.966  -26.419 0.3000000119
40281  35.822  -42.961  -17.708 0.6999999881
41194  36.786  -41.473  -17.666 0.6999999881
41198  30.328  -41.402  -17.952 0.8999999762
41204  30.755  -41.053  -18.530 0.8999999762
42031  35.678  -40.542  -17.211 0.6000000238
42032  34.727  -40.361  -17.162 0.6999999881
42799  36.301  -39.880  -17.387 0.6000000238
42806  36.898  -39.401  -17.884 0.6000000238
42807  32.773  -39.789  -18.161 0.6999999881
42849  32.799  -39.440  -23.493 1.0000000000
43612  28.649  -37.966  -18.425 0.6999999881
43643  28.520  -38.197  -22.065 0.8999999762
43658  30.082  -38.393  -23.627 1.0000000000
44424  36.252  -37.367  -17.625 0.6000000238
44425  35.715  -36.927  -17.421 0.5000000000
44447  37.367  -37.650  -20.315 0.3000000119
44448  36.907  -37.066  -19.858 0.4000000060
44458  28.319  -37.428  -21.807 0.8999999762
44472  31.779  -36.811  -24.374 1.0000000000
45263  35.068  -36.498  -17.367 0.5000000000
45267  34.418  -36.028  -17.568 0.5000000000
45271  28.169  -36.737  -18.895 0.6999999881
45288  32.436  -36.396  -20.142 0.6000000238
45305  30.259  -37.097  -24.014 1.0000000000
45307  28.878  -36.380  -23.175 1.0000000000
45308  31.276  -36.193  -24.310 0.8999999762
46262  27.654  -35.350  -22.010 0.8000000119
46271  31.788  -35.091  -23.193 0.6999999881
46272  28.555  -35.626  -23.095 0.8999999762
46276  30.645  -35.589  -24.084 0.8000000119
47261  37.395  -34.651  -20.054 0.3000000119
47269  31.873  -34.512  -22.756 0.8000000119
47276  27.932  -34.450  -22.958 0.8000000119
47277  31.531  -34.715  -23.219 0.6999999881
48245  33.889  -33.905  -18.397 0.5000000000
48258  32.506  -33.489  -19.594 0.4000000060
48288  27.801  -33.607  -23.069 0.6999999881
48289  31.250  -33.737  -23.346 0.6999999881
48293  28.898  -33.753  -23.792 0.8000000119
48295  30.822  -33.601  -23.894 0.6999999881
49258  27.588  -32.923  -22.936 0.6000000238
49259  31.608  -32.807  -22.753 0.6999999881
49262  31.245  -33.050  -23.518 0.6999999881
49263  29.376  -32.716  -24.045 0.8999999762
49267  30.589  -33.046  -24.002 0.8000000119
49268  30.172  -33.200  -24.217 0.8000000119
50106  34.013  -31.441  -19.402 0.5000000000
50149  28.672  -32.012  -23.677 0.8000000119
50152  31.057  -32.604  -23.651 0.6999999881
50154  30.087  -32.670  -24.145 0.8000000119
51128  35.795  -30.713  -19.150 0.4000000060
51153  38.722  -30.475  -20.855 0.3000000119
51161  31.710  -31.072  -21.946 0.6999999881
52214  28.442  -29.673  -23.404 0.6000000238
53041  35.105  -28.405  -19.794 0.4000000060
53076  31.660  -28.097  -22.612 0.6000000238
53926  32.828  -27.475  -22.113 0.4000000060
53938  30.581  -27.378  -23.006 0.6000000238
54910  32.886  -25.836  -22.340 0.4000000060
54922  29.962  -25.068  -23.110 0.4000000060
55929  33.630  -25.131  -22.048 0.3000000119
55945  31.141  -24.555  -23.262 0.3000000119
56908  32.577  -24.113  -22.855 0.4000000060
57830  34.150  -23.474  -21.880 0.3000000119
57841  32.302  -22.904  -24.072 0.3000000119
58716  35.636  -22.236  -20.194 0.4000000060
58773  32.399  -21.065  -25.976 0.3000000119
59687  33.502  -21.546  -23.666 0.3000000119
60683  32.562  -19.273  -27.081 0.3000000119
63771  35.330  -17.624  -23.600 0.3000000119
63820  30.480  -17.475  -28.234 0.3000000119
129175  34.247  -43.609  -21.780 1.0000000000
129178  33.088  -42.468  -18.467 0.6999999881
129182  30.075  -42.862  -21.903 1.0000000000
129194  30.510  -40.774  -19.607 0.8999999762
129195  32.746  -42.746  -22.933 1.0000000000
129251  33.806  -20.102  -24.749 0.3000000119
129578  34.930  -18.876  -23.587 0.3000000119
129580  30.721  -42.536  -19.498 0.8999999762
129661  32.649  -20.492  -26.216 0.3000000119
129675  33.911  -18.706  -25.994 0.3000000119
129925  33.249  -41.899  -17.808 0.6999999881
129963  33.495  -44.493  -18.852 0.8000000119
129967  33.587  -40.946  -22.382 1.0000000000
129981  42.136  -43.019  -20.901 0.4000000060
130005  30.447  -34.364  -24.122 1.0000000000
130252  28.443  -31.222  -23.466 0.6999999881
131097  37.103  -35.300  -19.786 0.4000000060
131159  31.323  -34.355  -23.240 0.6999999881
132417  34.437  -41.085  -17.247 0.6999999881
132515  31.299  -43.651  -18.710 0.8999999762
133682  29.214  -30.021  -23.389 0.6999999881
133919  30.202  -48.980  -16.640 0.6999999881
134067  30.977  -58.098  -16.356 0.5000000000
135134  29.284  -51.810  -16.461 0.6999999881
135257  31.443  -46.791  -17.701 0.8999999762
135765  30.591  -40.314  -18.732 0.8999999762
136846  20.908  -55.102  -17.335 0.3000000119
137670  20.862  -58.254  -16.551 0.4000000060
138671  33.851  -26.569  -21.543 0.3000000119
138686  34.084  -27.864  -20.935 0.4000000060
138895  33.264  -42.439  -18.077 0.6999999881
139959  32.786  -18.658  -27.256 0.3000000119
139975  31.794  -18.505  -27.815 0.3000000119
140638  24.446  -59.351  -17.318 0.4000000060
141498  27.934  -50.819  -16.383 0.6000000238
142191  32.200  -36.634  -23.496 1.0000000000
142526  31.498  -33.529  -23.088 0.6999999881
142548  31.381  -18.020  -28.020 0.3000000119
143746  28.800  -54.016  -15.858 0.6000000238
143810  38.324  -55.358  -25.507 0.6999999881
144164  29.359  -48.955  -16.456 0.6000000238
145893  31.311  -38.186  -24.104 1.0000000000
146193  34.464  -24.073  -21.243 0.3000000119
146726  37.304  -46.603  -15.361 0.3000000119
147157  34.196  -18.306  -25.650 0.3000000119
147179  29.720  -40.903  -20.461 1.0000000000
147261  32.536  -19.979  -26.564 0.3000000119
147790  25.036  -58.408  -16.809 0.5000000000
148450  28.745  -56.462  -19.342 0.4000000060
148880  26.250  -35.453  -19.270 0.6000000238
149146  32.083  -34.756  -22.323 0.6000000238
149487  35.564  -58.578  -24.135 0.5000000000
150024  39.979  -45.051  -17.349 0.3000000119
151103  40.949  -43.893  -19.340 0.4000000060
151438  29.823  -52.574  -18.159 0.6999999881
151471  31.625  -55.616  -16.209 0.5000000000
151823  35.499  -17.319  -23.007 0.3000000119
151835  36.006  -49.081  -18.086 0.4000000060
152176  33.093  -40.609  -23.359 1.0000000000
152746  43.300  -41.814  -23.286 0.3000000119
154658  22.144  -55.901  -17.452 0.4000000060
154673  35.902  -39.437  -17.259 0.6000000238
154682  30.312  -53.569  -21.036 0.6999999881
155025  28.832  -37.028  -19.127 0.8000000119
155159  28.638  -56.076  -18.848 0.4000000060
155818  34.117  -44.956  -23.122 1.0000000000
155924  34.509  -22.002  -21.737 0.3000000119
156231  24.151  -57.340  -17.097 0.4000000060
