#!ascii label  , from subject sub-v1s23x0050575_ses-1 vox2ras=TkReg
1716
85221  -36.901  23.044  19.282 0.0000000000
79092  -51.067  15.495  0.504 0.0000000000
88601  -43.043  28.818  10.784 0.0000000000
81349  -45.981  18.949  10.120 0.0000000000
80576  -44.882  16.871  14.251 0.0000000000
84608  -43.911  22.291  1.262 0.0000000000
89335  -52.374  29.879  -1.027 0.0000000000
89874  -44.435  30.725  4.435 0.0000000000
75616  -37.198  11.571  18.462 0.0000000000
82181  -36.390  19.615  12.519 0.0000000000
81408  -44.091  18.789  5.748 0.0000000000
84570  -37.072  22.813  8.048 0.0000000000
90421  -50.089  31.869  11.673 0.0000000000
87951  -50.044  27.609  5.810 0.0000000000
89865  -52.172  29.953  6.249 0.0000000000
89299  -47.392  29.921  2.041 0.0000000000
91590  -48.992  33.360  6.250 0.0000000000
79919  -48.733  16.863  -3.866 0.0000000000
87842  -40.195  27.156  22.102 0.0000000000
87234  -36.975  25.794  15.093 0.0000000000
118990  -51.308  24.320  13.217 0.0000000000
83799  -43.351  22.149  15.135 0.0000000000
135959  -38.010  19.097  19.316 0.0000000000
78942  -37.259  16.005  19.188 0.0000000000
81484  -48.647  18.429  -0.283 0.0000000000
83928  -48.381  21.394  -3.373 0.0000000000
86643  -43.412  25.527  6.336 0.0000000000
87336  -47.350  26.387  -0.150 0.0000000000
86740  -47.869  25.541  -7.046 0.0000000000
88068  -45.228  27.765  -4.026 0.0000000000
88013  -42.355  27.555  0.613 0.0000000000
83790  -33.620  21.316  15.775 0.0000000000
120193  -36.586  20.792  9.634 0.0000000000
84533  -34.311  22.986  13.575 0.0000000000
91562  -51.780  32.852  10.443 0.0000000000
89848  -52.987  30.417  8.915 0.0000000000
90442  -52.748  31.942  8.184 0.0000000000
89860  -50.255  31.089  6.310 0.0000000000
79900  -50.764  16.356  -1.812 0.0000000000
87857  -37.628  27.771  19.616 0.0000000000
136437  -41.791  30.314  19.530 0.0000000000
82156  -43.440  20.451  15.271 0.0000000000
83012  -40.526  20.547  16.539 0.0000000000
81302  -41.050  19.059  17.698 0.0000000000
78151  -36.383  14.308  18.507 0.0000000000
81232  -34.893  18.809  23.872 0.0000000000
83703  -34.903  22.024  24.118 0.0000000000
82969  -32.912  20.313  21.211 0.0000000000
82241  -49.454  19.314  7.151 0.0000000000
83149  -43.789  20.341  3.083 0.0000000000
82315  -46.603  19.272  2.591 0.0000000000
119877  -46.549  20.266  0.562 0.0000000000
121716  -48.308  19.716  -2.215 0.0000000000
125604  -46.808  22.116  -0.921 0.0000000000
87253  -39.611  26.640  11.217 0.0000000000
86631  -38.664  25.898  8.756 0.0000000000
87942  -43.533  27.445  7.528 0.0000000000
88007  -52.385  28.052  1.921 0.0000000000
87988  -48.915  26.971  2.833 0.0000000000
88045  -50.597  27.934  -1.389 0.0000000000
86718  -49.990  25.843  -2.984 0.0000000000
117749  -50.581  28.725  -4.709 0.0000000000
88090  -47.209  27.838  -6.554 0.0000000000
88731  -49.238  29.514  -3.185 0.0000000000
89283  -46.168  29.878  3.005 0.0000000000
88002  -45.011  27.933  1.027 0.0000000000
88668  -43.537  28.447  2.541 0.0000000000
87985  -41.277  27.869  1.953 0.0000000000
89278  -41.739  29.415  4.183 0.0000000000
82203  -40.630  19.586  10.508 0.0000000000
121440  -44.517  18.384  8.005 0.0000000000
82237  -40.441  19.313  8.179 0.0000000000
83119  -40.789  20.302  6.370 0.0000000000
84588  -41.388  22.049  4.772 0.0000000000
89832  -46.682  30.525  9.950 0.0000000000
115390  -46.557  29.146  7.920 0.0000000000
89236  -49.529  29.780  8.298 0.0000000000
87954  -53.092  27.809  5.979 0.0000000000
89287  -52.759  29.305  3.144 0.0000000000
89325  -49.908  30.024  0.307 0.0000000000
89285  -50.206  29.841  3.658 0.0000000000
90465  -47.648  31.140  4.806 0.0000000000
91004  -46.426  32.703  5.533 0.0000000000
136737  -46.555  17.564  -4.703 0.0000000000
86529  -41.240  25.374  22.505 0.0000000000
85913  -37.561  24.470  17.546 0.0000000000
87197  -41.562  27.450  19.073 0.0000000000
87890  -38.223  27.781  16.138 0.0000000000
119441  -38.650  27.865  12.585 0.0000000000
89808  -38.303  30.050  11.042 0.0000000000
89812  -43.883  30.094  12.181 0.0000000000
83077  -48.198  20.881  11.497 0.0000000000
84545  -46.057  23.313  13.723 0.0000000000
83072  -43.677  20.952  11.985 0.0000000000
136544  -39.227  20.035  13.322 0.0000000000
82134  -35.941  18.936  15.474 0.0000000000
78969  -44.990  15.447  16.295 0.0000000000
76474  -41.287  12.994  18.161 0.0000000000
78170  -41.059  14.199  16.055 0.0000000000
79773  -39.884  16.501  15.734 0.0000000000
80510  -39.348  18.244  20.427 0.0000000000
84452  -39.635  22.302  24.388 0.0000000000
80646  -54.115  18.230  1.124 0.0000000000
82266  -48.069  19.600  5.096 0.0000000000
118219  -50.566  18.509  2.028 0.0000000000
80666  -53.364  18.911  -1.601 0.0000000000
81504  -52.142  19.092  -3.719 0.0000000000
81520  -50.124  19.171  -5.187 0.0000000000
83213  -47.998  20.964  -6.278 0.0000000000
85942  -35.336  24.310  11.566 0.0000000000
85967  -40.583  24.313  6.604 0.0000000000
85987  -43.878  24.539  3.342 0.0000000000
87956  -47.059  26.816  5.855 0.0000000000
86667  -46.390  25.918  3.221 0.0000000000
86007  -45.251  24.830  -0.006 0.0000000000
85353  -47.775  23.648  -1.856 0.0000000000
85377  -48.332  23.180  -5.181 0.0000000000
84657  -46.370  22.108  -6.171 0.0000000000
119858  -46.889  28.419  -1.272 0.0000000000
88055  -43.695  27.485  -2.159 0.0000000000
88052  -40.420  27.149  -2.549 0.0000000000
88022  -39.674  27.775  -1.044 0.0000000000
88697  -38.695  28.848  0.345 0.0000000000
84508  -34.948  22.297  17.774 0.0000000000
83796  -33.726  21.744  14.742 0.0000000000
85237  -35.634  23.071  17.312 0.0000000000
90988  -52.693  32.488  8.632 0.0000000000
91582  -51.606  33.080  7.142 0.0000000000
79892  -51.312  16.221  -1.067 0.0000000000
81324  -44.408  18.486  14.215 0.0000000000
81310  -41.808  19.693  16.700 0.0000000000
80574  -42.109  17.632  14.597 0.0000000000
80498  -33.968  17.758  22.928 0.0000000000
82061  -34.014  19.657  22.495 0.0000000000
81351  -47.790  18.914  10.089 0.0000000000
116730  -47.777  18.607  8.599 0.0000000000
83886  -44.067  21.138  2.056 0.0000000000
83165  -44.837  20.754  1.877 0.0000000000
83899  -44.998  21.637  0.811 0.0000000000
83901  -46.428  21.033  0.196 0.0000000000
84616  -45.164  22.152  0.270 0.0000000000
116279  -41.239  27.686  10.654 0.0000000000
87937  -41.057  27.394  9.250 0.0000000000
88613  -43.118  28.313  8.877 0.0000000000
88703  -53.172  29.222  0.466 0.0000000000
88018  -51.200  28.167  0.595 0.0000000000
121753  -52.244  29.010  -1.555 0.0000000000
88060  -51.222  28.619  -3.427 0.0000000000
134710  -51.620  29.696  -3.231 0.0000000000
88737  -49.738  29.460  -4.209 0.0000000000
89339  -50.203  29.861  -2.673 0.0000000000
89886  -44.915  30.120  3.937 0.0000000000
89296  -44.864  29.193  2.745 0.0000000000
89263  -44.006  30.054  4.160 0.0000000000
88653  -43.095  28.846  3.337 0.0000000000
89262  -43.121  29.994  4.305 0.0000000000
83069  -39.072  19.797  10.690 0.0000000000
82219  -40.527  19.310  9.658 0.0000000000
83087  -38.129  19.977  10.175 0.0000000000
83850  -35.936  22.022  9.217 0.0000000000
83106  -38.422  20.643  8.111 0.0000000000
83859  -38.793  21.799  7.059 0.0000000000
83865  -40.675  21.510  5.632 0.0000000000
84576  -39.752  22.348  6.270 0.0000000000
89829  -48.194  31.161  10.571 0.0000000000
89844  -48.006  30.270  8.944 0.0000000000
89835  -49.743  30.823  9.689 0.0000000000
89856  -53.520  30.186  7.985 0.0000000000
89247  -52.980  29.270  7.723 0.0000000000
88638  -53.494  28.874  6.126 0.0000000000
88643  -53.860  28.124  4.387 0.0000000000
89266  -52.576  29.219  4.307 0.0000000000
89286  -51.429  29.575  3.390 0.0000000000
89265  -51.117  29.605  4.559 0.0000000000
117478  -48.937  32.464  6.137 0.0000000000
89863  -48.592  31.146  5.190 0.0000000000
91006  -48.359  32.244  5.728 0.0000000000
90451  -47.152  31.999  5.328 0.0000000000
116316  -47.320  32.955  5.736 0.0000000000
79918  -47.625  16.650  -3.915 0.0000000000
87160  -41.675  26.217  23.103 0.0000000000
86548  -41.424  26.226  20.752 0.0000000000
87169  -42.391  27.655  21.582 0.0000000000
89151  -41.194  31.122  17.621 0.0000000000
88542  -41.287  30.044  17.553 0.0000000000
88558  -39.233  29.244  16.330 0.0000000000
131547  -37.609  28.373  15.099 0.0000000000
87907  -37.273  28.583  13.644 0.0000000000
121936  -39.324  31.233  10.055 0.0000000000
89809  -40.961  29.887  11.303 0.0000000000
90401  -42.761  31.005  11.768 0.0000000000
89802  -44.859  30.819  12.382 0.0000000000
90958  -44.481  32.431  12.035 0.0000000000
83836  -50.618  21.805  11.403 0.0000000000
84548  -49.075  22.632  12.174 0.0000000000
83803  -46.557  22.771  14.928 0.0000000000
84524  -44.682  22.724  14.583 0.0000000000
83059  -45.012  22.080  12.568 0.0000000000
83057  -43.185  21.685  12.720 0.0000000000
83070  -41.985  20.681  12.009 0.0000000000
83043  -41.365  21.365  13.779 0.0000000000
82125  -38.579  19.325  17.147 0.0000000000
116605  -37.965  19.262  15.890 0.0000000000
82111  -36.288  18.877  17.084 0.0000000000
76460  -39.251  12.207  17.954 0.0000000000
125017  -39.012  13.596  16.874 0.0000000000
78167  -38.367  15.013  16.672 0.0000000000
78181  -39.848  14.997  15.809 0.0000000000
122604  -38.579  16.474  17.447 0.0000000000
117423  -39.224  17.104  17.617 0.0000000000
128766  -38.783  17.300  20.663 0.0000000000
84446  -40.241  22.927  25.224 0.0000000000
84439  -38.431  22.567  26.195 0.0000000000
80639  -53.965  18.211  2.292 0.0000000000
81397  -44.514  18.599  6.497 0.0000000000
123583  -46.405  18.891  6.616 0.0000000000
82264  -46.480  19.393  5.307 0.0000000000
81458  -47.552  18.638  1.625 0.0000000000
81445  -48.528  18.611  2.516 0.0000000000
81460  -49.633  18.334  1.362 0.0000000000
117144  -51.584  18.570  0.309 0.0000000000
81486  -51.595  18.681  -0.878 0.0000000000
81496  -52.690  19.037  -2.386 0.0000000000
114959  -51.063  18.888  -1.787 0.0000000000
83196  -48.248  20.833  -2.715 0.0000000000
82355  -49.305  19.696  -3.711 0.0000000000
83201  -48.753  20.715  -4.280 0.0000000000
124515  -48.973  20.101  -5.435 0.0000000000
83934  -48.644  21.282  -4.608 0.0000000000
86593  -37.600  25.274  16.446 0.0000000000
85927  -35.820  24.269  14.484 0.0000000000
85936  -36.138  24.822  12.887 0.0000000000
86637  -41.319  25.952  7.247 0.0000000000
86634  -38.909  25.348  7.923 0.0000000000
85969  -42.247  24.743  6.155 0.0000000000
85303  -41.890  24.031  5.801 0.0000000000
86656  -44.012  24.954  4.940 0.0000000000
133154  -48.704  28.128  6.613 0.0000000000
88631  -46.954  27.928  6.864 0.0000000000
87950  -48.467  27.511  6.087 0.0000000000
122211  -48.550  26.946  1.015 0.0000000000
137450  -47.693  26.503  2.940 0.0000000000
87319  -46.928  26.176  1.689 0.0000000000
86683  -45.635  25.452  1.337 0.0000000000
86692  -46.480  25.919  0.001 0.0000000000
86019  -46.485  24.387  -1.190 0.0000000000
87342  -47.248  25.664  -1.255 0.0000000000
86733  -49.793  25.360  -4.673 0.0000000000
86035  -49.281  24.509  -4.008 0.0000000000
127906  -48.475  24.210  -5.870 0.0000000000
85386  -47.987  23.083  -6.113 0.0000000000
85385  -47.103  23.288  -6.430 0.0000000000
85384  -45.951  23.616  -6.340 0.0000000000
86062  -46.932  25.187  -7.112 0.0000000000
88080  -45.968  28.062  -5.075 0.0000000000
88096  -44.641  27.330  -6.838 0.0000000000
89313  -48.799  29.862  0.986 0.0000000000
89323  -48.236  29.470  -0.208 0.0000000000
88701  -47.465  29.101  0.131 0.0000000000
88014  -43.796  27.563  0.194 0.0000000000
88026  -44.336  27.566  -0.422 0.0000000000
88025  -43.468  27.505  -0.641 0.0000000000
115994  -42.748  27.446  -1.984 0.0000000000
122318  -41.497  27.545  -1.030 0.0000000000
88038  -40.037  27.432  -1.754 0.0000000000
88024  -41.065  27.658  -0.243 0.0000000000
88651  -40.101  28.387  3.069 0.0000000000
131209  -39.869  28.173  1.509 0.0000000000
88663  -38.597  28.592  2.214 0.0000000000
88678  -37.988  29.115  0.732 0.0000000000
124522  -35.223  19.685  13.616 0.0000000000
117812  -36.466  20.132  11.090 0.0000000000
83050  -34.451  20.861  12.658 0.0000000000
83841  -34.566  21.888  11.070 0.0000000000
84563  -35.029  22.593  10.177 0.0000000000
90431  -51.600  31.367  10.335 0.0000000000
90985  -52.505  32.033  10.063 0.0000000000
118021  -53.404  30.989  8.435 0.0000000000
89855  -53.082  30.665  7.551 0.0000000000
115779  -51.060  30.529  6.229 0.0000000000
90994  -51.118  32.398  7.218 0.0000000000
90993  -50.676  33.021  6.899 0.0000000000
79909  -49.312  16.484  -3.130 0.0000000000
87849  -38.348  27.507  20.473 0.0000000000
87859  -41.032  28.609  21.070 0.0000000000
88520  -39.412  29.197  19.638 0.0000000000
83026  -43.054  21.958  15.989 0.0000000000
83025  -41.285  21.541  15.091 0.0000000000
82140  -42.290  21.023  16.518 0.0000000000
83004  -41.155  20.112  17.435 0.0000000000
82112  -40.012  19.259  18.274 0.0000000000
77266  -37.210  13.097  18.027 0.0000000000
78926  -35.761  15.035  21.080 0.0000000000
82928  -36.184  20.371  25.388 0.0000000000
119178  -36.132  21.925  25.317 0.0000000000
82935  -34.391  20.465  23.147 0.0000000000
83731  -33.420  21.400  22.570 0.0000000000
82283  -44.085  19.559  4.291 0.0000000000
82284  -45.625  19.559  4.080 0.0000000000
82300  -45.432  19.740  3.256 0.0000000000
82328  -46.282  19.644  1.834 0.0000000000
82335  -47.230  19.062  0.359 0.0000000000
133388  -48.490  18.643  -0.981 0.0000000000
83183  -47.452  19.474  -0.394 0.0000000000
83189  -47.483  20.801  -1.122 0.0000000000
84633  -47.595  22.352  -1.606 0.0000000000
86605  -37.372  25.900  13.166 0.0000000000
86613  -37.365  25.543  11.662 0.0000000000
87258  -38.927  26.412  10.499 0.0000000000
87269  -40.867  26.965  8.463 0.0000000000
87273  -43.280  26.699  7.159 0.0000000000
87964  -50.614  27.416  4.475 0.0000000000
87963  -49.648  27.235  4.085 0.0000000000
87990  -51.063  27.612  2.481 0.0000000000
88005  -49.862  27.479  1.233 0.0000000000
88029  -48.947  27.199  -0.108 0.0000000000
87343  -48.646  26.577  -1.369 0.0000000000
87351  -50.126  26.708  -2.675 0.0000000000
87363  -50.378  26.769  -4.639 0.0000000000
87370  -49.379  26.818  -6.217 0.0000000000
87378  -47.686  26.501  -7.110 0.0000000000
136627  -48.924  28.609  -5.632 0.0000000000
88744  -47.981  28.694  -5.065 0.0000000000
88735  -47.214  28.472  -3.909 0.0000000000
89298  -46.549  29.702  2.242 0.0000000000
88685  -46.463  28.942  1.117 0.0000000000
89297  -45.706  29.427  2.478 0.0000000000
88683  -44.753  28.285  1.604 0.0000000000
132700  -43.422  27.773  1.417 0.0000000000
87999  -41.810  27.647  1.273 0.0000000000
87986  -42.200  27.888  2.046 0.0000000000
88666  -41.559  28.237  2.874 0.0000000000
89277  -40.752  29.283  4.181 0.0000000000
81346  -43.167  19.030  10.020 0.0000000000
127511  -44.976  18.367  8.727 0.0000000000
81358  -42.709  18.623  9.340 0.0000000000
126762  -42.972  18.451  8.040 0.0000000000
81394  -41.944  18.811  6.800 0.0000000000
83097  -38.035  20.180  9.297 0.0000000000
82236  -40.016  19.827  7.759 0.0000000000
82249  -41.901  19.381  5.847 0.0000000000
82281  -42.130  19.978  4.696 0.0000000000
83148  -42.481  20.970  3.289 0.0000000000
84600  -42.742  22.487  2.665 0.0000000000
89218  -45.015  29.906  10.734 0.0000000000
89231  -44.897  29.228  9.063 0.0000000000
89843  -47.081  30.155  9.056 0.0000000000
89243  -47.947  29.289  7.688 0.0000000000
88624  -49.489  28.540  6.972 0.0000000000
89847  -51.613  30.289  9.043 0.0000000000
89246  -51.533  29.152  7.795 0.0000000000
87952  -51.091  27.703  6.057 0.0000000000
119128  -52.836  27.605  4.569 0.0000000000
88673  -53.996  28.746  2.131 0.0000000000
89327  -53.012  29.452  0.349 0.0000000000
118479  -51.244  30.112  -0.396 0.0000000000
115008  -51.096  29.995  1.438 0.0000000000
89301  -49.810  30.078  1.966 0.0000000000
123827  -48.870  30.078  2.317 0.0000000000
136872  -50.003  30.325  5.232 0.0000000000
89891  -49.125  30.113  3.970 0.0000000000
89900  -47.948  30.151  2.735 0.0000000000
89877  -47.031  30.706  4.228 0.0000000000
89876  -46.202  30.773  4.238 0.0000000000
130171  -45.456  31.915  5.070 0.0000000000
85870  -39.149  24.242  20.778 0.0000000000
85885  -38.021  24.137  19.200 0.0000000000
85886  -38.886  24.655  19.710 0.0000000000
86565  -39.671  25.887  18.796 0.0000000000
87211  -38.958  26.653  17.224 0.0000000000
88533  -42.583  29.098  19.784 0.0000000000
87212  -39.985  27.171  17.733 0.0000000000
87228  -38.246  26.767  16.513 0.0000000000
87239  -37.096  26.814  14.218 0.0000000000
87913  -38.766  26.941  12.680 0.0000000000
87924  -41.211  27.931  11.507 0.0000000000
89190  -37.437  29.660  13.798 0.0000000000
88593  -38.694  28.802  12.090 0.0000000000
89207  -41.635  29.114  11.688 0.0000000000
89216  -43.452  29.326  11.508 0.0000000000
89825  -44.711  30.047  11.803 0.0000000000
89816  -46.861  31.075  12.096 0.0000000000
90395  -48.886  32.355  13.551 0.0000000000
82198  -48.628  20.171  11.076 0.0000000000
82196  -46.882  20.159  11.233 0.0000000000
84527  -48.753  23.464  14.352 0.0000000000
85270  -48.542  23.612  13.530 0.0000000000
83823  -47.345  22.523  12.514 0.0000000000
83075  -46.435  20.930  11.730 0.0000000000
82207  -44.555  19.566  10.666 0.0000000000
122342  -42.366  20.177  11.337 0.0000000000
114320  -40.046  20.038  11.843 0.0000000000
82183  -37.983  19.589  13.082 0.0000000000
83041  -39.767  20.521  14.513 0.0000000000
82172  -37.726  19.460  13.877 0.0000000000
115447  -35.815  19.355  14.006 0.0000000000
82133  -34.522  19.473  15.908 0.0000000000
77269  -42.968  13.899  18.695 0.0000000000
76471  -38.898  12.927  17.409 0.0000000000
134989  -41.648  13.542  17.136 0.0000000000
78161  -43.022  14.248  17.026 0.0000000000
78184  -43.109  14.673  15.812 0.0000000000
78981  -42.866  15.114  15.159 0.0000000000
79787  -42.417  16.585  14.499 0.0000000000
80562  -40.261  17.525  16.101 0.0000000000
80543  -40.094  18.055  18.355 0.0000000000
81270  -39.211  18.808  19.515 0.0000000000
84484  -37.775  22.756  21.062 0.0000000000
85191  -39.570  23.414  22.766 0.0000000000
85844  -40.709  24.672  24.342 0.0000000000
86520  -39.464  25.502  23.611 0.0000000000
87165  -38.199  26.287  21.816 0.0000000000
80631  -53.456  17.531  3.211 0.0000000000
79870  -53.088  16.759  2.012 0.0000000000
79885  -52.652  16.619  0.501 0.0000000000
127592  -47.325  18.681  7.758 0.0000000000
82252  -48.510  19.451  6.233 0.0000000000
117663  -47.064  19.489  3.917 0.0000000000
82304  -49.458  19.334  3.741 0.0000000000
114284  -50.454  19.400  3.655 0.0000000000
81447  -52.213  18.736  1.858 0.0000000000
81477  -53.533  18.536  -0.154 0.0000000000
79894  -52.915  17.343  -0.499 0.0000000000
79901  -51.775  17.166  -1.897 0.0000000000
79910  -51.253  17.320  -2.641 0.0000000000
80679  -50.497  18.261  -4.252 0.0000000000
81502  -50.193  19.374  -3.465 0.0000000000
81512  -51.009  19.145  -4.637 0.0000000000
80678  -49.439  17.753  -4.390 0.0000000000
80688  -48.177  18.113  -5.143 0.0000000000
81517  -46.824  18.503  -5.394 0.0000000000
115201  -46.272  19.834  -5.726 0.0000000000
85920  -36.059  23.853  16.042 0.0000000000
85941  -34.718  23.803  11.982 0.0000000000
85288  -35.808  23.469  9.353 0.0000000000
86625  -37.095  25.297  10.136 0.0000000000
137618  -37.449  24.896  8.761 0.0000000000
85294  -38.242  23.395  7.393 0.0000000000
85301  -40.761  23.064  5.877 0.0000000000
85318  -42.212  23.029  4.026 0.0000000000
85331  -43.513  23.407  1.765 0.0000000000
88619  -44.801  28.311  7.859 0.0000000000
87947  -44.957  27.043  6.883 0.0000000000
87282  -45.822  26.099  5.678 0.0000000000
87293  -48.188  26.727  4.060 0.0000000000
87291  -46.729  26.242  4.694 0.0000000000
86649  -45.367  25.586  5.061 0.0000000000
86666  -44.615  25.072  3.280 0.0000000000
136388  -44.503  24.739  1.930 0.0000000000
85338  -44.395  23.482  0.499 0.0000000000
85345  -45.488  23.639  -0.531 0.0000000000
126735  -48.112  22.916  -2.147 0.0000000000
86716  -48.437  25.040  -2.139 0.0000000000
86034  -48.767  23.946  -3.374 0.0000000000
84653  -48.459  21.980  -4.141 0.0000000000
83940  -48.463  21.550  -5.505 0.0000000000
83212  -47.070  21.018  -6.376 0.0000000000
134869  -45.139  26.161  -7.277 0.0000000000
134712  -49.831  29.901  -1.484 0.0000000000
88726  -47.746  28.901  -1.487 0.0000000000
121076  -46.182  27.935  -1.892 0.0000000000
88714  -46.157  28.238  0.045 0.0000000000
88043  -45.398  27.690  -1.280 0.0000000000
88056  -44.614  27.558  -2.700 0.0000000000
115965  -42.873  27.441  -2.903 0.0000000000
88065  -41.252  27.138  -3.727 0.0000000000
87349  -40.089  26.570  -2.958 0.0000000000
88681  -40.180  27.945  0.851 0.0000000000
88698  -39.343  28.472  0.049 0.0000000000
91019  -44.247  32.782  5.128 0.0000000000
136726  -43.683  31.807  4.905 0.0000000000
135139  -42.539  30.647  4.599 0.0000000000
89260  -41.129  29.994  4.554 0.0000000000
89259  -40.257  29.840  4.521 0.0000000000
84502  -35.829  22.796  18.144 0.0000000000
85230  -36.618  23.237  18.474 0.0000000000
79099  -50.773  15.550  -0.244 0.0000000000
80577  -45.831  17.311  14.407 0.0000000000
81326  -46.042  18.146  14.187 0.0000000000
137750  -44.447  17.540  14.094 0.0000000000
81322  -42.761  18.420  14.530 0.0000000000
127488  -43.670  17.924  14.185 0.0000000000
124651  -33.461  17.958  22.132 0.0000000000
81350  -46.918  18.893  10.130 0.0000000000
81363  -47.350  18.623  9.427 0.0000000000
81362  -46.442  18.590  9.453 0.0000000000
83891  -43.638  21.886  1.758 0.0000000000
83892  -44.451  21.543  1.376 0.0000000000
84615  -44.456  22.257  0.780 0.0000000000
88606  -42.519  28.393  9.932 0.0000000000
87932  -41.684  27.828  9.685 0.0000000000
88607  -43.380  28.729  9.697 0.0000000000
89336  -52.663  29.469  -0.384 0.0000000000
88718  -52.568  29.294  -0.837 0.0000000000
88719  -52.409  29.592  -1.304 0.0000000000
88728  -52.146  29.626  -2.178 0.0000000000
89345  -51.936  29.857  -2.772 0.0000000000
89344  -51.317  29.877  -3.160 0.0000000000
89340  -51.313  30.052  -2.307 0.0000000000
89873  -43.529  30.703  4.535 0.0000000000
83068  -38.193  19.790  11.101 0.0000000000
83067  -37.374  19.783  11.450 0.0000000000
83854  -36.596  22.189  8.554 0.0000000000
83855  -37.403  21.961  7.943 0.0000000000
83858  -38.083  22.096  7.436 0.0000000000
83861  -39.411  21.856  6.552 0.0000000000
84573  -38.458  22.620  7.150 0.0000000000
90420  -48.896  31.622  11.674 0.0000000000
90429  -49.284  31.342  10.512 0.0000000000
89861  -53.404  29.826  7.137 0.0000000000
132010  -53.579  29.124  6.816 0.0000000000
89250  -53.219  29.409  6.427 0.0000000000
89254  -53.466  28.661  5.064 0.0000000000
89253  -52.436  29.426  5.488 0.0000000000
91005  -48.204  32.852  5.927 0.0000000000
132074  -47.809  32.369  5.610 0.0000000000
91589  -47.986  33.522  5.848 0.0000000000
79113  -48.509  15.663  -2.506 0.0000000000
79908  -48.109  16.139  -3.237 0.0000000000
87167  -41.245  26.739  22.779 0.0000000000
87168  -42.020  26.691  22.413 0.0000000000
87843  -41.477  27.614  21.977 0.0000000000
89157  -39.964  31.003  16.163 0.0000000000
88541  -40.640  30.615  16.892 0.0000000000
88576  -38.963  30.131  15.539 0.0000000000
88575  -38.047  29.338  15.039 0.0000000000
126092  -37.914  29.839  14.469 0.0000000000
90418  -42.314  31.920  11.203 0.0000000000
90957  -43.660  32.044  11.875 0.0000000000
84549  -51.034  23.522  12.465 0.0000000000
84557  -50.136  22.760  12.109 0.0000000000
136508  -50.235  23.492  12.652 0.0000000000
116412  -43.718  22.203  13.306 0.0000000000
83812  -43.213  22.187  13.816 0.0000000000
83044  -42.088  21.618  13.520 0.0000000000
83797  -41.976  21.806  14.671 0.0000000000
81289  -38.911  19.206  18.164 0.0000000000
81300  -37.401  18.969  17.086 0.0000000000
81288  -37.385  19.044  17.939 0.0000000000
116633  -36.109  19.064  17.951 0.0000000000
82104  -37.102  19.102  18.656 0.0000000000
75617  -38.040  11.553  18.350 0.0000000000
78959  -37.569  15.321  17.598 0.0000000000
78951  -37.353  15.666  18.306 0.0000000000
78964  -38.156  15.764  17.058 0.0000000000
79745  -38.102  16.449  18.617 0.0000000000
122586  -38.253  16.711  19.335 0.0000000000
79736  -37.861  16.523  20.083 0.0000000000
82925  -38.973  21.189  26.373 0.0000000000
84440  -39.344  22.203  26.242 0.0000000000
83699  -38.600  21.966  26.491 0.0000000000
82305  -52.508  19.673  3.466 0.0000000000
81409  -45.039  18.895  5.773 0.0000000000
81473  -47.906  18.521  0.643 0.0000000000
81459  -48.504  18.412  1.610 0.0000000000
81474  -49.035  18.286  0.557 0.0000000000
81475  -50.256  18.358  0.381 0.0000000000
81485  -49.850  18.416  -0.472 0.0000000000
117351  -49.455  18.608  -1.293 0.0000000000
82354  -48.570  20.232  -3.219 0.0000000000
121732  -37.231  25.479  15.767 0.0000000000
86595  -36.744  25.013  15.214 0.0000000000
86600  -36.676  25.385  14.457 0.0000000000
86638  -42.196  25.936  6.967 0.0000000000
86641  -41.803  25.270  6.681 0.0000000000
86642  -42.619  25.398  6.489 0.0000000000
86646  -43.006  24.965  5.925 0.0000000000
86647  -43.759  25.171  5.705 0.0000000000
88633  -49.358  27.840  6.282 0.0000000000
120891  -49.228  27.449  5.696 0.0000000000
87328  -47.926  26.665  0.548 0.0000000000
87320  -47.841  26.590  1.533 0.0000000000
87327  -47.119  26.301  0.786 0.0000000000
137559  -46.970  26.036  -0.708 0.0000000000
118129  -47.660  26.305  -1.042 0.0000000000
86741  -49.438  25.655  -5.898 0.0000000000
86043  -49.103  24.711  -5.245 0.0000000000
86054  -48.668  25.056  -6.375 0.0000000000
122210  -47.739  23.842  -6.276 0.0000000000
86053  -47.774  24.597  -6.668 0.0000000000
86052  -46.739  24.237  -6.648 0.0000000000
88079  -44.912  27.785  -5.261 0.0000000000
136239  -44.449  27.663  -4.430 0.0000000000
117676  -47.764  29.694  1.295 0.0000000000
89312  -48.031  29.574  0.538 0.0000000000
119404  -43.222  27.598  0.774 0.0000000000
121438  -42.892  27.514  -0.044 0.0000000000
131922  -42.534  27.496  -1.023 0.0000000000
123972  -41.970  27.534  -0.208 0.0000000000
88664  -39.330  28.461  2.763 0.0000000000
83039  -34.530  20.296  13.621 0.0000000000
129172  -33.971  20.953  14.175 0.0000000000
84523  -34.020  22.391  14.091 0.0000000000
83819  -34.118  21.613  12.855 0.0000000000
84543  -34.207  22.350  12.292 0.0000000000
84556  -34.392  22.425  11.504 0.0000000000
85281  -34.350  23.067  12.041 0.0000000000
90974  -51.818  31.916  10.676 0.0000000000
90435  -53.142  31.509  8.994 0.0000000000
90441  -52.198  31.564  7.541 0.0000000000
91593  -52.028  33.739  6.755 0.0000000000
91591  -50.063  33.448  6.540 0.0000000000
79108  -50.347  15.675  -1.033 0.0000000000
79107  -49.826  15.800  -1.707 0.0000000000
79899  -50.186  16.476  -2.533 0.0000000000
134144  -38.490  28.244  19.818 0.0000000000
83029  -45.016  20.698  14.754 0.0000000000
128462  -43.313  21.534  15.787 0.0000000000
83015  -42.432  21.640  16.086 0.0000000000
82155  -42.882  21.062  16.137 0.0000000000
81309  -41.347  19.196  17.089 0.0000000000
82138  -41.686  19.980  17.433 0.0000000000
82128  -41.341  19.654  17.614 0.0000000000
82126  -39.955  19.603  17.652 0.0000000000
82113  -40.582  19.198  18.225 0.0000000000
80461  -35.419  16.951  24.811 0.0000000000
81220  -35.638  18.722  24.957 0.0000000000
82041  -35.366  19.576  24.479 0.0000000000
82936  -35.028  20.367  24.107 0.0000000000
82040  -34.629  19.612  23.414 0.0000000000
82954  -33.789  20.657  22.442 0.0000000000
82953  -33.170  20.910  21.920 0.0000000000
82299  -44.157  19.862  3.587 0.0000000000
115021  -44.824  19.691  3.791 0.0000000000
83150  -44.643  20.028  3.118 0.0000000000
83166  -45.651  20.298  1.714 0.0000000000
83167  -46.205  20.092  1.203 0.0000000000
82334  -46.692  19.492  1.012 0.0000000000
82343  -46.989  19.772  0.278 0.0000000000
83910  -46.058  21.918  -0.241 0.0000000000
83911  -46.917  21.338  -0.560 0.0000000000
83920  -47.445  21.559  -1.296 0.0000000000
87249  -38.650  26.389  12.299 0.0000000000
86614  -38.155  25.955  11.613 0.0000000000
87252  -38.902  26.371  11.470 0.0000000000
87938  -41.673  27.368  8.518 0.0000000000
87266  -40.440  27.061  9.131 0.0000000000
87941  -42.091  26.999  7.761 0.0000000000
87272  -42.536  26.548  7.276 0.0000000000
116052  -42.766  27.213  7.609 0.0000000000
87991  -51.864  27.662  3.013 0.0000000000
87976  -50.540  27.436  3.417 0.0000000000
88031  -51.343  28.358  -0.454 0.0000000000
88017  -50.216  27.717  0.360 0.0000000000
88016  -49.223  27.299  0.557 0.0000000000
88030  -49.858  27.561  -0.280 0.0000000000
87344  -49.665  27.061  -1.808 0.0000000000
88071  -51.080  28.920  -4.198 0.0000000000
133804  -50.645  27.450  -3.251 0.0000000000
88070  -50.631  27.906  -4.190 0.0000000000
87371  -49.979  27.396  -5.562 0.0000000000
88091  -49.171  27.947  -6.092 0.0000000000
88082  -49.893  28.517  -5.390 0.0000000000
88745  -49.243  29.082  -4.969 0.0000000000
88736  -48.390  29.064  -3.896 0.0000000000
117573  -47.443  28.620  -3.077 0.0000000000
88654  -44.011  28.966  3.055 0.0000000000
88669  -44.401  28.634  2.296 0.0000000000
88682  -43.905  28.105  1.826 0.0000000000
87987  -43.087  27.954  2.006 0.0000000000
88667  -42.627  28.314  2.732 0.0000000000
89279  -42.675  29.367  3.977 0.0000000000
88652  -42.151  28.765  3.542 0.0000000000
129207  -41.214  28.756  3.679 0.0000000000
81345  -42.251  19.080  10.013 0.0000000000
81359  -43.614  18.590  9.396 0.0000000000
82227  -40.411  19.222  8.871 0.0000000000
81370  -41.404  18.774  8.537 0.0000000000
81384  -42.469  18.537  7.556 0.0000000000
81382  -40.974  19.011  7.943 0.0000000000
83085  -36.057  20.720  10.320 0.0000000000
119797  -37.385  20.346  9.697 0.0000000000
83111  -38.970  20.971  7.442 0.0000000000
83107  -39.251  20.181  7.972 0.0000000000
114843  -40.280  20.285  7.075 0.0000000000
82248  -41.292  19.520  6.504 0.0000000000
137678  -41.287  19.970  5.901 0.0000000000
135720  -42.053  19.657  5.258 0.0000000000
82259  -41.600  20.016  5.294 0.0000000000
138011  -40.951  21.971  5.303 0.0000000000
83873  -41.608  21.381  4.243 0.0000000000
83879  -42.079  21.637  3.527 0.0000000000
83880  -42.658  21.745  2.827 0.0000000000
84596  -42.339  22.508  3.269 0.0000000000
89831  -45.825  30.283  10.283 0.0000000000
89224  -46.197  29.989  9.281 0.0000000000
89845  -49.007  30.351  8.912 0.0000000000
89235  -48.459  29.799  8.276 0.0000000000
89244  -48.940  29.260  7.618 0.0000000000
89245  -50.121  29.175  7.687 0.0000000000
89837  -52.303  30.879  9.650 0.0000000000
89836  -51.018  30.797  9.751 0.0000000000
88627  -53.326  28.787  7.117 0.0000000000
88626  -52.250  28.595  7.272 0.0000000000
88635  -51.534  28.112  6.666 0.0000000000
87953  -52.130  27.752  6.265 0.0000000000
132171  -52.669  27.592  5.307 0.0000000000
87965  -53.499  27.810  5.102 0.0000000000
89288  -53.578  29.058  2.929 0.0000000000
88655  -53.923  28.485  3.285 0.0000000000
89303  -53.346  29.344  2.190 0.0000000000
88690  -53.905  29.112  1.677 0.0000000000
89316  -53.045  29.505  1.221 0.0000000000
89315  -52.288  29.847  0.682 0.0000000000
89302  -52.035  29.725  2.142 0.0000000000
115891  -50.612  29.907  2.526 0.0000000000
89901  -49.517  29.987  2.879 0.0000000000
89864  -50.077  30.607  5.667 0.0000000000
114434  -49.298  30.519  5.040 0.0000000000
89878  -48.398  30.609  4.532 0.0000000000
89890  -48.187  30.306  3.705 0.0000000000
116467  -47.714  30.575  4.216 0.0000000000
89889  -47.400  30.339  3.546 0.0000000000
90464  -46.678  31.326  4.729 0.0000000000
90450  -46.184  31.952  5.169 0.0000000000
90463  -45.791  31.368  4.703 0.0000000000
79917  -46.539  16.587  -3.871 0.0000000000
81510  -46.088  17.920  -4.724 0.0000000000
85871  -40.184  24.698  21.570 0.0000000000
85887  -39.704  24.860  20.539 0.0000000000
87185  -40.817  26.425  19.470 0.0000000000
86547  -39.986  25.475  19.864 0.0000000000
87195  -39.381  26.183  17.946 0.0000000000
87196  -40.368  26.760  18.458 0.0000000000
88521  -41.080  29.606  20.133 0.0000000000
88514  -42.471  29.073  20.747 0.0000000000
88522  -42.333  29.784  19.931 0.0000000000
133377  -40.086  28.920  17.002 0.0000000000
129043  -40.625  28.444  17.600 0.0000000000
87877  -39.676  27.695  17.247 0.0000000000
87891  -38.983  27.777  16.765 0.0000000000
87235  -37.183  26.705  15.071 0.0000000000
87902  -37.620  27.644  15.451 0.0000000000
135487  -38.224  27.500  12.886 0.0000000000
87912  -37.852  27.266  13.254 0.0000000000
87914  -39.552  27.292  12.355 0.0000000000
87918  -40.528  27.477  11.839 0.0000000000
87915  -40.080  27.681  12.156 0.0000000000
89822  -38.946  30.404  10.608 0.0000000000
89195  -37.078  29.919  12.798 0.0000000000
89204  -38.130  29.591  11.608 0.0000000000
89197  -37.894  29.216  12.107 0.0000000000
89212  -39.061  29.512  11.398 0.0000000000
89811  -42.581  30.079  11.884 0.0000000000
89206  -40.869  29.065  11.596 0.0000000000
89208  -42.428  29.238  11.754 0.0000000000
89215  -42.738  29.006  11.612 0.0000000000
89209  -43.251  29.582  11.912 0.0000000000
89210  -44.003  29.762  11.968 0.0000000000
89813  -44.539  30.291  12.155 0.0000000000
90392  -46.220  31.649  12.851 0.0000000000
90403  -45.901  31.194  12.574 0.0000000000
90393  -47.115  31.900  13.146 0.0000000000
90405  -47.426  31.628  12.862 0.0000000000
90394  -48.090  32.141  13.415 0.0000000000
83843  -51.385  21.480  10.914 0.0000000000
83835  -49.550  21.820  11.619 0.0000000000
83079  -49.913  21.045  11.131 0.0000000000
82197  -47.779  20.134  11.178 0.0000000000
83076  -47.326  20.864  11.633 0.0000000000
84536  -46.795  23.562  14.161 0.0000000000
128200  -47.931  23.303  14.377 0.0000000000
85252  -47.491  23.445  14.292 0.0000000000
126540  -48.779  23.800  14.099 0.0000000000
85269  -47.595  23.591  13.786 0.0000000000
84547  -47.858  23.215  13.001 0.0000000000
84546  -46.990  23.277  13.338 0.0000000000
83058  -44.064  21.797  12.578 0.0000000000
83831  -45.992  21.847  12.271 0.0000000000
83073  -44.573  21.042  11.919 0.0000000000
82194  -45.044  20.276  11.275 0.0000000000
82193  -44.132  20.275  11.299 0.0000000000
82192  -43.247  20.237  11.333 0.0000000000
82175  -40.260  20.535  13.068 0.0000000000
82185  -41.205  20.544  12.099 0.0000000000
82184  -39.698  20.143  12.684 0.0000000000
118549  -38.810  19.826  12.830 0.0000000000
83024  -40.612  21.009  15.654 0.0000000000
82153  -39.727  20.393  15.594 0.0000000000
82135  -36.908  18.961  15.514 0.0000000000
82151  -37.535  19.285  14.784 0.0000000000
82171  -36.793  19.289  14.001 0.0000000000
82150  -36.377  19.118  14.712 0.0000000000
82149  -35.495  19.238  14.799 0.0000000000
133651  -35.212  19.176  15.483 0.0000000000
79774  -45.007  15.820  15.316 0.0000000000
127953  -41.095  12.594  18.704 0.0000000000
77256  -42.522  13.532  19.156 0.0000000000
77257  -43.145  13.929  19.409 0.0000000000
77268  -42.442  13.647  18.277 0.0000000000
76470  -37.991  12.949  17.647 0.0000000000
77275  -37.674  13.718  17.538 0.0000000000
77285  -39.523  13.930  16.491 0.0000000000
77277  -39.642  13.311  16.978 0.0000000000
77287  -41.086  13.570  16.779 0.0000000000
77280  -42.372  13.841  17.274 0.0000000000
126352  -41.832  13.939  16.508 0.0000000000
78172  -43.281  14.498  16.488 0.0000000000
78183  -42.130  14.542  15.685 0.0000000000
127211  -40.520  15.651  15.370 0.0000000000
78980  -42.044  15.209  15.027 0.0000000000
78979  -41.366  15.553  15.064 0.0000000000
78995  -42.668  15.760  14.681 0.0000000000
78993  -41.188  16.180  15.001 0.0000000000
79786  -41.572  16.835  14.796 0.0000000000
79785  -40.694  16.958  15.256 0.0000000000
80524  -39.625  18.175  19.475 0.0000000000
81282  -39.824  18.568  19.211 0.0000000000
81271  -39.523  18.436  19.506 0.0000000000
83733  -38.861  21.702  23.330 0.0000000000
83732  -37.954  21.485  22.047 0.0000000000
84461  -38.429  22.248  22.409 0.0000000000
84460  -37.441  21.984  21.153 0.0000000000
85190  -38.652  22.902  22.096 0.0000000000
85181  -39.645  22.878  23.649 0.0000000000
85173  -38.991  23.484  25.452 0.0000000000
85174  -39.990  23.624  25.086 0.0000000000
84443  -35.856  22.629  24.614 0.0000000000
85858  -36.290  24.642  22.277 0.0000000000
86518  -37.210  25.009  22.671 0.0000000000
86526  -36.734  25.287  21.733 0.0000000000
86536  -37.209  25.916  21.262 0.0000000000
79854  -52.616  16.920  3.904 0.0000000000
80622  -53.360  17.582  4.194 0.0000000000
80638  -53.527  17.350  2.411 0.0000000000
79871  -53.867  17.634  1.566 0.0000000000
79878  -53.403  17.076  1.072 0.0000000000
79879  -54.100  17.979  0.780 0.0000000000
81375  -45.954  18.415  8.701 0.0000000000
81374  -45.443  18.406  7.985 0.0000000000
82251  -46.961  19.256  5.996 0.0000000000
136971  -47.490  19.262  6.325 0.0000000000
82301  -46.334  19.482  3.476 0.0000000000
82285  -46.552  19.520  4.505 0.0000000000
82316  -47.168  19.226  3.249 0.0000000000
81446  -49.325  18.513  2.323 0.0000000000
81432  -48.956  18.871  3.137 0.0000000000
81433  -49.954  18.852  3.017 0.0000000000
82317  -51.155  19.010  2.868 0.0000000000
81476  -53.077  18.992  -0.735 0.0000000000
115732  -53.446  18.938  -1.121 0.0000000000
80661  -53.549  18.567  -0.716 0.0000000000
80660  -53.180  18.195  -1.338 0.0000000000
79893  -52.329  17.133  -1.187 0.0000000000
80665  -52.756  18.234  -1.927 0.0000000000
81505  -52.360  19.046  -3.222 0.0000000000
80671  -51.849  18.496  -3.382 0.0000000000
80670  -50.666  17.580  -3.451 0.0000000000
80680  -51.646  18.861  -4.148 0.0000000000
81492  -48.110  19.130  -1.327 0.0000000000
81493  -49.091  18.880  -1.989 0.0000000000
81501  -48.800  19.251  -2.472 0.0000000000
82362  -49.976  19.499  -5.057 0.0000000000
81511  -50.644  19.334  -4.550 0.0000000000
80690  -50.217  18.629  -4.819 0.0000000000
80689  -49.250  18.337  -4.951 0.0000000000
81519  -49.173  18.857  -5.572 0.0000000000
119127  -48.260  19.719  -5.941 0.0000000000
82367  -46.938  19.243  -5.829 0.0000000000
83207  -47.306  20.256  -6.092 0.0000000000
85902  -37.778  24.304  18.347 0.0000000000
85901  -37.115  23.854  17.997 0.0000000000
85912  -36.917  24.040  17.197 0.0000000000
85931  -35.607  24.330  13.523 0.0000000000
85926  -35.206  23.803  14.114 0.0000000000
85947  -34.838  23.836  11.196 0.0000000000
85948  -35.373  24.127  10.662 0.0000000000
86627  -38.345  26.074  9.728 0.0000000000
86621  -37.526  25.630  10.797 0.0000000000
86626  -37.669  25.665  9.948 0.0000000000
85964  -40.088  24.893  7.081 0.0000000000
85959  -38.111  25.004  8.272 0.0000000000
85962  -38.615  24.675  7.691 0.0000000000
85961  -38.097  24.168  7.749 0.0000000000
85295  -38.778  24.050  7.296 0.0000000000
85298  -40.309  23.522  6.358 0.0000000000
85299  -41.101  23.782  6.137 0.0000000000
85979  -42.940  24.116  4.859 0.0000000000
85311  -42.340  23.528  5.017 0.0000000000
85986  -43.230  23.902  3.359 0.0000000000
85325  -43.105  23.375  2.640 0.0000000000
85993  -43.619  24.027  2.541 0.0000000000
88616  -46.036  29.059  8.070 0.0000000000
88615  -45.254  28.883  8.304 0.0000000000
88620  -45.654  28.488  7.654 0.0000000000
119304  -46.687  27.259  6.408 0.0000000000
131004  -46.405  27.614  6.751 0.0000000000
87279  -46.268  26.654  6.100 0.0000000000
87278  -45.444  26.489  6.323 0.0000000000
87975  -49.538  27.207  3.304 0.0000000000
87962  -48.846  27.022  4.510 0.0000000000
87974  -48.885  26.970  3.691 0.0000000000
119136  -47.107  26.257  3.069 0.0000000000
87303  -47.589  26.498  3.596 0.0000000000
87302  -46.873  26.233  3.857 0.0000000000
86659  -46.024  25.813  4.177 0.0000000000
86658  -45.077  25.367  4.100 0.0000000000
134860  -45.513  25.511  3.147 0.0000000000
86691  -45.722  25.425  0.438 0.0000000000
86682  -44.981  25.102  1.650 0.0000000000
86006  -45.047  25.001  0.808 0.0000000000
132264  -44.515  24.539  1.256 0.0000000000
119745  -44.673  24.228  0.423 0.0000000000
85344  -44.866  23.538  -0.040 0.0000000000
86012  -45.130  24.169  -0.203 0.0000000000
86020  -47.301  24.365  -1.585 0.0000000000
85352  -46.953  23.689  -1.412 0.0000000000
87350  -49.287  26.193  -2.160 0.0000000000
86717  -49.144  25.392  -2.462 0.0000000000
85368  -48.673  23.923  -4.729 0.0000000000
85367  -48.515  23.322  -3.956 0.0000000000
84646  -48.388  22.749  -3.309 0.0000000000
119673  -48.407  22.624  -4.558 0.0000000000
136464  -48.437  22.114  -5.081 0.0000000000
84659  -48.275  22.346  -5.716 0.0000000000
84658  -47.389  22.364  -6.328 0.0000000000
83944  -46.999  21.647  -6.394 0.0000000000
83206  -46.040  20.577  -5.863 0.0000000000
84652  -45.637  21.916  -5.744 0.0000000000
88099  -47.270  27.182  -6.980 0.0000000000
87377  -46.775  26.661  -7.311 0.0000000000
88098  -46.440  27.361  -6.998 0.0000000000
87368  -43.368  26.888  -6.708 0.0000000000
87374  -44.279  26.876  -7.111 0.0000000000
133322  -49.948  30.013  -0.543 0.0000000000
88716  -47.682  29.006  -0.614 0.0000000000
137511  -47.289  28.722  -0.920 0.0000000000
88725  -47.136  28.480  -2.178 0.0000000000
88684  -45.636  28.519  1.286 0.0000000000
88699  -46.131  28.489  0.711 0.0000000000
88003  -45.543  28.023  0.549 0.0000000000
121191  -44.006  27.502  -1.236 0.0000000000
119287  -44.734  27.568  -0.977 0.0000000000
88042  -44.604  27.553  -1.742 0.0000000000
117824  -45.275  27.653  -2.101 0.0000000000
114732  -43.721  27.505  -3.222 0.0000000000
88040  -41.864  27.457  -1.888 0.0000000000
88053  -41.296  27.273  -2.832 0.0000000000
88064  -40.735  26.922  -3.358 0.0000000000
120726  -39.175  27.379  -1.742 0.0000000000
88724  -38.806  27.880  -1.173 0.0000000000
87998  -40.986  27.717  1.124 0.0000000000
116200  -39.395  28.343  0.879 0.0000000000
88696  -37.934  29.275  -0.094 0.0000000000
91018  -43.489  32.379  4.936 0.0000000000
90461  -43.129  31.530  4.790 0.0000000000
91017  -42.616  32.330  4.837 0.0000000000
114730  -41.201  31.620  4.821 0.0000000000
135646  -34.335  22.020  17.220 0.0000000000
84507  -34.056  22.187  16.425 0.0000000000
84511  -33.974  22.372  15.502 0.0000000000
85246  -34.681  23.132  15.074 0.0000000000
123880  -52.386  32.697  9.496 0.0000000000
91580  -52.620  33.450  8.156 0.0000000000
90995  -52.262  32.556  7.644 0.0000000000
91583  -52.289  33.357  7.398 0.0000000000
92139  -51.765  34.078  6.158 0.0000000000
87866  -36.409  27.832  18.659 0.0000000000
87867  -37.210  28.220  18.976 0.0000000000
82158  -45.314  19.047  14.252 0.0000000000
81323  -43.502  19.100  14.541 0.0000000000
123159  -42.751  19.651  15.178 0.0000000000
81321  -41.971  18.903  15.216 0.0000000000
132840  -41.411  18.748  15.832 0.0000000000
81231  -34.322  18.782  23.016 0.0000000000
81248  -33.758  18.680  22.312 0.0000000000
82221  -48.638  18.994  9.971 0.0000000000
136605  -48.886  18.815  9.276 0.0000000000
81377  -48.588  18.750  8.602 0.0000000000
81389  -48.204  18.845  7.834 0.0000000000
134673  -43.735  20.835  2.543 0.0000000000
83158  -44.385  20.525  2.520 0.0000000000
83893  -45.287  21.037  1.200 0.0000000000
83174  -45.939  20.659  0.873 0.0000000000
83900  -45.659  21.385  0.514 0.0000000000
87917  -40.203  26.984  11.699 0.0000000000
87922  -40.130  26.933  10.761 0.0000000000
136375  -41.142  27.587  9.897 0.0000000000
87933  -42.371  27.895  8.836 0.0000000000
87939  -42.971  27.805  8.114 0.0000000000
88688  -53.575  28.841  1.228 0.0000000000
88687  -52.485  28.518  0.881 0.0000000000
88046  -51.715  28.742  -2.460 0.0000000000
119196  -51.849  29.582  -3.035 0.0000000000
88739  -50.923  29.250  -4.241 0.0000000000
88746  -50.286  29.189  -4.757 0.0000000000
89347  -51.159  29.560  -3.698 0.0000000000
89343  -50.447  29.692  -3.587 0.0000000000
89887  -45.768  30.252  3.702 0.0000000000
89282  -45.331  29.692  3.235 0.0000000000
89281  -44.467  29.541  3.506 0.0000000000
89280  -43.562  29.438  3.780 0.0000000000
89261  -42.393  29.896  4.364 0.0000000000
82189  -39.986  19.787  11.049 0.0000000000
82220  -41.304  19.232  10.030 0.0000000000
82202  -39.911  19.618  10.157 0.0000000000
82218  -39.804  19.498  9.270 0.0000000000
83094  -35.908  21.333  9.703 0.0000000000
83096  -37.154  20.778  8.940 0.0000000000
83104  -36.991  21.464  8.523 0.0000000000
83856  -38.173  21.445  7.664 0.0000000000
83117  -39.637  21.148  6.877 0.0000000000
83126  -40.565  21.008  6.059 0.0000000000
83862  -40.056  21.574  6.187 0.0000000000
84580  -40.454  22.279  5.787 0.0000000000
89828  -47.237  30.910  10.801 0.0000000000
89833  -47.607  30.646  9.748 0.0000000000
89834  -48.589  30.755  9.663 0.0000000000
134939  -53.323  30.563  8.527 0.0000000000
89239  -53.413  29.975  8.172 0.0000000000
89248  -53.396  29.462  7.302 0.0000000000
88628  -53.595  28.934  6.882 0.0000000000
88637  -53.396  28.514  6.515 0.0000000000
88641  -53.484  28.328  5.715 0.0000000000
90446  -49.598  31.786  6.240 0.0000000000
90453  -49.401  31.138  5.702 0.0000000000
90452  -48.819  31.761  5.695 0.0000000000
116699  -48.048  31.752  5.387 0.0000000000
80676  -47.151  17.285  -4.576 0.0000000000
86530  -41.841  25.985  23.078 0.0000000000
86537  -40.716  25.416  21.173 0.0000000000
86538  -41.991  26.132  22.151 0.0000000000
87177  -42.421  26.981  21.564 0.0000000000
87186  -42.247  27.278  20.317 0.0000000000
89143  -41.361  31.089  18.291 0.0000000000
88532  -42.376  29.937  19.019 0.0000000000
89144  -41.844  30.609  18.329 0.0000000000
88557  -38.187  28.686  15.644 0.0000000000
88580  -37.398  28.715  14.389 0.0000000000
88588  -37.686  28.231  12.891 0.0000000000
89823  -40.089  30.493  10.661 0.0000000000
89213  -39.679  29.859  11.033 0.0000000000
89824  -41.055  30.900  10.878 0.0000000000
90400  -41.964  30.960  11.370 0.0000000000
117359  -43.255  30.238  12.076 0.0000000000
89801  -44.334  30.644  12.266 0.0000000000
90402  -43.616  31.008  12.095 0.0000000000
90946  -45.057  31.880  12.711 0.0000000000
83837  -51.721  22.184  11.348 0.0000000000
84558  -51.081  22.646  11.824 0.0000000000
83834  -48.624  21.742  11.764 0.0000000000
84525  -45.319  23.059  14.777 0.0000000000
135642  -45.621  23.255  14.294 0.0000000000
121805  -45.704  22.651  12.948 0.0000000000
83821  -44.376  22.492  13.453 0.0000000000
83071  -42.816  20.825  12.010 0.0000000000
83056  -42.387  21.323  12.665 0.0000000000
83055  -41.644  21.097  12.772 0.0000000000
83054  -40.882  20.844  12.933 0.0000000000
82136  -38.972  19.623  16.572 0.0000000000
82152  -38.760  19.731  15.470 0.0000000000
81308  -37.378  18.986  16.312 0.0000000000
82124  -36.501  18.851  16.256 0.0000000000
82123  -35.423  18.973  16.333 0.0000000000
78158  -36.969  14.852  18.040 0.0000000000
78159  -37.499  14.497  17.521 0.0000000000
77284  -38.801  14.285  16.601 0.0000000000
78168  -39.457  14.536  16.215 0.0000000000
128692  -40.545  14.782  15.657 0.0000000000
78966  -39.100  15.161  16.197 0.0000000000
78965  -38.669  15.710  16.519 0.0000000000
78977  -39.191  16.127  16.141 0.0000000000
79763  -39.645  17.036  16.485 0.0000000000
79755  -38.979  17.083  18.243 0.0000000000
79746  -39.068  17.330  19.113 0.0000000000
124016  -39.294  17.867  21.198 0.0000000000
82937  -39.489  21.011  25.322 0.0000000000
83714  -39.710  21.731  24.973 0.0000000000
84445  -39.962  22.289  25.757 0.0000000000
84441  -39.494  22.752  25.848 0.0000000000
85167  -38.374  23.192  25.712 0.0000000000
80632  -53.941  18.368  3.518 0.0000000000
81449  -53.679  18.629  2.612 0.0000000000
81448  -53.327  18.866  2.084 0.0000000000
81387  -44.976  18.500  7.257 0.0000000000
117102  -45.914  18.624  7.269 0.0000000000
81398  -45.470  18.725  6.528 0.0000000000
82250  -46.010  19.067  5.854 0.0000000000
82265  -47.230  19.521  5.207 0.0000000000
81444  -47.313  18.856  2.462 0.0000000000
81431  -48.004  18.874  3.081 0.0000000000
123339  -47.944  18.602  2.265 0.0000000000
128299  -51.475  18.555  1.221 0.0000000000
81461  -50.618  18.421  1.106 0.0000000000
81487  -53.153  19.076  -1.647 0.0000000000
115738  -52.514  19.115  -2.220 0.0000000000
81495  -52.201  19.189  -3.119 0.0000000000
81494  -50.827  19.221  -2.789 0.0000000000
121507  -47.950  20.365  -1.980 0.0000000000
82361  -49.373  20.095  -4.752 0.0000000000
82368  -49.315  19.419  -5.623 0.0000000000
83208  -48.648  20.683  -5.735 0.0000000000
85922  -37.336  24.636  16.774 0.0000000000
85921  -36.713  24.232  16.417 0.0000000000
86592  -37.059  24.819  16.035 0.0000000000
136922  -36.048  24.614  14.068 0.0000000000
121872  -36.017  24.753  12.053 0.0000000000
132777  -40.026  26.053  7.872 0.0000000000
86632  -39.415  25.994  8.219 0.0000000000
86636  -40.447  25.658  7.400 0.0000000000
86640  -40.939  25.109  6.873 0.0000000000
85968  -41.439  24.533  6.392 0.0000000000
85972  -43.332  24.630  5.238 0.0000000000
85980  -43.467  24.434  4.277 0.0000000000
88622  -47.466  28.652  7.273 0.0000000000
88621  -46.544  28.666  7.507 0.0000000000
88632  -47.914  28.031  6.707 0.0000000000
87949  -47.504  27.392  6.254 0.0000000000
118800  -47.859  27.020  5.577 0.0000000000
88004  -48.868  27.017  1.819 0.0000000000
87313  -48.152  26.683  2.455 0.0000000000
87312  -47.399  26.378  2.354 0.0000000000
87311  -46.692  26.036  2.471 0.0000000000
129169  -46.082  25.733  2.588 0.0000000000
86684  -46.344  25.854  1.037 0.0000000000
86698  -45.903  25.254  -0.387 0.0000000000
86013  -45.731  24.449  -0.664 0.0000000000
86699  -46.539  25.528  -0.823 0.0000000000
86707  -46.835  25.029  -1.311 0.0000000000
86708  -47.673  25.056  -1.668 0.0000000000
86725  -49.661  25.161  -3.455 0.0000000000
86042  -48.316  23.643  -5.666 0.0000000000
126424  -46.473  22.792  -6.292 0.0000000000
137110  -45.922  24.278  -6.611 0.0000000000
88089  -46.101  27.921  -6.253 0.0000000000
88097  -45.516  27.397  -6.930 0.0000000000
88088  -45.137  27.711  -6.237 0.0000000000
88087  -44.229  27.583  -6.155 0.0000000000
89324  -48.914  29.827  0.098 0.0000000000
88715  -46.917  28.587  -0.407 0.0000000000
88015  -44.713  27.706  0.369 0.0000000000
88041  -43.289  27.475  -1.408 0.0000000000
88039  -40.926  27.463  -1.857 0.0000000000
122949  -40.556  27.644  -0.997 0.0000000000
88023  -40.096  27.951  -0.135 0.0000000000
88665  -40.695  28.170  2.545 0.0000000000
121807  -40.490  28.000  1.715 0.0000000000
116302  -39.982  28.258  2.267 0.0000000000
88680  -39.309  28.389  1.826 0.0000000000
88679  -38.660  28.643  1.258 0.0000000000
133003  -38.060  28.828  1.611 0.0000000000
82170  -35.693  19.615  13.160 0.0000000000
135140  -36.094  19.952  11.663 0.0000000000
82180  -35.533  20.034  12.101 0.0000000000
83064  -34.868  20.746  11.739 0.0000000000
83830  -34.857  21.292  11.008 0.0000000000
83810  -33.931  21.676  13.779 0.0000000000
83829  -34.428  21.563  11.763 0.0000000000
83084  -35.381  21.280  10.380 0.0000000000
83842  -34.897  21.863  10.510 0.0000000000
84567  -36.038  22.802  8.908 0.0000000000
90430  -50.553  31.388  10.536 0.0000000000
90422  -51.020  31.944  11.241 0.0000000000
90432  -52.428  31.398  9.970 0.0000000000
90986  -52.755  32.057  9.339 0.0000000000
90433  -52.853  31.584  9.527 0.0000000000
89838  -53.167  31.039  9.233 0.0000000000
117759  -52.270  30.432  6.786 0.0000000000
89854  -51.445  30.977  6.911 0.0000000000
90447  -50.633  31.680  6.854 0.0000000000
91002  -49.908  32.632  6.681 0.0000000000
87176  -38.870  26.991  21.508 0.0000000000
87850  -39.822  27.745  21.290 0.0000000000
87858  -39.538  28.464  20.402 0.0000000000
88519  -38.158  28.687  19.268 0.0000000000
88530  -39.095  29.835  18.953 0.0000000000
88531  -40.910  30.550  19.197 0.0000000000
83027  -43.582  21.951  15.533 0.0000000000
83798  -42.588  22.000  15.476 0.0000000000
83014  -41.755  21.307  16.263 0.0000000000
82154  -42.313  20.201  16.291 0.0000000000
82137  -39.978  20.095  16.864 0.0000000000
81281  -38.936  19.004  18.884 0.0000000000
76457  -36.738  12.395  18.392 0.0000000000
77264  -35.459  13.203  18.950 0.0000000000
77265  -36.344  13.330  18.481 0.0000000000
132258  -35.814  13.868  18.826 0.0000000000
116806  -35.304  14.670  20.728 0.0000000000
78144  -35.859  14.591  19.243 0.0000000000
78941  -36.440  15.342  19.607 0.0000000000
83705  -37.332  21.355  26.173 0.0000000000
83704  -35.604  21.178  24.818 0.0000000000
83712  -34.739  21.086  23.816 0.0000000000
83711  -34.061  21.483  23.186 0.0000000000
82261  -43.636  19.238  5.086 0.0000000000
82262  -44.581  19.249  5.059 0.0000000000
121178  -44.947  19.484  4.442 0.0000000000
82314  -45.880  19.722  2.568 0.0000000000
83159  -45.159  20.166  2.497 0.0000000000
81457  -46.845  19.020  1.774 0.0000000000
81472  -47.153  18.849  1.071 0.0000000000
81483  -47.877  18.790  -0.325 0.0000000000
82349  -47.689  19.937  -1.185 0.0000000000
83182  -47.088  20.424  -0.268 0.0000000000
131620  -47.799  21.005  -1.792 0.0000000000
83921  -48.025  21.555  -2.128 0.0000000000
86604  -36.821  25.672  13.746 0.0000000000
86607  -36.766  25.329  13.072 0.0000000000
86608  -37.134  25.479  12.450 0.0000000000
86622  -38.237  26.056  10.674 0.0000000000
87264  -39.069  26.422  9.602 0.0000000000
87265  -39.855  26.811  9.586 0.0000000000
87268  -40.060  26.551  8.532 0.0000000000
87270  -40.672  26.381  7.843 0.0000000000
87276  -43.786  26.129  6.708 0.0000000000
87959  -50.788  27.509  5.338 0.0000000000
87958  -49.668  27.312  5.028 0.0000000000
87989  -49.911  27.367  2.399 0.0000000000
88006  -51.081  27.801  1.579 0.0000000000
137382  -49.068  27.188  1.169 0.0000000000
87329  -48.536  26.994  0.350 0.0000000000
87337  -48.270  26.789  -0.385 0.0000000000
88059  -50.622  27.697  -2.460 0.0000000000
87357  -50.466  26.638  -3.587 0.0000000000
86726  -50.299  25.819  -3.977 0.0000000000
136062  -50.270  25.971  -4.658 0.0000000000
87362  -50.031  26.278  -5.360 0.0000000000
87379  -48.667  26.145  -6.747 0.0000000000
87369  -48.261  27.332  -6.679 0.0000000000
88749  -48.120  28.274  -6.097 0.0000000000
88081  -47.040  28.251  -5.683 0.0000000000
88743  -46.868  28.324  -4.728 0.0000000000
88069  -46.230  28.059  -3.898 0.0000000000
89311  -46.920  29.451  1.552 0.0000000000
88671  -46.086  29.171  1.782 0.0000000000
88670  -45.253  28.881  2.025 0.0000000000
88001  -44.149  27.747  1.063 0.0000000000
88000  -42.693  27.690  1.363 0.0000000000
137466  -40.778  28.420  3.218 0.0000000000
131022  -40.360  28.751  3.683 0.0000000000
81348  -45.004  18.985  10.072 0.0000000000
81361  -45.462  18.576  9.436 0.0000000000
81360  -44.519  18.578  9.420 0.0000000000
81373  -44.071  18.378  8.733 0.0000000000
81357  -41.804  18.762  9.288 0.0000000000
81372  -43.212  18.413  8.694 0.0000000000
122007  -43.668  18.412  8.029 0.0000000000
81385  -43.227  18.469  7.378 0.0000000000
81396  -43.499  18.566  6.501 0.0000000000
81407  -43.298  18.837  5.736 0.0000000000
83086  -37.146  20.160  10.472 0.0000000000
82226  -39.841  19.591  8.472 0.0000000000
118059  -37.969  20.501  8.672 0.0000000000
82238  -41.190  19.164  7.233 0.0000000000
81395  -42.655  18.792  6.148 0.0000000000
82282  -43.058  19.666  4.462 0.0000000000
83140  -42.535  20.335  3.892 0.0000000000
82280  -41.501  20.666  4.791 0.0000000000
83139  -41.882  20.637  4.231 0.0000000000
121094  -43.055  20.482  3.350 0.0000000000
83157  -43.120  20.921  2.842 0.0000000000
84601  -43.110  22.218  2.237 0.0000000000
84607  -43.446  22.634  1.656 0.0000000000
89222  -44.532  29.490  10.019 0.0000000000
88608  -44.129  28.992  9.409 0.0000000000
89223  -45.351  29.751  9.627 0.0000000000
89232  -45.708  29.446  8.744 0.0000000000
89233  -46.587  29.566  8.425 0.0000000000
89234  -47.508  29.738  8.341 0.0000000000
89242  -47.090  29.234  7.818 0.0000000000
88623  -48.390  28.662  7.132 0.0000000000
89846  -50.183  30.339  8.973 0.0000000000
89237  -50.836  29.715  8.402 0.0000000000
89238  -52.409  29.748  8.414 0.0000000000
88625  -50.819  28.574  7.168 0.0000000000
88634  -50.338  28.074  6.471 0.0000000000
115908  -51.701  27.518  4.919 0.0000000000
87977  -51.713  27.513  4.010 0.0000000000
87978  -53.094  27.720  3.556 0.0000000000
87966  -53.725  27.861  4.277 0.0000000000
87992  -53.761  28.053  2.743 0.0000000000
88672  -53.624  28.477  1.955 0.0000000000
89326  -52.458  29.890  -0.172 0.0000000000
116759  -51.144  30.069  0.498 0.0000000000
89314  -49.906  30.021  1.142 0.0000000000
137220  -49.095  30.026  1.632 0.0000000000
89300  -48.287  29.987  1.816 0.0000000000
89252  -50.876  30.072  5.450 0.0000000000
89264  -50.002  30.052  4.676 0.0000000000
138146  -48.701  30.115  3.120 0.0000000000
89284  -46.998  30.082  2.820 0.0000000000
89888  -46.595  30.329  3.574 0.0000000000
89875  -45.335  30.767  4.323 0.0000000000
90462  -44.864  31.482  4.762 0.0000000000
134803  -38.289  23.884  20.105 0.0000000000
85231  -37.327  23.683  18.812 0.0000000000
85903  -38.455  24.766  18.717 0.0000000000
86546  -39.101  25.234  19.045 0.0000000000
86563  -38.222  24.915  17.888 0.0000000000
86582  -38.584  25.633  17.525 0.0000000000
87210  -38.193  25.840  16.823 0.0000000000
87851  -42.166  28.523  21.280 0.0000000000
87861  -42.724  28.338  20.466 0.0000000000
87860  -42.415  28.168  19.665 0.0000000000
88543  -41.835  29.414  18.197 0.0000000000
87878  -41.115  27.909  18.220 0.0000000000
86596  -37.332  26.143  15.596 0.0000000000
87238  -36.920  26.086  14.403 0.0000000000
87244  -37.073  26.223  13.779 0.0000000000
87248  -38.075  26.453  12.934 0.0000000000
87904  -37.252  27.638  14.696 0.0000000000
87245  -37.447  26.667  13.550 0.0000000000
87250  -39.564  26.760  12.099 0.0000000000
88599  -41.857  28.162  10.818 0.0000000000
88600  -42.415  28.570  11.044 0.0000000000
88583  -37.224  29.046  13.137 0.0000000000
121312  -38.016  28.671  12.441 0.0000000000
88594  -39.684  28.547  11.973 0.0000000000
89214  -40.329  29.703  11.216 0.0000000000
89205  -40.052  29.146  11.546 0.0000000000
88595  -40.620  28.238  11.891 0.0000000000
88596  -41.307  28.523  11.574 0.0000000000
89217  -44.231  29.568  11.152 0.0000000000
89826  -45.501  30.405  11.487 0.0000000000
89814  -45.260  30.705  12.262 0.0000000000
89815  -46.035  30.882  12.192 0.0000000000
90419  -47.830  31.381  11.759 0.0000000000
90406  -48.469  31.822  12.909 0.0000000000
90407  -49.437  32.109  12.847 0.0000000000
90950  -48.523  32.520  13.595 0.0000000000
124498  -50.715  20.980  10.774 0.0000000000
138050  -50.140  20.467  10.692 0.0000000000
131732  -49.950  19.798  10.376 0.0000000000
82211  -48.213  19.517  10.600 0.0000000000
82210  -47.330  19.503  10.649 0.0000000000
82209  -46.438  19.528  10.681 0.0000000000
83824  -48.199  22.506  12.289 0.0000000000
83833  -47.757  21.683  11.925 0.0000000000
83822  -46.468  22.618  12.757 0.0000000000
83832  -46.891  21.707  12.115 0.0000000000
82195  -45.974  20.217  11.266 0.0000000000
82208  -45.505  19.565  10.692 0.0000000000
82206  -43.649  19.577  10.665 0.0000000000
82205  -42.753  19.598  10.676 0.0000000000
82204  -41.886  19.644  10.704 0.0000000000
82191  -41.551  20.144  11.374 0.0000000000
116777  -41.203  19.711  10.808 0.0000000000
83053  -39.166  19.833  11.776 0.0000000000
83052  -38.164  19.705  12.095 0.0000000000
83051  -37.329  19.607  12.344 0.0000000000
83042  -40.488  20.944  14.033 0.0000000000
130687  -39.266  20.146  13.889 0.0000000000
126167  -38.320  19.614  14.427 0.0000000000
82173  -38.611  19.774  13.698 0.0000000000
82182  -37.104  19.450  13.263 0.0000000000
125458  -36.335  19.424  13.443 0.0000000000
82169  -34.981  19.572  14.252 0.0000000000
83003  -33.801  20.320  16.391 0.0000000000
83784  -33.843  21.295  16.875 0.0000000000
131165  -34.796  21.733  18.183 0.0000000000
85206  -37.258  22.894  20.076 0.0000000000
78129  -44.035  14.469  20.264 0.0000000000
78145  -43.780  14.375  19.515 0.0000000000
78153  -44.220  14.708  18.838 0.0000000000
76459  -38.421  12.247  17.970 0.0000000000
76473  -40.599  12.685  17.950 0.0000000000
77276  -38.377  13.628  17.164 0.0000000000
77278  -40.429  13.164  17.196 0.0000000000
77279  -41.132  13.205  17.496 0.0000000000
77267  -41.778  13.391  17.853 0.0000000000
77281  -43.161  14.121  17.868 0.0000000000
78162  -43.981  14.587  17.979 0.0000000000
78173  -43.659  14.536  17.121 0.0000000000
78968  -44.469  14.944  17.178 0.0000000000
78967  -43.978  14.880  16.221 0.0000000000
78983  -44.409  15.391  15.615 0.0000000000
78997  -44.283  15.724  14.987 0.0000000000
118709  -44.135  16.262  14.449 0.0000000000
80575  -43.927  16.975  14.125 0.0000000000
80573  -41.356  17.856  15.129 0.0000000000
80554  -40.794  18.412  16.807 0.0000000000
80552  -39.765  17.520  17.410 0.0000000000
80553  -40.437  18.146  17.326 0.0000000000
81301  -40.724  18.891  18.193 0.0000000000
128749  -40.151  18.763  18.828 0.0000000000
79722  -38.620  17.122  21.627 0.0000000000
80499  -39.377  17.918  22.038 0.0000000000
80484  -39.938  18.406  22.922 0.0000000000
128148  -39.428  18.348  21.382 0.0000000000
81259  -39.440  18.677  21.356 0.0000000000
82078  -39.126  18.755  20.401 0.0000000000
82094  -37.935  19.210  19.974 0.0000000000
131469  -37.155  22.346  20.438 0.0000000000
137393  -37.829  23.312  20.383 0.0000000000
85207  -38.602  23.486  21.228 0.0000000000
85859  -39.741  24.027  22.043 0.0000000000
85860  -40.793  24.654  22.943 0.0000000000
85182  -40.315  23.612  24.467 0.0000000000
85192  -40.555  24.101  23.662 0.0000000000
85851  -40.969  24.724  24.067 0.0000000000
87159  -40.947  26.157  23.377 0.0000000000
87166  -39.679  26.504  22.541 0.0000000000
84444  -37.241  22.257  25.962 0.0000000000
85171  -37.065  23.116  25.140 0.0000000000
86519  -38.253  25.355  23.219 0.0000000000
86528  -38.747  25.897  22.733 0.0000000000
87175  -37.702  26.640  20.884 0.0000000000
87184  -37.246  26.981  20.034 0.0000000000
86545  -36.065  25.885  20.050 0.0000000000
87183  -36.454  26.593  19.652 0.0000000000
87856  -36.809  27.360  19.297 0.0000000000
79862  -52.650  16.745  3.007 0.0000000000
79869  -52.021  16.266  2.467 0.0000000000
79877  -52.358  16.284  1.508 0.0000000000
81376  -46.899  18.491  8.648 0.0000000000
81388  -47.874  18.987  7.212 0.0000000000
133101  -46.688  18.723  7.278 0.0000000000
82240  -48.577  19.197  7.046 0.0000000000
82263  -45.611  19.377  5.015 0.0000000000
82286  -47.503  19.558  4.498 0.0000000000
120096  -49.053  19.532  4.288 0.0000000000
82318  -52.344  19.223  2.806 0.0000000000
81463  -53.535  18.678  1.009 0.0000000000
81462  -52.701  18.704  0.570 0.0000000000
81464  -53.943  18.407  0.703 0.0000000000
79886  -53.576  17.688  0.176 0.0000000000
79100  -51.834  16.175  -0.151 0.0000000000
79911  -52.221  18.323  -2.637 0.0000000000
79920  -49.697  17.326  -3.823 0.0000000000
81503  -51.591  19.201  -4.016 0.0000000000
80677  -48.361  17.428  -4.514 0.0000000000
80687  -47.097  17.980  -5.152 0.0000000000
81518  -48.070  18.797  -5.752 0.0000000000
85238  -36.395  23.453  17.666 0.0000000000
85242  -35.467  23.307  16.457 0.0000000000
85250  -34.881  23.411  14.431 0.0000000000
85923  -35.900  24.047  15.285 0.0000000000
85251  -35.320  23.677  14.834 0.0000000000
85268  -34.578  23.428  13.204 0.0000000000
85284  -34.517  23.208  11.332 0.0000000000
85287  -35.330  23.426  9.995 0.0000000000
84569  -36.527  22.983  8.468 0.0000000000
137478  -36.559  25.110  12.451 0.0000000000
86612  -36.635  25.140  11.763 0.0000000000
85949  -35.995  24.718  11.199 0.0000000000
86630  -37.851  25.506  9.103 0.0000000000
85954  -37.193  25.123  9.413 0.0000000000
85953  -36.506  24.740  9.814 0.0000000000
85957  -36.804  24.385  8.906 0.0000000000
85291  -36.922  23.596  8.348 0.0000000000
85293  -37.557  23.501  7.846 0.0000000000
85297  -38.935  23.282  6.933 0.0000000000
134128  -40.158  22.863  6.148 0.0000000000
84581  -41.167  22.548  5.369 0.0000000000
85302  -41.524  23.277  5.515 0.0000000000
85324  -42.721  22.904  2.787 0.0000000000
84606  -43.036  22.852  2.244 0.0000000000
130805  -43.777  28.601  8.890 0.0000000000
88618  -43.838  28.175  8.112 0.0000000000
87945  -46.113  27.979  7.105 0.0000000000
87944  -45.296  27.796  7.266 0.0000000000
87943  -44.403  27.636  7.421 0.0000000000
87274  -44.092  26.869  7.032 0.0000000000
87277  -44.601  26.303  6.524 0.0000000000
86644  -44.215  25.666  6.164 0.0000000000
87957  -48.695  27.146  5.282 0.0000000000
87285  -48.077  26.786  4.839 0.0000000000
87284  -47.311  26.580  5.153 0.0000000000
87292  -47.464  26.511  4.380 0.0000000000
87283  -46.563  26.371  5.437 0.0000000000
87290  -46.134  25.954  5.042 0.0000000000
86648  -44.519  25.390  5.452 0.0000000000
86657  -44.661  25.239  4.754 0.0000000000
122803  -44.272  24.958  4.121 0.0000000000
86674  -45.547  25.462  2.182 0.0000000000
86673  -44.876  25.126  2.452 0.0000000000
85994  -44.234  24.636  2.546 0.0000000000
86000  -44.023  24.203  1.803 0.0000000000
85337  -44.096  23.803  1.048 0.0000000000
84614  -43.933  22.974  0.949 0.0000000000
84622  -44.613  22.882  0.285 0.0000000000
84623  -45.402  22.820  -0.307 0.0000000000
84631  -45.957  23.135  -0.756 0.0000000000
85351  -46.165  23.702  -1.005 0.0000000000
84639  -48.250  22.142  -2.694 0.0000000000
86709  -48.233  25.786  -1.709 0.0000000000
86026  -48.236  24.301  -2.159 0.0000000000
86027  -49.030  24.624  -2.832 0.0000000000
85361  -48.419  23.480  -2.707 0.0000000000
83945  -47.837  21.633  -6.286 0.0000000000
86745  -47.124  25.967  -7.325 0.0000000000
86744  -46.264  25.975  -7.429 0.0000000000
87375  -45.037  26.990  -7.282 0.0000000000
89334  -51.264  30.103  -1.308 0.0000000000
88727  -48.853  29.459  -2.050 0.0000000000
88717  -48.495  29.427  -1.035 0.0000000000
88730  -48.079  29.019  -2.619 0.0000000000
88058  -46.612  28.203  -2.937 0.0000000000
88057  -45.590  27.755  -2.944 0.0000000000
88686  -47.221  29.259  0.854 0.0000000000
88700  -46.736  28.756  0.434 0.0000000000
88027  -45.311  27.752  -0.333 0.0000000000
88028  -46.174  28.009  -0.827 0.0000000000
135922  -44.976  27.627  -3.282 0.0000000000
115321  -43.732  27.576  -4.217 0.0000000000
88067  -42.894  27.496  -3.946 0.0000000000
88066  -41.978  27.349  -3.625 0.0000000000
88054  -42.152  27.398  -2.632 0.0000000000
87355  -40.571  26.433  -3.695 0.0000000000
88050  -38.931  26.955  -2.178 0.0000000000
88012  -41.481  27.609  0.496 0.0000000000
88011  -40.760  27.755  0.418 0.0000000000
136866  -39.766  28.177  0.395 0.0000000000
130744  -39.322  28.164  -0.519 0.0000000000
89322  -37.263  29.630  0.351 0.0000000000
92136  -48.588  34.051  5.855 0.0000000000
91601  -46.614  33.515  5.570 0.0000000000
91600  -45.775  33.337  5.485 0.0000000000
91003  -45.597  32.536  5.352 0.0000000000
90449  -44.875  32.301  5.158 0.0000000000
114490  -44.186  32.011  5.039 0.0000000000
131213  -43.965  31.372  4.741 0.0000000000
127518  -41.873  30.136  4.516 0.0000000000
114729  -42.137  31.545  4.800 0.0000000000
89872  -41.576  30.775  4.699 0.0000000000
89276  -39.870  29.209  4.131 0.0000000000
75618  -38.839  11.608  18.345 0.0000000000
76458  -37.592  12.294  18.144 0.0000000000
76461  -41.811  13.130  18.774 0.0000000000
76472  -39.792  12.719  17.559 0.0000000000
77274  -37.000  13.955  17.999 0.0000000000
77286  -40.312  13.708  16.559 0.0000000000
78152  -43.545  14.271  18.722 0.0000000000
78160  -38.062  14.329  17.048 0.0000000000
78166  -37.850  14.970  17.096 0.0000000000
78169  -40.109  14.332  16.087 0.0000000000
78171  -42.619  14.266  16.416 0.0000000000
78182  -41.289  14.888  15.380 0.0000000000
78940  -35.813  14.922  20.172 0.0000000000
78978  -39.666  15.648  15.804 0.0000000000
78982  -43.698  15.220  15.393 0.0000000000
78994  -41.862  15.972  14.756 0.0000000000
78996  -43.497  15.693  14.761 0.0000000000
79737  -38.970  17.412  19.824 0.0000000000
79754  -38.033  16.115  17.818 0.0000000000
79762  -38.929  16.517  16.867 0.0000000000
79788  -43.287  16.375  14.375 0.0000000000
80535  -39.839  18.114  19.023 0.0000000000
80544  -40.457  18.391  18.113 0.0000000000
80563  -40.877  18.100  15.878 0.0000000000
80653  -53.852  18.370  0.336 0.0000000000
80654  -54.099  18.319  0.744 0.0000000000
81249  -39.655  18.624  22.133 0.0000000000
81290  -40.497  18.790  18.453 0.0000000000
81325  -45.188  17.825  14.120 0.0000000000
81347  -44.073  18.979  10.057 0.0000000000
81356  -41.016  18.984  9.165 0.0000000000
81364  -48.197  18.703  9.351 0.0000000000
81369  -40.827  19.033  8.538 0.0000000000
81371  -42.305  18.522  8.484 0.0000000000
81383  -41.680  18.720  7.749 0.0000000000
81386  -44.058  18.454  7.276 0.0000000000
81399  -47.254  19.004  6.825 0.0000000000
82110  -35.239  19.171  17.353 0.0000000000
82127  -40.891  19.538  17.872 0.0000000000
82139  -41.970  20.496  16.905 0.0000000000
82148  -34.708  19.523  15.036 0.0000000000
82174  -39.776  20.386  13.552 0.0000000000
82190  -40.735  20.023  11.420 0.0000000000
82239  -47.921  19.254  6.591 0.0000000000
82247  -40.611  19.515  7.526 0.0000000000
82260  -42.660  19.323  5.293 0.0000000000
82298  -43.436  19.962  3.743 0.0000000000
82302  -47.762  19.401  3.833 0.0000000000
83011  -33.874  20.207  15.409 0.0000000000
83013  -41.389  20.605  16.849 0.0000000000
83028  -44.429  22.017  15.189 0.0000000000
83040  -35.014  20.158  12.797 0.0000000000
83065  -35.495  20.603  11.080 0.0000000000
83066  -36.736  19.754  11.777 0.0000000000
83074  -45.501  21.036  11.822 0.0000000000
83078  -49.051  20.972  11.336 0.0000000000
83088  -38.970  19.838  9.747 0.0000000000
83089  -49.464  20.309  10.882 0.0000000000
83095  -36.457  21.379  9.044 0.0000000000
83098  -38.874  19.998  8.780 0.0000000000
83105  -37.596  21.114  8.270 0.0000000000
83112  -39.652  20.494  7.399 0.0000000000
83118  -40.263  20.875  6.514 0.0000000000
83127  -41.049  20.700  5.565 0.0000000000
83147  -42.008  20.957  3.753 0.0000000000
83779  -34.341  21.338  17.805 0.0000000000
83791  -42.009  21.794  15.648 0.0000000000
83811  -42.633  22.024  14.336 0.0000000000
83820  -42.677  21.832  13.325 0.0000000000
83849  -35.375  21.913  9.861 0.0000000000
83866  -41.189  21.402  5.042 0.0000000000
83885  -43.358  21.442  2.348 0.0000000000
84516  -34.436  23.032  14.296 0.0000000000
84517  -34.081  22.544  14.764 0.0000000000
84526  -47.343  23.062  14.631 0.0000000000
84534  -34.051  22.338  13.241 0.0000000000
84535  -46.072  23.232  14.639 0.0000000000
84542  -34.265  22.985  12.797 0.0000000000
84544  -45.202  22.956  13.786 0.0000000000
84562  -34.615  22.529  10.831 0.0000000000
84566  -35.528  22.679  9.525 0.0000000000
84572  -37.768  22.720  7.595 0.0000000000
84575  -39.113  22.485  6.696 0.0000000000
84595  -41.819  22.250  4.050 0.0000000000
84624  -46.177  22.582  -0.684 0.0000000000
85175  -40.640  24.280  24.588 0.0000000000
85222  -37.570  23.503  19.628 0.0000000000
85236  -34.854  22.713  16.891 0.0000000000
85241  -34.698  22.964  16.020 0.0000000000
85243  -36.209  23.669  16.853 0.0000000000
85247  -35.368  23.501  15.618 0.0000000000
85253  -48.167  23.538  14.199 0.0000000000
85259  -34.717  23.414  13.853 0.0000000000
85260  -48.088  23.678  14.063 0.0000000000
85285  -34.848  23.330  10.650 0.0000000000
85290  -36.323  23.568  8.824 0.0000000000
85310  -41.788  22.741  4.821 0.0000000000
85861  -41.238  25.365  23.517 0.0000000000
85924  -36.485  24.417  15.667 0.0000000000
85928  -36.336  24.814  14.502 0.0000000000
85930  -34.971  23.771  13.522 0.0000000000
85932  -36.365  24.993  13.749 0.0000000000
85934  -34.899  23.886  12.885 0.0000000000
85935  -35.415  24.358  12.475 0.0000000000
85952  -35.813  24.135  9.889 0.0000000000
85958  -37.462  24.280  8.276 0.0000000000
85963  -39.273  24.749  7.377 0.0000000000
85966  -39.627  24.000  6.832 0.0000000000
85971  -42.629  24.347  5.504 0.0000000000
85985  -42.786  23.720  4.130 0.0000000000
86527  -37.633  25.646  22.199 0.0000000000
86564  -38.881  25.404  18.272 0.0000000000
86581  -37.952  25.088  17.139 0.0000000000
86609  -37.881  25.927  12.437 0.0000000000
86620  -36.714  25.144  10.815 0.0000000000
86635  -39.681  25.478  7.615 0.0000000000
86675  -46.218  25.774  1.895 0.0000000000
86706  -46.215  24.966  -0.951 0.0000000000
87158  -39.894  25.958  23.247 0.0000000000
87178  -42.685  27.775  21.101 0.0000000000
87227  -37.652  26.828  15.861 0.0000000000
87259  -39.510  26.674  10.336 0.0000000000
87267  -39.365  26.380  8.908 0.0000000000
87271  -41.402  26.738  7.834 0.0000000000
87275  -42.985  26.014  6.833 0.0000000000
87281  -45.032  25.839  5.929 0.0000000000
87304  -48.236  26.710  3.264 0.0000000000
87376  -45.836  26.818  -7.383 0.0000000000
87852  -42.736  28.497  21.094 0.0000000000
87868  -42.227  28.713  18.891 0.0000000000
87908  -37.222  27.649  13.822 0.0000000000
87923  -40.680  27.364  11.213 0.0000000000
87931  -40.614  27.320  10.061 0.0000000000
87948  -45.880  27.264  6.677 0.0000000000
87960  -51.910  27.575  5.686 0.0000000000
87979  -54.025  27.994  3.526 0.0000000000
88044  -49.251  27.183  -0.865 0.0000000000
88095  -43.884  27.247  -6.690 0.0000000000
88513  -41.940  29.251  20.728 0.0000000000
88523  -42.650  29.032  20.495 0.0000000000
88584  -37.410  28.150  13.356 0.0000000000
88589  -39.408  28.005  12.348 0.0000000000
88597  -41.954  28.624  11.540 0.0000000000
88614  -44.449  28.704  8.569 0.0000000000
88636  -52.752  28.166  6.684 0.0000000000
88656  -53.976  28.439  2.810 0.0000000000
88689  -53.965  28.973  1.567 0.0000000000
88702  -52.760  28.912  -0.125 0.0000000000
88704  -53.558  29.081  1.123 0.0000000000
88732  -51.358  29.404  -3.649 0.0000000000
88738  -50.596  29.464  -4.174 0.0000000000
89136  -42.035  30.595  19.024 0.0000000000
89193  -37.139  30.002  13.240 0.0000000000
89196  -37.434  29.277  12.561 0.0000000000
89202  -37.078  30.010  12.314 0.0000000000
89221  -43.777  29.156  10.436 0.0000000000
89267  -53.586  28.735  3.841 0.0000000000
89289  -54.004  28.965  2.446 0.0000000000
89341  -52.169  29.827  -1.926 0.0000000000
89810  -41.771  29.990  11.603 0.0000000000
89827  -46.338  30.673  11.098 0.0000000000
90390  -44.474  31.432  12.405 0.0000000000
90391  -45.403  31.374  12.619 0.0000000000
90404  -46.559  31.372  12.711 0.0000000000
90956  -43.026  31.738  11.673 0.0000000000
91536  -48.433  32.858  13.557 0.0000000000
91618  -44.383  33.636  5.062 0.0000000000
115316  -43.428  13.964  20.217 0.0000000000
115585  -44.461  27.589  -3.605 0.0000000000
116334  -36.256  24.537  15.040 0.0000000000
116841  -49.089  19.601  10.499 0.0000000000
118816  -42.672  23.256  3.324 0.0000000000
119873  -40.475  20.380  12.313 0.0000000000
120802  -39.613  23.088  6.496 0.0000000000
120915  -46.821  23.269  14.578 0.0000000000
121290  -35.300  22.013  18.617 0.0000000000
121736  -42.740  18.569  6.860 0.0000000000
122513  -36.666  19.404  19.407 0.0000000000
123316  -46.395  18.498  7.940 0.0000000000
124411  -41.903  26.447  7.397 0.0000000000
124966  -36.197  24.101  9.314 0.0000000000
125373  -34.156  21.060  13.427 0.0000000000
126533  -53.893  18.457  1.482 0.0000000000
126538  -50.375  27.898  -5.008 0.0000000000
127288  -39.045  20.026  14.554 0.0000000000
127836  -43.020  17.273  14.276 0.0000000000
128363  -37.697  26.024  16.179 0.0000000000
128485  -34.518  23.443  12.578 0.0000000000
130209  -50.353  24.014  13.176 0.0000000000
130313  -52.970  27.891  2.622 0.0000000000
132098  -33.717  20.869  14.926 0.0000000000
133023  -40.112  27.132  12.088 0.0000000000
134101  -49.016  29.756  -0.589 0.0000000000
134405  -36.021  19.356  18.651 0.0000000000
134812  -42.365  27.477  8.131 0.0000000000
135347  -45.522  27.917  -5.707 0.0000000000
136137  -52.110  29.838  1.315 0.0000000000
137014  -36.059  24.596  10.455 0.0000000000
137554  -40.824  19.737  6.944 0.0000000000
138084  -53.520  28.785  6.514 0.0000000000
