#!ascii label  , from subject sub-v1s23x0050575_ses-1 vox2ras=TkReg
485
118006  -37.801  -64.696  -32.975 0.6999999881
123312  -37.924  -64.023  -33.136 0.6000000238
13442  -38.859  -63.749  -32.265 0.6000000238
13415  -38.462  -63.198  -29.934 0.4000000060
14777  -29.204  -60.946  -26.669 0.6999999881
15514  -29.347  -60.124  -26.614 0.6999999881
14793  -30.379  -61.435  -27.313 0.6999999881
117415  -30.146  -59.977  -26.927 0.6000000238
14070  -30.877  -62.054  -27.790 0.6999999881
15529  -30.557  -60.612  -27.370 0.6000000238
13394  -31.864  -62.998  -28.848 0.6000000238
14794  -31.135  -61.218  -27.942 0.6000000238
13413  -33.063  -63.135  -29.848 0.6000000238
14090  -32.042  -62.191  -28.777 0.6000000238
15554  -31.851  -60.940  -29.441 0.5000000000
137978  -33.049  -62.511  -29.815 0.5000000000
130511  -32.493  -61.403  -29.864 0.5000000000
14825  -33.664  -61.831  -30.961 0.6000000238
13439  -35.891  -63.663  -32.251 0.6000000238
14116  -35.156  -62.915  -31.868 0.6000000238
14121  -36.229  -62.985  -32.918 0.6000000238
14122  -37.319  -63.262  -33.233 0.6000000238
16295  -28.202  -59.162  -26.700 0.6000000238
17076  -29.270  -58.527  -26.548 0.6000000238
15515  -29.769  -59.257  -26.689 0.6000000238
124026  -30.620  -59.822  -27.545 0.6000000238
16320  -30.705  -59.083  -27.857 0.6000000238
15541  -30.993  -60.348  -28.078 0.6000000238
15542  -31.406  -60.715  -28.709 0.6000000238
122624  -31.360  -60.436  -29.369 0.6000000238
125759  -31.988  -60.857  -30.403 0.6000000238
14819  -32.846  -61.266  -30.908 0.6999999881
116202  -33.529  -61.507  -31.809 0.6000000238
14826  -34.496  -62.042  -32.116 0.6000000238
14123  -38.444  -63.383  -33.239 0.5000000000
124675  -39.029  -63.041  -32.006 0.5000000000
17074  -27.730  -58.530  -26.963 0.6000000238
17954  -28.366  -57.354  -26.590 0.6000000238
126335  -29.239  -57.071  -26.549 0.6000000238
17955  -29.713  -57.766  -26.654 0.6000000238
17092  -30.442  -58.255  -27.367 0.6000000238
132613  -30.177  -57.770  -26.912 0.6000000238
17102  -30.626  -58.368  -28.405 0.6000000238
16321  -31.081  -60.076  -28.857 0.6000000238
16335  -30.799  -59.270  -28.919 0.6000000238
16336  -30.935  -59.986  -29.855 0.6999999881
14829  -35.708  -62.329  -33.396 0.6000000238
14125  -36.974  -62.351  -33.794 0.6000000238
14117  -38.836  -62.584  -30.754 0.4000000060
116516  -27.381  -56.138  -28.342 0.6000000238
18838  -27.743  -56.866  -26.873 0.6000000238
19656  -27.758  -56.003  -26.915 0.6000000238
18840  -29.551  -56.180  -26.616 0.6000000238
18841  -30.143  -55.977  -26.964 0.5000000000
118623  -30.472  -56.676  -27.493 0.6000000238
17110  -30.531  -58.486  -29.497 0.6999999881
15567  -31.639  -60.476  -32.120 0.6000000238
15562  -31.243  -60.353  -30.965 0.6000000238
15563  -32.022  -60.791  -31.367 0.6000000238
15568  -32.681  -60.973  -32.371 0.6000000238
14828  -33.827  -61.391  -33.125 0.6000000238
14834  -36.514  -61.457  -34.285 0.6000000238
14827  -38.916  -62.047  -31.653 0.4000000060
14126  -38.162  -62.340  -33.498 0.5000000000
19688  -27.236  -55.853  -29.494 0.5000000000
19678  -27.394  -55.316  -28.495 0.6000000238
19670  -27.505  -55.652  -27.519 0.6000000238
20475  -27.719  -55.199  -26.946 0.6000000238
18839  -28.470  -56.353  -26.565 0.5000000000
131358  -28.194  -54.854  -26.628 0.5000000000
18851  -30.424  -55.752  -27.561 0.6000000238
122119  -30.576  -56.852  -28.555 0.6999999881
17982  -30.363  -57.777  -30.057 0.6999999881
16351  -30.593  -59.225  -29.958 0.6999999881
17130  -30.243  -58.325  -31.668 0.6000000238
16352  -30.626  -59.590  -30.846 0.6999999881
16359  -30.834  -59.828  -31.940 0.6000000238
130704  -31.450  -60.109  -32.707 0.6000000238
14832  -34.392  -61.162  -34.050 0.6000000238
14835  -37.560  -61.667  -33.850 0.5000000000
14830  -38.126  -61.471  -33.306 0.4000000060
20498  -27.230  -54.183  -29.664 0.6000000238
21272  -27.489  -53.674  -28.796 0.6000000238
20485  -27.540  -54.831  -27.597 0.5000000000
21255  -27.772  -54.370  -27.006 0.6000000238
21256  -28.357  -54.010  -26.640 0.5000000000
20476  -29.084  -54.613  -26.508 0.6000000238
21257  -29.206  -53.760  -26.530 0.5000000000
19658  -29.734  -55.244  -26.692 0.6000000238
20477  -29.868  -54.333  -26.728 0.5000000000
19659  -30.228  -54.934  -27.130 0.5000000000
136459  -30.590  -55.654  -28.326 0.5000000000
18861  -30.602  -56.090  -29.133 0.6000000238
19679  -30.643  -55.196  -28.905 0.5000000000
18869  -30.472  -56.976  -29.611 0.6000000238
117163  -30.588  -55.404  -29.952 0.4000000060
17994  -30.238  -57.724  -31.041 0.6999999881
115478  -30.335  -56.209  -31.447 0.4000000060
17137  -30.436  -57.986  -32.374 0.5000000000
17131  -30.558  -58.907  -32.237 0.6000000238
17138  -31.008  -58.456  -32.930 0.5000000000
16363  -31.158  -59.413  -32.826 0.6000000238
17139  -31.802  -58.887  -33.524 0.5000000000
15573  -33.263  -60.878  -33.524 0.6000000238
15575  -37.629  -60.884  -33.851 0.5000000000
16364  -31.961  -59.850  -33.396 0.6000000238
15576  -33.973  -60.593  -34.196 0.6000000238
21280  -27.370  -53.318  -29.539 0.5000000000
125186  -27.647  -53.291  -27.996 0.5000000000
21264  -27.893  -53.413  -27.133 0.5000000000
22078  -28.240  -52.566  -27.003 0.4000000060
21258  -30.018  -53.388  -26.697 0.4000000060
136765  -30.278  -54.031  -27.046 0.5000000000
20486  -30.502  -54.213  -27.631 0.5000000000
21265  -30.563  -53.309  -27.333 0.5000000000
21290  -30.640  -53.915  -30.276 0.4000000060
20499  -30.635  -54.573  -29.593 0.4000000060
19700  -30.514  -55.526  -31.030 0.4000000060
19705  -30.365  -55.655  -31.981 0.5000000000
18000  -30.152  -57.466  -31.890 0.5000000000
18887  -30.261  -56.573  -32.137 0.5000000000
18007  -30.401  -57.217  -32.417 0.5000000000
18008  -30.892  -57.457  -32.935 0.5000000000
16371  -36.040  -59.729  -34.577 0.5000000000
15574  -37.158  -60.295  -34.204 0.5000000000
15577  -35.137  -60.649  -34.529 0.5000000000
22069  -30.430  -52.582  -26.879 0.4000000060
135110  -30.732  -52.490  -27.361 0.5000000000
21273  -30.696  -53.604  -28.272 0.5000000000
22089  -30.778  -53.074  -29.035 0.5000000000
20511  -30.558  -54.829  -31.657 0.4000000060
18892  -30.663  -56.644  -32.737 0.5000000000
17144  -34.640  -58.921  -34.452 0.5000000000
16367  -36.783  -59.586  -34.258 0.3000000119
19707  -30.651  -55.849  -32.595 0.5000000000
17142  -31.639  -57.927  -33.461 0.5000000000
16369  -33.804  -59.853  -34.288 0.5000000000
22080  -30.988  -51.879  -27.935 0.4000000060
21282  -30.697  -53.310  -29.865 0.4000000060
22102  -31.007  -52.308  -30.805 0.4000000060
22097  -30.839  -52.656  -29.914 0.4000000060
21297  -30.735  -54.189  -32.145 0.4000000060
133597  -30.944  -52.652  -31.569 0.4000000060
20514  -31.110  -54.472  -32.591 0.5000000000
118167  -35.832  -57.923  -34.297 0.4000000060
17141  -36.500  -58.966  -34.185 0.4000000060
18010  -31.541  -57.193  -33.357 0.5000000000
17143  -34.305  -58.062  -34.300 0.5000000000
19708  -31.078  -56.065  -33.107 0.5000000000
18011  -32.466  -57.278  -33.679 0.5000000000
126550  -32.786  -58.131  -33.863 0.5000000000
127765  -31.218  -52.008  -31.570 0.4000000060
21298  -31.199  -53.769  -32.490 0.4000000060
18013  -35.498  -57.192  -34.095 0.4000000060
18012  -33.901  -57.288  -34.017 0.5000000000
123049  -31.233  -55.175  -32.943 0.5000000000
18895  -31.963  -56.461  -33.446 0.5000000000
22104  -31.174  -52.576  -32.103 0.4000000060
18897  -35.041  -56.547  -33.998 0.4000000060
132746  -31.782  -55.663  -33.284 0.5000000000
18896  -33.420  -56.550  -33.795 0.5000000000
22916  -31.448  -51.114  -31.598 0.4000000060
19713  -34.364  -55.996  -33.858 0.3000000119
122932  -31.268  -53.111  -32.399 0.4000000060
19712  -33.016  -55.706  -33.594 0.5000000000
21299  -31.813  -53.397  -32.714 0.4000000060
20515  -31.830  -54.258  -32.917 0.5000000000
19709  -32.259  -55.006  -33.298 0.5000000000
22919  -31.798  -51.014  -32.338 0.4000000060
117746  -34.424  -55.351  -33.807 0.3000000119
19714  -35.463  -55.791  -33.725 0.3000000119
128122  -31.546  -51.822  -32.185 0.4000000060
21301  -33.855  -53.892  -33.625 0.4000000060
22107  -31.840  -52.585  -32.579 0.4000000060
21300  -32.636  -53.661  -33.148 0.4000000060
23711  -31.636  -50.298  -31.955 0.5000000000
20518  -34.232  -54.620  -33.756 0.3000000119
20519  -35.451  -54.924  -33.826 0.4000000060
116536  -35.934  -54.423  -33.836 0.4000000060
19711  -35.788  -55.080  -33.585 0.4000000060
126329  -32.235  -51.737  -32.689 0.4000000060
22110  -33.360  -53.148  -33.385 0.5000000000
22108  -32.780  -52.440  -33.039 0.5000000000
134455  -32.428  -53.036  -32.941 0.5000000000
22921  -33.183  -51.670  -33.219 0.5000000000
22111  -34.007  -52.542  -33.597 0.4000000060
21302  -34.792  -53.417  -33.886 0.4000000060
21303  -36.049  -53.566  -33.989 0.4000000060
20513  -36.029  -54.612  -33.408 0.3000000119
23712  -32.030  -50.286  -32.462 0.5000000000
22920  -32.478  -50.925  -32.848 0.5000000000
22925  -36.408  -52.134  -34.246 0.4000000060
25500  -32.334  -48.357  -32.354 0.5000000000
23717  -35.146  -50.966  -33.976 0.4000000060
22924  -34.604  -51.787  -33.776 0.4000000060
22112  -35.586  -52.831  -34.125 0.4000000060
22113  -36.570  -52.873  -34.127 0.4000000060
22109  -36.780  -53.092  -33.869 0.3000000119
24602  -32.279  -49.631  -32.564 0.5000000000
23713  -32.587  -50.232  -32.873 0.5000000000
24610  -35.603  -50.141  -34.138 0.4000000060
23718  -36.813  -51.163  -34.316 0.4000000060
26388  -32.452  -47.636  -32.269 0.5000000000
22926  -37.047  -52.533  -34.120 0.3000000119
123668  -32.637  -48.960  -32.699 0.5000000000
25501  -33.482  -49.036  -33.194 0.5000000000
24609  -34.142  -49.924  -33.538 0.5000000000
124403  -33.503  -50.713  -33.345 0.5000000000
24611  -37.221  -50.271  -34.342 0.4000000060
126656  -32.625  -46.789  -32.142 0.5000000000
26390  -34.074  -47.625  -33.157 0.5000000000
22923  -37.417  -51.807  -34.114 0.3000000119
26389  -33.202  -47.193  -32.611 0.5000000000
125349  -33.099  -48.162  -32.800 0.5000000000
13440  -36.999  -64.284  -32.843 0.6000000238
13428  -38.758  -63.539  -31.254 0.5000000000
14103  -32.645  -62.057  -29.432 0.6000000238
125214  -30.566  -57.534  -27.948 0.6999999881
14833  -34.982  -61.717  -33.854 0.6000000238
17973  -30.541  -57.657  -29.007 0.6999999881
14836  -35.433  -61.205  -34.389 0.6000000238
17120  -30.358  -58.630  -30.672 0.6999999881
18880  -30.248  -56.919  -31.296 0.5000000000
15572  -32.204  -60.520  -33.058 0.6000000238
122885  -30.628  -54.406  -28.569 0.5000000000
21281  -30.663  -53.811  -29.259 0.5000000000
120645  -30.343  -57.149  -30.492 0.4000000060
16368  -33.083  -59.191  -33.990 0.5000000000
16370  -34.877  -59.804  -34.556 0.5000000000
21291  -30.787  -53.155  -30.851 0.4000000060
124440  -30.729  -55.019  -32.367 0.5000000000
22090  -30.914  -52.278  -28.977 0.4000000060
137935  -33.323  -54.998  -33.564 0.4000000060
121810  -35.249  -54.195  -33.892 0.4000000060
25502  -33.947  -48.464  -33.281 0.5000000000
115142  -31.194  -68.363  -29.872 0.5000000000
10768  -30.514  -67.768  -28.200 0.5000000000
136274  -31.006  -67.845  -28.704 0.5000000000
11366  -30.686  -66.087  -26.815 0.5000000000
10745  -30.217  -66.629  -26.902 0.5000000000
133172  -30.882  -66.911  -27.555 0.4000000060
10150  -32.283  -68.406  -30.720 0.5000000000
10781  -32.384  -67.637  -29.451 0.6000000238
10138  -31.959  -68.162  -29.944 0.6000000238
11391  -31.719  -66.714  -28.032 0.5000000000
10770  -32.038  -67.206  -28.738 0.5000000000
12680  -31.627  -64.737  -26.471 0.4000000060
10837  -33.196  -67.815  -34.530 0.6999999881
10192  -33.539  -68.446  -33.977 0.6999999881
10164  -33.462  -68.628  -32.189 0.6999999881
10782  -33.253  -67.463  -29.725 0.5000000000
10151  -33.110  -68.365  -31.051 0.6999999881
11378  -32.134  -65.986  -27.793 0.5000000000
11392  -32.462  -66.527  -28.400 0.5000000000
11405  -32.829  -67.008  -29.027 0.5000000000
12694  -32.390  -64.649  -27.097 0.5000000000
12022  -31.823  -65.344  -27.211 0.5000000000
12073  -30.607  -65.580  -33.411 0.5000000000
11449  -31.210  -66.278  -34.010 0.6999999881
12075  -32.554  -66.141  -33.628 0.6999999881
11462  -32.585  -67.374  -34.519 0.6999999881
11451  -33.080  -66.837  -34.196 0.6999999881
10176  -33.333  -68.665  -33.207 0.6000000238
10793  -34.601  -67.844  -30.901 0.6999999881
10802  -34.028  -68.298  -31.365 0.6000000238
11393  -33.111  -66.398  -28.686 0.5000000000
11406  -33.736  -66.696  -29.275 0.6000000238
10783  -34.217  -67.329  -30.100 0.6000000238
12023  -32.426  -65.369  -27.602 0.5000000000
12695  -33.231  -64.460  -27.408 0.5000000000
12771  -30.459  -65.056  -32.681 0.5000000000
12074  -31.215  -65.343  -33.008 0.6999999881
10207  -33.968  -67.764  -34.415 0.6999999881
12091  -33.562  -66.374  -33.666 0.6999999881
136650  -33.035  -65.841  -33.081 0.6999999881
130998  -34.403  -68.485  -32.207 0.8000000119
10824  -35.574  -67.417  -33.730 0.6999999881
11417  -35.410  -67.279  -30.678 0.6000000238
10794  -35.431  -67.786  -31.406 0.6999999881
12047  -34.439  -66.016  -29.117 0.6999999881
11407  -34.788  -66.662  -29.785 0.6000000238
12708  -33.631  -65.089  -28.082 0.6000000238
117365  -34.266  -65.430  -28.606 0.6000000238
12696  -34.104  -64.304  -27.649 0.6000000238
13438  -28.955  -64.091  -31.106 0.5000000000
13424  -29.499  -64.168  -30.408 0.6000000238
12755  -29.647  -64.410  -31.355 0.5000000000
12756  -30.494  -64.731  -31.747 0.6000000238
12757  -31.333  -65.113  -32.161 0.6000000238
118364  -32.155  -65.496  -32.804 0.6999999881
119083  -33.204  -65.442  -32.198 0.6999999881
12758  -32.378  -65.057  -31.519 0.6000000238
11453  -34.949  -67.129  -34.013 0.6999999881
12076  -33.966  -65.849  -32.920 0.6999999881
10804  -35.812  -67.976  -32.265 0.6999999881
131331  -35.240  -66.078  -29.539 0.6999999881
12709  -34.588  -64.794  -28.291 0.6999999881
12037  -35.171  -65.359  -28.988 0.6999999881
13408  -28.466  -63.412  -29.315 0.5000000000
12725  -30.113  -64.103  -29.706 0.6000000238
12738  -30.495  -64.460  -30.591 0.6000000238
12739  -31.391  -64.776  -31.133 0.6000000238
11437  -35.821  -66.840  -33.597 0.8000000119
117081  -34.941  -65.868  -32.903 0.5000000000
135570  -32.833  -64.703  -30.935 0.6000000238
11427  -36.391  -67.539  -32.732 0.6999999881
12078  -36.576  -66.557  -33.173 0.6999999881
12048  -36.142  -65.813  -29.788 0.6999999881
12055  -37.131  -66.185  -31.279 0.6999999881
13395  -35.082  -64.129  -27.837 0.5000000000
12710  -35.585  -64.585  -28.528 0.6999999881
12711  -36.622  -64.317  -28.829 0.5000000000
14102  -27.620  -62.753  -29.035 0.5000000000
13390  -28.474  -63.017  -28.624 0.5000000000
121038  -28.890  -62.854  -28.129 0.6000000238
13391  -29.241  -63.344  -28.697 0.6000000238
14087  -29.617  -62.862  -27.996 0.6000000238
13410  -30.621  -63.747  -29.102 0.6000000238
14088  -30.529  -62.744  -28.073 0.6000000238
12726  -31.000  -64.181  -29.721 0.6000000238
13393  -31.041  -63.216  -28.611 0.6000000238
12061  -35.628  -65.416  -32.616 0.6000000238
115389  -34.566  -64.825  -31.699 0.5000000000
13412  -32.311  -63.400  -29.450 0.5000000000
114599  -37.501  -65.343  -32.843 0.6000000238
12062  -36.840  -65.879  -33.069 0.6000000238
12049  -37.862  -65.195  -31.325 0.6000000238
118375  -37.698  -65.606  -32.333 0.6000000238
12729  -38.159  -64.200  -30.540 0.5000000000
14086  -27.624  -62.115  -28.278 0.5000000000
14067  -28.073  -61.822  -27.615 0.6000000238
14069  -29.995  -62.221  -27.505 0.6000000238
12741  -33.186  -64.308  -30.633 0.5000000000
124383  -32.527  -62.716  -29.312 0.5000000000
115836  -35.501  -64.451  -31.970 0.4000000060
13427  -34.637  -63.607  -31.197 0.5000000000
13426  -33.582  -63.640  -30.481 0.5000000000
12761  -38.088  -64.961  -32.589 0.6000000238
15539  -26.811  -61.118  -28.683 0.5000000000
14808  -27.405  -61.421  -28.094 0.6000000238
15527  -27.818  -60.902  -27.283 0.6000000238
14791  -28.643  -61.411  -26.966 0.6000000238
14115  -33.872  -62.694  -30.632 0.4000000060
16318  -26.839  -60.298  -28.943 0.5000000000
15540  -27.246  -60.616  -28.130 0.5000000000
134011  -27.528  -60.126  -27.579 0.6000000238
15513  -28.522  -60.586  -26.710 0.6000000238
16333  -26.364  -59.962  -29.693 0.5000000000
16334  -26.929  -59.426  -29.347 0.5000000000
17101  -27.189  -58.725  -28.836 0.6000000238
132604  -27.923  -60.013  -26.913 0.6000000238
16350  -25.816  -58.687  -30.563 0.5000000000
17108  -26.640  -58.288  -30.336 0.5000000000
17109  -27.065  -58.044  -29.854 0.5000000000
17972  -27.302  -57.603  -28.774 0.6000000238
121345  -27.420  -58.203  -27.664 0.6000000238
17119  -26.128  -57.806  -30.715 0.5000000000
17992  -26.717  -57.568  -30.433 0.5000000000
17991  -25.540  -57.299  -30.870 0.5000000000
17965  -27.472  -57.287  -27.540 0.5000000000
126945  -26.276  -57.091  -30.751 0.5000000000
17981  -27.084  -57.254  -29.914 0.5000000000
115883  -25.012  -56.776  -30.897 0.5000000000
135886  -25.335  -56.177  -30.906 0.5000000000
17993  -26.735  -56.851  -30.446 0.5000000000
120839  -27.275  -56.714  -29.145 0.4000000060
132190  -24.536  -56.090  -30.788 0.5000000000
19698  -25.968  -55.761  -30.858 0.5000000000
132362  -26.546  -55.716  -30.623 0.4000000060
18868  -27.069  -56.571  -29.997 0.4000000060
19697  -25.054  -55.453  -30.733 0.4000000060
20506  -26.422  -55.000  -30.563 0.4000000060
125023  -26.819  -54.236  -30.280 0.4000000060
12760  -36.932  -65.096  -32.991 0.6000000238
13414  -37.620  -63.847  -29.315 0.4000000060
13425  -32.766  -63.846  -30.043 0.6000000238
20507  -26.945  -55.179  -30.167 0.4000000060
21289  -27.124  -53.382  -30.077 0.4000000060
10193  -34.290  -68.148  -34.133 0.6999999881
11438  -36.327  -67.175  -33.314 0.6999999881
11408  -35.902  -66.547  -30.264 0.6999999881
131816  -36.444  -66.905  -31.177 0.6999999881
12759  -33.496  -64.853  -31.340 0.6000000238
12740  -32.286  -64.523  -30.548 0.6000000238
12077  -35.944  -66.262  -33.284 0.6999999881
11419  -36.964  -66.813  -32.027 0.6999999881
115933  -37.002  -65.452  -30.216 0.6000000238
12728  -37.281  -64.741  -29.827 0.6000000238
10165  -35.198  -68.323  -32.772 0.8000000119
10177  -34.257  -68.532  -33.248 0.6000000238
10206  -33.608  -68.053  -34.405 0.6999999881
10769  -31.299  -67.412  -28.385 0.5000000000
10780  -31.513  -67.874  -29.154 0.5000000000
10791  -32.764  -68.023  -30.196 0.6000000238
10792  -33.643  -67.907  -30.515 0.6999999881
10803  -34.948  -68.222  -31.749 0.6000000238
10813  -35.161  -68.115  -33.700 0.6999999881
10814  -35.933  -67.868  -33.193 0.6999999881
10823  -34.735  -67.638  -34.143 0.6999999881
11377  -31.395  -66.078  -27.370 0.5000000000
11418  -36.317  -67.419  -31.820 0.6999999881
11428  -36.849  -67.009  -32.796 0.6999999881
11436  -34.814  -66.526  -33.599 0.6999999881
11450  -32.114  -66.540  -34.156 0.6999999881
11452  -34.086  -66.971  -34.179 0.6999999881
11463  -33.555  -67.447  -34.387 0.6999999881
11464  -34.255  -67.414  -34.259 0.6999999881
11997  -30.974  -64.941  -25.928 0.4000000060
12010  -31.160  -65.423  -26.671 0.5000000000
12024  -32.901  -65.061  -27.690 0.6000000238
12035  -32.887  -65.759  -28.156 0.5000000000
12036  -33.659  -65.904  -28.644 0.6000000238
12038  -36.256  -65.042  -29.287 0.6000000238
12060  -34.275  -65.370  -32.143 0.6000000238
12063  -37.211  -66.215  -32.742 0.6999999881
12090  -31.620  -65.850  -33.547 0.6999999881
12727  -31.902  -64.070  -29.799 0.5000000000
12742  -34.127  -64.263  -31.072 0.5000000000
12743  -38.518  -64.384  -31.908 0.6000000238
12770  -29.623  -64.653  -32.271 0.5000000000
13392  -30.163  -63.327  -28.540 0.6000000238
13407  -27.827  -63.371  -29.874 0.5000000000
13409  -29.281  -63.806  -29.562 0.6000000238
13411  -31.485  -63.625  -29.210 0.6000000238
13423  -28.549  -63.778  -30.329 0.5000000000
13441  -38.465  -64.139  -32.848 0.6000000238
14068  -28.960  -62.261  -27.501 0.6000000238
14089  -31.338  -62.532  -28.349 0.6000000238
14104  -33.151  -61.942  -30.161 0.5000000000
14124  -38.840  -62.711  -32.792 0.5000000000
14792  -29.511  -61.565  -27.002 0.6999999881
14809  -31.733  -61.418  -28.669 0.6000000238
14810  -32.212  -61.586  -29.173 0.5000000000
14831  -38.652  -61.946  -32.820 0.4000000060
15528  -29.904  -60.802  -26.850 0.6000000238
15553  -31.488  -60.497  -29.994 0.6000000238
15578  -36.243  -60.563  -34.548 0.5000000000
16296  -28.985  -59.301  -26.515 0.6999999881
16308  -30.330  -59.142  -27.114 0.6000000238
16319  -27.197  -59.743  -28.395 0.5000000000
16365  -32.942  -60.278  -33.789 0.6000000238
17075  -28.383  -58.280  -26.614 0.6000000238
17077  -30.048  -58.454  -26.798 0.6000000238
17091  -27.496  -59.243  -27.490 0.6000000238
17121  -30.429  -59.107  -31.513 0.6000000238
17145  -35.936  -58.816  -34.456 0.4000000060
17953  -27.714  -57.752  -26.915 0.6000000238
17956  -30.369  -57.442  -27.179 0.6000000238
18850  -27.500  -56.460  -27.454 0.6000000238
18860  -27.365  -56.839  -28.194 0.6000000238
18878  -25.804  -56.594  -30.898 0.5000000000
18879  -26.394  -56.374  -30.732 0.5000000000
18893  -31.133  -56.766  -33.142 0.5000000000
19657  -28.873  -55.464  -26.504 0.5000000000
19699  -26.826  -56.116  -30.369 0.4000000060
20492  -27.441  -54.492  -28.643 0.6000000238
20505  -25.654  -54.803  -30.626 0.4000000060
20508  -30.607  -54.707  -30.650 0.4000000060
20517  -32.955  -54.380  -33.397 0.5000000000
21294  -30.646  -53.993  -31.323 0.4000000060
21295  -30.791  -53.296  -31.968 0.4000000060
22079  -30.814  -52.782  -28.092 0.5000000000
24601  -31.852  -49.719  -32.150 0.5000000000
24603  -33.018  -49.719  -33.068 0.5000000000
117922  -28.555  -59.851  -26.620 0.6000000238
117947  -38.816  -63.448  -32.725 0.5000000000
120516  -28.255  -62.509  -28.149 0.5000000000
120605  -27.274  -54.993  -29.378 0.6000000238
121585  -27.604  -54.000  -27.790 0.5000000000
123828  -29.880  -63.725  -29.079 0.6000000238
125619  -28.520  -53.177  -26.640 0.4000000060
127026  -29.242  -53.050  -26.518 0.5000000000
127127  -30.074  -56.986  -26.814 0.6000000238
128209  -30.532  -55.028  -27.946 0.5000000000
130108  -30.571  -56.203  -28.184 0.6000000238
131964  -29.008  -57.800  -26.509 0.6000000238
132814  -30.447  -56.329  -30.427 0.4000000060
133850  -31.464  -61.903  -28.250 0.6000000238
134272  -31.404  -64.448  -30.320 0.6000000238
134438  -25.912  -59.519  -30.213 0.5000000000
134740  -26.912  -58.693  -29.807 0.5000000000
134861  -30.874  -59.710  -28.236 0.6000000238
135659  -26.512  -59.065  -30.053 0.5000000000
137499  -28.709  -58.820  -26.543 0.6000000238
137503  -28.085  -55.557  -26.664 0.6000000238
