#!ascii label  , from subject sub-v1s23x0050575_ses-1 vox2ras=TkReg
2223
12504  35.726  -71.503  -27.151 0.2000000030
12505  34.868  -71.601  -27.065 0.2000000030
12503  36.084  -71.314  -27.247 0.2000000030
141277  34.483  -72.238  -27.375 0.2000000030
12548  35.821  -72.001  -28.660 0.1000000015
13378  34.255  -70.884  -26.569 0.3000000119
13376  36.114  -71.113  -26.545 0.2000000030
11687  35.610  -72.453  -28.032 0.1000000015
12521  35.286  -72.265  -27.630 0.2000000030
13404  36.066  -71.439  -28.315 0.1000000015
14284  35.994  -70.554  -28.171 0.1000000015
14273  35.515  -69.640  -27.922 0.1000000015
13405  35.602  -70.938  -28.812 0.1000000015
15198  34.343  -69.107  -28.378 0.1000000015
14285  35.081  -69.955  -28.563 0.1000000015
14286  33.932  -69.644  -28.892 0.1000000015
15180  33.684  -68.203  -28.017 0.2000000030
15199  33.375  -68.768  -28.685 0.1000000015
14253  36.509  -70.209  -25.885 0.1000000015
15163  36.536  -69.271  -25.652 0.1000000015
13375  36.269  -71.017  -26.732 0.2000000030
14272  36.168  -70.236  -27.340 0.1000000015
14271  36.391  -70.699  -26.625 0.1000000015
13392  36.295  -71.066  -27.486 0.1000000015
15178  35.557  -69.165  -27.088 0.1000000015
126986  34.127  -67.986  -27.329 0.1000000015
17699  33.798  -65.928  -27.763 0.2000000030
16071  33.620  -67.294  -27.509 0.2000000030
17715  34.147  -65.417  -28.210 0.1000000015
16091  32.994  -67.296  -28.177 0.2000000030
140578  34.606  -65.040  -28.743 0.2000000030
17733  33.277  -64.812  -29.958 0.1000000015
18562  33.728  -64.465  -30.588 0.1000000015
14254  36.295  -69.820  -26.472 0.1000000015
15165  34.789  -68.235  -26.851 0.1000000015
17714  35.158  -65.373  -28.145 0.2000000030
17731  35.607  -65.068  -28.993 0.2000000030
18547  35.764  -64.665  -29.825 0.2000000030
18533  34.680  -64.654  -29.434 0.2000000030
18560  35.623  -64.306  -30.634 0.1000000015
18561  34.523  -64.190  -30.860 0.2000000030
15164  35.649  -68.563  -26.201 0.1000000015
15150  36.179  -68.231  -25.685 0.1000000015
16054  35.033  -67.572  -26.425 0.1000000015
16889  34.741  -66.723  -26.736 0.2000000030
17680  36.450  -65.923  -26.889 0.2000000030
17698  34.643  -65.908  -27.378 0.3000000119
121167  36.882  -64.686  -30.387 0.3000000119
121622  36.550  -64.320  -31.093 0.2000000030
122105  35.668  -64.041  -32.368 0.2000000030
17774  34.696  -65.067  -32.792 0.2000000030
17697  35.814  -65.679  -27.458 0.3000000119
17730  37.126  -65.138  -29.468 0.3000000119
18546  38.157  -64.765  -30.181 0.3000000119
18558  38.657  -64.175  -30.645 0.3000000119
18559  37.786  -64.438  -30.968 0.3000000119
18574  37.017  -64.058  -31.878 0.2000000030
18591  34.954  -64.486  -32.652 0.2000000030
17793  35.266  -64.889  -33.337 0.2000000030
19356  38.777  -64.391  -29.290 0.4000000060
17729  38.477  -65.016  -29.467 0.3000000119
18532  38.765  -64.710  -29.384 0.3000000119
17713  36.441  -65.369  -28.378 0.2000000030
18573  38.436  -63.902  -31.505 0.3000000119
18589  36.763  -63.852  -32.932 0.2000000030
18588  38.079  -63.643  -32.495 0.2000000030
18590  35.766  -64.275  -33.224 0.2000000030
19368  38.502  -63.523  -29.474 0.3000000119
18544  38.880  -64.389  -29.985 0.3000000119
19386  38.755  -63.234  -32.115 0.2000000030
18609  37.805  -63.658  -34.464 0.2000000030
19398  38.634  -63.193  -32.989 0.2000000030
18617  37.860  -63.749  -35.440 0.1000000015
18602  37.818  -63.576  -33.487 0.2000000030
18610  36.947  -64.444  -34.950 0.2000000030
130130  36.738  -64.038  -33.888 0.2000000030
18603  36.025  -64.671  -34.021 0.2000000030
20194  38.169  -62.647  -29.922 0.3000000119
20204  38.891  -62.919  -31.297 0.3000000119
18557  38.892  -64.035  -30.499 0.3000000119
21064  38.722  -62.126  -31.595 0.2000000030
131156  38.854  -63.135  -31.497 0.3000000119
20214  38.885  -62.600  -31.991 0.2000000030
18572  38.814  -63.535  -31.228 0.3000000119
19397  38.872  -62.826  -32.985 0.1000000015
19410  38.765  -62.834  -34.054 0.1000000015
19430  38.176  -63.232  -35.544 0.1000000015
19421  38.486  -63.196  -34.794 0.1000000015
20254  38.654  -62.502  -34.306 0.1000000015
18618  37.278  -64.490  -36.061 0.1000000015
20195  37.252  -62.176  -29.385 0.3000000119
20205  38.512  -62.377  -30.816 0.2000000030
21065  38.102  -61.456  -31.163 0.2000000030
21951  37.623  -60.606  -31.581 0.2000000030
129019  36.830  -60.086  -31.220 0.1000000015
21076  38.380  -61.301  -31.913 0.1000000015
21968  37.852  -60.633  -32.342 0.1000000015
21089  38.568  -61.488  -32.574 0.1000000015
20243  38.866  -62.487  -33.412 0.1000000015
132399  38.219  -62.847  -35.493 0.1000000015
20265  37.459  -62.698  -35.900 0.1000000015
21055  36.634  -61.331  -29.695 0.2000000030
21952  37.085  -59.918  -31.934 0.1000000015
21983  36.897  -60.432  -33.163 0.1000000015
141602  38.167  -60.986  -32.787 0.1000000015
21102  37.617  -61.089  -33.636 0.1000000015
21101  38.395  -61.397  -33.261 0.1000000015
21112  37.360  -61.609  -34.461 0.1000000015
20256  36.913  -62.132  -35.298 0.1000000015
21111  38.305  -61.778  -34.126 0.1000000015
21970  36.274  -59.904  -32.673 0.1000000015
20257  35.675  -62.251  -35.176 0.1000000015
20266  36.215  -62.724  -36.157 0.1000000015
22814  36.441  -59.568  -32.142 0.1000000015
141662  34.958  -69.367  -28.185 0.1000000015
133986  32.932  -65.560  -29.271 0.1000000015
14091  30.130  -69.039  -11.611 0.5000000000
14089  31.627  -69.565  -11.504 0.5000000000
132536  30.953  -69.309  -11.508 0.5000000000
14973  29.874  -68.226  -11.502 0.5000000000
15902  29.510  -67.482  -11.507 0.5000000000
13196  33.910  -69.696  -11.674 0.2000000030
13208  33.874  -70.493  -11.812 0.2000000030
14087  33.220  -69.143  -11.507 0.3000000119
13197  32.998  -70.121  -11.546 0.3000000119
14088  32.334  -69.401  -11.449 0.5000000000
14971  31.651  -68.882  -11.411 0.5000000000
16717  31.646  -66.987  -11.659 0.5000000000
15900  31.261  -67.554  -11.469 0.5000000000
16718  30.904  -66.742  -11.578 0.5000000000
15901  30.372  -67.529  -11.421 0.5000000000
14974  29.175  -68.088  -11.717 0.5000000000
16720  29.061  -66.770  -11.555 0.5000000000
14990  28.549  -68.370  -12.245 0.5000000000
14124  27.663  -69.291  -14.069 0.5000000000
14969  34.068  -68.851  -11.796 0.3000000119
135084  33.477  -68.244  -11.750 0.3000000119
14970  32.506  -68.434  -11.495 0.5000000000
17516  30.364  -66.042  -11.729 0.5000000000
17517  29.510  -66.062  -11.643 0.5000000000
16732  28.179  -66.767  -11.899 0.5000000000
15916  27.419  -67.569  -12.920 0.5000000000
14149  30.025  -69.710  -16.293 0.4000000060
15045  29.837  -68.880  -16.161 0.5000000000
14137  28.416  -69.055  -15.231 0.5000000000
14138  27.875  -69.208  -14.596 0.5000000000
15004  27.464  -68.245  -13.585 0.5000000000
14148  30.686  -69.929  -16.530 0.4000000060
14987  34.776  -68.696  -12.256 0.3000000119
15913  34.380  -67.235  -12.658 0.4000000060
16728  33.653  -66.538  -12.820 0.4000000060
16716  32.173  -66.788  -11.945 0.5000000000
17553  32.191  -65.394  -13.198 0.5000000000
16730  31.658  -66.391  -11.970 0.5000000000
17533  30.792  -65.451  -12.270 0.5000000000
17554  31.356  -65.010  -13.024 0.5000000000
18363  30.390  -64.641  -12.788 0.5000000000
18364  29.232  -64.714  -12.296 0.5000000000
17535  27.905  -66.015  -12.013 0.5000000000
15928  27.141  -67.355  -13.638 0.6000000238
123877  27.588  -68.637  -14.205 0.5000000000
138227  27.036  -67.062  -14.410 0.5000000000
13276  31.394  -70.276  -17.125 0.4000000060
136526  30.887  -70.190  -16.780 0.4000000060
15044  30.609  -69.265  -16.441 0.5000000000
140211  38.991  -67.005  -13.147 0.1000000015
17547  38.958  -65.728  -13.722 0.1000000015
17564  38.702  -65.233  -14.670 0.1000000015
15925  37.322  -67.336  -13.174 0.1000000015
17548  37.763  -65.768  -13.773 0.1000000015
18391  38.197  -64.800  -15.305 0.1000000015
16743  36.980  -66.437  -13.383 0.1000000015
17565  37.382  -65.333  -14.683 0.1000000015
18403  37.549  -64.338  -15.548 0.1000000015
15912  34.977  -67.909  -12.592 0.2000000030
15927  35.294  -67.026  -12.948 0.1000000015
143454  33.025  -66.335  -12.708 0.5000000000
16745  34.522  -66.435  -13.187 0.4000000060
16746  33.928  -65.784  -13.611 0.4000000060
17552  32.698  -65.055  -13.827 0.4000000060
18373  31.972  -64.588  -13.919 0.5000000000
133933  31.111  -64.395  -13.592 0.5000000000
18374  30.489  -63.933  -13.700 0.5000000000
18375  29.628  -64.031  -13.104 0.5000000000
131135  27.400  -66.245  -12.481 0.5000000000
15946  28.309  -68.031  -15.440 0.5000000000
15029  29.025  -68.498  -15.827 0.5000000000
14158  31.334  -69.762  -16.736 0.4000000060
13300  32.135  -70.543  -18.754 0.5000000000
16699  40.983  -66.961  -11.108 0.1000000015
15910  40.944  -67.083  -12.355 0.1000000015
15923  40.514  -67.084  -12.731 0.1000000015
16740  39.885  -66.871  -13.073 0.1000000015
16741  39.210  -66.359  -13.318 0.1000000015
17563  39.743  -64.989  -14.363 0.1000000015
18389  40.095  -64.245  -14.591 0.1000000015
17545  40.092  -65.702  -13.031 0.1000000015
123041  39.851  -65.695  -13.365 0.1000000015
19200  39.890  -63.806  -15.026 0.1000000015
20908  35.874  -61.487  -14.364 0.2000000030
20889  35.341  -60.914  -13.864 0.2000000030
15926  36.313  -67.147  -13.048 0.1000000015
17549  36.621  -65.785  -13.851 0.1000000015
17566  36.184  -65.347  -14.686 0.1000000015
18404  36.295  -64.393  -15.533 0.1000000015
20050  35.494  -62.945  -15.113 0.2000000030
17550  35.624  -65.771  -13.905 0.2000000030
18393  35.690  -64.871  -15.244 0.1000000015
18394  34.661  -64.753  -15.111 0.2000000030
138001  34.076  -63.671  -15.191 0.2000000030
20909  34.629  -61.938  -14.273 0.2000000030
17551  34.759  -65.752  -13.826 0.2000000030
17568  34.220  -65.229  -14.460 0.2000000030
17569  33.383  -65.137  -14.155 0.3000000119
141367  32.890  -64.145  -14.918 0.3000000119
124110  32.191  -64.078  -14.653 0.4000000060
16749  26.840  -66.539  -13.743 0.5000000000
18397  31.339  -63.904  -14.278 0.4000000060
16773  26.746  -65.691  -16.237 0.5000000000
16763  26.690  -66.039  -15.523 0.5000000000
17570  26.288  -65.451  -14.851 0.5000000000
16772  27.343  -66.396  -16.224 0.5000000000
15935  27.173  -66.893  -15.251 0.5000000000
16756  26.683  -66.318  -14.632 0.5000000000
18376  28.846  -64.119  -12.781 0.5000000000
15955  29.470  -67.989  -16.368 0.5000000000
16771  28.179  -66.887  -16.573 0.5000000000
15957  27.883  -67.238  -15.809 0.5000000000
17556  26.540  -65.703  -13.917 0.5000000000
15058  31.153  -68.733  -16.777 0.5000000000
15947  27.638  -67.630  -15.113 0.5000000000
16748  27.128  -66.783  -13.004 0.6000000238
13289  32.037  -70.438  -17.755 0.4000000060
16700  40.212  -66.661  -10.863 0.1000000015
16727  40.912  -66.671  -12.130 0.1000000015
17512  40.482  -65.944  -12.154 0.1000000015
123317  39.858  -65.438  -12.191 0.1000000015
134823  37.633  -65.051  -11.578 0.1000000015
16739  40.532  -66.513  -12.537 0.1000000015
17529  40.115  -65.307  -12.834 0.1000000015
18359  40.000  -64.959  -13.316 0.1000000015
19172  40.234  -63.461  -13.873 0.1000000015
20013  40.105  -62.777  -14.253 0.1000000015
19201  39.352  -63.158  -15.142 0.1000000015
20906  38.746  -61.059  -14.323 0.1000000015
19215  38.175  -63.542  -15.485 0.1000000015
20907  37.233  -61.152  -14.495 0.2000000030
20049  36.570  -62.889  -15.225 0.1000000015
20032  36.285  -62.160  -14.748 0.2000000030
19202  33.549  -63.314  -14.857 0.3000000119
20034  33.827  -62.612  -14.522 0.3000000119
20890  34.214  -61.218  -13.672 0.2000000030
19203  32.582  -63.569  -14.713 0.3000000119
20891  33.230  -61.363  -13.500 0.2000000030
19204  31.804  -63.644  -14.515 0.4000000060
134534  31.702  -61.898  -13.727 0.3000000119
20037  30.687  -62.806  -14.217 0.4000000060
20912  31.175  -62.424  -14.070 0.4000000060
18414  25.973  -64.535  -15.984 0.5000000000
18409  25.787  -64.065  -15.347 0.5000000000
137553  26.112  -64.882  -14.707 0.5000000000
19205  30.615  -63.362  -14.179 0.5000000000
20929  25.829  -61.310  -16.709 0.5000000000
21815  26.102  -60.954  -16.093 0.5000000000
20051  25.891  -61.995  -15.272 0.5000000000
19209  25.853  -63.463  -14.814 0.5000000000
130508  26.316  -64.922  -14.163 0.6000000238
19207  29.177  -62.758  -14.036 0.5000000000
19186  29.829  -63.378  -13.810 0.5000000000
20924  26.166  -61.390  -15.460 0.5000000000
20041  26.423  -62.131  -14.643 0.5000000000
121330  26.112  -62.910  -14.474 0.6000000238
17555  26.782  -64.925  -13.254 0.5000000000
18365  28.231  -64.563  -12.433 0.5000000000
18377  26.970  -64.091  -13.264 0.5000000000
17536  27.490  -65.325  -12.467 0.5000000000
13310  31.959  -70.381  -19.753 0.4000000060
13299  32.910  -70.531  -19.133 0.4000000060
18338  35.282  -64.683  -10.790 0.1000000015
17514  36.583  -65.052  -11.157 0.1000000015
126039  36.124  -63.720  -11.646 0.1000000015
17530  39.817  -64.836  -12.746 0.1000000015
18348  38.834  -65.002  -12.053 0.1000000015
19159  38.228  -63.641  -12.450 0.1000000015
19160  36.976  -63.666  -11.931 0.1000000015
18362  38.212  -64.462  -12.108 0.1000000015
129820  38.823  -62.663  -12.859 0.1000000015
19174  37.782  -62.800  -12.415 0.1000000015
20014  39.916  -61.798  -13.953 0.1000000015
20874  39.429  -61.099  -13.371 0.1000000015
20886  39.455  -60.950  -13.735 0.1000000015
21780  38.658  -59.632  -13.368 0.2000000030
21781  37.449  -59.344  -13.724 0.2000000030
21782  35.950  -59.846  -13.719 0.2000000030
21783  34.795  -60.288  -13.479 0.2000000030
29229  33.409  -52.635  -15.810 0.2000000030
21785  32.930  -60.756  -12.953 0.2000000030
28277  32.183  -53.330  -16.009 0.2000000030
136971  30.231  -53.734  -15.192 0.2000000030
28268  29.766  -54.073  -14.758 0.2000000030
27328  28.939  -55.156  -13.702 0.2000000030
20892  32.328  -61.362  -13.336 0.2000000030
27361  32.042  -54.033  -16.552 0.2000000030
27342  29.758  -54.252  -15.676 0.2000000030
123403  29.288  -54.683  -15.098 0.2000000030
138556  28.303  -57.180  -14.173 0.2000000030
25405  28.453  -56.523  -13.747 0.3000000119
23545  28.445  -57.886  -13.974 0.2000000030
22628  28.974  -59.352  -13.832 0.4000000060
26387  28.876  -55.168  -16.660 0.2000000030
26375  28.494  -55.400  -15.991 0.3000000119
25431  27.832  -56.698  -15.516 0.3000000119
23546  28.028  -58.044  -14.720 0.4000000060
141354  28.228  -57.614  -14.445 0.3000000119
124556  28.679  -59.745  -14.321 0.4000000060
21789  29.206  -60.132  -14.061 0.5000000000
131150  30.021  -61.490  -13.970 0.4000000060
20913  30.478  -62.170  -14.047 0.5000000000
23565  26.540  -58.464  -16.939 0.5000000000
24488  26.959  -57.887  -16.384 0.4000000060
24487  27.360  -57.146  -16.125 0.4000000060
133432  27.528  -57.754  -15.478 0.4000000060
22641  27.647  -58.670  -15.132 0.4000000060
126899  28.017  -60.016  -14.756 0.5000000000
20038  29.830  -62.242  -14.203 0.5000000000
22654  26.759  -59.274  -16.012 0.5000000000
21814  26.650  -60.619  -15.497 0.5000000000
20917  26.659  -61.335  -14.984 0.5000000000
20017  26.688  -62.853  -14.090 0.5000000000
19187  27.517  -63.637  -13.296 0.5000000000
19176  28.202  -63.863  -12.973 0.5000000000
126800  28.974  -63.529  -13.352 0.5000000000
18332  33.287  -64.383  -9.635 0.1000000015
18331  34.118  -64.704  -10.029 0.1000000015
18339  34.568  -64.237  -10.750 0.1000000015
19994  33.995  -62.972  -11.169 0.1000000015
19161  35.630  -63.414  -11.580 0.1000000015
19992  35.528  -62.725  -11.690 0.1000000015
20004  36.431  -61.990  -12.020 0.1000000015
20865  35.525  -61.866  -11.684 0.1000000015
20875  38.788  -60.657  -12.608 0.1000000015
20876  37.479  -61.011  -12.107 0.1000000015
21766  38.653  -59.423  -12.670 0.2000000030
22614  38.356  -58.621  -12.541 0.2000000030
22624  38.257  -58.837  -13.128 0.2000000030
22626  35.261  -59.385  -13.442 0.2000000030
21784  33.820  -60.566  -13.209 0.2000000030
29215  32.458  -52.706  -15.520 0.1000000015
28279  30.922  -53.232  -15.246 0.2000000030
27333  29.322  -54.563  -14.204 0.2000000030
137027  32.174  -60.820  -12.813 0.2000000030
30098  33.550  -51.414  -15.601 0.1000000015
30100  32.297  -51.947  -14.882 0.1000000015
29216  31.625  -52.607  -15.068 0.1000000015
28260  29.784  -53.356  -13.368 0.1000000015
27327  29.185  -54.269  -13.109 0.1000000015
25399  28.471  -56.543  -12.842 0.1000000015
24468  28.612  -57.776  -12.984 0.2000000030
21786  31.436  -61.139  -13.112 0.2000000030
134259  28.462  -57.186  -12.573 0.1000000015
23527  28.803  -58.375  -12.485 0.1000000015
22621  29.140  -59.103  -12.975 0.3000000119
21787  30.511  -61.015  -13.329 0.2000000030
133452  28.053  -60.850  -14.713 0.5000000000
20915  28.643  -61.377  -14.517 0.5000000000
20914  29.391  -61.601  -14.285 0.5000000000
124940  29.085  -62.030  -14.376 0.5000000000
20916  27.512  -61.570  -14.608 0.5000000000
20039  28.204  -62.298  -14.226 0.5000000000
20016  27.442  -62.930  -13.787 0.5000000000
18324  32.595  -64.261  -8.868 0.1000000015
19976  31.858  -62.804  -9.626 0.1000000015
136888  32.936  -62.165  -10.588 0.1000000015
19148  33.173  -63.079  -10.677 0.1000000015
20854  33.748  -62.109  -11.071 0.1000000015
136672  33.212  -61.367  -10.580 0.1000000015
19993  34.670  -62.478  -11.411 0.1000000015
21757  36.346  -59.990  -11.199 0.1000000015
21758  35.154  -60.535  -11.070 0.1000000015
20864  37.009  -60.435  -11.684 0.1000000015
21756  37.582  -59.398  -11.421 0.2000000030
23533  37.838  -58.211  -12.852 0.2000000030
23534  37.064  -58.058  -13.194 0.2000000030
120961  36.335  -58.733  -13.483 0.2000000030
23523  35.350  -57.722  -12.823 0.2000000030
22615  35.068  -58.538  -13.168 0.2000000030
21768  34.365  -59.624  -13.142 0.2000000030
22617  33.003  -59.407  -12.352 0.2000000030
21770  32.553  -60.241  -12.465 0.2000000030
30099  32.946  -51.278  -15.046 0.1000000015
29206  31.586  -52.144  -14.518 0.1000000015
143411  28.936  -54.654  -12.472 0.1000000015
26345  28.519  -55.813  -12.336 0.1000000015
22618  31.143  -59.926  -11.932 0.1000000015
134599  31.687  -60.435  -12.434 0.2000000030
124852  32.090  -59.731  -11.990 0.2000000030
27314  28.749  -55.049  -11.998 0.1000000015
25396  28.458  -56.738  -11.771 0.1000000015
24461  28.531  -57.655  -12.115 0.1000000015
22620  29.630  -59.627  -12.476 0.2000000030
21772  30.080  -60.340  -12.873 0.2000000030
21771  30.844  -60.506  -12.578 0.2000000030
20838  30.897  -61.836  -8.639 0.1000000015
20845  31.819  -62.002  -9.723 0.1000000015
21712  31.127  -60.356  -7.816 0.1000000015
20855  32.458  -61.653  -10.167 0.1000000015
134832  32.637  -60.530  -9.463 0.1000000015
21747  32.793  -60.861  -10.049 0.1000000015
21745  34.563  -60.069  -10.544 0.1000000015
21759  34.096  -61.001  -10.922 0.1000000015
22592  37.120  -58.018  -10.790 0.1000000015
23511  37.496  -57.721  -11.482 0.1000000015
23498  36.931  -57.534  -11.039 0.1000000015
24455  36.746  -57.333  -11.671 0.1000000015
24465  36.109  -57.334  -12.453 0.2000000030
23524  34.355  -57.961  -12.609 0.2000000030
22616  33.936  -59.004  -12.742 0.2000000030
128798  33.402  -57.819  -12.005 0.2000000030
22605  32.630  -58.800  -11.922 0.2000000030
31974  33.470  -49.627  -15.750 0.1000000015
30969  31.802  -50.545  -13.748 0.1000000015
30078  30.778  -51.729  -13.226 0.1000000015
28250  29.439  -53.445  -12.354 0.1000000015
22606  31.547  -59.021  -11.527 0.2000000030
29190  30.066  -52.059  -12.079 0.1000000015
29185  29.682  -52.759  -11.748 0.1000000015
27313  29.069  -54.264  -11.900 0.1000000015
24446  28.831  -57.047  -10.988 0.1000000015
141829  28.684  -57.508  -11.489 0.1000000015
138593  30.028  -58.811  -11.355 0.2000000030
22573  32.674  -59.915  -8.302 0.1000000015
22587  33.785  -59.652  -9.239 0.1000000015
22595  34.103  -59.724  -9.929 0.1000000015
22594  35.078  -59.125  -10.128 0.1000000015
24456  35.797  -57.026  -11.762 0.1000000015
24457  34.817  -56.827  -11.836 0.1000000015
24467  34.306  -57.308  -12.185 0.1000000015
24458  33.852  -56.993  -11.733 0.2000000030
24442  32.538  -56.761  -10.947 0.1000000015
30933  30.863  -50.966  -11.191 0.1000000015
30045  30.576  -51.669  -10.865 0.1000000015
29174  30.397  -52.454  -10.579 0.1000000015
131089  30.251  -53.165  -10.453 0.1000000015
136030  30.679  -56.127  -10.247 0.1000000015
24443  31.794  -57.400  -10.900 0.1000000015
31964  32.653  -49.707  -14.490 0.1000000015
30957  31.429  -50.547  -13.078 0.1000000015
30065  30.580  -51.423  -12.412 0.1000000015
29184  30.100  -52.200  -11.274 0.1000000015
28216  29.737  -53.793  -10.655 0.1000000015
27287  29.417  -54.677  -10.628 0.1000000015
25384  29.809  -56.309  -10.384 0.1000000015
24444  30.660  -57.034  -10.456 0.1000000015
23501  30.797  -57.856  -10.819 0.1000000015
134010  29.409  -53.530  -11.380 0.1000000015
26327  29.104  -55.646  -10.662 0.1000000015
25385  29.145  -56.505  -10.674 0.1000000015
23513  30.709  -58.581  -11.200 0.1000000015
22572  33.456  -59.706  -8.531 0.1000000015
23500  35.603  -58.260  -9.651 0.1000000015
123711  35.569  -56.948  -10.248 0.1000000015
25380  34.321  -56.516  -11.229 0.1000000015
30032  32.557  -52.160  -9.502 0.1000000015
29164  32.207  -52.882  -9.450 0.1000000015
27266  32.484  -54.438  -9.436 0.1000000015
26303  32.351  -55.071  -9.831 0.1000000015
140250  32.776  -50.291  -10.481 0.1000000015
30920  32.517  -50.817  -10.139 0.1000000015
143883  31.667  -52.896  -9.661 0.1000000015
143438  32.123  -54.046  -9.461 0.1000000015
119552  32.140  -55.674  -10.201 0.1000000015
31914  31.918  -49.864  -11.207 0.1000000015
30921  31.450  -50.521  -10.864 0.1000000015
138521  31.527  -51.549  -10.096 0.1000000015
28214  31.167  -53.862  -9.841 0.1000000015
135546  31.677  -55.093  -9.943 0.1000000015
26325  31.197  -55.550  -10.113 0.1000000015
25383  31.711  -56.410  -10.476 0.1000000015
23485  35.452  -57.557  -9.472 0.1000000015
25364  34.194  -56.057  -9.597 0.1000000015
24441  34.679  -56.453  -10.371 0.1000000015
26301  33.929  -55.508  -8.822 0.1000000015
25381  33.701  -56.109  -10.536 0.1000000015
30908  33.050  -51.424  -9.708 0.1000000015
28201  32.539  -53.664  -9.232 0.1000000015
27265  33.075  -54.262  -8.954 0.1000000015
25365  33.547  -55.661  -9.772 0.1000000015
30919  33.273  -50.673  -10.170 0.1000000015
130180  28.380  -65.312  -11.970 0.5000000000
15899  32.970  -67.685  -11.806 0.4000000060
16747  33.062  -65.750  -13.253 0.4000000060
15924  38.373  -67.581  -13.252 0.1000000015
18402  38.881  -64.119  -15.435 0.1000000015
123177  35.210  -66.271  -13.418 0.2000000030
18396  32.786  -64.545  -14.509 0.4000000060
16714  40.714  -66.455  -11.599 0.1000000015
18372  40.258  -64.137  -14.066 0.1000000015
20033  34.495  -62.932  -14.883 0.3000000119
20888  36.681  -60.422  -14.132 0.2000000030
19217  35.825  -63.686  -15.492 0.2000000030
19218  34.835  -63.664  -15.359 0.2000000030
18406  34.253  -64.194  -15.342 0.2000000030
18407  33.453  -63.950  -15.133 0.3000000119
20035  32.312  -62.852  -14.418 0.3000000119
17577  26.299  -65.272  -15.764 0.5000000000
17500  38.934  -65.730  -11.506 0.1000000015
17513  38.080  -65.518  -11.430 0.1000000015
18349  37.260  -64.394  -11.758 0.1000000015
18360  40.088  -64.444  -13.451 0.1000000015
19185  40.077  -62.499  -13.897 0.1000000015
19173  39.480  -63.051  -13.298 0.1000000015
20905  39.588  -61.609  -14.211 0.1000000015
20030  38.907  -62.219  -14.854 0.1000000015
20031  37.560  -62.041  -14.832 0.1000000015
20887  39.023  -60.316  -13.672 0.1000000015
21801  38.121  -60.182  -14.035 0.2000000030
20911  32.571  -62.148  -13.927 0.3000000119
20893  30.877  -61.721  -13.723 0.4000000060
19226  25.683  -63.184  -16.333 0.5000000000
20052  25.678  -62.516  -15.776 0.5000000000
20933  25.799  -61.650  -17.427 0.5000000000
21820  26.404  -60.062  -16.241 0.5000000000
17515  35.839  -64.710  -11.061 0.1000000015
18351  35.456  -64.111  -11.271 0.1000000015
18350  36.317  -64.310  -11.478 0.1000000015
19175  36.511  -62.927  -11.982 0.1000000015
20001  39.576  -62.024  -13.459 0.1000000015
20002  38.825  -61.784  -12.822 0.1000000015
20003  37.624  -61.878  -12.367 0.1000000015
21765  39.149  -60.202  -13.148 0.1000000015
22625  37.445  -58.555  -13.369 0.2000000030
28278  31.690  -53.078  -15.578 0.2000000030
29230  32.900  -53.151  -15.969 0.2000000030
27341  30.513  -53.820  -15.873 0.2000000030
26365  28.598  -55.862  -14.193 0.2000000030
26357  28.610  -55.825  -13.278 0.1000000015
124012  30.180  -54.292  -16.340 0.2000000030
141110  28.811  -55.168  -15.368 0.2000000030
25416  28.298  -56.575  -14.636 0.3000000119
21788  29.767  -60.641  -13.706 0.4000000060
25442  27.633  -56.470  -16.441 0.5000000000
123332  28.006  -55.973  -15.986 0.4000000060
27362  29.572  -54.684  -16.498 0.2000000030
140953  27.713  -59.389  -14.985 0.5000000000
137118  28.311  -58.934  -14.432 0.5000000000
25455  27.690  -56.449  -17.327 0.5000000000
24493  27.191  -57.077  -16.884 0.5000000000
22653  27.224  -59.295  -15.462 0.5000000000
21804  27.351  -60.752  -14.960 0.5000000000
128636  33.001  -63.725  -10.124 0.1000000015
19147  33.999  -63.551  -10.892 0.1000000015
19162  34.784  -63.398  -11.294 0.1000000015
131004  35.793  -60.965  -11.524 0.1000000015
140146  36.393  -61.288  -11.831 0.1000000015
142310  38.911  -59.954  -12.620 0.1000000015
21767  38.363  -59.884  -12.059 0.2000000030
23520  38.095  -58.077  -12.069 0.2000000030
28267  30.267  -53.359  -14.375 0.1000000015
29207  30.982  -52.645  -14.472 0.1000000015
19137  32.112  -63.518  -9.314 0.1000000015
19977  31.350  -62.335  -9.143 0.1000000015
20866  34.767  -61.517  -11.339 0.1000000015
22602  37.736  -58.451  -11.321 0.2000000030
23521  37.192  -57.663  -12.456 0.2000000030
30977  33.275  -50.524  -15.358 0.1000000015
30088  31.827  -51.360  -14.237 0.1000000015
30089  31.155  -51.968  -13.942 0.1000000015
29199  30.441  -52.552  -13.578 0.1000000015
22619  30.300  -59.917  -12.113 0.2000000030
26342  28.595  -55.713  -11.401 0.1000000015
22608  29.771  -59.262  -11.777 0.1000000015
20846  31.412  -61.629  -9.161 0.1000000015
20839  30.619  -61.446  -8.064 0.1000000015
21730  31.239  -60.929  -8.564 0.1000000015
22574  31.821  -60.150  -8.122 0.1000000015
21729  32.202  -60.421  -8.865 0.1000000015
21740  32.023  -61.130  -9.493 0.1000000015
22588  32.990  -60.029  -9.025 0.1000000015
21739  33.303  -60.216  -9.687 0.1000000015
21746  33.615  -60.511  -10.336 0.1000000015
22604  35.695  -59.528  -10.670 0.1000000015
22603  36.953  -58.900  -10.815 0.1000000015
22593  36.247  -58.482  -10.296 0.1000000015
24440  36.250  -57.144  -11.027 0.1000000015
23512  32.306  -58.107  -11.451 0.2000000030
140059  31.437  -58.211  -11.158 0.1000000015
31975  33.071  -49.873  -15.079 0.1000000015
30064  31.030  -51.133  -12.931 0.1000000015
29191  29.893  -52.684  -12.674 0.1000000015
27301  28.887  -54.879  -11.163 0.1000000015
24460  29.134  -57.816  -11.118 0.1000000015
22586  34.681  -59.076  -9.444 0.1000000015
23499  36.263  -57.620  -10.375 0.1000000015
134393  35.312  -56.755  -11.112 0.1000000015
25395  33.355  -56.568  -11.201 0.1000000015
30044  30.987  -51.975  -10.226 0.1000000015
125191  31.914  -49.610  -11.986 0.1000000015
31928  31.583  -50.034  -12.505 0.1000000015
30945  31.075  -50.704  -12.384 0.1000000015
28215  30.477  -53.783  -10.172 0.1000000015
29173  31.004  -52.964  -9.959 0.1000000015
27285  30.886  -54.625  -10.001 0.1000000015
27286  30.062  -54.419  -10.314 0.1000000015
26326  30.085  -55.314  -10.270 0.1000000015
24445  29.619  -57.227  -10.653 0.1000000015
22571  34.292  -59.265  -8.814 0.1000000015
132663  35.084  -58.435  -9.026 0.1000000015
30043  32.169  -51.491  -9.851 0.1000000015
29163  33.015  -52.874  -9.106 0.1000000015
26324  32.947  -55.632  -10.130 0.1000000015
26304  31.773  -54.413  -9.710 0.1000000015
26302  33.110  -55.042  -9.411 0.1000000015
25382  32.769  -56.184  -10.642 0.1000000015
134050  31.782  -50.931  -10.297 0.1000000015
24428  34.912  -56.809  -9.221 0.1000000015
137635  33.541  -54.757  -8.732 0.1000000015
29162  33.792  -52.513  -9.108 0.1000000015
30907  33.788  -51.129  -9.886 0.1000000015
28200  33.225  -53.626  -8.861 0.1000000015
10814  33.143  -73.745  -15.317 0.1000000015
10815  32.237  -73.913  -15.313 0.1000000015
10803  32.525  -73.461  -14.626 0.1000000015
11556  32.818  -72.995  -13.981 0.1000000015
12383  32.544  -71.976  -12.859 0.1000000015
11555  33.752  -72.872  -14.027 0.1000000015
12364  34.506  -71.600  -12.684 0.1000000015
10073  32.864  -74.129  -16.082 0.2000000030
121460  34.601  -70.851  -12.216 0.1000000015
10074  31.968  -74.326  -16.047 0.2000000030
10804  31.655  -73.535  -14.694 0.1000000015
10075  31.159  -74.429  -16.207 0.2000000030
11557  31.922  -73.068  -14.063 0.1000000015
126767  32.894  -71.392  -12.309 0.1000000015
10092  31.086  -74.615  -17.006 0.2000000030
10816  31.235  -74.027  -15.397 0.2000000030
11543  32.189  -72.509  -13.481 0.2000000030
131393  31.186  -73.132  -14.254 0.2000000030
12384  31.582  -71.940  -13.013 0.2000000030
12365  31.994  -71.390  -12.434 0.3000000119
13198  32.013  -70.152  -11.592 0.3000000119
13210  31.548  -70.749  -12.026 0.3000000119
10805  30.770  -73.501  -14.739 0.2000000030
11544  31.124  -72.544  -13.689 0.2000000030
10094  29.591  -74.253  -16.750 0.2000000030
12385  30.584  -71.799  -13.178 0.2000000030
10818  29.418  -73.687  -15.462 0.2000000030
10879  27.965  -72.289  -19.739 0.1000000015
133156  30.371  -74.523  -17.116 0.2000000030
10817  30.270  -73.856  -15.324 0.2000000030
10093  30.402  -74.412  -16.452 0.2000000030
13211  30.688  -70.580  -12.197 0.3000000119
13199  31.189  -70.055  -11.721 0.4000000060
10860  28.317  -73.059  -18.804 0.1000000015
10118  29.113  -74.035  -17.574 0.1000000015
11558  30.385  -72.960  -14.221 0.2000000030
11545  29.987  -72.313  -13.743 0.2000000030
14090  30.372  -69.840  -11.861 0.4000000060
10839  28.340  -73.478  -17.655 0.2000000030
10806  29.843  -73.366  -14.797 0.2000000030
10829  28.600  -73.719  -16.648 0.2000000030
11600  27.531  -71.685  -19.134 0.1000000015
12448  27.584  -71.544  -18.231 0.2000000030
10861  27.778  -72.436  -18.638 0.1000000015
11583  27.605  -72.177  -18.017 0.1000000015
10828  29.161  -73.946  -16.065 0.2000000030
11559  29.414  -72.739  -14.371 0.2000000030
12399  28.998  -72.003  -14.009 0.2000000030
12386  29.584  -71.549  -13.378 0.4000000060
10840  27.789  -72.883  -17.830 0.1000000015
12387  28.665  -71.188  -13.710 0.4000000060
14103  29.564  -69.556  -12.140 0.4000000060
10830  27.873  -73.157  -16.932 0.3000000119
11576  28.016  -73.153  -16.111 0.3000000119
130815  27.668  -72.504  -17.169 0.4000000060
12368  29.261  -70.775  -13.051 0.4000000060
14104  28.816  -69.219  -12.495 0.4000000060
11567  28.220  -72.842  -15.415 0.3000000119
11568  27.731  -72.076  -16.024 0.4000000060
11577  27.736  -72.632  -16.429 0.3000000119
30124  35.647  -51.709  -17.415 0.1000000015
13213  29.006  -70.003  -12.741 0.4000000060
12400  28.232  -71.559  -14.468 0.4000000060
14115  28.320  -69.587  -13.124 0.5000000000
12413  27.888  -71.414  -15.628 0.4000000060
140562  27.864  -72.559  -15.839 0.3000000119
12412  27.920  -71.992  -15.283 0.4000000060
12401  27.880  -71.057  -14.896 0.4000000060
29228  34.604  -52.417  -16.407 0.1000000015
134065  35.784  -52.521  -17.155 0.1000000015
137694  34.069  -52.764  -16.118 0.1000000015
14105  28.222  -68.925  -12.829 0.4000000060
14116  27.802  -69.019  -13.460 0.5000000000
13227  27.882  -69.863  -13.819 0.5000000000
14991  27.822  -68.323  -12.851 0.5000000000
123511  34.511  -53.166  -16.414 0.1000000015
28295  33.626  -53.463  -16.308 0.1000000015
27372  35.497  -54.342  -16.988 0.1000000015
28293  35.039  -53.678  -16.725 0.1000000015
27360  33.022  -54.245  -16.642 0.1000000015
10072  33.779  -73.815  -16.200 0.1000000015
10802  33.395  -73.303  -14.638 0.1000000015
12382  33.526  -71.898  -12.740 0.1000000015
11542  33.176  -72.457  -13.386 0.1000000015
10801  34.145  -73.083  -14.729 0.1000000015
11541  34.319  -72.304  -13.420 0.1000000015
13207  34.607  -70.079  -11.948 0.1000000015
14989  29.334  -68.767  -11.909 0.4000000060
142282  32.752  -53.621  -16.302 0.1000000015
10090  33.533  -74.181  -17.079 0.1000000015
12367  30.161  -71.084  -12.755 0.3000000119
10807  28.933  -73.171  -15.015 0.2000000030
13212  29.828  -70.331  -12.423 0.4000000060
11560  28.531  -72.415  -14.721 0.3000000119
13239  28.009  -70.692  -14.157 0.4000000060
128380  35.194  -52.879  -16.680 0.1000000015
28294  34.364  -53.816  -16.604 0.1000000015
121141  35.334  -72.171  -14.029 0.1000000015
10843  20.949  -73.205  -17.289 0.1000000015
11586  19.932  -72.777  -18.012 0.1000000015
12473  21.291  -70.998  -20.849 0.1000000015
10832  19.777  -73.728  -16.913 0.1000000015
119230  21.547  -71.171  -19.955 0.1000000015
10831  20.626  -73.736  -16.862 0.1000000015
10098  20.071  -74.490  -16.371 0.1000000015
8597  18.736  -76.533  -15.542 0.1000000015
10123  19.128  -73.822  -17.219 0.1000000015
7247  19.688  -78.795  -6.989 0.1000000015
3681  20.863  -84.414  -16.258 0.1000000015
4788  20.032  -81.930  -15.891 0.1000000015
11603  21.907  -72.057  -18.628 0.1000000015
6090  19.442  -80.625  -15.501 0.1000000015
11604  21.143  -72.149  -18.511 0.1000000015
7330  19.076  -78.427  -15.264 0.1000000015
12463  22.160  -71.571  -19.289 0.1000000015
7906  18.958  -77.449  -15.350 0.1000000015
13317  22.052  -70.658  -20.669 0.1000000015
6664  22.151  -79.277  -6.025 0.1000000015
7265  19.794  -78.281  -7.817 0.1000000015
7280  18.912  -78.866  -9.179 0.1000000015
6645  23.610  -79.983  -5.592 0.1000000015
6646  22.666  -79.784  -5.474 0.1000000015
7246  20.709  -78.699  -6.665 0.1000000015
132799  20.413  -78.397  -7.296 0.1000000015
6045  19.716  -79.649  -11.153 0.1000000015
2610  24.225  -86.578  -14.267 0.1000000015
130568  22.729  -86.788  -16.418 0.1000000015
132284  21.439  -73.000  -17.515 0.1000000015
10122  21.570  -73.691  -17.050 0.1000000015
131519  19.951  -75.273  -15.932 0.1000000015
11622  22.687  -72.111  -18.856 0.1000000015
13316  22.894  -70.487  -20.720 0.1000000015
140094  22.290  -70.411  -21.937 0.1000000015
7275  20.096  -77.729  -8.571 0.1000000015
7841  19.619  -77.663  -9.396 0.1000000015
6009  24.580  -80.185  -5.729 0.1000000015
129362  23.128  -79.479  -6.162 0.1000000015
7826  20.709  -77.977  -7.857 0.1000000015
133725  19.871  -77.224  -10.071 0.1000000015
7300  19.456  -78.693  -10.730 0.1000000015
6721  20.489  -79.862  -12.297 0.1000000015
141191  21.511  -82.826  -13.241 0.1000000015
3646  22.636  -85.260  -13.554 0.1000000015
4138  22.879  -84.302  -13.561 0.1000000015
3141  23.872  -85.937  -13.849 0.1000000015
2628  24.798  -86.430  -14.827 0.1000000015
2663  23.566  -86.899  -16.240 0.1000000015
3181  23.127  -86.107  -16.450 0.1000000015
4169  21.376  -83.553  -16.394 0.1000000015
7328  20.563  -78.081  -15.675 0.1000000015
10842  22.161  -73.148  -17.602 0.1000000015
10096  22.035  -74.620  -16.680 0.1000000015
9343  20.694  -75.204  -16.116 0.1000000015
7905  20.209  -77.214  -15.553 0.1000000015
128007  19.734  -77.899  -15.451 0.1000000015
126378  22.922  -71.644  -19.369 0.1000000015
12472  22.650  -71.033  -19.945 0.1000000015
7867  20.318  -77.388  -11.538 0.1000000015
5995  26.151  -80.600  -5.069 0.1000000015
6681  23.784  -79.306  -6.909 0.1000000015
6682  22.703  -78.995  -6.761 0.1000000015
7263  22.259  -78.478  -7.347 0.1000000015
7848  20.498  -77.176  -9.452 0.1000000015
8500  20.445  -76.845  -10.390 0.1000000015
7314  20.547  -78.837  -12.171 0.1000000015
132341  21.595  -80.954  -12.825 0.1000000015
4767  23.359  -83.435  -13.396 0.1000000015
3139  25.371  -85.295  -14.392 0.1000000015
6662  24.807  -79.795  -6.554 0.1000000015
6680  24.606  -79.349  -7.254 0.1000000015
7262  23.233  -78.729  -7.494 0.1000000015
7273  22.833  -78.187  -8.150 0.1000000015
7839  22.148  -77.606  -8.651 0.1000000015
3645  23.692  -84.963  -13.666 0.1000000015
3140  24.858  -85.933  -14.281 0.1000000015
3180  24.013  -86.201  -16.351 0.1000000015
4167  23.159  -83.524  -16.661 0.1000000015
126220  21.879  -84.324  -16.486 0.1000000015
124294  22.403  -82.204  -16.636 0.1000000015
127173  21.856  -82.872  -16.530 0.1000000015
6111  20.871  -80.427  -16.141 0.1000000015
5473  21.691  -81.577  -16.501 0.1000000015
7923  22.011  -77.901  -16.153 0.1000000015
6752  20.911  -78.888  -15.957 0.1000000015
5474  21.086  -81.138  -16.273 0.1000000015
125182  21.756  -75.937  -16.133 0.1000000015
8608  21.494  -76.535  -15.934 0.1000000015
10841  23.123  -73.385  -17.928 0.1000000015
11602  23.246  -72.698  -18.597 0.1000000015
13315  23.783  -70.368  -20.808 0.1000000015
12471  23.460  -70.842  -20.300 0.1000000015
12462  23.695  -71.497  -19.811 0.1000000015
7866  21.035  -76.993  -11.893 0.1000000015
7882  20.801  -77.815  -12.116 0.1000000015
6007  26.458  -80.353  -5.873 0.1000000015
6660  26.706  -79.876  -6.612 0.1000000015
6679  25.869  -79.454  -7.230 0.1000000015
7271  24.370  -78.459  -8.437 0.1000000015
7846  23.029  -77.730  -8.944 0.1000000015
7847  21.563  -77.151  -9.293 0.1000000015
8516  21.034  -76.592  -10.736 0.1000000015
6058  22.045  -80.114  -12.764 0.1000000015
5424  23.077  -81.834  -13.018 0.1000000015
4136  25.150  -83.979  -13.703 0.1000000015
6661  25.801  -79.931  -6.571 0.1000000015
7261  24.119  -78.945  -7.711 0.1000000015
3643  25.557  -84.527  -14.237 0.1000000015
3167  25.429  -85.668  -15.534 0.1000000015
3179  24.716  -85.771  -16.318 0.1000000015
140407  25.046  -84.849  -16.567 0.1000000015
122967  23.979  -84.251  -16.700 0.1000000015
4166  24.830  -83.928  -16.716 0.1000000015
123163  22.326  -79.937  -16.522 0.1000000015
6109  22.638  -80.598  -16.616 0.1000000015
10120  23.414  -74.328  -17.523 0.1000000015
9358  23.716  -75.149  -17.226 0.1000000015
9340  23.314  -75.704  -16.752 0.1000000015
8607  22.952  -76.417  -16.457 0.1000000015
7348  22.468  -78.657  -16.435 0.1000000015
7349  21.712  -78.778  -16.212 0.1000000015
10119  24.151  -74.759  -17.839 0.1000000015
127540  22.190  -76.447  -16.189 0.1000000015
10138  23.931  -73.985  -18.161 0.1000000015
10863  23.846  -73.281  -18.614 0.1000000015
13314  24.748  -70.332  -20.987 0.1000000015
6643  29.628  -79.931  -5.515 0.1000000015
6644  28.884  -80.181  -5.714 0.1000000015
5992  28.434  -80.520  -5.137 0.1000000015
7259  26.436  -78.404  -7.787 0.1000000015
7270  25.265  -78.429  -8.379 0.1000000015
120269  21.608  -77.472  -12.362 0.1000000015
6659  27.644  -79.939  -6.413 0.1000000015
126583  25.827  -78.845  -7.838 0.1000000015
125229  22.651  -76.433  -10.523 0.1000000015
8554  21.896  -76.701  -12.130 0.1000000015
6719  22.115  -79.093  -12.667 0.1000000015
6718  23.068  -80.305  -12.745 0.1000000015
5423  24.193  -81.893  -12.781 0.1000000015
120229  22.952  -78.775  -12.713 0.1000000015
4755  24.914  -82.576  -12.932 0.1000000015
4135  25.674  -83.629  -13.991 0.1000000015
3671  25.963  -84.895  -15.892 0.1000000015
3680  25.850  -84.570  -16.372 0.1000000015
3658  26.274  -84.300  -15.559 0.1000000015
128178  25.425  -83.605  -16.689 0.1000000015
5470  24.861  -82.104  -16.674 0.1000000015
5472  23.277  -81.842  -16.700 0.1000000015
6776  22.823  -79.337  -16.591 0.1000000015
120810  23.150  -80.089  -16.646 0.1000000015
8606  23.776  -76.456  -16.729 0.1000000015
130460  22.894  -77.943  -16.461 0.1000000015
9357  24.421  -75.549  -17.528 0.1000000015
9339  23.992  -75.832  -17.003 0.1000000015
9370  24.882  -75.193  -18.315 0.1000000015
10862  24.489  -73.821  -18.843 0.1000000015
11601  23.831  -72.722  -19.036 0.1000000015
11620  24.218  -72.309  -19.584 0.1000000015
11637  24.763  -71.728  -20.303 0.1000000015
8513  24.145  -76.206  -10.571 0.1000000015
9285  24.072  -75.889  -11.431 0.1000000015
7235  29.956  -79.230  -5.764 0.1000000015
6657  29.225  -79.642  -6.041 0.1000000015
7244  27.846  -79.121  -6.783 0.1000000015
7825  27.056  -77.873  -7.701 0.1000000015
7837  24.836  -77.895  -8.952 0.1000000015
132243  23.425  -76.498  -10.325 0.1000000015
8552  23.760  -76.406  -12.445 0.1000000015
7880  24.161  -76.877  -12.852 0.1000000015
6677  27.157  -79.442  -6.890 0.1000000015
8497  23.974  -76.896  -9.804 0.1000000015
8532  22.407  -76.264  -11.516 0.1000000015
120808  23.918  -78.527  -12.792 0.1000000015
120228  24.914  -80.489  -12.519 0.1000000015
4753  26.133  -82.152  -13.175 0.1000000015
135056  23.537  -79.535  -12.704 0.1000000015
134716  24.834  -81.064  -12.514 0.1000000015
4148  26.340  -83.636  -15.205 0.1000000015
4804  25.595  -82.995  -16.644 0.1000000015
6107  24.482  -81.164  -16.674 0.1000000015
137598  24.782  -78.576  -16.738 0.1000000015
120661  24.084  -80.267  -16.653 0.1000000015
7938  25.030  -77.164  -17.070 0.1000000015
7920  24.311  -77.292  -16.770 0.1000000015
129058  23.718  -77.974  -16.618 0.1000000015
8621  24.603  -76.405  -17.139 0.1000000015
9356  25.100  -75.996  -17.847 0.1000000015
10137  25.039  -74.477  -19.014 0.1000000015
8483  27.551  -76.371  -8.071 0.1000000015
7812  30.122  -78.104  -6.019 0.1000000015
8473  28.658  -77.197  -7.021 0.1000000015
8484  26.773  -76.404  -8.690 0.1000000015
8495  25.437  -76.362  -9.696 0.1000000015
9284  24.813  -75.758  -11.636 0.1000000015
7227  31.048  -79.208  -5.132 0.1000000015
7234  30.752  -78.874  -5.532 0.1000000015
7814  28.272  -78.152  -6.896 0.1000000015
7824  27.768  -77.304  -7.474 0.1000000015
8485  25.942  -76.899  -9.039 0.1000000015
8496  24.707  -76.648  -9.853 0.1000000015
9294  24.266  -75.969  -12.125 0.1000000015
8551  24.621  -76.350  -12.577 0.1000000015
120809  25.021  -78.784  -12.735 0.1000000015
125336  24.566  -77.720  -12.864 0.1000000015
5421  26.451  -81.610  -12.886 0.1000000015
4765  26.198  -82.511  -13.838 0.1000000015
4147  26.485  -83.185  -15.576 0.1000000015
123994  25.910  -82.308  -16.545 0.1000000015
5469  26.172  -81.714  -16.483 0.1000000015
122415  25.129  -80.531  -16.668 0.1000000015
138984  25.916  -79.927  -16.717 0.1000000015
8620  25.387  -76.742  -17.542 0.1000000015
7346  24.412  -78.071  -16.718 0.1000000015
9369  25.477  -75.749  -18.471 0.1000000015
9383  25.576  -75.209  -19.061 0.1000000015
8460  29.522  -77.121  -6.611 0.1000000015
9257  27.444  -75.443  -8.747 0.1000000015
9261  26.416  -75.183  -9.936 0.1000000015
8494  26.162  -75.978  -9.459 0.1000000015
8550  25.484  -76.363  -12.666 0.1000000015
7878  25.937  -77.161  -12.876 0.1000000015
7311  26.002  -79.011  -12.630 0.1000000015
7310  26.773  -79.189  -12.446 0.1000000015
5420  26.919  -81.166  -12.862 0.1000000015
4764  26.557  -82.085  -14.230 0.1000000015
5455  26.776  -81.922  -15.769 0.1000000015
4787  26.598  -82.914  -15.915 0.1000000015
6105  26.816  -80.709  -16.401 0.1000000015
5468  26.450  -82.339  -16.269 0.1000000015
7344  26.430  -79.124  -16.912 0.1000000015
7363  26.875  -78.521  -17.309 0.1000000015
7345  25.511  -78.868  -16.823 0.1000000015
7935  27.308  -78.006  -17.784 0.1000000015
7936  26.482  -77.825  -17.608 0.1000000015
7919  25.117  -77.946  -16.891 0.1000000015
8630  26.513  -76.648  -18.584 0.1000000015
9382  26.374  -75.261  -19.859 0.1000000015
10165  27.009  -74.082  -21.541 0.1000000015
8472  29.078  -76.290  -7.210 0.1000000015
9243  28.643  -75.556  -7.830 0.1000000015
10033  26.936  -74.769  -10.345 0.1000000015
9282  26.433  -75.381  -11.682 0.1000000015
8549  26.384  -76.487  -12.659 0.1000000015
9228  29.968  -76.135  -6.756 0.1000000015
9271  26.184  -75.227  -10.860 0.1000000015
123991  26.385  -78.193  -12.681 0.1000000015
6068  27.511  -80.605  -12.755 0.1000000015
5433  27.050  -81.246  -13.529 0.1000000015
6075  27.414  -80.849  -14.199 0.1000000015
6088  27.295  -80.994  -15.367 0.1000000015
6787  27.828  -78.681  -16.957 0.1000000015
6774  26.783  -79.897  -16.669 0.1000000015
6788  27.199  -79.075  -16.918 0.1000000015
7950  26.931  -77.384  -18.201 0.1000000015
8629  27.352  -76.955  -18.916 0.1000000015
8640  27.734  -76.496  -19.770 0.1000000015
9392  28.733  -75.263  -21.789 0.1000000015
10891  29.404  -73.565  -22.143 0.1000000015
9241  30.176  -75.140  -7.226 0.1000000015
9242  29.408  -75.368  -7.511 0.1000000015
9255  28.944  -74.699  -8.245 0.1000000015
10032  27.599  -74.412  -9.969 0.1000000015
9280  27.984  -75.161  -11.612 0.1000000015
9290  27.704  -75.875  -12.192 0.1000000015
10020  27.838  -74.593  -9.257 0.1000000015
10046  26.921  -74.886  -11.071 0.1000000015
7876  27.974  -78.091  -12.195 0.1000000015
7309  27.284  -78.765  -12.383 0.1000000015
7308  28.246  -79.716  -11.953 0.1000000015
132149  27.956  -80.335  -13.623 0.1000000015
6751  28.018  -79.637  -15.635 0.1000000015
6104  27.591  -79.837  -16.148 0.1000000015
7943  33.599  -77.599  -19.243 0.1000000015
7944  32.481  -77.702  -18.939 0.1000000015
7945  31.616  -77.645  -18.604 0.1000000015
120659  30.205  -77.625  -18.010 0.1000000015
6772  28.191  -78.779  -16.506 0.1000000015
6773  27.351  -79.658  -16.505 0.1000000015
7956  33.107  -77.440  -19.902 0.1000000015
7957  32.222  -77.550  -19.614 0.1000000015
7946  30.635  -77.617  -18.392 0.1000000015
7361  28.557  -78.137  -17.249 0.1000000015
137840  33.875  -77.148  -20.152 0.1000000015
8637  33.486  -76.863  -20.428 0.1000000015
7970  31.946  -77.170  -20.423 0.1000000015
7972  30.295  -77.212  -20.209 0.1000000015
7960  29.217  -77.515  -19.149 0.1000000015
7377  28.053  -78.011  -17.867 0.1000000015
9378  34.071  -76.289  -20.419 0.1000000015
9379  33.356  -75.342  -20.435 0.1000000015
8649  31.524  -76.518  -21.052 0.1000000015
7961  28.241  -77.266  -19.119 0.1000000015
137134  31.098  -75.853  -21.577 0.1000000015
8639  28.615  -76.809  -20.023 0.1000000015
10151  30.823  -74.178  -20.186 0.1000000015
9401  30.153  -75.017  -22.074 0.1000000015
10162  29.890  -73.479  -21.458 0.1000000015
10000  30.440  -74.280  -7.605 0.1000000015
10001  29.695  -74.454  -7.945 0.1000000015
10018  29.308  -73.922  -8.785 0.1000000015
10030  29.006  -73.848  -9.563 0.1000000015
120208  28.185  -74.214  -10.280 0.1000000015
10019  28.557  -74.247  -9.013 0.1000000015
10044  28.843  -74.127  -10.454 0.1000000015
8530  28.495  -75.845  -11.908 0.1000000015
8547  28.254  -76.772  -12.188 0.1000000015
7865  28.952  -77.900  -11.692 0.1000000015
6053  28.287  -80.139  -12.320 0.1000000015
6067  28.169  -80.226  -12.622 0.1000000015
6742  28.397  -79.664  -14.365 0.1000000015
7903  29.171  -78.091  -15.849 0.1000000015
7931  32.004  -77.697  -18.181 0.1000000015
7916  31.189  -77.595  -17.511 0.1000000015
7934  29.940  -77.617  -17.513 0.1000000015
7343  29.100  -77.979  -17.110 0.1000000015
7930  33.594  -77.687  -18.172 0.1000000015
9354  33.950  -74.701  -18.871 0.1000000015
9366  33.760  -74.973  -19.680 0.1000000015
10730  31.474  -73.328  -7.456 0.1000000015
10754  29.908  -73.515  -9.382 0.1000000015
10017  30.083  -73.693  -8.443 0.1000000015
10043  29.596  -74.066  -10.538 0.1000000015
10049  29.974  -74.684  -11.038 0.1000000015
10782  29.337  -73.740  -10.027 0.1000000015
126920  28.750  -75.124  -11.487 0.1000000015
137356  29.125  -75.788  -11.658 0.1000000015
135650  29.050  -76.638  -11.760 0.1000000015
7864  29.764  -77.531  -11.353 0.1000000015
7298  29.040  -79.404  -11.593 0.1000000015
6052  29.068  -80.229  -12.052 0.1000000015
6741  28.951  -79.735  -13.402 0.1000000015
6731  29.336  -80.226  -12.320 0.1000000015
7895  30.144  -77.606  -14.696 0.1000000015
7322  29.786  -78.577  -13.916 0.1000000015
7323  29.023  -78.772  -14.471 0.1000000015
7915  32.540  -77.670  -17.610 0.1000000015
8605  32.770  -77.296  -16.674 0.1000000015
7902  29.983  -77.531  -16.126 0.1000000015
7327  28.604  -78.833  -15.628 0.1000000015
8618  35.470  -76.979  -18.492 0.1000000015
7913  34.571  -77.393  -17.786 0.1000000015
7918  29.585  -77.780  -16.828 0.1000000015
8628  35.297  -76.539  -19.428 0.1000000015
11494  31.132  -72.767  -8.880 0.1000000015
10781  30.208  -73.573  -10.084 0.1000000015
140194  30.284  -74.147  -10.627 0.1000000015
9278  30.464  -75.712  -11.186 0.1000000015
8529  29.753  -76.287  -11.468 0.1000000015
7863  30.528  -78.482  -10.859 0.1000000015
7297  29.779  -79.004  -11.146 0.1000000015
7296  30.572  -79.699  -10.865 0.1000000015
6713  29.829  -80.242  -11.632 0.1000000015
7890  30.631  -78.456  -13.434 0.1000000015
7319  30.309  -79.726  -12.671 0.1000000015
123927  30.732  -77.061  -15.540 0.1000000015
7894  30.935  -77.261  -14.165 0.1000000015
7901  31.409  -77.044  -16.180 0.1000000015
7929  34.633  -77.359  -18.919 0.1000000015
9365  35.574  -75.539  -19.510 0.1000000015
10113  34.068  -74.347  -18.091 0.1000000015
127266  30.977  -73.354  -10.021 0.1000000015
10041  31.724  -74.652  -10.647 0.1000000015
134195  30.805  -74.755  -10.879 0.1000000015
9269  32.349  -75.865  -10.583 0.1000000015
9270  31.409  -75.698  -10.829 0.1000000015
7855  31.392  -77.933  -10.623 0.1000000015
8511  31.140  -76.629  -10.841 0.1000000015
7288  31.184  -79.181  -10.694 0.1000000015
7295  31.343  -79.756  -10.819 0.1000000015
6712  30.489  -80.279  -11.632 0.1000000015
7318  31.285  -79.706  -12.146 0.1000000015
8594  32.143  -76.803  -15.966 0.1000000015
8585  31.590  -76.629  -14.932 0.1000000015
7914  33.559  -77.488  -17.189 0.1000000015
142133  34.206  -74.096  -17.598 0.1000000015
8509  32.916  -77.024  -10.435 0.1000000015
8510  31.953  -76.865  -10.572 0.1000000015
126325  32.428  -78.009  -10.447 0.1000000015
7286  32.641  -78.615  -10.590 0.1000000015
7287  31.937  -78.951  -10.575 0.1000000015
7294  32.365  -79.217  -10.728 0.1000000015
7307  31.848  -79.728  -11.235 0.1000000015
7889  31.595  -78.274  -13.069 0.1000000015
10111  36.051  -73.984  -18.329 0.1000000015
9353  36.537  -75.766  -18.484 0.1000000015
10088  35.320  -73.621  -17.553 0.1000000015
7862  33.503  -78.222  -10.892 0.1000000015
7853  33.388  -77.955  -10.727 0.1000000015
131911  33.814  -76.616  -13.170 0.1000000015
8546  33.817  -77.351  -12.227 0.1000000015
7305  33.069  -78.843  -11.051 0.1000000015
132951  34.279  -76.262  -13.861 0.1000000015
7888  32.521  -77.816  -12.868 0.1000000015
8571  31.699  -77.038  -13.726 0.1000000015
9364  36.558  -74.855  -18.707 0.1000000015
9352  37.058  -75.234  -18.104 0.1000000015
8617  36.109  -76.507  -18.039 0.1000000015
8604  34.481  -77.030  -16.643 0.1000000015
137334  33.558  -77.060  -16.427 0.1000000015
8584  32.455  -76.444  -14.943 0.1000000015
10827  34.800  -73.363  -16.462 0.1000000015
119459  35.409  -76.965  -17.390 0.1000000015
7887  33.270  -77.931  -12.288 0.1000000015
7874  32.976  -78.701  -11.856 0.1000000015
8583  34.061  -76.337  -14.966 0.1000000015
8569  33.177  -77.019  -13.047 0.1000000015
126213  35.520  -76.631  -16.371 0.1000000015
8592  34.809  -76.511  -15.610 0.1000000015
126637  33.302  -76.343  -14.244 0.1000000015
131960  33.133  -76.591  -15.589 0.1000000015
2665  21.969  -87.174  -16.387 0.1000000015
127131  21.586  -85.057  -16.409 0.1000000015
4807  20.829  -81.918  -16.238 0.1000000015
4808  20.235  -82.633  -15.997 0.1000000015
5456  20.272  -81.126  -15.931 0.1000000015
12450  20.738  -71.895  -19.044 0.1000000015
6089  20.164  -80.322  -15.824 0.1000000015
12449  21.367  -71.697  -19.161 0.1000000015
140584  20.059  -76.462  -15.602 0.1000000015
7329  19.971  -78.859  -15.581 0.1000000015
9326  19.473  -75.930  -15.680 0.1000000015
9344  19.159  -75.028  -16.072 0.1000000015
8596  19.504  -76.814  -15.504 0.1000000015
6665  21.125  -79.183  -5.988 0.1000000015
4170  20.497  -83.458  -16.127 0.1000000015
123060  21.960  -86.026  -16.422 0.1000000015
130367  19.233  -79.195  -15.343 0.1000000015
7264  21.268  -78.359  -7.261 0.1000000015
6705  20.064  -79.480  -11.871 0.1000000015
2644  24.256  -86.918  -15.350 0.1000000015
8595  20.747  -76.547  -15.722 0.1000000015
7840  21.109  -77.523  -8.570 0.1000000015
7857  19.727  -77.900  -11.171 0.1000000015
5426  20.734  -81.434  -12.666 0.1000000015
6720  21.276  -79.467  -12.543 0.1000000015
4757  22.583  -82.650  -13.267 0.1000000015
136477  25.189  -86.115  -15.154 0.1000000015
140944  23.832  -85.304  -16.537 0.1000000015
139994  21.291  -78.216  -15.924 0.1000000015
6753  20.514  -79.660  -15.907 0.1000000015
10121  22.559  -73.969  -17.237 0.1000000015
9341  22.400  -75.597  -16.452 0.1000000015
126196  22.506  -81.015  -12.880 0.1000000015
4756  23.836  -82.620  -13.105 0.1000000015
4137  24.129  -84.189  -13.571 0.1000000015
7838  23.599  -78.169  -8.584 0.1000000015
6110  21.789  -80.662  -16.466 0.1000000015
6777  21.457  -79.663  -16.265 0.1000000015
7922  22.568  -77.175  -16.274 0.1000000015
8515  21.753  -76.453  -10.676 0.1000000015
6006  27.320  -80.346  -5.839 0.1000000015
130172  23.087  -77.040  -9.689 0.1000000015
8498  22.089  -76.766  -9.883 0.1000000015
6057  23.548  -81.130  -12.774 0.1000000015
4129  25.371  -83.097  -13.447 0.1000000015
4805  24.577  -82.996  -16.719 0.1000000015
7921  23.380  -77.204  -16.524 0.1000000015
137186  25.898  -78.220  -8.241 0.1000000015
7881  22.480  -77.163  -12.554 0.1000000015
8553  22.854  -76.521  -12.271 0.1000000015
124437  24.376  -81.286  -12.631 0.1000000015
135116  23.327  -76.956  -12.728 0.1000000015
6056  25.551  -81.113  -12.465 0.1000000015
4754  25.666  -82.390  -13.030 0.1000000015
4134  26.022  -83.278  -14.333 0.1000000015
142470  26.144  -84.098  -16.450 0.1000000015
6775  23.673  -79.410  -16.655 0.1000000015
10881  25.187  -73.627  -19.727 0.1000000015
10882  24.428  -73.086  -19.301 0.1000000015
9262  25.720  -75.624  -10.243 0.1000000015
8514  23.322  -76.094  -11.072 0.1000000015
7243  29.449  -78.867  -6.173 0.1000000015
7835  26.402  -77.527  -8.330 0.1000000015
7843  25.191  -77.200  -9.295 0.1000000015
6717  24.503  -79.634  -12.652 0.1000000015
6716  25.603  -80.065  -12.491 0.1000000015
120321  26.007  -81.763  -12.700 0.1000000015
4802  26.503  -83.142  -16.163 0.1000000015
126185  24.741  -79.451  -16.690 0.1000000015
8631  25.771  -76.359  -18.206 0.1000000015
10154  25.704  -74.472  -19.786 0.1000000015
7834  27.090  -77.072  -8.016 0.1000000015
9293  25.104  -75.892  -12.235 0.1000000015
123990  25.485  -77.921  -12.822 0.1000000015
6055  26.450  -81.026  -12.515 0.1000000015
4776  26.601  -82.473  -15.285 0.1000000015
121734  26.515  -81.399  -16.384 0.1000000015
8619  26.126  -77.076  -17.889 0.1000000015
8641  26.873  -76.166  -19.402 0.1000000015
9260  27.126  -74.877  -9.587 0.1000000015
9256  28.211  -74.983  -8.504 0.1000000015
8548  27.335  -76.695  -12.501 0.1000000015
6054  27.318  -80.581  -12.502 0.1000000015
120349  26.639  -81.675  -16.167 0.1000000015
6087  27.552  -80.340  -15.737 0.1000000015
7364  26.005  -78.317  -17.151 0.1000000015
133219  28.153  -78.222  -17.434 0.1000000015
9381  27.259  -75.627  -20.377 0.1000000015
9394  26.899  -74.875  -20.842 0.1000000015
9393  27.719  -74.842  -21.564 0.1000000015
10163  28.596  -74.143  -22.257 0.1000000015
9281  27.217  -75.266  -11.693 0.1000000015
144048  27.591  -80.672  -13.217 0.1000000015
6074  27.752  -80.290  -14.860 0.1000000015
9402  29.494  -74.590  -22.195 0.1000000015
8652  29.014  -76.280  -21.067 0.1000000015
8651  29.879  -76.496  -21.148 0.1000000015
10175  30.354  -74.191  -21.971 0.1000000015
10052  27.549  -74.803  -11.192 0.1000000015
6704  29.217  -80.189  -11.777 0.1000000015
6066  28.652  -80.170  -12.877 0.1000000015
7932  31.357  -77.635  -18.003 0.1000000015
7959  30.679  -77.582  -19.131 0.1000000015
7947  29.983  -77.641  -18.572 0.1000000015
7948  28.713  -77.722  -18.396 0.1000000015
7376  28.730  -77.907  -17.783 0.1000000015
7360  29.364  -77.749  -17.650 0.1000000015
7326  28.895  -78.233  -16.471 0.1000000015
7971  31.107  -77.260  -20.243 0.1000000015
134538  29.951  -77.505  -19.395 0.1000000015
9377  34.924  -75.993  -20.130 0.1000000015
9390  32.385  -76.092  -20.958 0.1000000015
8638  29.483  -77.052  -20.173 0.1000000015
8650  30.714  -76.588  -21.120 0.1000000015
126128  34.699  -75.217  -19.761 0.1000000015
141679  31.653  -75.785  -21.344 0.1000000015
9400  30.780  -75.092  -21.848 0.1000000015
10152  30.134  -73.611  -20.536 0.1000000015
10161  30.781  -73.981  -21.217 0.1000000015
7896  29.522  -77.958  -15.036 0.1000000015
120960  31.732  -77.636  -17.702 0.1000000015
7900  31.809  -77.511  -16.997 0.1000000015
7917  30.437  -77.584  -17.218 0.1000000015
10132  34.877  -74.697  -18.979 0.1000000015
6703  29.886  -80.071  -11.277 0.1000000015
6730  29.931  -80.295  -12.095 0.1000000015
138703  36.185  -75.448  -19.001 0.1000000015
10112  34.955  -74.091  -18.178 0.1000000015
8570  32.374  -76.584  -13.943 0.1000000015
7306  32.552  -79.238  -11.315 0.1000000015
12424  27.877  -71.665  -16.420 0.3000000119
13252  27.966  -70.603  -15.244 0.3000000119
129827  27.998  -69.817  -14.991 0.4000000060
13240  27.862  -70.083  -14.529 0.4000000060
13251  28.459  -70.060  -15.515 0.3000000119
15151  32.195  -68.928  -24.981 0.1000000015
15116  32.075  -68.914  -24.102 0.1000000015
14203  32.606  -69.737  -22.417 0.2000000030
13309  32.578  -70.411  -20.333 0.3000000119
15968  28.988  -67.231  -16.772 0.4000000060
130702  27.684  -72.143  -16.664 0.3000000119
13288  32.863  -70.380  -18.216 0.4000000060
14157  32.125  -69.964  -17.133 0.4000000060
14191  32.336  -69.954  -21.452 0.2000000030
14161  32.809  -70.023  -17.590 0.4000000060
15057  32.014  -69.158  -16.971 0.4000000060
15967  29.778  -67.497  -16.978 0.4000000060
14242  31.195  -69.013  -25.910 0.1000000015
138446  32.608  -69.511  -17.291 0.4000000060
15966  30.606  -67.715  -17.204 0.4000000060
124424  32.096  -69.113  -25.774 0.1000000015
16782  28.600  -66.559  -17.229 0.5000000000
121610  33.286  -70.446  -20.913 0.3000000119
143223  33.306  -70.342  -18.499 0.3000000119
15965  31.606  -67.927  -17.457 0.4000000060
17584  27.158  -65.665  -16.879 0.4000000060
17585  26.466  -64.995  -16.689 0.4000000060
13287  33.535  -69.986  -18.095 0.4000000060
15064  33.211  -69.328  -17.667 0.4000000060
15980  30.754  -66.999  -17.927 0.4000000060
16780  29.940  -66.939  -17.620 0.5000000000
14241  33.102  -69.466  -25.477 0.2000000030
14227  32.883  -69.317  -24.472 0.2000000030
14210  33.538  -69.792  -23.757 0.2000000030
13322  33.291  -70.218  -21.868 0.2000000030
14211  32.813  -69.634  -23.142 0.2000000030
13298  33.721  -70.330  -18.821 0.3000000119
14167  34.273  -69.752  -18.645 0.3000000119
134535  31.680  -69.632  -26.349 0.1000000015
15065  32.569  -68.617  -17.494 0.4000000060
13308  33.558  -70.509  -19.806 0.3000000119
15063  33.941  -69.079  -18.179 0.4000000060
15979  32.296  -67.558  -18.148 0.4000000060
17592  28.313  -65.882  -17.654 0.5000000000
15978  33.237  -68.137  -18.157 0.4000000060
138404  31.515  -66.928  -18.318 0.4000000060
16790  29.198  -66.243  -17.872 0.5000000000
17602  28.780  -65.445  -18.278 0.5000000000
135862  27.182  -64.970  -17.513 0.4000000060
14226  33.837  -69.806  -24.738 0.2000000030
14202  33.505  -70.097  -22.785 0.2000000030
13333  34.403  -70.462  -22.208 0.2000000030
128642  34.317  -70.468  -20.468 0.4000000060
13320  34.652  -70.501  -21.355 0.2000000030
14178  34.380  -70.265  -19.381 0.3000000119
16789  30.081  -66.310  -18.257 0.5000000000
17603  27.998  -65.190  -17.966 0.5000000000
18435  27.028  -64.249  -17.867 0.4000000060
126892  26.025  -64.002  -16.786 0.4000000060
14177  35.004  -70.206  -19.890 0.4000000060
15988  34.064  -68.013  -18.665 0.4000000060
17601  29.592  -65.631  -18.548 0.5000000000
13341  34.677  -70.426  -23.347 0.2000000030
20063  26.151  -62.806  -17.960 0.4000000060
15069  34.761  -68.737  -18.819 0.3000000119
130218  33.466  -67.366  -18.844 0.4000000060
15990  32.094  -66.772  -18.727 0.4000000060
14257  32.682  -69.722  -26.271 0.2000000030
14190  35.340  -70.334  -20.859 0.3000000119
14176  35.716  -69.630  -20.029 0.4000000060
19238  25.857  -63.087  -17.200 0.4000000060
14166  34.979  -69.625  -19.269 0.3000000119
16797  30.840  -66.255  -18.592 0.5000000000
18433  28.472  -64.726  -18.598 0.5000000000
21826  26.128  -59.889  -17.046 0.4000000060
14256  33.688  -70.072  -26.154 0.2000000030
13349  34.469  -70.206  -24.178 0.2000000030
127852  33.968  -67.116  -19.289 0.4000000060
15989  32.781  -67.081  -18.775 0.4000000060
18448  28.223  -63.931  -18.968 0.5000000000
19249  26.708  -63.089  -18.358 0.4000000060
26388  28.168  -55.769  -16.808 0.4000000060
13348  35.395  -70.607  -24.179 0.2000000030
119889  35.551  -70.605  -22.845 0.2000000030
119200  35.389  -70.546  -21.931 0.2000000030
14165  35.530  -68.752  -19.407 0.4000000060
17607  30.882  -65.467  -19.239 0.5000000000
17609  29.232  -64.948  -18.900 0.5000000000
139656  32.700  -71.101  -27.014 0.2000000030
16796  31.572  -66.168  -18.972 0.5000000000
17600  30.286  -65.740  -18.758 0.5000000000
18434  27.697  -64.461  -18.236 0.5000000000
12506  33.688  -71.534  -27.076 0.2000000030
24504  27.261  -57.112  -17.744 0.4000000060
26386  28.783  -55.547  -17.350 0.2000000030
21827  25.904  -60.703  -17.465 0.4000000060
20064  25.839  -62.379  -17.482 0.4000000060
14225  34.856  -70.441  -24.879 0.2000000030
14189  36.114  -69.973  -20.896 0.4000000060
19248  27.303  -63.659  -18.463 0.4000000060
20071  26.510  -62.381  -18.698 0.4000000060
14255  34.568  -70.572  -26.097 0.2000000030
13340  35.763  -70.634  -23.579 0.2000000030
13332  36.248  -70.431  -22.638 0.2000000030
121626  26.328  -58.946  -18.056 0.4000000060
20940  25.892  -61.227  -18.171 0.4000000060
20939  26.148  -61.617  -18.786 0.4000000060
16795  33.259  -66.607  -19.350 0.3000000119
18446  30.440  -64.758  -19.770 0.5000000000
132603  28.886  -64.388  -19.175 0.5000000000
14175  36.447  -69.345  -20.611 0.4000000060
139412  34.655  -67.660  -19.206 0.4000000060
142703  34.461  -66.922  -19.706 0.3000000119
142264  32.416  -66.185  -19.304 0.4000000060
15071  36.299  -68.619  -20.039 0.4000000060
17615  31.207  -64.937  -19.937 0.5000000000
13347  36.233  -70.627  -24.147 0.2000000030
129273  26.303  -59.188  -18.720 0.4000000060
140486  27.753  -63.316  -19.126 0.5000000000
18455  28.844  -63.900  -19.702 0.5000000000
16807  33.043  -65.867  -19.850 0.4000000060
17606  31.735  -65.540  -19.581 0.5000000000
18447  29.574  -64.442  -19.631 0.5000000000
17614  31.925  -65.112  -20.234 0.5000000000
143790  32.381  -65.567  -19.860 0.5000000000
15059  30.288  -68.332  -16.601 0.4000000060
22667  26.303  -59.091  -17.384 0.4000000060
21835  25.956  -60.516  -18.292 0.4000000060
18453  30.078  -64.278  -20.443 0.5000000000
13291  29.868  -70.645  -17.738 0.3000000119
13278  29.254  -70.767  -16.899 0.3000000119
13265  29.254  -70.210  -16.224 0.2000000030
13303  29.014  -70.194  -18.676 0.2000000030
13302  30.254  -70.377  -18.630 0.3000000119
13290  30.970  -70.583  -17.734 0.3000000119
14169  30.646  -70.084  -19.420 0.2000000030
14168  31.434  -70.373  -19.343 0.2000000030
13301  31.276  -70.537  -18.602 0.2000000030
14204  31.870  -69.430  -22.180 0.2000000030
12522  33.720  -72.602  -27.382 0.1000000015
133479  33.835  -73.499  -27.609 0.1000000015
16036  38.688  -68.254  -23.950 0.1000000015
13279  28.235  -71.309  -16.945 0.2000000030
13292  28.751  -70.778  -17.820 0.2000000030
143773  28.516  -70.998  -17.299 0.2000000030
125745  27.442  -70.886  -19.029 0.1000000015
14171  28.057  -69.888  -19.298 0.1000000015
13379  33.197  -70.533  -26.643 0.1000000015
123047  36.419  -70.496  -24.821 0.1000000015
13346  36.709  -70.295  -23.827 0.1000000015
14209  37.449  -69.581  -22.985 0.1000000015
14200  38.177  -68.905  -22.458 0.1000000015
124169  36.303  -70.701  -25.855 0.1000000015
133650  37.278  -69.838  -23.683 0.1000000015
14208  38.081  -69.123  -23.147 0.1000000015
142179  38.661  -68.211  -21.616 0.1000000015
14223  37.964  -69.214  -23.791 0.1000000015
16017  39.493  -67.359  -21.984 0.1000000015
16829  38.803  -66.574  -21.878 0.1000000015
16828  39.513  -66.611  -22.098 0.1000000015
16841  38.070  -66.151  -22.570 0.1000000015
13293  27.940  -71.164  -17.870 0.2000000030
13304  28.013  -70.513  -18.634 0.1000000015
136256  36.851  -69.700  -21.518 0.1000000015
15999  35.184  -67.236  -19.817 0.3000000119
13363  35.270  -70.766  -25.634 0.1000000015
129649  35.837  -70.770  -24.847 0.1000000015
13339  36.340  -70.494  -23.399 0.1000000015
136165  37.234  -69.695  -22.328 0.1000000015
15997  36.705  -67.629  -20.373 0.2000000030
132615  35.900  -67.233  -20.201 0.3000000119
17622  33.985  -65.506  -21.072 0.3000000119
17623  33.086  -65.071  -21.283 0.3000000119
11689  34.606  -73.090  -27.748 0.1000000015
13362  36.100  -70.996  -25.817 0.1000000015
13330  37.086  -69.876  -22.833 0.1000000015
15081  38.211  -68.348  -21.421 0.1000000015
16803  36.308  -66.896  -20.687 0.2000000030
16818  34.875  -65.934  -20.832 0.3000000119
15080  38.722  -67.642  -21.413 0.1000000015
16831  36.310  -66.228  -21.659 0.2000000030
139730  34.475  -65.601  -21.534 0.3000000119
16830  37.529  -66.469  -21.769 0.1000000015
120249  35.580  -65.974  -22.617 0.2000000030
17633  34.482  -65.697  -22.539 0.4000000060
16840  39.410  -66.177  -22.506 0.1000000015
16842  36.716  -66.104  -22.628 0.1000000015
17643  35.937  -65.908  -23.540 0.3000000119
10091  32.531  -74.440  -16.898 0.1000000015
10116  30.942  -74.668  -17.837 0.1000000015
18454  29.323  -63.870  -20.437 0.4000000060
143410  30.744  -64.556  -20.401 0.4000000060
17612  33.486  -65.623  -20.486 0.3000000119
17624  32.143  -64.837  -21.016 0.4000000060
18452  31.349  -64.669  -20.723 0.4000000060
18459  32.232  -64.780  -21.954 0.4000000060
18471  31.464  -64.600  -22.594 0.4000000060
17635  33.003  -65.027  -22.347 0.4000000060
17646  32.987  -65.181  -23.346 0.5000000000
17644  34.928  -65.819  -23.568 0.3000000119
17645  33.863  -65.553  -23.696 0.5000000000
17641  39.937  -65.708  -23.235 0.2000000030
17642  38.674  -65.699  -23.287 0.1000000015
16847  40.116  -66.305  -24.211 0.1000000015
17652  40.300  -65.182  -24.053 0.1000000015
17654  37.648  -65.274  -24.037 0.2000000030
120869  37.125  -65.797  -23.474 0.2000000030
16855  38.745  -66.729  -25.144 0.1000000015
16854  39.957  -66.218  -25.082 0.1000000015
17653  39.341  -65.087  -23.893 0.2000000030
16866  36.588  -66.485  -26.158 0.1000000015
16865  38.055  -66.318  -25.943 0.1000000015
135115  27.618  -62.807  -19.671 0.4000000060
20082  26.979  -62.310  -19.472 0.3000000119
19273  28.017  -62.886  -20.553 0.4000000060
18461  30.571  -64.320  -21.277 0.4000000060
124982  29.683  -63.942  -21.277 0.4000000060
119480  30.718  -64.352  -22.315 0.4000000060
18462  29.288  -63.689  -22.020 0.4000000060
18470  32.218  -64.843  -22.959 0.4000000060
18484  31.410  -64.531  -23.622 0.4000000060
133074  30.837  -64.384  -23.084 0.4000000060
18483  32.286  -64.845  -23.931 0.5000000000
17658  33.057  -65.132  -24.242 0.4000000060
17655  36.293  -65.517  -24.199 0.3000000119
122019  35.415  -65.654  -24.185 0.4000000060
17656  34.585  -65.421  -24.509 0.4000000060
17677  39.988  -65.543  -26.559 0.2000000030
17664  40.616  -65.189  -25.352 0.2000000030
16864  39.536  -66.088  -25.930 0.1000000015
130991  32.923  -68.024  -28.538 0.1000000015
20101  27.658  -62.386  -21.165 0.4000000060
20081  27.279  -62.208  -20.386 0.4000000060
20106  28.250  -62.584  -22.500 0.4000000060
19280  29.367  -63.626  -22.910 0.4000000060
19281  28.706  -63.264  -22.307 0.4000000060
19291  29.879  -63.681  -23.670 0.4000000060
18494  31.739  -64.339  -24.584 0.4000000060
18495  31.002  -64.148  -24.255 0.4000000060
18493  32.546  -64.680  -24.637 0.3000000119
17667  34.053  -64.870  -25.112 0.4000000060
18492  33.215  -64.753  -24.944 0.4000000060
18490  38.353  -64.333  -24.474 0.3000000119
18491  36.698  -64.819  -24.625 0.3000000119
17665  35.570  -65.180  -24.743 0.4000000060
17678  39.071  -65.820  -26.869 0.2000000030
17693  40.003  -65.240  -26.773 0.2000000030
18500  40.202  -64.059  -25.054 0.2000000030
17679  37.585  -65.892  -26.806 0.2000000030
15234  32.414  -68.948  -30.609 0.1000000015
15218  32.399  -68.654  -29.820 0.1000000015
16092  32.509  -67.414  -28.924 0.1000000015
120307  26.058  -60.018  -18.894 0.3000000119
20969  27.024  -60.951  -21.239 0.4000000060
21854  26.628  -60.603  -20.572 0.3000000119
20107  27.702  -62.152  -21.882 0.4000000060
20986  28.731  -61.258  -23.189 0.4000000060
20117  29.218  -62.696  -23.722 0.4000000060
20118  28.635  -62.220  -23.191 0.4000000060
120983  30.201  -63.023  -24.590 0.4000000060
19305  29.719  -63.166  -24.147 0.4000000060
19316  31.669  -63.657  -25.138 0.4000000060
19317  30.874  -63.168  -24.969 0.3000000119
19312  36.380  -63.146  -25.346 0.3000000119
19313  35.227  -63.237  -25.502 0.3000000119
132073  34.235  -63.560  -25.540 0.3000000119
19314  33.640  -63.381  -25.549 0.3000000119
133018  33.044  -63.595  -25.498 0.3000000119
17711  38.880  -65.065  -28.529 0.2000000030
18522  39.471  -64.944  -27.604 0.2000000030
133327  38.250  -63.250  -25.503 0.3000000119
19311  37.390  -63.160  -25.417 0.2000000030
18503  35.750  -64.268  -25.186 0.3000000119
18504  34.598  -64.240  -25.399 0.3000000119
17694  39.453  -65.324  -27.401 0.2000000030
19310  39.320  -63.537  -25.404 0.2000000030
17695  38.538  -65.517  -27.775 0.2000000030
23613  26.684  -58.665  -19.273 0.3000000119
24553  28.408  -57.556  -19.437 0.3000000119
124963  26.383  -59.460  -19.554 0.3000000119
22708  26.597  -59.755  -20.393 0.4000000060
21849  26.286  -60.420  -19.723 0.3000000119
22718  28.336  -59.544  -21.749 0.3000000119
23646  28.825  -59.057  -21.259 0.4000000060
21867  29.044  -60.347  -23.023 0.4000000060
22732  28.676  -59.915  -22.404 0.4000000060
21868  28.312  -60.677  -22.646 0.4000000060
22739  29.828  -59.974  -23.318 0.4000000060
21872  30.238  -60.354  -23.997 0.3000000119
20128  29.847  -62.369  -24.352 0.4000000060
20985  29.266  -61.800  -23.759 0.4000000060
21002  34.736  -61.646  -25.561 0.3000000119
124096  33.608  -61.792  -25.522 0.2000000030
21004  32.593  -61.332  -25.391 0.2000000030
21005  31.483  -61.291  -25.123 0.2000000030
20140  31.092  -62.285  -25.158 0.3000000119
20994  30.555  -61.766  -24.771 0.3000000119
20135  35.961  -62.167  -25.816 0.3000000119
20137  34.283  -62.648  -25.568 0.3000000119
133201  32.526  -62.350  -25.526 0.2000000030
129347  31.825  -62.017  -25.418 0.2000000030
137349  38.923  -64.805  -28.653 0.2000000030
19347  38.232  -63.588  -27.385 0.3000000119
143890  37.901  -63.221  -26.441 0.3000000119
19332  37.552  -62.926  -25.884 0.3000000119
25474  28.691  -56.550  -18.447 0.3000000119
24529  26.879  -57.754  -18.148 0.3000000119
23592  26.597  -58.450  -18.482 0.3000000119
22730  30.236  -59.278  -22.865 0.3000000119
23671  32.363  -58.635  -24.031 0.2000000030
22752  31.092  -59.923  -24.195 0.2000000030
22738  30.622  -59.558  -23.570 0.2000000030
22759  33.456  -59.517  -24.979 0.2000000030
21884  32.583  -59.906  -24.777 0.2000000030
22751  32.002  -59.497  -24.327 0.2000000030
21885  31.671  -60.333  -24.704 0.2000000030
25454  28.375  -56.071  -17.727 0.2000000030
19357  38.582  -63.899  -28.572 0.3000000119
17712  37.898  -65.384  -28.635 0.2000000030
14150  29.207  -69.455  -15.841 0.3000000119
13264  30.197  -70.230  -16.645 0.3000000119
13277  30.521  -70.501  -17.055 0.3000000119
134878  31.743  -74.541  -16.766 0.1000000015
12434  27.724  -71.812  -17.317 0.2000000030
13266  28.240  -70.855  -16.115 0.2000000030
13319  36.132  -70.288  -21.736 0.1000000015
15998  35.875  -67.877  -19.718 0.3000000119
25475  27.905  -56.659  -18.172 0.3000000119
13331  36.798  -70.103  -22.480 0.1000000015
20094  26.740  -61.699  -19.882 0.3000000119
16806  33.886  -66.277  -19.877 0.2000000030
15134  38.834  -68.385  -23.322 0.1000000015
144043  36.264  -70.736  -25.390 0.1000000015
14224  36.831  -70.222  -24.326 0.1000000015
13345  36.977  -70.006  -23.290 0.1000000015
14188  37.663  -69.134  -21.780 0.1000000015
15115  38.944  -68.312  -22.550 0.1000000015
142196  39.155  -67.472  -21.604 0.1000000015
16815  38.117  -66.985  -21.374 0.1000000015
15082  37.242  -68.651  -20.863 0.2000000030
16805  34.668  -66.450  -20.218 0.3000000119
134395  37.163  -67.115  -20.956 0.2000000030
16817  35.868  -66.307  -20.969 0.3000000119
17634  33.781  -65.291  -21.879 0.4000000060
18460  31.417  -64.572  -21.638 0.4000000060
16816  36.882  -66.676  -21.183 0.3000000119
17621  35.274  -65.875  -21.595 0.3000000119
19271  28.879  -63.474  -21.300 0.4000000060
18472  30.167  -64.098  -23.026 0.4000000060
137800  40.381  -65.662  -25.072 0.2000000030
18489  39.915  -64.443  -24.476 0.2000000030
19278  28.170  -62.882  -21.573 0.4000000060
18473  29.943  -64.028  -22.164 0.4000000060
18499  40.612  -64.628  -25.538 0.2000000030
20968  27.279  -61.766  -21.231 0.4000000060
18502  37.151  -63.700  -24.929 0.3000000119
18501  38.308  -63.462  -25.036 0.2000000030
19330  39.710  -63.812  -26.101 0.2000000030
22719  27.536  -59.745  -21.524 0.4000000060
22707  27.159  -59.338  -20.841 0.4000000060
21860  27.937  -60.160  -22.123 0.4000000060
20136  35.306  -62.249  -25.598 0.3000000119
132256  38.902  -64.479  -28.136 0.2000000030
19346  39.327  -64.170  -26.980 0.2000000030
23630  27.597  -58.689  -20.415 0.4000000060
21886  30.779  -60.798  -24.578 0.2000000030
126658  34.359  -60.907  -25.514 0.2000000030
21003  33.563  -60.896  -25.372 0.2000000030
21894  33.099  -60.395  -25.161 0.2000000030
21895  32.256  -60.640  -25.095 0.2000000030
22706  27.948  -59.111  -21.116 0.3000000119
23611  28.171  -58.091  -19.962 0.2000000030
139491  28.889  -58.386  -20.289 0.3000000119
24527  28.188  -57.059  -18.902 0.2000000030
24526  29.034  -57.362  -19.206 0.2000000030
14180  31.111  -69.872  -20.062 0.1000000015
14193  30.801  -69.304  -20.848 0.1000000015
14179  31.662  -69.881  -20.698 0.1000000015
15083  31.182  -68.918  -22.342 0.1000000015
14192  31.386  -69.370  -21.542 0.1000000015
128919  30.378  -55.391  -17.485 0.1000000015
26400  33.557  -56.278  -17.240 0.1000000015
25452  31.821  -56.915  -17.494 0.1000000015
25473  29.478  -56.739  -18.549 0.1000000015
25472  30.343  -57.221  -18.483 0.1000000015
24503  31.902  -58.346  -17.931 0.1000000015
25471  31.162  -57.892  -18.242 0.1000000015
24525  29.890  -57.937  -19.228 0.1000000015
23610  28.953  -58.021  -19.834 0.2000000030
24524  31.416  -59.274  -18.921 0.1000000015
142995  32.280  -60.358  -19.195 0.2000000030
24549  32.359  -60.352  -20.138 0.2000000030
24551  30.453  -58.926  -20.019 0.2000000030
24570  29.515  -58.586  -20.354 0.2000000030
23628  29.252  -58.729  -20.797 0.2000000030
23609  33.237  -60.565  -19.989 0.2000000030
132511  31.875  -59.704  -20.265 0.2000000030
24569  30.297  -58.834  -20.660 0.2000000030
23645  29.634  -58.972  -21.434 0.2000000030
23656  29.939  -59.114  -22.128 0.2000000030
24590  31.051  -57.452  -22.394 0.1000000015
23589  33.971  -60.816  -19.427 0.2000000030
23627  30.011  -58.815  -21.050 0.2000000030
24583  30.636  -58.266  -21.511 0.2000000030
23644  30.298  -58.638  -21.752 0.1000000015
25524  31.084  -56.814  -21.190 0.1000000015
138567  30.688  -58.054  -22.129 0.1000000015
26417  29.979  -55.990  -18.005 0.1000000015
27376  31.052  -55.095  -17.222 0.1000000015
26401  32.623  -55.979  -17.236 0.1000000015
25451  32.670  -57.289  -17.406 0.1000000015
134420  33.537  -57.830  -17.449 0.1000000015
24523  31.914  -60.142  -19.620 0.2000000030
25494  32.018  -58.542  -20.286 0.2000000030
20171  37.310  -63.076  -27.648 0.2000000030
20156  36.496  -62.443  -26.244 0.2000000030
20155  37.273  -63.012  -26.756 0.2000000030
20184  37.869  -63.312  -28.443 0.2000000030
124707  36.988  -62.587  -28.409 0.2000000030
20157  35.695  -61.670  -26.155 0.2000000030
20172  36.600  -62.555  -27.323 0.2000000030
131799  37.746  -62.829  -29.125 0.2000000030
21001  35.400  -61.672  -25.791 0.2000000030
20173  35.896  -61.895  -26.994 0.1000000015
21028  36.223  -61.941  -28.010 0.2000000030
21016  35.402  -61.109  -26.747 0.2000000030
21017  35.150  -60.985  -25.883 0.2000000030
21043  35.969  -61.342  -28.727 0.1000000015
21916  35.160  -60.593  -27.519 0.1000000015
21904  34.952  -60.331  -26.577 0.1000000015
21936  35.780  -60.650  -29.465 0.1000000015
21943  36.348  -60.405  -30.373 0.1000000015
23572  33.614  -60.470  -18.756 0.1000000015
22757  34.370  -59.691  -25.756 0.1000000015
22777  34.555  -59.653  -26.860 0.1000000015
22768  34.632  -59.819  -26.166 0.1000000015
21925  35.375  -60.701  -28.485 0.1000000015
22787  34.449  -59.462  -27.920 0.1000000015
141209  35.030  -59.404  -29.810 0.1000000015
121600  34.636  -59.513  -28.988 0.1000000015
22797  35.393  -58.845  -30.753 0.1000000015
23608  34.167  -60.533  -19.697 0.1000000015
23586  36.846  -60.739  -19.471 0.1000000015
23588  34.946  -60.622  -19.363 0.1000000015
22750  32.903  -59.075  -24.528 0.1000000015
21893  34.035  -60.083  -25.372 0.1000000015
127953  33.972  -58.631  -26.568 0.1000000015
23684  33.920  -58.429  -25.774 0.1000000015
22788  34.013  -58.771  -28.089 0.1000000015
23714  34.730  -58.580  -29.839 0.1000000015
126615  34.110  -58.465  -28.930 0.1000000015
23607  36.641  -60.674  -19.589 0.1000000015
122562  32.712  -59.246  -20.125 0.1000000015
26503  32.404  -55.874  -25.286 0.1000000015
24603  33.339  -57.503  -24.579 0.1000000015
26524  32.161  -55.831  -26.267 0.1000000015
25556  32.715  -56.524  -25.753 0.1000000015
24607  33.679  -57.905  -25.195 0.1000000015
23669  33.606  -58.125  -24.837 0.1000000015
25569  32.476  -56.475  -26.726 0.1000000015
24616  32.985  -57.093  -26.263 0.1000000015
25580  32.594  -56.421  -27.493 0.1000000015
24627  32.803  -57.041  -27.155 0.1000000015
23696  33.745  -58.399  -27.393 0.1000000015
126957  33.606  -58.079  -26.624 0.1000000015
26559  33.453  -55.571  -28.754 0.1000000015
26560  32.788  -56.033  -28.136 0.1000000015
24626  33.288  -57.635  -27.571 0.1000000015
25594  33.504  -56.399  -28.731 0.1000000015
24546  35.821  -60.372  -19.579 0.1000000015
24547  34.985  -59.637  -19.614 0.1000000015
123880  33.059  -56.962  -24.066 0.1000000015
28443  32.241  -53.749  -27.490 0.1000000015
26541  32.230  -55.694  -27.340 0.1000000015
123657  32.721  -55.160  -28.155 0.1000000015
25535  32.587  -56.778  -23.596 0.1000000015
21042  36.553  -61.893  -28.861 0.1000000015
23707  33.715  -58.079  -28.374 0.1000000015
23715  34.303  -57.674  -29.517 0.1000000015
26492  32.539  -55.868  -24.375 0.1000000015
15274  35.227  -68.653  -33.077 0.1000000015
16151  36.044  -67.986  -33.965 0.1000000015
14364  35.531  -69.374  -33.605 0.1000000015
14365  34.950  -69.951  -33.550 0.1000000015
12594  34.453  -71.149  -34.599 0.1000000015
11797  33.175  -72.524  -34.783 0.1000000015
10343  31.856  -74.156  -35.159 0.1000000015
16141  35.023  -67.842  -32.763 0.1000000015
16152  35.486  -67.195  -33.398 0.1000000015
14380  35.393  -70.086  -33.918 0.1000000015
13476  34.625  -70.585  -33.956 0.1000000015
128915  35.977  -67.112  -34.179 0.1000000015
16967  35.130  -65.927  -33.180 0.1000000015
17775  34.369  -65.728  -32.352 0.1000000015
16942  33.849  -66.604  -31.758 0.1000000015
14350  34.495  -69.323  -33.012 0.1000000015
15286  36.084  -68.872  -34.103 0.1000000015
17756  34.299  -64.773  -32.141 0.1000000015
18576  33.941  -64.517  -31.337 0.1000000015
16158  36.124  -67.428  -34.700 0.1000000015
17792  35.728  -65.476  -34.012 0.1000000015
17806  36.210  -65.161  -34.749 0.1000000015
133299  36.078  -66.938  -35.269 0.1000000015
16973  36.098  -66.290  -34.842 0.1000000015
16980  36.125  -66.094  -35.738 0.1000000015
16954  34.697  -66.848  -32.583 0.1000000015
9625  31.207  -74.627  -35.926 0.1000000015
2200  23.525  -87.377  -15.513 0.1000000015
2629  24.169  -86.907  -14.654 0.1000000015
2645  23.884  -87.090  -15.894 0.1000000015
2662  24.388  -86.498  -16.009 0.1000000015
3156  25.358  -85.829  -14.822 0.1000000015
3168  24.897  -86.292  -15.506 0.1000000015
3178  25.396  -85.307  -16.188 0.1000000015
3644  24.785  -85.009  -13.940 0.1000000015
3659  25.916  -85.067  -14.995 0.1000000015
3679  26.265  -84.186  -16.178 0.1000000015
4130  24.562  -83.333  -13.323 0.1000000015
4149  26.026  -84.113  -14.698 0.1000000015
4157  26.535  -83.655  -15.962 0.1000000015
4164  26.364  -83.727  -16.306 0.1000000015
4165  25.718  -84.200  -16.589 0.1000000015
4168  22.265  -83.570  -16.569 0.1000000015
4766  25.820  -82.812  -13.622 0.1000000015
4768  22.072  -83.531  -13.430 0.1000000015
4777  26.337  -82.900  -14.756 0.1000000015
4801  26.595  -82.502  -16.066 0.1000000015
4803  26.315  -83.140  -16.408 0.1000000015
4806  23.402  -82.721  -16.692 0.1000000015
5422  25.167  -81.801  -12.588 0.1000000015
5425  21.736  -81.861  -13.093 0.1000000015
5434  26.518  -81.777  -13.353 0.1000000015
5442  26.949  -81.603  -14.768 0.1000000015
5471  23.984  -81.661  -16.694 0.1000000015
6005  28.129  -80.326  -5.805 0.1000000015
6008  25.540  -80.305  -5.845 0.1000000015
6059  21.037  -80.422  -12.626 0.1000000015
6106  26.009  -80.956  -16.619 0.1000000015
6108  23.432  -80.987  -16.671 0.1000000015
6658  28.459  -79.848  -6.269 0.1000000015
6663  23.965  -79.744  -6.213 0.1000000015
6678  26.503  -79.179  -7.288 0.1000000015
6701  31.083  -80.134  -11.219 0.1000000015
6702  30.544  -80.115  -11.206 0.1000000015
6714  27.480  -79.969  -12.187 0.1000000015
6715  26.665  -80.093  -12.349 0.1000000015
6754  19.711  -79.757  -15.577 0.1000000015
7245  21.707  -78.775  -6.637 0.1000000015
7257  27.595  -78.237  -7.237 0.1000000015
7258  27.085  -78.730  -7.289 0.1000000015
7260  25.051  -79.070  -7.788 0.1000000015
7272  23.648  -78.528  -8.100 0.1000000015
7274  21.746  -77.967  -7.919 0.1000000015
7276  19.213  -78.319  -8.636 0.1000000015
7285  33.016  -78.519  -10.673 0.1000000015
7289  19.422  -77.849  -10.259 0.1000000015
7299  19.880  -78.771  -11.528 0.1000000015
7312  22.261  -78.111  -12.635 0.1000000015
7313  21.425  -78.461  -12.453 0.1000000015
7320  29.557  -79.675  -13.096 0.1000000015
7347  23.260  -78.669  -16.610 0.1000000015
7362  27.589  -78.437  -17.345 0.1000000015
7375  29.447  -77.724  -18.105 0.1000000015
7813  29.107  -78.060  -6.491 0.1000000015
7836  25.595  -77.734  -8.726 0.1000000015
7844  24.541  -77.321  -9.401 0.1000000015
7845  23.943  -77.719  -9.152 0.1000000015
7854  33.170  -77.882  -10.545 0.1000000015
7856  19.923  -77.187  -10.817 0.1000000015
7873  33.453  -78.211  -11.545 0.1000000015
7875  32.264  -79.124  -12.081 0.1000000015
7877  26.873  -77.495  -12.665 0.1000000015
7879  25.032  -76.978  -12.895 0.1000000015
7904  21.191  -77.369  -15.792 0.1000000015
7933  30.722  -77.591  -17.794 0.1000000015
7937  25.676  -77.516  -17.337 0.1000000015
7949  27.777  -77.603  -18.401 0.1000000015
7958  31.443  -77.577  -19.329 0.1000000015
7969  32.800  -77.011  -20.533 0.1000000015
8482  28.013  -75.726  -8.113 0.1000000015
8499  21.187  -76.729  -10.049 0.1000000015
8512  24.997  -76.010  -10.433 0.1000000015
8517  20.605  -76.804  -11.183 0.1000000015
8528  30.510  -77.063  -11.078 0.1000000015
8531  23.412  -76.084  -11.908 0.1000000015
8533  21.399  -76.554  -11.420 0.1000000015
8593  33.986  -76.710  -15.837 0.1000000015
8609  21.107  -75.884  -15.962 0.1000000015
8627  36.009  -76.220  -18.946 0.1000000015
8648  33.249  -76.203  -20.692 0.1000000015
8653  28.137  -75.927  -20.799 0.1000000015
8659  30.383  -75.789  -21.760 0.1000000015
9258  26.772  -75.542  -9.266 0.1000000015
9272  25.313  -75.603  -11.004 0.1000000015
9273  24.638  -75.799  -11.021 0.1000000015
9279  29.537  -75.297  -11.392 0.1000000015
9283  25.626  -75.586  -11.669 0.1000000015
9291  26.834  -75.832  -12.320 0.1000000015
9292  25.947  -75.806  -12.303 0.1000000015
9325  20.345  -75.865  -15.787 0.1000000015
9327  18.584  -75.746  -15.816 0.1000000015
9342  21.524  -75.283  -16.295 0.1000000015
9368  26.077  -75.918  -18.933 0.1000000015
9391  29.597  -75.592  -21.822 0.1000000015
9607  31.390  -74.541  -35.268 0.1000000015
10031  28.297  -74.132  -9.712 0.1000000015
10045  27.553  -74.563  -10.623 0.1000000015
10050  29.141  -74.548  -11.046 0.1000000015
10051  28.258  -74.544  -10.992 0.1000000015
10076  29.853  -74.144  -15.946 0.2000000030
10095  22.928  -74.870  -16.916 0.1000000015
10097  21.098  -74.485  -16.527 0.1000000015
10099  19.186  -74.281  -16.666 0.1000000015
10131  35.775  -74.719  -18.911 0.1000000015
10173  31.831  -75.233  -21.223 0.1000000015
10174  31.188  -74.626  -21.531 0.1000000015
10731  30.785  -73.507  -7.977 0.1000000015
10775  30.835  -73.109  -9.431 0.1000000015
10819  28.643  -73.489  -15.739 0.2000000030
10844  20.263  -73.182  -17.367 0.1000000015
10864  22.476  -72.621  -18.225 0.1000000015
11584  21.661  -72.540  -17.997 0.1000000015
11585  20.811  -72.645  -17.827 0.1000000015
11605  20.390  -72.328  -18.593 0.1000000015
11621  23.434  -72.168  -19.183 0.1000000015
12366  31.085  -71.285  -12.574 0.3000000119
12470  24.311  -70.963  -20.467 0.1000000015
12520  35.892  -71.872  -27.701 0.1000000015
12535  36.140  -71.579  -27.800 0.1000000015
12536  35.999  -72.016  -28.167 0.1000000015
12608  33.599  -71.809  -34.492 0.1000000015
13209  32.424  -70.815  -11.903 0.3000000119
13226  28.463  -70.367  -13.430 0.5000000000
13321  33.932  -70.463  -21.376 0.2000000030
13326  22.485  -70.323  -21.346 0.1000000015
13338  36.763  -70.217  -23.129 0.1000000015
13377  35.394  -71.129  -26.420 0.1000000015
13416  35.724  -71.615  -28.847 0.1000000015
14102  34.553  -69.372  -11.950 0.3000000119
14198  22.812  -69.958  -22.017 0.1000000015
14201  37.618  -69.343  -22.440 0.1000000015
14240  34.205  -70.121  -25.545 0.2000000030
14972  30.831  -68.392  -11.409 0.5000000000
14988  34.247  -68.033  -12.177 0.3000000119
15000  40.717  -67.839  -12.663 0.1000000015
15011  27.395  -67.821  -14.386 0.5000000000
15030  27.874  -68.379  -14.811 0.5000000000
15097  38.912  -68.124  -21.813 0.1000000015
15098  38.281  -68.705  -21.922 0.1000000015
15152  31.511  -68.798  -25.309 0.1000000015
15179  34.716  -68.806  -27.715 0.1000000015
15200  32.565  -68.342  -29.106 0.1000000015
15273  35.809  -68.634  -33.590 0.1000000015
15285  36.112  -68.231  -34.630 0.1000000015
15297  36.006  -68.992  -34.782 0.1000000015
15903  28.707  -67.526  -11.779 0.5000000000
15914  33.624  -67.438  -12.247 0.3000000119
15915  27.989  -67.597  -12.317 0.5000000000
15956  28.650  -67.634  -16.134 0.5000000000
15987  35.251  -68.051  -19.303 0.4000000060
16008  37.800  -67.652  -20.982 0.1000000015
16053  35.657  -67.724  -25.978 0.1000000015
16070  34.292  -67.364  -26.938 0.1000000015
16166  36.011  -67.603  -35.159 0.1000000015
16713  41.076  -66.823  -11.729 0.1000000015
16715  39.961  -66.020  -11.502 0.1000000015
16719  29.943  -66.760  -11.471 0.5000000000
16729  32.883  -66.921  -12.242 0.4000000060
16731  31.083  -66.029  -11.905 0.5000000000
16733  27.580  -66.921  -12.431 0.5000000000
16742  38.180  -66.537  -13.326 0.1000000015
16744  35.973  -66.397  -13.398 0.1000000015
16781  29.298  -66.884  -17.308 0.5000000000
16783  27.824  -66.195  -17.039 0.4000000060
16804  35.473  -66.641  -20.475 0.3000000119
16814  39.153  -67.041  -21.567 0.1000000015
16819  34.183  -65.911  -20.477 0.3000000119
16839  39.793  -66.162  -22.658 0.1000000015
16853  40.326  -65.604  -25.754 0.2000000030
16888  35.545  -66.244  -26.748 0.2000000030
16890  33.974  -66.553  -27.279 0.2000000030
16905  33.321  -66.474  -27.906 0.2000000030
16966  35.740  -66.400  -33.898 0.1000000015
17501  38.122  -65.975  -11.004 0.1000000015
17511  40.823  -66.472  -11.884 0.1000000015
17518  28.664  -66.057  -11.736 0.5000000000
17528  40.359  -65.998  -12.477 0.1000000015
17531  32.397  -66.178  -12.531 0.5000000000
17532  31.590  -65.735  -12.463 0.5000000000
17534  29.138  -65.465  -11.823 0.5000000000
17546  40.031  -64.821  -13.870 0.1000000015
17567  35.154  -65.307  -14.615 0.2000000030
17608  30.014  -65.142  -19.141 0.5000000000
17613  32.692  -65.316  -20.438 0.3000000119
17651  40.389  -65.383  -24.552 0.2000000030
17657  33.711  -65.210  -24.563 0.4000000060
17666  34.882  -64.880  -25.112 0.4000000060
17676  40.497  -65.202  -26.113 0.2000000030
17696  37.109  -65.596  -27.631 0.2000000030
17716  33.347  -65.703  -28.430 0.1000000015
17732  33.733  -64.921  -29.093 0.2000000030
17757  33.724  -65.322  -31.611 0.1000000015
17805  36.527  -65.270  -35.591 0.1000000015
18340  33.649  -63.978  -10.407 0.1000000015
18361  39.367  -64.127  -12.859 0.1000000015
18366  27.475  -64.368  -12.844 0.5000000000
18378  26.478  -64.202  -13.787 0.5000000000
18390  39.435  -64.560  -15.090 0.1000000015
18392  36.860  -64.898  -15.316 0.1000000015
18395  33.636  -64.534  -14.914 0.3000000119
18398  26.044  -64.284  -14.586 0.6000000238
18405  35.202  -64.331  -15.468 0.2000000030
18408  25.994  -64.784  -15.214 0.5000000000
18415  25.756  -63.848  -16.005 0.5000000000
18423  26.595  -64.403  -17.336 0.4000000060
18485  30.577  -64.128  -23.714 0.4000000060
18488  40.529  -64.791  -24.832 0.2000000030
18505  33.571  -64.148  -25.422 0.4000000060
18506  32.549  -64.144  -25.212 0.4000000060
18512  40.174  -64.647  -26.380 0.2000000030
18545  38.760  -64.485  -30.010 0.3000000119
18548  34.033  -64.424  -29.999 0.2000000030
18575  35.578  -64.099  -31.463 0.2000000030
18625  37.682  -63.794  -36.250 0.1000000015
19136  32.462  -63.264  -10.002 0.1000000015
19138  31.498  -63.101  -8.932 0.1000000015
19188  26.862  -63.501  -13.641 0.5000000000
19199  40.178  -63.545  -14.476 0.1000000015
19206  30.035  -62.873  -14.207 0.5000000000
19208  26.278  -63.520  -14.170 0.6000000238
19216  36.959  -63.661  -15.542 0.1000000015
19219  25.685  -63.300  -15.528 0.5000000000
19237  26.464  -63.650  -17.741 0.4000000060
19263  28.227  -63.356  -19.710 0.5000000000
19264  27.194  -62.900  -18.929 0.4000000060
19272  28.642  -63.442  -20.424 0.4000000060
19292  29.342  -63.258  -23.566 0.4000000060
19293  28.784  -63.029  -23.132 0.4000000060
19302  39.306  -63.787  -24.832 0.2000000030
19303  31.103  -63.819  -24.707 0.4000000060
19304  30.426  -63.627  -24.353 0.4000000060
19309  40.186  -64.050  -25.645 0.2000000030
19315  32.413  -63.268  -25.456 0.3000000119
19331  38.683  -63.388  -26.151 0.2000000030
19367  38.917  -63.968  -30.229 0.3000000119
19377  38.858  -63.544  -30.928 0.3000000119
19411  38.630  -63.155  -33.864 0.1000000015
19420  38.579  -62.898  -34.898 0.1000000015
19431  37.692  -63.220  -36.165 0.1000000015
20015  28.241  -63.157  -13.584 0.5000000000
20029  39.825  -62.422  -14.473 0.1000000015
20036  31.646  -63.094  -14.400 0.4000000060
20040  27.241  -62.319  -14.238 0.5000000000
20042  25.790  -62.699  -15.020 0.5000000000
20048  37.746  -62.859  -15.278 0.1000000015
20058  25.695  -62.260  -16.687 0.5000000000
20072  25.986  -62.027  -18.105 0.4000000060
20127  30.479  -62.556  -24.792 0.3000000119
20138  33.226  -62.850  -25.580 0.2000000030
20139  31.682  -62.819  -25.364 0.3000000119
20193  38.785  -63.264  -30.545 0.3000000119
20229  38.894  -62.523  -32.641 0.1000000015
20255  38.057  -62.310  -35.025 0.1000000015
20910  33.569  -62.033  -14.040 0.2000000030
20925  25.802  -61.728  -15.973 0.5000000000
20951  26.332  -61.262  -19.455 0.4000000060
20959  26.875  -61.397  -20.590 0.4000000060
20978  28.042  -61.616  -22.552 0.4000000060
20979  27.472  -61.330  -21.854 0.4000000060
20995  29.964  -61.301  -24.255 0.4000000060
21029  35.621  -61.283  -27.740 0.1000000015
21054  37.658  -61.795  -30.273 0.2000000030
21075  38.820  -61.966  -32.139 0.2000000030
21088  38.889  -62.194  -32.496 0.2000000030
21100  38.927  -62.043  -33.023 0.1000000015
21110  38.776  -62.077  -33.638 0.1000000015
21755  38.316  -58.923  -11.921 0.2000000030
21769  33.454  -59.983  -12.718 0.2000000030
21802  29.331  -60.920  -14.239 0.5000000000
21803  28.684  -60.477  -14.467 0.5000000000
21813  27.313  -60.012  -15.230 0.5000000000
21834  26.023  -60.840  -18.907 0.4000000060
21861  27.389  -60.502  -21.736 0.4000000060
21869  27.779  -60.852  -22.226 0.4000000060
21873  29.460  -60.816  -23.651 0.4000000060
21892  34.677  -60.271  -25.786 0.1000000015
21917  34.813  -60.020  -27.410 0.1000000015
21926  34.893  -60.084  -28.251 0.1000000015
21937  35.125  -60.083  -29.220 0.1000000015
21942  37.197  -60.912  -30.721 0.2000000030
21969  37.082  -60.109  -32.502 0.1000000015
21982  37.732  -60.678  -32.940 0.1000000015
22607  30.540  -59.320  -11.597 0.1000000015
22627  29.475  -59.868  -13.389 0.4000000060
22660  26.448  -59.232  -16.648 0.5000000000
22677  37.083  -60.893  -19.682 0.1000000015
22678  26.113  -59.760  -17.976 0.4000000060
22717  29.177  -59.381  -21.912 0.2000000030
22720  26.914  -60.093  -21.156 0.4000000060
22731  29.485  -59.649  -22.617 0.4000000060
22749  33.594  -58.699  -24.868 0.2000000030
22758  34.010  -59.106  -25.400 0.1000000015
22769  34.300  -59.184  -26.162 0.1000000015
22778  34.182  -59.021  -27.146 0.1000000015
22805  35.859  -59.137  -31.267 0.1000000015
23502  29.944  -58.112  -10.951 0.1000000015
23514  29.423  -58.550  -11.472 0.2000000030
23515  28.826  -58.201  -11.715 0.1000000015
23522  36.191  -57.871  -13.086 0.2000000030
23525  33.456  -58.576  -12.354 0.2000000030
23526  29.125  -58.954  -12.048 0.1000000015
23535  28.779  -58.524  -13.469 0.4000000060
23559  27.104  -58.581  -15.778 0.5000000000
23560  26.729  -58.674  -16.342 0.4000000060
23573  32.762  -60.401  -18.927 0.2000000030
23574  26.525  -58.376  -17.718 0.4000000060
23587  35.956  -60.540  -19.378 0.1000000015
23590  33.219  -60.718  -19.415 0.2000000030
23591  32.569  -60.568  -19.619 0.2000000030
23612  27.302  -58.286  -19.673 0.3000000119
23629  28.450  -58.649  -20.632 0.3000000119
23631  26.840  -58.944  -20.100 0.4000000060
23654  31.121  -58.044  -22.803 0.1000000015
23655  30.521  -58.621  -22.462 0.1000000015
23660  30.945  -58.788  -23.170 0.2000000030
23670  33.168  -58.259  -24.417 0.1000000015
23675  33.789  -58.424  -25.187 0.1000000015
23706  34.301  -59.006  -28.758 0.1000000015
24459  32.897  -57.250  -11.417 0.1000000015
24466  35.121  -57.232  -12.387 0.1000000015
24471  28.459  -57.181  -13.368 0.3000000119
24477  28.043  -57.314  -14.840 0.4000000060
24505  26.806  -57.734  -17.301 0.5000000000
24528  27.469  -57.295  -18.555 0.3000000119
24548  33.878  -59.393  -19.798 0.1000000015
24550  31.215  -59.450  -19.953 0.2000000030
24552  29.666  -58.397  -19.870 0.2000000030
24554  27.726  -57.627  -19.265 0.3000000119
24555  27.048  -57.948  -18.927 0.3000000119
24568  30.800  -59.095  -20.744 0.2000000030
24582  30.917  -57.287  -21.764 0.1000000015
24593  32.708  -57.644  -23.839 0.1000000015
24608  33.296  -57.203  -25.364 0.1000000015
24615  33.518  -57.706  -25.929 0.1000000015
24636  33.572  -57.250  -28.643 0.1000000015
25386  28.712  -56.326  -10.988 0.1000000015
25430  28.404  -55.841  -15.198 0.2000000030
25453  30.946  -56.245  -17.723 0.1000000015
25517  30.853  -58.243  -21.173 0.2000000030
25547  32.993  -56.601  -24.725 0.1000000015
25595  32.950  -56.837  -28.001 0.1000000015
26374  28.898  -55.226  -14.628 0.2000000030
26402  31.797  -55.600  -17.276 0.1000000015
26403  29.563  -55.256  -17.336 0.1000000015
26418  29.145  -55.898  -17.985 0.2000000030
26460  31.288  -56.108  -20.614 0.1000000015
27343  29.069  -54.821  -15.890 0.2000000030
27496  32.144  -54.676  -27.492 0.1000000015
27512  32.749  -54.257  -28.164 0.1000000015
28202  31.775  -53.541  -9.592 0.1000000015
28296  31.347  -53.563  -16.020 0.2000000030
29175  29.847  -52.948  -10.956 0.1000000015
29247  35.164  -52.088  -16.857 0.1000000015
30031  33.840  -51.771  -9.507 0.1000000015
30033  31.704  -52.249  -9.756 0.1000000015
30054  30.430  -51.503  -11.581 0.1000000015
30077  31.342  -51.223  -13.541 0.1000000015
30087  32.442  -51.129  -14.621 0.1000000015
30123  36.281  -52.049  -17.709 0.1000000015
30922  31.141  -51.225  -10.562 0.1000000015
30932  31.320  -50.326  -11.672 0.1000000015
30946  30.767  -50.927  -11.810 0.1000000015
30968  32.271  -50.511  -14.297 0.1000000015
30978  32.790  -50.491  -14.795 0.1000000015
30990  33.733  -50.520  -15.980 0.1000000015
31895  32.644  -49.785  -10.943 0.1000000015
31896  32.139  -50.301  -10.603 0.1000000015
31965  32.172  -49.937  -13.946 0.1000000015
120070  34.682  -64.170  -31.848 0.2000000030
120094  34.023  -73.416  -15.417 0.1000000015
120130  30.315  -52.083  -12.810 0.1000000015
120662  30.950  -77.473  -16.754 0.1000000015
120713  26.522  -61.085  -20.067 0.3000000119
120802  24.097  -80.487  -12.656 0.1000000015
121061  25.458  -81.456  -16.625 0.1000000015
121286  31.246  -63.387  -14.337 0.4000000060
121632  30.965  -77.613  -18.181 0.1000000015
121714  34.841  -64.353  -30.137 0.1000000015
122052  26.490  -80.612  -16.562 0.1000000015
122075  22.531  -81.308  -16.635 0.1000000015
122082  20.184  -78.099  -11.793 0.1000000015
122803  21.905  -77.088  -16.029 0.1000000015
123520  35.175  -70.390  -12.400 0.1000000015
123612  35.309  -62.306  -14.656 0.2000000030
123993  23.993  -82.244  -16.715 0.1000000015
124385  28.789  -55.110  -12.834 0.1000000015
124532  28.738  -79.021  -6.459 0.1000000015
124729  21.042  -82.775  -16.316 0.1000000015
125263  38.871  -62.956  -32.039 0.3000000119
125437  24.081  -78.685  -16.683 0.1000000015
126420  22.914  -84.336  -16.602 0.1000000015
126581  33.603  -65.396  -22.772 0.4000000060
126786  33.207  -57.536  -26.698 0.1000000015
126851  23.113  -77.816  -12.766 0.1000000015
126898  26.865  -59.862  -15.697 0.5000000000
127185  22.595  -82.955  -16.619 0.1000000015
127264  29.670  -53.918  -13.967 0.1000000015
127824  26.914  -65.936  -13.067 0.5000000000
127869  22.522  -85.171  -16.494 0.1000000015
128069  32.760  -77.747  -18.398 0.1000000015
128267  32.654  -63.842  -9.632 0.1000000015
128479  31.863  -62.528  -14.128 0.3000000119
128589  32.383  -62.511  -10.190 0.1000000015
128678  33.036  -62.763  -14.496 0.3000000119
128835  33.782  -71.226  -12.173 0.1000000015
128905  32.177  -67.492  -11.640 0.5000000000
129483  26.089  -83.722  -16.559 0.1000000015
131872  25.248  -79.543  -7.110 0.1000000015
132042  30.729  -58.703  -19.181 0.1000000015
132878  29.921  -65.352  -11.997 0.5000000000
133530  27.140  -80.784  -16.103 0.1000000015
133883  31.680  -68.156  -11.429 0.5000000000
134513  23.979  -83.470  -16.734 0.1000000015
135623  21.555  -82.262  -16.478 0.1000000015
135984  26.220  -61.690  -15.048 0.5000000000
136968  26.033  -60.581  -16.701 0.4000000060
137069  28.276  -76.392  -7.589 0.1000000015
137306  28.708  -73.904  -10.021 0.1000000015
137357  38.479  -62.687  -34.966 0.1000000015
137480  29.196  -54.195  -11.049 0.1000000015
137702  36.238  -59.674  -30.928 0.1000000015
137923  22.148  -79.276  -16.429 0.1000000015
138215  27.666  -65.592  -17.421 0.5000000000
138495  33.919  -71.216  -34.166 0.1000000015
138898  26.520  -61.866  -19.269 0.3000000119
139271  35.593  -68.088  -33.323 0.1000000015
139536  24.489  -74.451  -18.424 0.1000000015
139746  34.555  -76.916  -19.892 0.1000000015
140199  33.245  -52.141  -9.367 0.1000000015
140484  38.578  -62.924  -15.265 0.1000000015
140553  30.556  -74.231  -15.837 0.2000000030
140651  36.639  -62.716  -25.720 0.3000000119
140722  34.240  -75.589  -20.141 0.1000000015
140736  32.929  -75.702  -20.688 0.1000000015
140832  25.048  -85.981  -16.024 0.1000000015
140883  19.600  -77.342  -15.455 0.1000000015
140929  30.759  -57.690  -21.928 0.1000000015
141059  27.560  -68.819  -13.827 0.5000000000
141202  40.128  -66.340  -12.986 0.1000000015
141423  27.298  -67.349  -14.792 0.5000000000
142098  19.198  -78.264  -9.487 0.1000000015
142218  30.786  -75.040  -36.109 0.1000000015
142273  33.199  -70.843  -11.871 0.1000000015
142427  35.942  -62.623  -25.575 0.3000000119
142776  29.400  -77.684  -18.469 0.1000000015
142920  22.404  -77.280  -9.281 0.1000000015
143102  23.796  -77.531  -12.850 0.1000000015
143141  30.241  -57.578  -10.675 0.1000000015
143448  32.631  -69.336  -23.705 0.1000000015
143538  22.741  -79.573  -12.696 0.1000000015
143755  27.740  -66.481  -12.174 0.5000000000
143804  31.090  -77.621  -18.599 0.1000000015
143966  31.322  -75.297  -21.558 0.1000000015
144022  40.011  -63.139  -14.656 0.1000000015
144104  28.426  -63.181  -20.962 0.4000000060
