#!ascii label  , from subject sub-v1s23x0050564_ses-1 vox2ras=TkReg
2137
39086  3.282  -16.432  51.162 0.1111110002
101183  2.574  -17.795  51.246 0.2222220004
41933  4.869  -12.739  50.994 0.1111110002
40012  4.076  -14.106  51.195 0.1111110002
40025  3.926  -14.826  50.913 0.1111110002
41932  5.564  -12.737  50.408 0.1111110002
40988  4.421  -13.459  51.088 0.1111110002
39098  3.716  -15.743  50.641 0.1111110002
41931  6.329  -12.383  50.080 0.2222220004
41944  6.048  -13.067  49.699 0.2222220004
40998  4.991  -13.420  50.447 0.1111110002
40024  4.493  -14.232  50.452 0.1111110002
103840  3.484  -16.706  50.277 0.3333329856
37387  2.553  -17.900  50.625 0.4444440007
36615  2.085  -18.272  51.306 0.4444440007
37388  1.711  -18.176  50.691 0.4444440007
36623  1.237  -18.624  51.348 0.4444440007
100955  0.118  -18.596  50.564 0.2222220004
41005  6.407  -13.396  48.976 0.2222220004
110934  5.489  -13.386  49.939 0.2222220004
41007  5.121  -13.989  49.800 0.2222220004
39097  4.165  -15.187  50.113 0.1111110002
41956  7.068  -13.020  48.599 0.2222220004
41006  5.727  -13.716  49.316 0.2222220004
37386  3.022  -17.465  49.928 0.4444440007
41018  7.272  -13.345  47.646 0.2222220004
37399  2.253  -17.674  49.931 0.4444440007
37418  1.050  -17.818  50.282 0.4444440007
37400  0.063  -18.072  50.329 0.3333329856
103991  0.097  -19.377  50.533 0.2222220004
35892  -0.062  -19.517  49.535 0.3333329856
35899  0.134  -20.081  48.619 0.2222220004
38297  3.555  -16.811  49.233 0.4444440007
41019  6.665  -13.568  48.254 0.2222220004
41020  5.969  -14.041  48.414 0.2222220004
40047  5.300  -14.749  48.188 0.2222220004
40034  4.675  -14.759  49.558 0.2222220004
99319  7.795  -13.463  45.784 0.2222220004
109582  7.348  -13.764  46.160 0.2222220004
40059  5.840  -14.533  47.530 0.3333329856
39118  4.372  -15.801  48.438 0.3333329856
37416  2.800  -17.268  49.082 0.5555559993
37417  2.010  -17.340  49.357 0.5555559993
41062  8.265  -13.165  45.246 0.2222220004
40058  6.523  -13.959  47.577 0.2222220004
98900  6.325  -14.403  46.769 0.3333329856
38309  2.622  -16.902  48.360 0.5555559993
41063  7.786  -13.602  45.114 0.4444440007
41091  8.547  -13.213  43.786 0.2222220004
36632  -0.262  -18.544  49.228 0.4444440007
35059  0.366  -20.429  47.903 0.1111110002
38296  3.922  -16.372  48.547 0.4444440007
38308  3.315  -16.769  48.329 0.5555559993
101881  5.610  -14.939  46.743 0.3333329856
39129  4.610  -15.717  47.199 0.3333329856
104858  4.027  -16.205  47.775 0.5555559993
40067  6.805  -14.214  46.042 0.3333329856
39140  4.599  -15.807  46.457 0.5555559993
38332  3.970  -16.179  46.876 0.5555559993
93778  1.890  -16.825  48.887 0.6666669846
40077  6.702  -14.429  45.152 0.3333329856
40078  5.942  -14.943  44.789 0.3333329856
39149  5.275  -15.372  45.291 0.5555559993
108925  3.915  -15.744  44.692 0.6666669846
38323  1.948  -16.180  48.392 0.6666669846
38310  0.933  -17.217  50.010 0.6666669846
38298  0.014  -17.425  50.234 0.5555559993
96922  8.844  -13.115  42.999 0.3333329856
40100  7.166  -14.130  43.529 0.4444440007
35066  0.373  -20.429  47.069 0.1111110002
41101  9.080  -13.100  42.093 0.6666669846
41102  8.317  -13.456  42.436 0.3333329856
36638  -0.280  -18.594  48.311 0.2222220004
35905  -0.012  -19.631  47.756 0.2222220004
38321  3.195  -16.481  47.408 0.5555559993
38322  2.495  -16.392  47.729 0.5555559993
38348  3.984  -16.100  46.114 0.5555559993
39141  2.476  -15.724  46.237 0.5555559993
38335  2.333  -15.888  47.160 0.5555559993
40090  6.584  -14.541  44.180 0.5555559993
39177  5.022  -15.148  43.584 0.6666669846
39163  4.324  -15.448  44.081 0.6666669846
97862  3.279  -15.779  44.971 0.5555559993
38311  -0.166  -16.840  50.474 0.5555559993
40101  6.394  -14.571  43.218 0.5555559993
40102  5.576  -14.852  43.003 0.7777780294
39193  4.080  -14.754  42.879 0.8888890147
39119  0.903  -16.407  50.001 0.6666669846
37401  -0.261  -17.754  49.779 0.4444440007
105073  9.595  -12.925  41.581 0.6666669846
101530  7.564  -13.781  41.908 0.7777780294
40131  6.198  -14.063  41.395 0.7777780294
101691  3.775  -15.110  43.564 0.8888890147
39164  3.494  -15.420  44.258 0.7777780294
39165  2.806  -15.164  44.603 0.8888890147
40132  5.304  -14.291  41.650 0.8888890147
101466  3.940  -14.294  42.334 0.8888890147
40103  3.025  -14.169  43.500 0.8888890147
40092  2.689  -14.403  44.301 0.8888890147
102172  7.710  -13.472  40.945 0.6666669846
41119  6.972  -13.803  41.179 0.7777780294
112737  3.707  -14.420  42.765 0.8888890147
39179  3.480  -14.574  43.191 0.8888890147
42084  9.799  -12.948  40.897 0.6666669846
105580  8.481  -13.238  40.588 0.6666669846
41121  4.202  -13.313  41.382 0.8888890147
40133  4.403  -14.055  41.702 0.8888890147
41120  4.919  -13.688  41.067 0.8888890147
40134  3.798  -13.701  42.038 0.8888890147
41093  3.143  -13.387  43.187 0.7777780294
41136  7.138  -13.449  40.522 0.7777780294
40152  5.657  -13.842  41.023 0.8888890147
40117  3.427  -14.021  42.721 0.8888890147
96621  10.710  -12.848  39.922 0.7777780294
42102  9.509  -12.932  39.449 0.7777780294
41135  7.796  -13.185  39.998 0.7777780294
42081  12.205  -12.432  39.920 0.7777780294
42100  11.301  -12.777  39.329 0.7777780294
42101  10.343  -12.887  39.267 0.7777780294
42073  3.707  -12.969  41.922 0.8888890147
41150  6.089  -12.980  40.056 0.8888890147
41139  4.728  -12.796  40.699 0.8888890147
43008  4.329  -11.631  41.664 0.7777780294
43009  3.848  -12.178  42.127 0.6666669846
42103  8.257  -12.763  39.233 0.7777780294
42104  7.420  -12.692  39.371 0.8888890147
43018  14.213  -11.252  40.269 0.5555559993
43019  13.506  -11.544  40.542 0.5555559993
42080  13.021  -12.007  40.013 0.7777780294
42099  12.105  -12.656  39.007 0.7777780294
97277  11.136  -12.543  37.810 0.7777780294
42122  9.739  -12.640  38.520 0.7777780294
42098  12.926  -12.337  39.108 0.7777780294
42119  12.417  -12.562  38.294 0.7777780294
99781  11.895  -12.501  37.672 0.7777780294
44761  19.158  -9.469  41.916 0.3333329856
43050  6.609  -11.581  39.091 0.8888890147
43035  5.599  -11.474  39.862 0.8888890147
43021  5.127  -11.226  40.490 0.8888890147
43920  15.476  -10.420  40.921 0.4444440007
43921  14.673  -10.830  40.818 0.3333329856
42123  8.723  -12.370  38.547 0.7777780294
42124  7.828  -12.237  38.793 0.8888890147
43049  7.348  -11.359  38.673 0.8888890147
43034  6.080  -11.048  39.398 0.8888890147
104623  10.447  -12.478  37.937 0.8888890147
43017  15.020  -10.846  39.970 0.6666669846
43032  14.386  -11.462  39.348 0.7777780294
42118  13.237  -12.372  38.141 0.7777780294
42135  12.697  -12.401  37.514 0.7777780294
43046  14.528  -11.683  38.385 0.7777780294
42117  13.987  -12.097  37.881 0.7777780294
99765  18.365  -9.324  42.055 0.3333329856
44763  17.943  -9.185  42.620 0.2222220004
43917  20.218  -10.530  40.891 0.4444440007
44776  19.223  -9.611  41.151 0.4444440007
43906  16.517  -9.692  41.907 0.3333329856
44779  16.869  -9.651  41.158 0.4444440007
44810  6.226  -9.960  39.904 0.7777780294
44795  5.913  -9.872  40.669 0.7777780294
43923  4.795  -11.080  41.247 0.6666669846
43932  19.593  -10.184  39.523 0.5555559993
103877  16.175  -9.987  41.284 0.3333329856
43919  16.380  -10.041  40.536 0.5555559993
43071  8.791  -11.765  38.084 0.8888890147
105262  7.908  -10.830  38.392 0.8888890147
43950  6.670  -10.705  38.996 0.7777780294
43933  16.315  -10.233  39.696 0.6666669846
42137  10.733  -12.113  37.315 0.8888890147
42138  9.893  -12.143  37.713 0.8888890147
96156  15.774  -10.442  40.118 0.6666669846
42134  13.473  -12.216  37.387 0.7777780294
42149  12.122  -12.179  36.936 0.8888890147
42136  11.447  -12.297  37.289 0.7777780294
43092  10.909  -11.465  36.858 0.8888890147
43031  15.141  -11.213  38.924 0.7777780294
43045  15.245  -11.396  37.957 0.7777780294
43068  14.623  -11.762  37.535 0.7777780294
42147  13.689  -11.987  36.855 0.7777780294
44777  18.463  -9.443  41.272 0.3333329856
102670  17.646  -9.491  40.886 0.5555559993
44778  17.535  -9.424  41.803 0.4444440007
44789  18.976  -9.536  40.657 0.4444440007
44822  7.729  -9.628  38.984 0.7777780294
44804  19.041  -9.609  39.948 0.5555559993
44790  18.350  -9.469  40.417 0.5555559993
44792  16.948  -9.796  39.901 0.5555559993
44834  8.821  -9.886  38.000 0.8888890147
43948  8.140  -10.073  38.416 0.7777780294
43949  7.388  -10.329  38.731 0.7777780294
43944  19.555  -10.277  38.606 0.5555559993
44818  18.974  -9.698  39.082 0.5555559993
44819  18.189  -9.545  38.762 0.5555559993
44806  17.540  -9.625  39.333 0.5555559993
43976  10.631  -10.664  36.891 0.8888890147
43961  9.350  -10.536  37.608 0.8888890147
43962  8.584  -10.878  37.985 0.8888890147
97851  20.034  -10.825  38.218 0.5555559993
43956  19.548  -10.350  37.758 0.6666669846
105342  18.837  -9.751  38.112 0.6666669846
94592  17.978  -9.515  37.941 0.6666669846
44820  17.363  -9.698  38.500 0.7777780294
43946  16.563  -10.285  38.217 0.7777780294
100865  16.245  -10.419  38.980 0.7777780294
43091  11.860  -11.557  36.574 0.8888890147
43069  10.069  -11.265  37.256 0.8888890147
43065  20.764  -11.391  37.310 0.6666669846
43970  19.643  -10.480  36.904 0.6666669846
44842  19.020  -9.868  37.234 0.6666669846
44830  18.414  -9.619  37.455 0.6666669846
43958  16.584  -10.414  37.237 0.7777780294
43959  15.941  -10.963  37.578 0.7777780294
43067  15.241  -11.470  36.903 0.7777780294
43088  14.306  -11.664  36.590 0.7777780294
43089  13.475  -11.642  36.437 0.7777780294
43060  25.154  -11.495  37.548 0.5555559993
43082  24.430  -11.566  36.898 0.5555559993
43083  23.659  -11.574  36.330 0.7777780294
94470  23.020  -11.808  37.013 0.6666669846
43085  21.735  -11.572  36.293 0.6666669846
43086  20.932  -11.419  36.474 0.6666669846
43969  20.276  -11.069  36.673 0.6666669846
105325  19.090  -9.961  36.361 0.7777780294
43103  22.182  -11.469  35.433 0.7777780294
43104  21.159  -11.369  35.500 0.6666669846
43986  20.386  -11.004  35.159 0.7777780294
44821  8.639  -9.251  38.720 0.8888890147
111065  9.113  -9.360  38.187 0.8888890147
43960  10.025  -10.217  37.285 0.8888890147
43957  17.172  -9.908  36.821 0.7777780294
98444  11.748  -10.243  36.478 0.8888890147
44847  11.110  -10.115  36.727 0.8888890147
95194  26.169  -11.210  37.965 0.5555559993
43059  25.770  -11.176  37.164 0.5555559993
44843  18.439  -9.616  36.782 0.6666669846
44844  17.762  -9.580  36.411 0.7777780294
43971  17.042  -9.896  36.007 0.7777780294
43087  15.775  -10.941  36.168 0.7777780294
43105  14.906  -11.184  36.005 0.7777780294
43991  13.687  -10.603  35.763 0.8888890147
43992  13.085  -10.294  35.935 0.8888890147
43081  25.191  -11.243  36.580 0.5555559993
112101  24.455  -11.372  36.187 0.8888890147
43102  23.140  -11.432  35.428 0.8888890147
43987  19.812  -10.629  35.886 0.6666669846
94155  19.184  -9.877  35.290 0.7777780294
44876  18.384  -9.412  35.098 0.8888890147
44858  17.674  -9.487  35.590 0.8888890147
43988  16.277  -10.326  35.657 0.8888890147
104407  15.014  -9.871  34.883 0.8888890147
43990  14.429  -10.481  35.448 0.8888890147
43114  23.553  -11.009  34.678 0.8888890147
43115  22.648  -11.189  34.650 0.8888890147
43117  20.968  -11.097  34.689 0.8888890147
44874  20.465  -10.531  34.291 0.8888890147
97365  19.030  -9.341  34.463 0.8888890147
43116  21.740  -11.223  34.677 0.8888890147
44012  21.080  -10.108  33.642 0.8888890147
45706  9.543  -8.878  38.386 0.8888890147
44832  10.910  -9.394  37.095 0.8888890147
45716  10.030  -8.981  37.846 0.8888890147
44845  12.380  -9.748  36.313 0.8888890147
44846  11.609  -9.538  36.741 0.8888890147
95362  26.378  -10.824  37.093 0.6666669846
44861  14.291  -9.687  35.053 0.8888890147
44863  13.168  -9.408  35.865 0.8888890147
43966  26.999  -10.323  36.792 0.8888890147
43967  26.309  -10.510  36.348 0.8888890147
43968  25.618  -10.744  35.987 0.8888890147
43101  24.039  -11.261  35.488 0.8888890147
107216  18.393  -9.013  34.464 0.8888890147
44877  17.558  -9.104  34.701 0.8888890147
44878  16.474  -9.147  34.484 0.8888890147
44879  15.511  -9.148  34.400 0.7777780294
43985  24.434  -10.721  34.843 0.8888890147
44010  23.211  -10.056  33.687 0.8888890147
95336  20.936  -9.258  33.507 0.7777780294
100293  20.231  -9.005  33.559 0.8888890147
44892  18.891  -8.756  33.913 0.8888890147
96893  23.021  -10.671  34.032 0.8888890147
44000  22.184  -10.814  34.068 0.7777780294
111034  21.797  -10.354  33.712 0.8888890147
45704  11.146  -8.318  38.046 0.7777780294
111597  10.519  -7.909  39.430 0.4444440007
45713  12.370  -8.494  37.098 0.7777780294
45714  11.516  -8.780  37.271 0.8888890147
44827  29.224  -9.304  38.242 0.4444440007
44817  28.651  -9.886  38.637 0.5555559993
43941  27.847  -10.373  38.238 0.5555559993
45725  12.726  -8.895  36.445 0.8888890147
45726  12.109  -9.066  36.757 0.8888890147
44828  28.521  -9.694  37.740 0.5555559993
45736  14.307  -8.242  34.638 0.7777780294
46683  13.799  -8.013  35.381 0.7777780294
45724  13.338  -8.554  35.968 0.7777780294
44839  28.338  -9.439  36.821 0.7777780294
45749  18.040  -8.567  34.022 0.8888890147
45764  17.666  -7.968  33.612 0.8888890147
45766  15.890  -7.735  33.706 0.7777780294
46695  14.697  -7.655  34.341 0.7777780294
44841  26.838  -9.998  35.971 0.8888890147
44856  26.627  -9.597  35.142 0.8888890147
43999  24.826  -10.016  34.350 0.8888890147
99776  23.905  -10.268  34.058 0.7777780294
44889  22.822  -9.470  33.551 0.7777780294
102225  22.408  -8.803  33.576 0.7777780294
45760  21.532  -8.650  33.531 0.7777780294
45761  20.643  -8.402  33.497 0.7777780294
45762  19.649  -8.319  33.525 0.7777780294
45763  18.627  -8.069  33.573 0.7777780294
46705  18.259  -7.339  33.391 0.8888890147
44011  22.499  -10.211  33.656 0.8888890147
44890  21.877  -9.554  33.501 0.7777780294
46658  12.012  -8.165  37.829 0.5555559993
46645  11.703  -7.897  38.659 0.4444440007
45703  29.808  -8.907  38.768 0.2222220004
46657  12.814  -7.935  37.562 0.5555559993
100555  29.763  -8.801  37.994 0.2222220004
46671  13.603  -7.790  36.298 0.4444440007
46672  13.061  -8.212  36.769 0.6666669846
45712  29.201  -8.955  37.287 0.6666669846
46682  14.318  -7.445  34.945 0.6666669846
44854  28.051  -9.199  35.936 0.8888890147
47686  17.034  -6.572  33.497 0.7777780294
46708  15.847  -6.988  33.654 0.7777780294
46694  15.251  -7.386  33.947 0.6666669846
47676  14.847  -6.961  34.537 0.6666669846
44869  27.111  -9.165  34.892 0.8888890147
44871  25.760  -8.701  34.106 0.8888890147
44887  24.449  -8.918  33.757 0.7777780294
45758  23.772  -8.650  33.819 0.7777780294
45759  22.913  -8.379  33.931 0.7777780294
46701  21.996  -8.164  33.744 0.7777780294
46702  21.160  -7.830  33.606 0.7777780294
46703  20.240  -7.440  33.487 0.7777780294
47683  19.650  -6.679  33.486 0.7777780294
47685  17.896  -6.584  33.401 0.6666669846
50293  19.320  -3.528  40.078 0.3333329856
112800  18.102  -3.287  40.220 0.2222220004
50296  16.749  -3.441  40.023 0.1111110002
49386  15.086  -4.237  40.069 0.1111110002
48501  14.393  -5.349  39.640 0.1111110002
95845  14.075  -6.413  38.928 0.2222220004
48490  21.239  -4.894  40.467 0.1111110002
96191  20.599  -4.450  40.008 0.3333329856
50310  19.175  -3.665  39.199 0.3333329856
50311  18.445  -3.536  38.884 0.2222220004
50313  16.819  -3.602  38.414 0.2222220004
49424  15.603  -4.576  37.421 0.2222220004
48523  15.039  -5.113  37.877 0.1111110002
47628  14.313  -6.346  38.167 0.2222220004
47629  13.834  -6.969  38.529 0.2222220004
46644  12.569  -7.707  38.380 0.3333329856
46637  31.309  -7.209  38.311 0.2222220004
45702  30.281  -8.343  38.355 0.2222220004
47611  21.678  -6.004  39.351 0.1111110002
48499  21.153  -5.182  39.495 0.2222220004
49409  19.746  -4.133  38.731 0.3333329856
98969  18.250  -3.577  38.207 0.2222220004
50330  17.606  -3.598  37.829 0.2222220004
49410  16.063  -3.915  37.875 0.2222220004
48524  14.706  -5.814  37.522 0.2222220004
47644  13.972  -7.076  37.679 0.3333329856
45711  30.108  -8.278  37.393 0.4444440007
46642  22.614  -7.358  38.501 0.1111110002
47627  21.648  -6.251  38.628 0.2222220004
48522  20.707  -5.270  37.741 0.2222220004
49420  20.038  -4.634  37.291 0.3333329856
49422  18.591  -4.060  36.685 0.2222220004
50340  17.632  -3.855  36.880 0.2222220004
49436  16.480  -4.423  36.305 0.2222220004
96189  15.574  -5.320  36.120 0.2222220004
48539  14.762  -6.034  36.773 0.3333329856
47652  14.038  -7.165  36.768 0.4444440007
96412  30.644  -7.660  37.174 0.4444440007
46653  24.449  -7.556  37.205 0.5555559993
46654  23.615  -7.734  37.375 0.4444440007
46668  22.580  -7.482  36.224 0.4444440007
95315  21.764  -6.650  37.096 0.4444440007
48535  21.201  -5.960  37.354 0.4444440007
48537  20.235  -5.116  35.949 0.5555559993
96626  18.848  -4.428  35.851 0.4444440007
49448  17.488  -4.528  35.353 0.4444440007
104463  16.737  -4.657  35.546 0.3333329856
48548  15.664  -5.552  35.353 0.5555559993
47662  14.662  -6.730  35.395 0.5555559993
47651  14.528  -6.626  36.327 0.6666669846
45722  29.603  -8.348  36.511 0.6666669846
46678  25.286  -7.415  35.012 0.7777780294
46666  23.939  -7.694  36.497 0.6666669846
46669  21.910  -6.964  36.130 0.5555559993
97260  21.328  -6.457  35.459 0.6666669846
48557  20.323  -5.802  34.591 0.6666669846
49446  19.105  -4.869  34.936 0.5555559993
48560  18.027  -5.281  33.990 0.5555559993
97320  17.248  -5.328  34.153 0.4444440007
48562  15.900  -5.814  34.416 0.4444440007
47661  15.223  -6.227  34.928 0.5555559993
46664  29.871  -7.825  35.865 0.7777780294
45733  29.204  -8.266  35.655 0.7777780294
45734  28.446  -8.624  35.375 0.8888890147
44870  26.540  -8.995  34.448 0.8888890147
45746  25.358  -8.281  34.024 0.7777780294
45747  24.610  -8.310  34.067 0.7777780294
93978  23.027  -8.042  34.790 0.7777780294
46681  22.361  -7.552  35.340 0.6666669846
47659  21.299  -6.813  34.498 0.6666669846
47673  20.897  -7.052  33.724 0.7777780294
48574  19.239  -5.947  33.647 0.5555559993
45743  27.992  -8.347  34.600 0.8888890147
45744  27.245  -8.604  34.503 0.8888890147
47637  31.831  -6.658  37.726 0.3333329856
46650  31.185  -7.212  37.408 0.4444440007
46663  30.277  -7.805  36.584 0.5555559993
97569  30.431  -7.409  35.993 0.5555559993
46676  29.509  -7.771  35.205 0.7777780294
93951  26.126  -7.923  34.098 0.7777780294
47672  26.417  -7.041  34.456 0.7777780294
46677  28.811  -7.978  34.762 0.8888890147
46689  27.529  -7.914  34.177 0.8888890147
98551  27.119  -7.318  34.076 0.8888890147
47636  32.364  -6.101  37.137 0.4444440007
47648  26.126  -6.699  37.102 0.3333329856
47646  31.630  -6.647  36.761 0.4444440007
101832  26.881  -6.147  36.666 0.5555559993
110430  31.241  -6.777  36.264 0.5555559993
47658  26.190  -6.716  35.361 0.6666669846
47657  26.855  -6.045  34.833 0.5555559993
47656  30.889  -6.833  35.736 0.6666669846
46675  30.154  -7.294  35.201 0.6666669846
47671  26.944  -6.516  34.077 0.6666669846
46687  29.450  -7.387  34.563 0.6666669846
46688  28.707  -7.297  34.103 0.8888890147
101561  28.193  -7.760  34.243 0.8888890147
48555  26.732  -6.017  34.276 1.0000000000
47669  29.322  -6.817  33.893 0.8888890147
46700  28.508  -6.672  33.483 1.0000000000
47670  27.280  -6.656  33.670 1.0000000000
102838  27.343  -5.915  37.751 0.2222220004
48519  33.019  -5.574  37.438 0.2222220004
47638  27.337  -5.701  37.066 0.3333329856
47639  26.663  -6.423  37.594 0.3333329856
48534  27.187  -5.429  36.372 0.4444440007
96747  31.557  -6.371  35.969 0.4444440007
47647  26.987  -5.974  35.767 0.5555559993
47655  31.316  -6.145  35.219 0.5555559993
48545  26.813  -5.370  35.552 0.6666669846
48556  26.224  -5.454  34.232 1.0000000000
95169  30.651  -6.570  34.868 0.7777780294
48569  27.133  -6.447  33.508 1.0000000000
48570  26.666  -6.104  33.580 1.0000000000
108567  30.032  -6.851  34.375 1.0000000000
47682  27.728  -6.608  33.407 1.0000000000
48498  28.277  -5.420  39.675 0.1111110002
103875  27.686  -6.242  39.994 0.2222220004
96488  27.722  -5.956  39.088 0.2222220004
47623  27.732  -5.601  38.264 0.2222220004
48520  27.691  -5.233  37.506 0.3333329856
104536  27.460  -4.875  37.125 0.4444440007
48533  27.463  -5.139  36.867 0.4444440007
48544  27.120  -4.890  36.466 0.6666669846
49443  26.622  -4.715  35.785 0.6666669846
48530  33.261  -4.976  36.974 0.2222220004
48542  32.619  -5.252  35.907 0.3333329856
49430  32.986  -4.900  36.356 0.3333329856
49455  26.496  -5.042  35.036 0.6666669846
48531  32.784  -5.469  36.673 0.2222220004
48543  32.032  -5.710  35.505 0.5555559993
48554  31.797  -5.465  34.686 0.8888890147
48571  25.943  -5.766  33.425 1.0000000000
47668  30.478  -6.295  34.198 1.0000000000
47680  29.993  -6.339  33.675 1.0000000000
47681  29.315  -6.289  33.187 1.0000000000
47696  28.618  -6.271  32.771 1.0000000000
47697  28.025  -6.441  33.037 1.0000000000
94198  27.339  -6.369  33.008 1.0000000000
48591  26.543  -6.224  32.796 1.0000000000
48508  28.326  -4.884  39.269 0.1111110002
48509  28.156  -5.219  38.812 0.2222220004
49407  27.948  -4.677  38.700 0.1111110002
104021  28.004  -5.033  38.130 0.2222220004
49418  27.556  -4.697  37.815 0.3333329856
98539  26.116  -4.513  35.354 0.6666669846
49429  33.183  -4.324  36.533 0.2222220004
49456  25.803  -4.742  34.702 0.6666669846
109371  32.636  -4.090  35.003 0.2222220004
49442  32.843  -4.415  35.742 0.3333329856
48553  32.428  -4.862  35.010 0.6666669846
49454  32.049  -4.798  34.209 0.7777780294
49466  25.382  -5.120  33.928 1.0000000000
48566  31.546  -5.236  33.836 0.8888890147
48587  31.191  -5.036  33.047 1.0000000000
111983  30.735  -5.430  32.984 1.0000000000
48572  25.176  -5.524  33.188 1.0000000000
48567  30.748  -5.741  33.593 1.0000000000
48568  30.165  -5.775  32.929 1.0000000000
47695  29.460  -5.809  32.338 1.0000000000
48590  27.965  -6.303  32.478 1.0000000000
48592  25.592  -6.068  32.456 1.0000000000
49395  28.083  -4.481  39.502 0.1111110002
50307  27.513  -4.130  39.142 0.2222220004
50308  26.850  -3.899  38.783 0.2222220004
50326  25.773  -3.642  37.612 0.1111110002
50324  27.359  -4.302  38.456 0.3333329856
50325  26.824  -4.184  37.927 0.2222220004
49419  27.053  -4.524  37.148 0.4444440007
50336  26.396  -4.103  37.254 0.2222220004
50337  25.770  -3.867  36.659 0.4444440007
49431  26.578  -4.396  36.496 0.6666669846
50348  25.420  -3.892  36.016 0.5555559993
49444  25.580  -4.130  35.581 0.5555559993
49445  25.298  -4.197  35.073 0.6666669846
49457  24.689  -4.343  34.333 0.7777780294
49453  32.285  -4.131  34.331 0.5555559993
49465  31.659  -4.182  33.391 0.6666669846
49479  30.928  -4.324  32.558 0.6666669846
49458  23.771  -4.082  33.709 1.0000000000
48588  30.635  -5.085  32.430 0.7777780294
48599  30.034  -5.074  31.815 0.8888890147
48601  28.391  -5.590  31.182 1.0000000000
49467  24.407  -4.926  33.372 1.0000000000
48589  28.626  -5.995  31.980 1.0000000000
93509  27.962  -6.095  31.778 1.0000000000
112343  26.947  -6.108  31.529 1.0000000000
98061  26.425  -6.249  31.874 1.0000000000
99178  24.932  -6.047  31.812 1.0000000000
48593  24.655  -5.620  32.528 1.0000000000
49481  23.820  -5.079  32.467 1.0000000000
100728  23.592  -4.453  33.040 1.0000000000
50327  25.107  -3.411  37.121 0.3333329856
50358  24.466  -3.827  34.922 0.7777780294
50367  31.753  -3.434  34.031 0.5555559993
50359  23.691  -3.597  34.458 0.8888890147
50379  30.600  -3.259  32.773 0.5555559993
49480  30.306  -4.282  31.891 0.6666669846
48600  29.256  -5.283  31.377 0.8888890147
48602  27.507  -5.850  31.171 1.0000000000
48603  26.585  -5.935  30.957 1.0000000000
48604  25.655  -6.131  31.415 1.0000000000
48605  24.801  -5.868  30.921 1.0000000000
48594  24.194  -5.674  31.701 1.0000000000
49482  23.443  -5.086  31.577 1.0000000000
50338  24.717  -3.434  36.404 0.4444440007
50349  24.759  -3.732  35.569 0.4444440007
106610  23.993  -3.231  35.850 0.4444440007
50350  23.852  -3.361  35.217 0.4444440007
50370  23.159  -3.504  33.828 1.0000000000
50369  29.723  -2.041  33.176 0.2222220004
50380  29.468  -2.361  32.401 0.3333329856
105239  30.299  -3.536  32.186 0.5555559993
112412  29.566  -4.117  31.162 0.6666669846
51309  28.993  -1.997  31.812 0.3333329856
50397  29.435  -2.957  31.723 0.4444440007
106124  28.873  -3.373  30.792 0.6666669846
49497  28.668  -4.494  30.671 0.7777780294
48613  27.962  -5.202  30.598 1.0000000000
49468  23.059  -3.821  33.187 1.0000000000
96965  29.026  -2.380  30.469 0.3333329856
51310  28.956  -2.329  31.159 0.3333329856
50398  29.001  -2.739  31.257 0.3333329856
49508  27.658  -4.189  30.219 1.0000000000
48614  27.233  -5.281  30.391 1.0000000000
95423  25.737  -5.773  30.536 1.0000000000
49483  23.032  -4.340  32.306 0.8888890147
50399  28.721  -2.723  30.779 0.3333329856
50412  27.676  -3.416  30.047 0.8888890147
49509  27.019  -4.526  29.903 1.0000000000
48626  25.816  -5.284  29.782 1.0000000000
48615  25.126  -5.545  30.125 1.0000000000
49498  23.247  -5.021  30.835 1.0000000000
50400  22.410  -3.743  31.772 0.8888890147
51334  28.486  -2.800  30.229 0.5555559993
51335  27.932  -3.035  29.977 0.5555559993
49520  27.334  -3.808  29.900 1.0000000000
48625  26.496  -4.810  29.626 1.0000000000
48627  24.997  -5.085  29.339 1.0000000000
49510  23.501  -5.085  30.164 1.0000000000
50413  22.227  -3.809  30.768 1.0000000000
50401  21.942  -3.187  31.446 0.8888890147
51357  28.313  -2.893  29.781 0.7777780294
50428  27.510  -3.574  29.640 1.0000000000
49522  26.036  -4.723  29.183 1.0000000000
49534  25.417  -4.552  28.583 1.0000000000
49536  23.471  -4.331  28.723 1.0000000000
50430  22.671  -3.894  28.937 1.0000000000
50431  22.079  -3.302  29.272 1.0000000000
50427  27.980  -3.279  29.375 0.8888890147
50429  27.050  -3.945  29.088 1.0000000000
49535  24.415  -4.550  28.592 1.0000000000
50351  23.199  -3.032  34.887 0.5555559993
50360  22.896  -3.018  34.283 0.7777780294
50371  22.578  -3.044  33.475 0.8888890147
51333  30.456  -2.152  30.340 0.2222220004
52150  29.576  -1.349  31.890 0.2222220004
51292  29.470  -1.569  32.593 0.2222220004
50381  22.514  -3.471  32.618 0.8888890147
106703  29.737  -2.239  30.238 0.3333329856
52173  29.377  -1.863  31.059 0.2222220004
51293  22.170  -2.760  32.732 0.8888890147
51355  30.464  -2.656  29.653 0.2222220004
51356  28.833  -2.672  29.779 0.3333329856
51359  21.724  -2.671  29.856 1.0000000000
51336  21.726  -2.372  30.700 0.8888890147
51311  21.777  -2.674  31.248 0.8888890147
100122  29.610  -2.604  29.697 0.4444440007
51375  29.396  -3.054  29.118 0.6666669846
50426  28.614  -3.126  29.181 0.7777780294
50453  27.468  -3.801  28.719 1.0000000000
50454  26.753  -4.205  28.350 1.0000000000
95730  25.882  -4.292  27.959 1.0000000000
50455  24.910  -4.189  27.851 1.0000000000
50456  23.871  -3.962  27.854 1.0000000000
50458  22.439  -3.076  28.362 1.0000000000
51358  21.972  -2.506  28.937 1.0000000000
50452  28.327  -3.653  28.376 1.0000000000
97756  27.655  -4.076  27.703 1.0000000000
50478  26.376  -4.121  27.419 1.0000000000
103143  24.538  -3.674  27.317 1.0000000000
50480  23.864  -3.235  27.182 1.0000000000
50481  23.144  -3.214  27.683 1.0000000000
52106  22.464  -1.910  34.632 0.5555559993
51272  22.525  -2.423  34.104 0.7777780294
51332  31.523  -2.242  30.393 0.1111110002
51282  22.068  -2.076  32.665 0.7777780294
51281  22.265  -2.288  33.385 0.8888890147
51294  21.932  -2.556  31.965 0.8888890147
51354  31.379  -2.703  29.685 0.3333329856
52152  21.842  -2.118  31.391 0.8888890147
52134  21.998  -1.918  32.008 0.8888890147
51374  30.234  -3.090  29.012 0.6666669846
52191  22.195  -1.407  29.703 0.8888890147
52175  21.822  -1.907  30.170 0.8888890147
102710  22.594  -1.520  27.929 1.0000000000
51389  22.665  -2.399  27.659 1.0000000000
52199  22.203  -1.659  28.784 1.0000000000
50450  29.859  -3.459  28.362 0.6666669846
50451  29.066  -3.408  28.531 0.6666669846
50477  26.986  -4.117  27.017 1.0000000000
107339  27.069  -4.170  27.869 1.0000000000
50479  25.434  -3.775  27.134 1.0000000000
111944  23.902  -2.629  26.748 1.0000000000
52208  23.046  -1.718  27.171 1.0000000000
94667  27.670  -4.146  26.716 1.0000000000
50502  27.055  -3.790  26.155 1.0000000000
50503  26.223  -3.622  26.499 1.0000000000
50504  25.444  -3.192  26.459 1.0000000000
50505  24.647  -3.065  26.723 1.0000000000
98565  22.588  -1.349  35.017 0.5555559993
105348  22.379  -1.875  33.921 0.7777780294
52171  31.736  -1.776  31.068 0.1111110002
110768  22.654  -1.161  34.090 0.6666669846
52116  22.346  -1.636  33.278 0.7777780294
51331  32.613  -2.380  30.431 0.1111110002
52133  22.340  -1.421  32.430 0.7777780294
52996  22.634  -0.801  31.074 0.7777780294
52174  22.205  -1.346  30.576 0.8888890147
52151  22.199  -1.462  31.474 0.7777780294
53029  23.024  -0.691  28.277 0.7777780294
53018  22.653  -0.867  29.143 0.7777780294
53004  22.634  -0.791  30.168 0.6666669846
51373  31.140  -3.147  28.966 0.2222220004
52216  23.597  -1.145  26.736 1.0000000000
111735  22.563  -1.177  28.483 1.0000000000
50449  30.764  -3.503  28.251 0.4444440007
50475  29.241  -3.885  27.676 0.5555559993
51397  25.062  -2.584  26.088 1.0000000000
51398  24.315  -2.263  26.316 1.0000000000
51399  23.608  -1.947  26.637 1.0000000000
50476  28.371  -4.125  27.285 0.8888890147
53980  23.823  0.044  32.932 0.3333329856
52968  22.641  -0.992  33.060 0.3333329856
52170  32.955  -1.948  31.077 0.1111110002
52982  23.124  -0.476  32.503 0.3333329856
110685  22.665  -0.923  32.491 0.6666669846
52995  23.194  -0.350  31.576 0.3333329856
51353  32.339  -2.731  29.757 0.2222220004
54020  23.717  0.118  29.434 0.4444440007
54012  23.728  0.168  30.314 0.3333329856
54003  23.747  0.163  31.180 0.3333329856
54038  23.669  -0.162  27.733 0.7777780294
54031  23.666  0.003  28.583 0.5555559993
50474  30.292  -3.907  27.553 0.3333329856
52215  24.149  -1.461  26.205 1.0000000000
53042  24.194  -0.652  26.283 0.8888890147
94296  29.034  -4.250  26.803 0.8888890147
50501  28.422  -4.227  26.239 0.8888890147
50522  26.553  -3.240  25.671 1.0000000000
104061  25.465  -2.221  25.494 1.0000000000
52224  24.626  -1.004  25.672 1.0000000000
51330  33.693  -2.430  30.351 0.1111110002
54852  25.621  1.310  32.218 0.2222220004
54853  24.975  0.934  31.949 0.3333329856
54002  24.358  0.548  31.602 0.3333329856
53992  23.790  0.088  32.044 0.3333329856
105397  33.150  -2.707  29.841 0.1111110002
54867  25.428  1.361  31.407 0.3333329856
54868  24.834  0.987  31.160 0.3333329856
54011  24.291  0.590  30.775 0.3333329856
51372  32.096  -3.116  29.018 0.3333329856
50473  31.762  -3.508  28.136 0.3333329856
54037  24.234  0.486  28.152 0.5555559993
54899  24.845  1.007  28.674 0.4444440007
50500  29.850  -4.271  26.792 0.5555559993
54045  24.314  0.407  27.232 0.6666669846
54910  24.877  0.983  27.786 0.5555559993
49559  29.368  -4.343  25.943 0.7777780294
50521  27.350  -3.487  25.302 1.0000000000
95833  26.172  -2.594  25.266 1.0000000000
52223  25.229  -1.417  25.243 0.8888890147
97306  24.424  0.101  26.506 0.7777780294
50520  28.245  -3.945  25.323 0.8888890147
50539  27.951  -3.436  24.670 0.8888890147
51417  26.578  -2.279  24.667 1.0000000000
51418  25.890  -1.849  24.911 1.0000000000
53051  24.730  -0.165  25.818 0.8888890147
111080  25.235  1.322  30.757 0.2222220004
54887  24.823  1.013  29.561 0.4444440007
107910  24.653  0.559  26.716 0.7777780294
38283  3.063  -17.374  50.843 0.3333329856
36624  0.503  -18.968  51.110 0.4444440007
37389  0.678  -18.395  50.749 0.4444440007
39107  3.863  -16.045  49.888 0.3333329856
40033  5.273  -14.388  49.017 0.2222220004
39106  4.238  -15.787  49.194 0.2222220004
41034  7.006  -13.833  46.812 0.2222220004
41955  7.792  -12.597  48.159 0.2222220004
36631  -0.094  -18.567  50.064 0.2222220004
104065  -0.118  -19.224  48.682 0.2222220004
35898  0.252  -20.577  49.350 0.2222220004
35058  0.510  -20.847  48.472 0.2222220004
40048  4.760  -15.117  48.733 0.2222220004
39128  5.199  -15.109  47.408 0.3333329856
39117  4.724  -15.453  47.956 0.3333329856
41078  8.129  -13.435  44.507 0.2222220004
40076  7.315  -13.914  45.470 0.2222220004
40068  5.994  -14.827  45.845 0.3333329856
41079  7.380  -13.973  44.533 0.3333329856
41092  7.891  -13.698  43.745 0.4444440007
103674  8.273  -13.469  43.177 0.3333329856
42021  8.814  -12.820  44.579 0.2222220004
101721  -0.457  -17.967  48.911 0.4444440007
112316  5.066  -15.407  46.785 0.4444440007
39139  5.221  -15.400  46.131 0.5555559993
39150  4.616  -15.784  45.695 0.4444440007
39151  3.941  -15.956  45.349 0.5555559993
38333  3.430  -16.258  46.573 0.5555559993
38349  3.206  -16.069  45.869 0.5555559993
39162  5.168  -15.301  44.411 0.6666669846
103027  4.548  -15.673  44.902 0.6666669846
38299  -0.475  -17.127  49.984 0.5555559993
41103  7.709  -13.798  42.900 0.4444440007
40113  6.970  -14.172  42.599 0.5555559993
35911  -0.097  -19.658  46.539 0.1111110002
41118  8.374  -13.377  41.522 0.5555559993
41117  9.095  -13.131  41.161 0.6666669846
37433  -0.552  -17.871  48.086 0.5555559993
36643  -0.305  -18.695  47.343 0.2222220004
38334  2.804  -16.228  46.746 0.5555559993
39152  2.616  -15.490  45.413 0.6666669846
39153  2.326  -15.147  45.921 0.6666669846
40091  5.795  -14.940  43.856 0.6666669846
39178  4.396  -15.114  43.381 0.7777780294
39130  2.153  -15.386  47.893 0.7777780294
40050  0.676  -15.586  50.380 0.4444440007
40114  6.098  -14.474  42.259 0.7777780294
39192  4.820  -14.937  42.866 0.8888890147
40116  4.611  -14.543  42.260 0.8888890147
40115  5.277  -14.684  42.371 0.7777780294
37419  -0.721  -17.360  49.129 0.5555559993
107156  9.265  -13.086  40.292 0.6666669846
42071  9.742  -12.784  42.118 0.4444440007
40130  6.779  -14.113  41.842 0.6666669846
39180  3.136  -14.834  43.866 0.8888890147
40079  2.393  -14.670  45.236 0.7777780294
93786  2.440  -13.821  44.837 0.8888890147
41137  6.351  -13.558  40.638 0.7777780294
41104  3.475  -13.397  42.459 0.7777780294
93543  10.029  -12.954  40.063 0.6666669846
41134  8.710  -13.039  39.730 0.7777780294
42072  4.170  -12.459  41.393 0.7777780294
41149  6.904  -13.130  39.964 0.8888890147
41138  5.501  -13.326  40.549 0.8888890147
94050  8.992  -12.809  39.061 0.7777780294
42121  10.757  -12.736  38.510 0.7777780294
42120  11.601  -12.672  38.417 0.7777780294
99812  5.417  -12.707  40.239 0.8888890147
42106  5.791  -12.263  39.840 0.8888890147
43022  4.606  -11.853  40.881 0.8888890147
42085  5.130  -12.053  40.258 0.8888890147
43910  4.671  -10.887  42.059 0.6666669846
42125  7.121  -12.117  38.988 0.8888890147
42105  6.579  -12.417  39.494 0.8888890147
43033  13.635  -11.752  39.683 0.6666669846
103020  6.099  -11.767  39.483 0.8888890147
43936  5.699  -10.571  40.028 0.8888890147
43922  5.298  -10.471  40.939 0.8888890147
42139  9.273  -12.162  38.066 0.8888890147
43048  8.172  -11.612  38.352 0.8888890147
43935  6.276  -10.394  39.493 0.7777780294
43047  13.784  -11.998  38.742 0.7777780294
43918  19.581  -9.988  40.520 0.4444440007
109269  17.079  -9.647  40.526 0.5555559993
44809  6.866  -9.889  39.362 0.7777780294
105098  5.071  -10.488  41.680 0.6666669846
43931  20.171  -10.694  40.024 0.5555559993
43934  15.710  -10.672  39.362 0.6666669846
43070  9.292  -11.489  37.716 0.8888890147
42148  13.021  -12.118  36.856 0.7777780294
43090  12.653  -11.626  36.465 0.8888890147
42150  11.396  -11.918  36.890 0.8888890147
43947  15.812  -10.853  38.496 0.7777780294
42133  14.130  -11.979  37.192 0.7777780294
111445  14.602  -11.790  37.027 0.7777780294
44791  17.634  -9.538  40.117 0.5555559993
44793  7.549  -9.361  39.746 0.5555559993
108395  8.120  -9.204  39.357 0.5555559993
44805  18.316  -9.507  39.604 0.5555559993
44833  9.546  -9.562  37.762 0.8888890147
44807  16.827  -9.994  39.107 0.7777780294
43955  20.150  -10.973  37.511 0.5555559993
44831  17.832  -9.580  37.189 0.6666669846
43945  17.240  -9.805  37.654 0.7777780294
43974  12.310  -10.819  36.275 0.8888890147
112700  11.384  -11.507  36.692 0.8888890147
43972  16.491  -10.465  36.425 0.7777780294
43066  16.042  -10.947  36.823 0.7777780294
43106  13.998  -11.174  35.973 0.7777780294
43973  13.190  -11.068  36.082 0.8888890147
110283  23.763  -11.750  37.119 0.6666669846
43084  22.657  -11.623  36.242 0.8888890147
43064  21.438  -11.616  37.090 0.6666669846
98396  20.470  -11.176  35.936 0.6666669846
44857  18.438  -9.585  35.950 0.7777780294
44002  19.835  -10.483  34.927 0.7777780294
44808  8.640  -8.805  39.611 0.5555559993
112077  10.547  -9.940  37.042 0.8888890147
97895  10.259  -9.446  37.428 0.8888890147
110112  25.861  -10.913  36.647 0.7777780294
43989  15.412  -10.532  35.470 0.8888890147
44862  13.724  -9.925  35.485 0.8888890147
43100  24.868  -11.030  35.675 0.8888890147
44875  19.678  -9.929  34.309 0.8888890147
44859  16.834  -9.666  35.207 0.8888890147
44860  15.926  -9.864  34.949 0.8888890147
44880  14.634  -9.057  34.612 0.7777780294
44001  21.362  -10.768  34.110 0.8888890147
106686  20.301  -9.727  33.730 0.8888890147
44891  19.625  -9.205  33.817 0.8888890147
45695  10.054  -8.298  38.961 0.7777780294
45705  10.348  -8.523  38.252 0.7777780294
45715  10.661  -8.843  37.623 0.8888890147
43954  27.049  -10.641  37.633 0.7777780294
45737  13.800  -8.990  35.163 0.7777780294
45750  17.066  -8.544  33.988 0.8888890147
45751  16.086  -8.481  33.933 0.7777780294
45752  15.139  -8.273  34.088 0.7777780294
43983  26.101  -10.190  35.512 0.8888890147
43984  25.294  -10.434  35.115 0.8888890147
46704  19.221  -7.398  33.395 0.7777780294
46646  10.835  -8.070  38.815 0.6666669846
44829  27.747  -10.071  37.268 0.6666669846
46670  14.139  -7.284  35.836 0.6666669846
44840  27.555  -9.750  36.414 0.8888890147
46706  17.343  -7.297  33.451 0.7777780294
45765  16.734  -7.902  33.620 0.8888890147
46707  16.517  -7.220  33.530 0.7777780294
44855  27.327  -9.465  35.581 0.7777780294
43998  25.763  -9.625  34.586 0.8888890147
44872  25.057  -9.274  34.011 0.8888890147
44873  24.397  -9.583  33.902 0.7777780294
109953  23.129  -8.881  33.630 0.7777780294
47684  18.795  -6.631  33.395 0.6666669846
46643  13.343  -7.457  38.057 0.3333329856
46656  13.481  -7.606  37.199 0.4444440007
45735  27.717  -8.951  35.101 0.8888890147
48576  17.532  -5.863  33.641 0.6666669846
47687  16.376  -6.612  33.616 0.6666669846
48578  15.985  -6.352  33.835 0.5555559993
47675  15.432  -6.575  34.132 0.5555559993
44886  25.058  -8.704  33.910 0.7777780294
44888  23.690  -9.381  33.665 0.7777780294
46692  22.294  -7.841  34.319 0.7777780294
46693  21.831  -7.376  34.654 0.7777780294
96467  21.574  -7.491  33.953 0.7777780294
107983  20.306  -6.691  33.628 0.7777780294
48575  18.397  -5.884  33.592 0.5555559993
49385  20.065  -3.824  40.465 0.3333329856
50262  20.166  -3.638  41.327 0.2222220004
50294  18.484  -3.419  39.735 0.2222220004
50279  18.604  -3.231  40.616 0.2222220004
94554  17.233  -3.462  39.241 0.2222220004
100345  17.593  -3.204  40.659 0.1111110002
111616  17.921  -3.439  39.277 0.2222220004
50314  15.930  -3.817  38.779 0.1111110002
99091  16.508  -3.595  39.226 0.1111110002
50297  15.834  -3.740  39.662 0.1111110002
49398  15.186  -4.230  39.212 0.1111110002
48512  14.731  -4.995  38.826 0.1111110002
48513  14.345  -5.790  38.919 0.1111110002
49396  20.444  -4.585  39.110 0.3333329856
48473  21.750  -5.348  40.948 0.1111110002
49384  20.695  -4.258  40.906 0.2222220004
49397  19.912  -3.990  39.595 0.3333329856
50331  16.845  -3.782  37.442 0.2222220004
49411  15.355  -4.374  38.311 0.1111110002
104945  14.621  -5.602  38.271 0.1111110002
47643  14.400  -6.531  37.209 0.3333329856
46651  30.712  -7.740  37.919 0.3333329856
48521  21.230  -5.811  38.190 0.2222220004
48511  20.852  -5.207  38.609 0.2222220004
49408  20.263  -4.660  38.241 0.3333329856
50328  18.995  -3.794  38.255 0.2222220004
49421  19.200  -4.102  37.377 0.3333329856
50329  18.392  -3.758  37.521 0.2222220004
50341  16.855  -4.007  36.740 0.2222220004
49437  15.839  -4.761  36.590 0.2222220004
48538  15.216  -5.357  36.890 0.2222220004
47641  22.207  -7.037  37.742 0.3333329856
47642  21.679  -6.409  37.902 0.2222220004
48536  20.615  -5.365  36.696 0.5555559993
98150  19.413  -4.427  36.582 0.3333329856
100709  19.649  -4.259  37.987 0.3333329856
49433  20.033  -4.801  36.464 0.3333329856
96504  18.006  -4.190  35.984 0.2222220004
49449  16.077  -4.963  35.808 0.3333329856
48549  15.093  -5.975  35.967 0.3333329856
45723  28.815  -8.813  36.276 0.7777780294
46665  25.044  -7.325  36.128 0.4444440007
46679  24.252  -7.703  35.487 0.5555559993
46680  23.264  -7.786  35.774 0.6666669846
109308  22.372  -7.281  36.946 0.5555559993
46655  22.845  -7.549  37.599 0.3333329856
46667  23.078  -7.680  36.767 0.5555559993
47650  20.696  -5.720  35.588 0.6666669846
47649  21.280  -6.161  36.402 0.5555559993
48546  19.949  -5.255  35.192 0.5555559993
49447  18.271  -4.579  35.179 0.4444440007
49434  19.632  -4.760  35.821 0.4444440007
108004  16.998  -4.926  34.802 0.4444440007
49460  17.740  -4.876  34.618 0.5555559993
48561  16.581  -5.404  34.407 0.4444440007
46690  25.369  -7.801  34.342 0.7777780294
46691  24.485  -7.896  34.636 0.7777780294
101675  23.720  -7.919  34.949 0.7777780294
108367  21.744  -7.045  35.243 0.5555559993
47660  20.871  -6.207  34.830 0.6666669846
48573  20.003  -6.087  33.831 0.6666669846
47674  20.642  -6.387  34.086 0.6666669846
48558  19.591  -5.489  34.316 0.6666669846
48559  18.809  -5.338  34.087 0.5555559993
45745  26.691  -8.233  34.194 0.8888890147
45748  23.757  -8.232  34.292 0.7777780294
46662  30.916  -7.219  36.558 0.5555559993
105441  26.106  -6.678  36.330 0.4444440007
101018  27.916  -7.153  33.853 1.0000000000
48532  32.200  -5.958  36.312 0.5555559993
48497  28.428  -4.827  39.919 0.1111110002
47667  31.077  -5.912  34.423 1.0000000000
49432  26.087  -4.234  35.942 0.6666669846
112742  30.130  -5.462  32.360 0.8888890147
97700  27.252  -6.273  32.105 1.0000000000
50309  26.245  -3.734  38.294 0.1111110002
112104  26.292  -3.960  37.779 0.3333329856
48606  23.859  -5.500  30.861 1.0000000000
49499  22.817  -4.474  31.276 1.0000000000
102895  26.489  -5.351  30.142 1.0000000000
48616  24.334  -5.411  30.120 1.0000000000
50411  28.262  -3.271  30.345 0.6666669846
101877  23.937  -4.900  29.390 1.0000000000
49511  22.829  -4.553  30.376 1.0000000000
49521  26.931  -4.174  29.457 1.0000000000
49523  23.088  -4.531  29.531 1.0000000000
49524  22.388  -3.982  29.787 1.0000000000
50432  21.910  -3.410  30.049 1.0000000000
50414  21.741  -3.060  30.679 0.8888890147
49533  26.405  -4.353  28.778 1.0000000000
50457  23.074  -3.745  28.272 1.0000000000
51263  22.750  -2.496  34.862 0.7777780294
51376  21.849  -2.005  29.442 0.8888890147
51388  23.306  -2.541  27.125 1.0000000000
53036  23.234  -0.921  27.420 1.0000000000
50523  25.817  -2.928  25.898 1.0000000000
53003  23.185  -0.301  30.695 0.4444440007
99186  23.234  -0.338  29.024 0.5555559993
53017  23.187  -0.317  29.799 0.5555559993
51408  24.757  -1.835  25.776 1.0000000000
107616  27.706  -3.997  25.923 1.0000000000
54019  24.274  0.581  29.929 0.4444440007
54030  24.246  0.543  29.040 0.4444440007
53043  23.827  -0.358  26.941 0.8888890147
51407  26.786  -2.911  25.056 1.0000000000
53990  25.149  0.837  32.766 0.2222220004
54866  26.116  1.777  31.583 0.2222220004
54879  24.799  0.999  30.387 0.4444440007
112175  28.760  -4.217  25.648 0.8888890147
54044  24.991  0.663  26.197 0.7777780294
50519  29.098  -4.169  25.097 0.8888890147
54878  25.332  1.427  30.076 0.4444440007
111416  1.601  -15.807  49.231 0.5555559993
39120  -0.378  -16.232  50.606 0.2222220004
39108  -0.651  -15.467  50.680 0.2222220004
39121  -1.074  -15.852  49.676 0.2222220004
40060  2.177  -14.695  48.089 0.6666669846
39142  2.273  -15.241  46.694 0.6666669846
40080  2.259  -14.581  46.213 0.6666669846
40049  1.754  -15.129  49.143 0.3333329856
40069  2.234  -14.634  47.155 0.6666669846
41050  2.291  -13.892  46.703 0.6666669846
40035  1.240  -14.734  50.222 0.2222220004
99232  2.058  -14.320  48.888 0.3333329856
97195  2.245  -14.007  47.701 0.6666669846
41064  2.307  -13.886  45.758 0.6666669846
41080  2.746  -13.652  44.014 0.7777780294
112564  2.504  -12.658  46.810 0.6666669846
106374  2.478  -13.242  45.408 0.6666669846
41049  2.437  -13.082  46.275 0.5555559993
42023  2.703  -12.911  44.683 0.6666669846
111215  2.952  -12.937  43.880 0.4444440007
42003  2.676  -12.510  45.604 0.3333329856
42952  3.020  -12.017  45.048 0.4444440007
42996  3.635  -11.885  42.933 0.5555559993
42042  3.241  -12.462  43.415 0.4444440007
42951  3.401  -10.818  45.935 0.3333329856
98668  3.267  -11.340  45.308 0.2222220004
42982  3.501  -11.637  43.784 0.3333329856
42966  3.380  -11.453  44.611 0.3333329856
42995  4.153  -11.354  42.484 0.4444440007
43883  4.505  -10.223  43.837 0.2222220004
43871  3.868  -10.860  44.231 0.2222220004
93559  3.679  -10.750  45.080 0.1111110002
42981  4.007  -11.059  43.344 0.3333329856
43895  4.549  -10.568  42.877 0.2222220004
44753  5.332  -9.265  43.573 0.1111110002
44754  4.974  -9.588  43.903 0.2222220004
44766  6.019  -9.149  42.286 0.1111110002
44767  5.451  -9.528  42.734 0.1111110002
43882  4.962  -9.856  43.212 0.2222220004
44781  5.581  -9.849  41.729 0.3333329856
42113  24.732  -11.779  38.297 0.2222220004
45687  7.000  -9.023  41.157 0.2222220004
44780  6.333  -9.351  41.356 0.3333329856
45686  7.676  -8.910  40.619 0.3333329856
44794  6.782  -9.468  40.376 0.5555559993
43041  25.864  -11.506  38.806 0.3333329856
93379  25.178  -11.781  38.895 0.2222220004
101999  25.425  -11.560  38.303 0.4444440007
111168  8.126  -9.015  39.959 0.3333329856
49356  20.797  -3.844  42.699 0.1111110002
49371  20.747  -4.066  41.797 0.1111110002
45675  8.225  -8.266  41.163 0.2222220004
45685  8.495  -8.565  40.386 0.3333329856
45696  9.305  -8.561  39.226 0.5555559993
46603  8.750  -7.687  41.650 0.2222220004
45674  9.004  -7.982  40.842 0.3333329856
45684  9.191  -8.295  40.053 0.3333329856
46626  25.942  -7.456  39.948 0.1111110002
93703  24.964  -7.907  39.828 0.1111110002
96237  24.816  -7.762  38.994 0.2222220004
46627  25.488  -7.563  39.272 0.2222220004
47609  26.161  -7.099  39.013 0.2222220004
47625  25.541  -7.357  38.572 0.2222220004
46652  25.345  -7.154  37.118 0.2222220004
110957  26.193  -6.881  38.300 0.2222220004
47640  25.759  -7.037  37.797 0.2222220004
97748  23.988  -7.958  39.600 0.2222220004
46640  24.054  -7.874  38.629 0.3333329856
46641  23.383  -7.763  38.183 0.3333329856
46639  24.848  -7.551  38.045 0.2222220004
102456  24.065  -7.782  37.898 0.3333329856
47624  26.964  -6.401  38.494 0.2222220004
52231  27.006  -1.907  24.063 0.7777780294
52241  26.781  -1.182  23.869 0.7777780294
52240  27.388  -1.336  23.554 0.7777780294
50339  23.583  -2.863  36.489 0.3333329856
54940  27.499  1.236  24.644 0.7777780294
54060  26.402  0.263  24.309 0.6666669846
54061  25.743  -0.144  24.670 0.6666669846
100097  29.372  0.748  23.512 0.6666669846
54067  28.684  0.698  23.694 0.6666669846
54059  27.864  0.679  23.926 0.7777780294
108038  26.793  -0.020  23.851 0.7777780294
52233  25.691  -1.012  24.641 0.7777780294
54072  30.410  0.791  22.778 0.7777780294
97464  28.178  0.108  23.365 0.7777780294
53066  27.041  -0.586  23.654 0.7777780294
104913  30.553  0.281  21.996 0.7777780294
51256  22.814  -2.298  36.463 0.3333329856
52096  22.542  -1.987  35.583 0.4444440007
54926  30.590  2.096  25.005 0.3333329856
54927  29.483  2.158  25.215 0.4444440007
54928  28.363  1.833  25.096 0.4444440007
54930  26.676  1.376  25.325 0.7777780294
54931  25.752  1.081  25.722 0.5555559993
54053  25.344  0.302  25.373 0.7777780294
54936  31.514  1.906  24.182 0.4444440007
54937  30.765  1.707  24.275 0.5555559993
54939  28.455  1.227  24.344 0.5555559993
54946  30.876  1.445  23.539 0.5555559993
54947  30.072  1.147  23.675 0.6666669846
54960  31.341  1.196  21.358 0.7777780294
54961  30.858  0.903  21.939 0.7777780294
54977  32.325  1.277  20.260 0.7777780294
54978  31.773  0.846  20.682 0.7777780294
55772  32.018  2.627  26.958 0.1111110002
54920  25.573  1.316  26.578 0.4444440007
55785  31.186  2.547  26.343 0.2222220004
101922  29.402  2.672  26.028 0.3333329856
102413  29.293  3.005  26.697 0.2222220004
55788  27.483  2.375  26.629 0.3333329856
54908  26.189  1.789  27.061 0.3333329856
54921  24.916  0.978  26.958 0.5555559993
56663  35.217  3.459  25.324 0.1111110002
55781  34.584  2.358  25.889 0.1111110002
55792  34.028  2.117  25.482 0.3333329856
55793  33.176  2.042  25.408 0.5555559993
55795  31.357  2.234  25.627 0.3333329856
55796  30.392  2.450  25.772 0.3333329856
55797  28.700  2.397  25.700 0.4444440007
54918  27.085  1.965  25.990 0.5555559993
56664  35.088  2.866  25.314 0.1111110002
55802  33.883  2.229  24.804 0.2222220004
55803  33.023  2.171  24.484 0.4444440007
54925  31.510  2.061  24.903 0.4444440007
56671  35.089  3.013  24.567 0.1111110002
55819  33.158  2.688  23.136 0.3333329856
54944  31.938  2.141  23.229 0.6666669846
55833  32.134  2.477  21.589 0.7777780294
55821  31.718  2.130  22.372 0.7777780294
105486  31.434  1.790  22.850 0.7777780294
54959  31.819  1.689  20.907 0.7777780294
53959  23.702  -0.019  34.843 0.2222220004
104877  23.224  -0.442  34.237 0.2222220004
55773  30.928  3.095  27.008 0.1111110002
54909  25.515  1.429  27.436 0.4444440007
55786  30.186  2.868  26.507 0.2222220004
55776  27.862  2.756  27.338 0.2222220004
55789  26.780  2.025  26.686 0.3333329856
53971  23.850  0.019  33.835 0.2222220004
55774  29.779  3.335  27.297 0.1111110002
54897  26.118  1.908  27.935 0.2222220004
55775  28.738  3.127  27.273 0.2222220004
55762  27.455  2.734  28.173 0.2222220004
56652  28.998  3.434  27.905 0.1111110002
54885  26.008  1.957  28.851 0.3333329856
54886  25.403  1.474  29.213 0.3333329856
55761  28.237  3.128  28.022 0.1111110002
54877  25.921  1.923  29.781 0.3333329856
55751  26.592  2.371  29.410 0.2222220004
56638  27.883  3.074  28.689 0.2222220004
55763  26.706  2.355  28.476 0.2222220004
108388  25.829  1.747  30.719 0.2222220004
55745  26.532  2.293  30.421 0.2222220004
55750  27.281  2.750  29.020 0.1111110002
42058  3.437  -12.730  42.618 0.5555559993
43061  24.242  -11.771  37.656 0.4444440007
43062  23.382  -11.918  37.726 0.4444440007
46631  11.336  -7.628  39.560 0.3333329856
51262  23.124  -2.759  35.633 0.4444440007
52967  23.180  -0.469  33.449 0.2222220004
54898  25.465  1.469  28.314 0.4444440007
53050  25.175  -0.567  25.190 0.6666669846
38312  -0.854  -16.677  49.673 0.4444440007
43909  5.046  -10.182  42.383 0.2222220004
106485  9.882  -8.047  39.706 0.5555559993
50245  20.204  -3.407  42.198 0.1111110002
42022  3.124  -12.227  44.234 0.4444440007
52232  26.347  -1.482  24.337 0.7777780294
53057  26.344  -0.583  24.112 0.7777780294
53065  27.760  -0.599  23.312 0.7777780294
54929  27.494  1.761  25.367 0.5555559993
97533  27.082  0.552  24.106 0.7777780294
107191  26.722  0.865  24.627 0.6666669846
54052  26.068  0.672  24.958 0.5555559993
54948  29.266  1.186  24.071 0.6666669846
54068  27.406  0.067  23.610 0.7777780294
53081  30.504  -0.409  21.875 0.7777780294
53080  31.184  0.181  21.248 0.7777780294
52935  22.659  -1.105  35.758 0.3333329856
54938  29.882  1.652  24.476 0.4444440007
104486  29.089  1.621  24.642 0.4444440007
55798  27.910  2.232  25.855 0.5555559993
54945  31.444  1.794  23.485 0.6666669846
54953  30.994  1.362  22.827 0.7777780294
55834  31.578  1.859  21.640 0.7777780294
54952  31.238  1.571  22.138 0.7777780294
55787  28.458  2.708  26.485 0.2222220004
54919  26.308  1.639  26.216 0.4444440007
55777  26.917  2.301  27.474 0.3333329856
56658  35.017  3.089  26.224 0.1111110002
55801  34.564  2.460  25.065 0.1111110002
55804  32.307  2.082  24.796 0.5555559993
55794  32.232  2.113  25.561 0.5555559993
55810  34.453  2.583  24.451 0.2222220004
95786  33.730  2.504  23.929 0.2222220004
54935  32.159  2.092  24.039 0.5555559993
55811  32.737  2.345  23.651 0.5555559993
55820  32.421  2.520  22.717 0.6666669846
99875  32.812  2.998  20.985 0.7777780294
55847  32.455  2.135  20.523 0.7777780294
54976  32.929  1.613  19.776 0.7777780294
34233  0.916  -21.349  48.133 0.1111110002
36616  1.056  -19.271  51.781 0.3333329856
99500  -0.721  -17.925  47.023 0.1111110002
42875  5.921  -11.965  50.681 0.1111110002
42874  6.597  -11.662  50.373 0.1111110002
43804  8.485  -10.497  49.414 0.1111110002
43805  7.833  -10.942  49.745 0.1111110002
43786  7.421  -10.732  50.283 0.1111110002
43787  6.849  -10.952  50.605 0.1111110002
42901  8.031  -11.934  48.722 0.1111110002
42888  7.650  -11.668  49.432 0.1111110002
42873  7.215  -11.326  50.033 0.1111110002
42889  7.009  -12.039  49.757 0.1111110002
41942  7.426  -12.373  49.060 0.1111110002
111441  2.427  -12.789  47.836 0.4444440007
41943  6.739  -12.736  49.392 0.1111110002
42887  8.242  -11.230  49.067 0.1111110002
94594  2.520  -12.265  47.312 0.2222220004
41969  2.405  -12.363  48.391 0.2222220004
41967  8.334  -12.364  47.487 0.1111110002
41968  7.906  -12.882  47.353 0.1111110002
41985  8.317  -12.685  46.772 0.1111110002
44681  9.789  -9.689  48.620 0.1111110002
43803  9.121  -10.046  48.992 0.1111110002
43819  9.455  -10.314  48.293 0.1111110002
43818  10.086  -9.970  47.844 0.1111110002
42917  9.211  -10.962  47.837 0.1111110002
43820  8.842  -10.758  48.657 0.1111110002
42919  2.601  -11.479  47.820 0.1111110002
43832  9.870  -10.544  47.140 0.1111110002
42934  9.295  -11.372  46.996 0.1111110002
42935  8.788  -12.066  46.881 0.1111110002
41984  9.281  -11.782  46.237 0.1111110002
96725  8.764  -12.382  46.174 0.1111110002
44711  12.032  -9.478  46.900 0.1111110002
44695  11.336  -9.490  47.298 0.1111110002
43856  11.425  -10.345  45.681 0.1111110002
96277  10.591  -10.400  46.353 0.1111110002
42933  9.892  -11.100  46.281 0.1111110002
42948  11.197  -10.873  45.066 0.1111110002
42949  10.583  -10.952  45.598 0.1111110002
107989  9.173  -12.128  45.660 0.1111110002
42002  8.757  -12.617  45.449 0.1111110002
42980  10.600  -11.788  43.907 0.1111110002
42020  9.440  -12.377  44.361 0.1111110002
42040  10.057  -12.344  43.305 0.1111110002
42041  9.296  -12.688  43.685 0.2222220004
43845  12.146  -9.786  46.106 0.1111110002
44749  17.669  -9.094  43.366 0.2222220004
97847  12.324  -10.221  45.344 0.1111110002
42079  21.834  -12.203  40.567 0.2222220004
43869  12.471  -10.621  44.506 0.1111110002
43870  11.796  -10.636  44.978 0.1111110002
110368  21.509  -12.013  40.984 0.3333329856
42963  12.245  -11.115  43.698 0.1111110002
42964  11.499  -11.127  44.333 0.1111110002
43016  20.564  -11.161  40.480 0.4444440007
42055  10.977  -12.292  42.158 0.2222220004
42979  11.499  -11.554  43.447 0.2222220004
42056  10.237  -12.505  42.502 0.1111110002
42057  9.545  -12.764  42.790 0.2222220004
43030  20.680  -11.438  39.783 0.4444440007
42070  10.286  -12.687  41.607 0.4444440007
44750  16.836  -9.348  43.618 0.2222220004
44723  16.277  -9.138  45.169 0.1111110002
44724  15.420  -9.378  45.387 0.1111110002
44736  16.570  -9.253  44.383 0.2222220004
44737  15.716  -9.499  44.567 0.1111110002
43867  14.755  -9.751  44.696 0.1111110002
44764  16.976  -9.454  42.738 0.2222220004
44765  16.290  -9.612  43.214 0.2222220004
95701  14.524  -10.074  43.869 0.1111110002
43854  13.810  -9.904  45.128 0.1111110002
44725  13.872  -9.633  45.918 0.1111110002
99800  23.565  -12.577  41.842 0.1111110002
100651  22.617  -12.482  41.936 0.2222220004
43892  16.006  -9.785  42.602 0.2222220004
99664  15.601  -9.831  43.262 0.2222220004
106329  14.963  -10.058  43.361 0.1111110002
103883  14.054  -10.100  44.382 0.1111110002
93499  13.011  -10.183  45.044 0.1111110002
43881  13.027  -10.729  43.749 0.1111110002
42978  12.756  -11.140  43.047 0.1111110002
106301  21.116  -11.739  40.559 0.3333329856
42994  11.604  -11.811  42.665 0.2222220004
107893  12.109  -11.434  43.066 0.1111110002
43007  11.786  -12.034  41.861 0.2222220004
43943  20.192  -10.991  39.047 0.4444440007
42069  11.139  -12.473  41.268 0.5555559993
96661  24.436  -12.484  41.836 0.1111110002
42047  25.017  -12.580  42.475 0.1111110002
42065  23.127  -12.485  41.102 0.1111110002
110578  22.377  -12.383  41.105 0.2222220004
96344  15.637  -10.081  41.850 0.2222220004
110233  14.529  -10.480  42.474 0.1111110002
93382  14.350  -10.390  43.084 0.1111110002
42097  22.144  -12.271  39.841 0.3333329856
43907  14.660  -10.600  41.753 0.3333329856
43908  13.852  -10.999  41.777 0.3333329856
43005  13.336  -11.401  41.350 0.4444440007
43006  12.576  -11.707  41.605 0.2222220004
43029  21.397  -11.946  39.635 0.4444440007
42068  11.950  -12.214  40.945 0.6666669846
98956  20.816  -11.591  39.061 0.4444440007
42082  11.310  -12.633  40.337 0.6666669846
43044  20.623  -11.405  38.232 0.4444440007
42083  10.543  -12.780  40.680 0.5555559993
42064  24.082  -12.399  40.952 0.1111110002
42078  22.638  -12.383  40.427 0.2222220004
42077  23.394  -12.391  40.379 0.2222220004
42096  22.963  -12.330  39.577 0.2222220004
42116  22.072  -12.158  39.063 0.4444440007
43043  21.335  -11.817  38.675 0.4444440007
42046  25.969  -12.369  42.666 0.1111110002
110554  25.007  -12.321  41.838 0.1111110002
96587  21.300  -11.684  37.853 0.4444440007
43042  21.963  -11.955  38.221 0.4444440007
42974  26.814  -12.100  42.941 0.1111110002
42989  26.537  -11.782  42.158 0.1111110002
42063  24.955  -12.227  41.282 0.1111110002
95136  24.074  -12.252  39.851 0.1111110002
42095  23.666  -12.202  39.057 0.1111110002
42115  22.899  -12.146  38.516 0.4444440007
43063  22.527  -11.911  37.674 0.4444440007
42972  28.385  -11.560  43.526 0.1111110002
42973  27.617  -11.849  43.232 0.1111110002
46618  9.772  -7.768  40.492 0.2222220004
42987  28.140  -11.289  42.798 0.1111110002
100093  26.388  -11.608  41.312 0.1111110002
96823  25.626  -11.853  40.891 0.1111110002
43028  24.975  -11.970  39.598 0.1111110002
47613  13.652  -6.725  39.316 0.1111110002
47630  13.166  -7.288  38.895 0.1111110002
44744  30.251  -9.363  43.094 0.1111110002
44745  29.751  -10.015  43.390 0.1111110002
43876  29.316  -10.585  43.491 0.1111110002
43864  29.076  -11.154  43.850 0.1111110002
46617  10.438  -7.329  40.901 0.2222220004
46602  9.657  -7.466  41.404 0.2222220004
44759  30.212  -9.238  42.262 0.1111110002
44760  29.724  -9.786  42.580 0.1111110002
43887  29.239  -10.369  42.854 0.1111110002
43877  28.799  -10.935  43.156 0.1111110002
42988  27.374  -11.554  42.473 0.1111110002
46630  12.154  -7.203  40.060 0.1111110002
46616  11.289  -7.166  40.539 0.2222220004
46632  10.530  -7.623  40.102 0.2222220004
45673  30.686  -8.479  41.223 0.1111110002
44774  29.795  -9.422  41.140 0.1111110002
44775  29.191  -9.960  41.153 0.1111110002
43902  28.538  -10.563  41.611 0.1111110002
43889  27.965  -11.093  42.023 0.1111110002
99351  27.187  -11.350  41.679 0.1111110002
47614  12.987  -7.037  39.712 0.1111110002
102565  12.329  -7.486  39.231 0.1111110002
46610  31.101  -7.897  40.624 0.1111110002
44786  30.149  -8.996  40.804 0.1111110002
43903  27.821  -10.943  41.221 0.1111110002
46625  30.921  -7.840  39.718 0.1111110002
45682  30.425  -8.500  40.236 0.1111110002
111222  30.049  -9.013  40.289 0.1111110002
44787  29.631  -9.436  40.444 0.1111110002
43000  27.076  -11.242  40.848 0.1111110002
43027  25.609  -11.744  40.050 0.1111110002
111816  25.580  -11.689  39.377 0.1111110002
45694  30.346  -8.396  39.270 0.1111110002
45683  29.861  -9.054  39.693 0.1111110002
44802  29.326  -9.597  39.784 0.1111110002
43026  26.282  -11.435  39.525 0.1111110002
46638  30.819  -7.793  38.808 0.1111110002
44816  29.294  -9.469  39.088 0.1111110002
42114  23.904  -12.005  38.373 0.2222220004
44788  28.972  -10.014  40.249 0.1111110002
43915  28.418  -10.461  40.764 0.1111110002
43916  27.707  -10.846  40.397 0.1111110002
44803  28.800  -9.990  39.458 0.2222220004
43929  28.145  -10.390  39.119 0.1111110002
43930  27.619  -10.773  39.597 0.1111110002
43025  27.013  -11.067  39.210 0.1111110002
43942  27.038  -10.904  38.452 0.1111110002
51280  29.882  -1.282  33.334 0.1111110002
52132  30.023  -0.910  32.717 0.1111110002
49558  30.341  -4.377  25.989 0.6666669846
50536  30.293  -4.044  24.325 0.6666669846
50537  29.560  -3.930  24.336 0.7777780294
99853  30.904  -3.946  23.955 0.6666669846
50538  28.683  -3.697  24.465 0.6666669846
50554  28.214  -3.077  23.988 0.6666669846
95854  30.912  -3.569  23.358 0.6666669846
51425  29.777  -3.104  23.192 0.6666669846
98130  29.298  -2.712  23.141 0.6666669846
51426  28.601  -2.528  23.370 0.6666669846
51427  27.760  -2.241  23.706 0.6666669846
51439  29.063  -2.014  22.839 0.6666669846
103898  30.810  -2.579  22.450 0.6666669846
102082  29.667  -1.473  22.450 0.6666669846
53074  28.521  -0.566  22.954 0.6666669846
52239  28.242  -1.517  23.135 0.6666669846
51432  36.024  -2.111  23.320 0.5555559993
111981  34.917  -2.774  23.922 0.5555559993
50561  33.157  -3.147  22.813 0.6666669846
54066  29.777  0.552  23.086 0.6666669846
52248  36.291  -1.899  22.593 0.5555559993
51433  35.474  -2.296  22.802 0.5555559993
51434  34.052  -2.887  22.863 0.6666669846
50563  31.348  -3.194  22.818 0.6666669846
52250  31.047  -1.893  21.959 0.6666669846
53073  29.295  -0.617  22.615 0.6666669846
51444  34.263  -2.393  22.045 0.5555559993
51435  33.548  -2.724  22.344 0.6666669846
51446  32.573  -2.096  21.694 0.6666669846
51447  31.799  -1.804  21.645 0.6666669846
55784  31.962  2.272  26.184 0.1111110002
51443  35.179  -2.176  22.045 0.5555559993
52261  34.817  -1.945  21.472 0.5555559993
52251  30.426  -1.250  22.019 0.6666669846
53072  29.936  -0.738  22.284 0.6666669846
102532  34.760  -2.511  22.583 0.5555559993
52262  34.024  -1.894  21.361 0.6666669846
52263  33.200  -1.686  21.261 0.6666669846
52265  31.237  -1.022  21.430 0.6666669846
53079  31.837  -0.560  20.930 0.6666669846
52277  33.049  -1.102  20.807 0.6666669846
52264  32.319  -1.279  21.172 0.6666669846
55783  32.828  2.142  26.400 0.1111110002
52259  37.783  -1.380  21.736 0.4444440007
52260  36.818  -1.624  21.787 0.5555559993
104273  36.339  -1.548  21.027 0.5555559993
52274  35.451  -1.637  21.042 0.6666669846
54088  32.015  0.057  20.538 0.6666669846
53096  32.554  -0.586  20.612 0.6666669846
52258  38.720  -1.250  21.625 0.3333329856
54087  32.333  0.584  20.241 0.6666669846
52273  37.239  -1.420  20.960 0.4444440007
53093  35.196  -1.119  20.356 0.6666669846
53094  34.329  -0.909  20.301 0.6666669846
53095  33.416  -0.593  20.271 0.6666669846
53110  32.749  0.031  20.125 0.6666669846
52276  33.775  -1.313  20.791 0.6666669846
52244  39.965  -0.995  22.186 0.3333329856
52257  39.627  -1.122  21.556 0.3333329856
54996  32.861  0.750  19.795 0.6666669846
53078  40.031  -0.988  20.840 0.3333329856
52271  39.107  -1.146  20.841 0.3333329856
53091  37.597  -1.044  20.219 0.4444440007
53092  36.672  -1.156  20.320 0.6666669846
53109  34.077  -0.347  19.795 0.6666669846
54109  33.483  0.173  19.670 0.6666669846
53107  35.926  -0.730  19.791 0.6666669846
54107  35.418  0.016  19.179 0.6666669846
53108  34.881  -0.508  19.740 0.6666669846
55832  33.047  3.061  22.196 0.5555559993
55860  33.734  2.966  19.600 0.5555559993
55846  33.080  2.551  20.031 0.6666669846
54130  36.780  0.459  18.480 0.6666669846
55021  34.826  1.489  18.560 0.6666669846
102534  33.564  2.008  19.317 0.5555559993
54086  41.306  -0.244  20.107 0.2222220004
53088  40.326  -0.580  20.144 0.4444440007
53104  38.822  -0.485  19.500 0.5555559993
54105  37.332  -0.109  18.969 0.6666669846
54131  35.888  0.519  18.622 0.6666669846
101575  34.339  0.962  18.832 0.6666669846
96036  33.584  0.998  19.207 0.6666669846
107928  40.614  -0.995  21.650 0.2222220004
53090  38.520  -0.928  20.168 0.3333329856
53106  36.972  -0.686  19.601 0.6666669846
54106  36.389  -0.101  19.083 0.6666669846
54108  34.377  0.272  19.247 0.6666669846
56717  34.418  3.426  19.266 0.5555559993
54084  43.338  0.880  20.735 0.2222220004
54076  42.868  0.155  20.938 0.2222220004
53087  42.205  -0.081  20.497 0.2222220004
55020  36.245  1.142  18.149 0.6666669846
108269  35.618  1.739  18.166 0.5555559993
109904  35.574  2.598  18.223 0.5555559993
54958  43.844  1.271  21.298 0.1111110002
54102  40.519  -0.058  19.491 0.4444440007
54103  39.120  0.054  18.903 0.5555559993
54129  37.696  0.438  18.370 0.6666669846
55019  37.172  1.074  17.981 0.6666669846
112589  36.158  1.673  17.958 0.6666669846
54100  41.913  0.740  19.006 0.2222220004
54101  41.258  0.301  19.329 0.3333329856
107236  40.630  0.333  18.944 0.4444440007
95377  39.948  0.179  18.907 0.5555559993
55018  38.087  1.036  17.831 0.5555559993
56730  35.592  3.442  18.417 0.5555559993
55831  44.727  2.526  20.894 0.1111110002
94243  44.133  1.965  20.917 0.1111110002
55858  44.955  2.525  19.983 0.1111110002
54993  43.665  1.615  19.728 0.1111110002
54994  42.774  1.052  19.508 0.1111110002
54085  42.765  0.611  20.268 0.2222220004
55035  36.667  1.717  17.765 0.5555559993
55877  46.307  2.308  19.035 0.2222220004
54991  45.335  2.120  19.064 0.1111110002
54126  40.325  0.606  18.354 0.5555559993
55017  38.976  1.012  17.747 0.5555559993
55034  37.567  1.798  17.421 0.5555559993
93466  47.138  2.478  19.031 0.2222220004
55013  43.907  1.500  18.261 0.2222220004
55014  42.513  1.145  18.589 0.2222220004
54124  41.709  1.021  18.222 0.4444440007
55015  40.873  1.008  17.882 0.5555559993
104086  39.279  1.490  17.236 0.5555559993
55033  38.540  1.600  17.291 0.5555559993
55889  38.267  2.337  17.020 0.5555559993
55031  40.690  1.457  17.156 0.5555559993
56729  36.143  3.853  18.154 0.4444440007
55891  36.833  2.597  17.549 0.5555559993
55890  37.576  2.644  17.185 0.5555559993
55876  47.642  2.273  18.484 0.1111110002
55010  46.952  1.935  18.214 0.2222220004
94930  45.281  1.692  18.247 0.2222220004
96417  43.128  1.349  18.010 0.3333329856
55030  41.520  1.320  17.424 0.5555559993
55888  39.144  2.134  16.796 0.5555559993
97111  50.025  2.671  17.793 0.1111110002
55886  48.628  2.418  17.476 0.1111110002
55026  45.655  1.621  17.572 0.2222220004
55047  43.501  1.648  16.657 0.3333329856
55029  42.958  1.426  17.200 0.4444440007
55049  41.386  1.771  16.707 0.5555559993
55051  39.891  2.290  16.519 0.5555559993
55909  38.726  2.882  16.607 0.4444440007
55043  47.091  2.008  17.102 0.2222220004
55045  45.279  1.653  16.838 0.2222220004
55904  43.109  2.131  16.120 0.4444440007
55885  49.408  2.564  17.208 0.1111110002
58279  37.797  5.207  17.798 0.3333329856
57520  37.440  4.546  17.496 0.3333329856
57521  36.744  4.237  17.854 0.3333329856
57526  37.962  4.011  16.989 0.4444440007
56736  39.090  3.552  16.412 0.4444440007
56738  38.019  3.134  16.896 0.4444440007
56732  37.276  3.524  17.334 0.4444440007
55908  39.495  2.833  16.343 0.5555559993
55905  42.155  2.142  16.263 0.5555559993
55907  40.371  2.773  16.102 0.5555559993
109156  50.550  2.243  15.789 0.1111110002
55897  50.009  2.496  16.119 0.1111110002
55899  48.859  2.607  16.651 0.1111110002
98080  48.036  2.389  16.889 0.2222220004
55044  46.150  1.823  16.926 0.2222220004
55902  44.896  2.061  16.183 0.3333329856
55896  50.817  2.385  16.513 0.1111110002
55884  50.113  2.560  16.917 0.1111110002
58278  38.581  5.386  17.492 0.3333329856
57514  37.075  4.949  18.158 0.3333329856
57519  38.166  4.838  17.155 0.3333329856
57524  39.396  4.373  16.338 0.4444440007
57525  38.647  4.262  16.702 0.4444440007
57530  41.815  4.298  15.380 0.4444440007
56746  40.639  3.565  15.773 0.5555559993
56735  39.853  3.573  16.062 0.5555559993
55919  42.646  2.739  15.678 0.5555559993
55920  41.760  2.828  15.747 0.5555559993
97323  48.277  2.752  16.100 0.2222220004
101300  46.600  2.342  16.390 0.2222220004
55901  45.765  2.166  16.324 0.2222220004
55917  44.522  2.667  15.640 0.4444440007
55918  43.583  2.696  15.621 0.5555559993
55057  51.847  1.681  15.066 0.1111110002
55898  49.170  2.621  15.808 0.2222220004
55915  46.837  2.897  15.782 0.2222220004
56740  46.098  3.279  15.318 0.3333329856
55916  45.436  2.698  15.751 0.4444440007
105176  51.137  1.638  14.463 0.2222220004
55059  49.928  2.185  15.241 0.2222220004
55913  48.366  2.723  15.268 0.2222220004
55914  47.603  2.894  15.587 0.2222220004
100435  50.886  1.652  13.655 0.4444440007
55070  50.339  1.727  14.443 0.3333329856
55071  49.614  1.914  14.430 0.4444440007
56756  43.820  4.132  14.995 0.4444440007
102894  43.144  3.495  15.285 0.4444440007
56741  45.112  3.367  15.259 0.4444440007
56755  44.713  4.077  14.895 0.4444440007
56742  44.147  3.385  15.255 0.4444440007
55912  49.076  2.355  14.852 0.3333329856
55929  47.670  2.945  14.770 0.3333329856
55930  46.955  3.240  15.102 0.3333329856
55077  49.845  1.744  13.763 0.4444440007
55928  48.354  2.504  14.361 0.3333329856
56752  47.077  3.341  14.271 0.4444440007
56753  46.396  3.682  14.569 0.3333329856
55932  50.196  1.966  12.978 0.4444440007
57538  45.057  4.672  14.438 0.4444440007
57539  44.299  4.774  14.670 0.4444440007
57536  46.040  4.263  14.045 0.4444440007
56754  45.612  4.000  14.694 0.4444440007
55934  48.477  2.478  13.525 0.4444440007
55935  47.725  2.850  13.865 0.4444440007
55933  49.305  2.184  13.215 0.4444440007
55944  49.714  2.695  12.351 0.4444440007
60543  45.757  8.121  14.429 0.1111110002
59078  45.631  6.701  13.623 0.2222220004
59073  45.026  6.962  14.063 0.3333329856
58302  45.735  5.810  13.528 0.2222220004
58297  45.328  5.257  14.021 0.4444440007
108372  44.707  6.565  14.255 0.4444440007
57543  45.838  4.954  13.627 0.4444440007
58298  44.685  5.410  14.359 0.4444440007
56760  46.604  3.857  13.714 0.4444440007
57537  45.589  4.609  14.185 0.4444440007
56758  47.929  2.972  13.065 0.4444440007
56759  47.243  3.408  13.389 0.4444440007
56780  49.888  3.916  10.920 0.3333329856
57552  49.352  4.151  11.343 0.4444440007
56765  48.987  3.561  12.080 0.4444440007
55945  48.733  2.788  12.752 0.4444440007
60552  46.352  7.963  13.853 0.1111110002
59790  46.294  7.250  13.435 0.1111110002
59797  47.129  6.952  12.990 0.1111110002
59077  46.336  6.389  13.174 0.2222220004
59082  47.799  6.250  12.574 0.2222220004
59083  46.998  6.114  12.792 0.2222220004
58301  46.435  5.425  12.994 0.3333329856
57547  48.217  4.866  12.155 0.2222220004
107364  47.430  5.366  12.525 0.2222220004
58307  46.853  4.741  12.766 0.2222220004
57542  46.342  4.517  13.262 0.4444440007
57548  47.491  4.432  12.500 0.3333329856
57541  46.890  4.034  12.919 0.4444440007
57553  48.787  4.464  11.765 0.2222220004
56766  48.269  3.368  12.558 0.4444440007
56767  47.607  3.646  12.706 0.4444440007
60551  47.197  8.185  13.815 0.1111110002
59789  47.682  7.644  13.292 0.1111110002
102981  46.894  7.655  13.432 0.1111110002
59796  48.193  6.967  12.821 0.1111110002
58311  48.875  5.241  11.544 0.2222220004
58306  48.406  5.635  12.201 0.2222220004
60541  47.714  8.581  14.451 0.1111110002
60550  48.180  8.225  13.736 0.1111110002
59788  48.703  7.606  13.203 0.1111110002
98437  49.166  7.048  12.649 0.1111110002
59803  49.442  6.661  12.097 0.1111110002
59081  48.730  6.361  12.322 0.1111110002
59097  49.201  6.327  10.827 0.1111110002
59086  49.404  6.597  11.468 0.1111110002
58324  49.096  5.298  10.704 0.2222220004
57563  49.096  4.757  11.149 0.2222220004
55042  52.149  1.956  15.992 0.1111110002
55041  53.128  1.891  16.338 0.1111110002
55056  52.981  1.634  15.475 0.1111110002
41047  8.270  -12.944  46.018 0.1111110002
41048  7.729  -13.306  46.660 0.1111110002
43020  12.767  -11.875  40.736 0.5555559993
43004  14.051  -11.116  41.106 0.4444440007
96627  22.185  -11.755  36.985 0.4444440007
52172  30.386  -1.576  31.090 0.1111110002
51416  27.351  -2.803  24.462 0.6666669846
111894  21.857  -11.800  37.568 0.4444440007
41035  2.315  -13.356  48.458 0.4444440007
108290  2.395  -13.152  47.276 0.4444440007
42094  24.436  -12.029  39.009 0.1111110002
54074  29.068  0.135  23.062 0.5555559993
54073  29.912  -0.022  22.508 0.6666669846
55744  27.239  2.789  29.914 0.1111110002
104062  26.489  -11.249  38.787 0.1111110002
42900  8.578  -11.471  48.340 0.1111110002
42918  8.754  -11.731  47.606 0.1111110002
110632  9.651  -10.438  47.777 0.1111110002
43846  11.350  -9.832  46.531 0.1111110002
42950  9.805  -11.619  45.436 0.1111110002
101317  10.597  -11.374  44.808 0.1111110002
42965  9.923  -11.913  44.567 0.1111110002
42001  9.311  -12.243  45.006 0.1111110002
42019  9.857  -12.209  43.959 0.1111110002
43855  13.071  -9.810  45.812 0.1111110002
43868  13.364  -10.328  44.431 0.1111110002
42039  10.831  -12.078  43.002 0.1111110002
44751  16.039  -9.565  43.829 0.2222220004
43880  15.252  -9.780  43.926 0.1111110002
109197  14.561  -9.545  45.636 0.1111110002
43893  15.104  -10.185  42.635 0.2222220004
109264  13.806  -10.399  43.764 0.1111110002
42977  13.530  -10.772  43.053 0.1111110002
42993  12.354  -11.548  42.426 0.2222220004
43894  14.015  -10.733  42.400 0.3333329856
42992  13.213  -11.196  42.249 0.4444440007
43001  25.630  -12.069  41.803 0.1111110002
42076  24.899  -12.112  40.432 0.1111110002
43888  28.640  -10.730  42.422 0.1111110002
104216  29.735  -9.621  41.786 0.1111110002
44773  30.209  -9.094  41.522 0.1111110002
43901  29.195  -10.187  42.066 0.1111110002
43015  26.333  -11.506  40.443 0.1111110002
43014  27.025  -11.187  40.001 0.1111110002
101113  28.288  -10.430  39.928 0.1111110002
103843  27.541  -10.711  38.919 0.1111110002
49584  30.034  -4.290  25.081 0.7777780294
50552  30.142  -3.635  23.653 0.6666669846
50553  29.151  -3.320  23.667 0.6666669846
50564  30.462  -3.156  22.970 0.6666669846
50551  31.735  -3.680  23.514 0.6666669846
51438  29.891  -2.470  22.698 0.6666669846
52252  28.913  -1.238  22.724 0.6666669846
105315  30.349  -1.954  22.283 0.6666669846
51422  36.152  -2.084  24.117 0.5555559993
51423  35.475  -2.438  23.654 0.5555559993
51424  34.832  -2.689  23.240 0.6666669846
50548  34.271  -3.065  23.705 0.6666669846
110618  35.706  -2.052  22.293 0.5555559993
51436  32.811  -2.730  22.240 0.6666669846
50562  32.275  -3.204  22.787 0.6666669846
51437  31.822  -2.563  22.182 0.6666669846
51445  33.414  -2.298  21.804 0.6666669846
52249  35.876  -1.844  21.754 0.5555559993
112624  35.331  -1.909  21.563 0.5555559993
108085  35.926  -1.255  20.493 0.6666669846
52275  34.610  -1.512  20.864 0.6666669846
52272  38.180  -1.268  20.893 0.3333329856
53089  39.423  -0.782  20.154 0.3333329856
103271  33.906  3.346  22.270 0.4444440007
56702  33.469  3.306  20.447 0.6666669846
55859  34.316  2.401  18.882 0.5555559993
54132  35.039  0.687  18.738 0.6666669846
109556  35.508  1.074  18.392 0.6666669846
54995  34.092  1.540  18.890 0.6666669846
110832  41.717  -0.615  20.808 0.2222220004
102875  40.967  -0.837  20.815 0.2222220004
53103  39.688  -0.303  19.507 0.4444440007
54104  38.243  -0.058  18.910 0.6666669846
53105  37.913  -0.600  19.524 0.5555559993
55879  34.980  3.015  18.660 0.5555559993
54975  43.243  1.214  20.172 0.2222220004
93262  43.423  0.458  21.344 0.2222220004
55878  35.041  2.234  18.452 0.5555559993
54974  43.735  1.552  20.530 0.1111110002
93994  42.044  0.397  19.781 0.2222220004
54128  38.594  0.465  18.310 0.6666669846
55036  36.139  2.197  17.867 0.5555559993
54125  41.124  0.651  18.617 0.5555559993
54127  39.474  0.538  18.288 0.5555559993
55830  45.327  2.979  21.241 0.1111110002
92396  44.941  2.564  21.733 0.1111110002
54973  44.246  2.098  20.270 0.1111110002
55892  36.138  3.019  17.966 0.5555559993
55011  46.011  1.797  18.305 0.2222220004
54992  44.440  2.013  19.468 0.1111110002
96138  43.949  1.723  19.010 0.2222220004
55016  39.921  1.104  17.638 0.5555559993
55012  44.599  1.743  18.630 0.2222220004
100883  43.298  1.421  18.877 0.2222220004
105295  42.330  1.281  17.742 0.3333329856
55032  39.908  1.723  16.951 0.5555559993
55050  40.572  2.040  16.562 0.5555559993
56733  36.604  3.455  17.738 0.4444440007
55875  48.362  2.420  18.341 0.1111110002
55025  46.390  1.751  17.600 0.2222220004
55027  44.709  1.505  17.650 0.2222220004
55028  43.771  1.418  17.394 0.3333329856
108483  42.193  1.544  16.954 0.5555559993
98249  49.211  2.565  18.103 0.1111110002
55887  47.810  2.133  17.743 0.1111110002
55046  44.368  1.593  16.746 0.2222220004
55048  42.789  1.734  16.615 0.5555559993
55903  43.991  2.069  16.112 0.3333329856
106636  49.522  2.578  16.505 0.1111110002
56737  38.479  3.555  16.694 0.4444440007
55921  41.063  2.986  15.821 0.5555559993
55906  41.210  2.407  16.165 0.5555559993
110584  51.575  2.224  16.438 0.1111110002
55911  51.264  2.065  15.832 0.1111110002
55900  47.442  2.574  16.311 0.2222220004
57523  40.279  4.491  15.904 0.3333329856
56745  41.398  3.522  15.575 0.5555559993
56744  42.200  3.447  15.421 0.5555559993
112576  46.170  2.731  15.931 0.2222220004
55058  50.821  1.896  15.153 0.1111110002
55069  51.906  1.579  14.078 0.1111110002
55927  49.046  2.019  14.003 0.4444440007
106644  42.559  4.045  15.212 0.4444440007
56743  43.117  4.257  15.069 0.4444440007
57528  43.495  4.851  14.892 0.4444440007
56772  49.832  3.458  11.579 0.4444440007
59791  45.647  7.492  13.927 0.1111110002
58303  45.047  6.121  14.007 0.4444440007
98562  44.392  6.176  14.431 0.4444440007
60542  46.644  8.473  14.580 0.1111110002
95112  48.185  4.029  12.220 0.4444440007
59087  49.060  6.013  11.642 0.1111110002
96739  49.071  5.747  10.951 0.1111110002
41957  2.098  -12.887  49.554 0.1111110002
107574  11.251  -6.445  42.598 0.1111110002
47571  10.582  -6.697  42.326 0.1111110002
46585  9.912  -7.066  42.188 0.1111110002
47588  11.139  -6.672  41.844 0.1111110002
46601  10.452  -7.042  41.653 0.1111110002
47587  11.638  -6.731  41.266 0.1111110002
43891  19.972  -9.794  42.184 0.3333329856
43905  19.773  -9.939  41.399 0.3333329856
99882  9.733  -5.819  44.162 0.1111110002
111102  10.302  -6.189  43.438 0.1111110002
47554  9.499  -6.444  43.398 0.1111110002
109608  11.118  -6.204  43.342 0.1111110002
47572  10.048  -6.610  42.820 0.1111110002
46587  8.535  -7.369  42.532 0.1111110002
45666  7.893  -7.878  41.973 0.1111110002
47555  8.827  -6.364  44.013 0.1111110002
46572  8.753  -6.889  43.292 0.1111110002
45676  7.445  -8.516  41.521 0.1111110002
45677  6.719  -8.819  41.912 0.1111110002
45667  7.094  -8.230  42.364 0.1111110002
51371  33.796  -2.993  28.382 0.3333329856
112341  33.230  -3.385  27.757 0.3333329856
50472  32.468  -3.643  27.433 0.3333329856
96470  31.728  -3.944  26.775 0.4444440007
49557  31.184  -4.242  25.996 0.5555559993
51387  33.778  -3.175  27.518 0.3333329856
50471  33.283  -3.468  27.034 0.3333329856
97764  34.145  -3.081  26.765 0.2222220004
50517  32.780  -3.814  25.608 0.4444440007
50518  31.988  -4.048  25.847 0.5555559993
95407  32.179  -4.028  24.990 0.5555559993
97943  30.828  -4.174  24.708 0.5555559993
51405  35.563  -2.432  25.585 0.2222220004
51406  34.810  -2.859  25.307 0.3333329856
50496  34.186  -3.196  25.820 0.3333329856
50534  32.936  -3.750  24.749 0.4444440007
51414  35.408  -2.537  24.602 0.2222220004
50533  33.723  -3.404  24.388 0.5555559993
94599  32.366  -3.842  24.149 0.5555559993
50535  31.569  -4.043  24.404 0.5555559993
51413  36.219  -2.039  25.042 0.2222220004
50549  33.490  -3.312  23.508 0.5555559993
52230  36.978  -1.605  24.521 0.2222220004
52238  36.747  -1.773  23.510 0.4444440007
52247  37.392  -1.509  22.732 0.4444440007
52246  38.352  -1.230  22.484 0.2222220004
52245  39.217  -1.075  22.326 0.1111110002
53069  41.382  -0.771  22.224 0.1111110002
53068  42.245  -0.642  21.981 0.1111110002
53077  41.573  -0.831  21.465 0.1111110002
56693  33.577  3.418  21.413 0.4444440007
102860  33.999  3.692  20.863 0.4444440007
56701  34.079  3.709  20.070 0.4444440007
57516  35.721  4.128  18.675 0.2222220004
56716  35.076  3.917  18.930 0.2222220004
58285  38.926  5.036  16.794 0.3333329856
35878  0.575  -19.738  51.302 0.1111110002
35891  0.130  -20.200  50.073 0.1111110002
50499  30.782  -4.169  26.766 0.5555559993
35885  0.394  -20.354  50.749 0.1111110002
41021  1.721  -13.833  49.887 0.1111110002
41986  2.651  -12.240  46.426 0.3333329856
93830  9.244  -7.309  42.092 0.1111110002
46600  10.966  -6.920  41.212 0.1111110002
49571  30.769  -4.292  25.383 0.5555559993
93371  42.965  -0.127  21.692 0.1111110002
57515  36.357  4.631  18.656 0.3333329856
42902  2.250  -12.164  49.226 0.1111110002
51415  34.555  -2.996  24.487 0.5555559993
42903  2.002  -12.315  49.997 0.1111110002
111711  10.668  -6.431  42.904 0.1111110002
46586  9.338  -6.944  42.712 0.1111110002
50498  32.618  -3.779  26.488 0.3333329856
50497  33.437  -3.530  26.187 0.3333329856
49583  31.423  -4.191  25.216 0.6666669846
51395  35.650  -2.305  26.417 0.2222220004
50515  34.174  -3.219  25.082 0.3333329856
51396  34.908  -2.760  26.158 0.2222220004
50516  33.545  -3.527  25.320 0.3333329856
104258  33.043  -3.609  24.018 0.5555559993
50550  32.683  -3.506  23.433 0.5555559993
96550  37.414  -1.242  25.153 0.1111110002
52229  37.808  -1.121  24.554 0.2222220004
52237  37.578  -1.394  23.756 0.3333329856
93600  38.116  -1.223  23.230 0.2222220004
52235  38.871  -0.905  23.218 0.1111110002
53070  40.535  -0.771  22.546 0.1111110002
44670  16.749  -10.003  50.315 0.1111110002
42033  22.420  -12.494  43.079 0.1111110002
42034  21.697  -11.940  42.923 0.1111110002
42960  21.551  -11.182  44.209 0.1111110002
45559  19.705  -8.596  51.000 0.1111110002
42050  21.982  -12.249  42.321 0.1111110002
42990  21.190  -11.228  42.772 0.2222220004
43866  20.734  -9.648  43.960 0.2222220004
44720  20.421  -8.872  45.075 0.1111110002
45636  20.160  -8.623  45.781 0.1111110002
105177  19.810  -8.303  47.333 0.1111110002
96963  19.990  -8.266  48.234 0.1111110002
42066  21.839  -12.196  41.485 0.2222220004
106151  21.467  -11.807  42.144 0.2222220004
43904  20.390  -10.452  41.709 0.2222220004
44746  20.134  -9.655  42.840 0.2222220004
99389  20.229  -8.974  44.355 0.1111110002
44721  19.703  -8.625  44.922 0.1111110002
43003  20.713  -11.158  41.180 0.2222220004
93507  2.968  -11.710  45.849 0.1111110002
45549  17.040  -8.010  52.002 0.1111110002
103239  18.141  -8.733  51.567 0.1111110002
45547  18.429  -8.429  51.485 0.1111110002
45560  18.842  -8.108  50.931 0.1111110002
45624  18.679  -8.195  46.174 0.1111110002
45586  18.620  -8.029  47.994 0.1111110002
44748  19.045  -8.915  43.307 0.1111110002
45648  18.823  -8.457  44.741 0.1111110002
45638  18.372  -8.325  45.424 0.1111110002
44762  18.724  -9.178  42.639 0.2222220004
44734  18.384  -8.724  43.911 0.1111110002
42936  2.840  -11.355  46.760 0.1111110002
46507  16.776  -7.584  50.200 0.1111110002
46495  16.757  -7.381  51.327 0.1111110002
46477  17.256  -7.726  51.684 0.1111110002
46494  17.427  -7.574  51.014 0.1111110002
46476  17.983  -7.899  51.399 0.1111110002
46493  18.057  -7.763  50.488 0.1111110002
45572  18.672  -7.903  49.773 0.1111110002
45587  17.705  -7.966  48.105 0.1111110002
104832  18.397  -7.905  48.774 0.1111110002
95955  18.097  -8.075  47.384 0.1111110002
109282  18.006  -8.249  45.977 0.1111110002
45574  16.899  -7.819  49.261 0.1111110002
105205  17.092  -7.940  48.556 0.1111110002
95954  16.832  -8.156  47.854 0.1111110002
45606  17.295  -8.213  47.127 0.1111110002
45625  17.385  -8.370  46.240 0.1111110002
44722  17.102  -8.825  44.934 0.1111110002
46628  23.281  -7.762  39.029 0.2222220004
98313  26.874  -6.699  39.493 0.1111110002
95058  33.033  -2.987  29.149 0.2222220004
50448  32.749  -3.338  28.341 0.2222220004
103350  31.203  -3.836  27.484 0.3333329856
93667  35.021  -2.610  26.994 0.1111110002
51386  34.432  -2.844  27.624 0.1111110002
51247  24.149  -3.021  37.218 0.2222220004
51249  22.657  -1.944  37.059 0.2222220004
52952  22.921  -0.694  34.959 0.2222220004
44747  19.476  -9.357  42.737 0.2222220004
108223  18.368  -8.985  43.168 0.1111110002
110561  31.804  -3.756  27.452 0.2222220004
47595  26.834  -6.930  40.431 0.1111110002
56685  33.865  3.000  23.049 0.3333329856
44735  17.429  -8.971  44.157 0.1111110002
43002  21.252  -11.728  41.383 0.2222220004
42991  20.935  -11.131  41.971 0.2222220004
42976  21.460  -11.429  43.437 0.1111110002
42975  21.897  -11.985  43.719 0.1111110002
43865  21.278  -10.248  44.418 0.1111110002
43878  21.090  -10.541  43.512 0.2222220004
110222  21.569  -10.683  44.726 0.1111110002
45546  19.114  -8.649  51.360 0.1111110002
45571  19.528  -8.217  50.089 0.1111110002
43890  20.630  -10.353  42.603 0.2222220004
43879  20.536  -9.842  43.266 0.2222220004
44719  20.992  -9.398  44.832 0.1111110002
93434  20.875  -9.067  45.552 0.1111110002
45622  20.413  -8.570  46.743 0.1111110002
45637  19.218  -8.343  45.557 0.1111110002
45623  19.544  -8.317  46.439 0.1111110002
45605  19.323  -8.156  47.884 0.1111110002
95467  19.265  -8.046  48.839 0.1111110002
98909  20.132  -8.325  49.248 0.1111110002
44732  19.935  -9.224  43.485 0.1111110002
44733  19.355  -8.714  44.086 0.1111110002
45548  17.753  -8.181  51.739 0.1111110002
44636  17.486  -8.735  51.689 0.1111110002
44652  17.418  -9.534  51.243 0.1111110002
44635  18.821  -9.066  51.513 0.1111110002
96964  18.887  -8.131  47.110 0.1111110002
94405  18.047  -8.170  46.658 0.1111110002
45639  17.601  -8.477  45.493 0.1111110002
45649  17.943  -8.548  44.747 0.1111110002
46506  17.383  -7.686  50.029 0.1111110002
45573  17.736  -7.809  49.257 0.1111110002
45588  16.407  -8.079  48.499 0.1111110002
45640  16.824  -8.709  45.720 0.1111110002
50346  32.818  -3.623  36.114 0.1111110002
111580  32.622  -3.684  35.443 0.1111110002
50356  32.112  -3.332  34.819 0.1111110002
50368  30.808  -2.802  33.564 0.2222220004
56659  34.356  2.672  26.807 0.1111110002
57505  34.820  4.101  19.817 0.2222220004
58284  39.733  5.171  16.470 0.2222220004
57531  41.022  4.173  15.575 0.3333329856
110958  40.115  5.737  16.797 0.2222220004
58283  40.501  5.438  16.212 0.2222220004
58291  41.157  5.018  15.644 0.3333329856
58290  41.705  5.619  15.700 0.2222220004
99976  41.925  5.114  15.421 0.2222220004
57529  42.626  4.847  15.160 0.2222220004
59067  41.916  6.237  16.036 0.1111110002
59065  43.047  6.298  15.391 0.1111110002
58289  42.410  5.787  15.465 0.2222220004
58288  43.194  5.622  15.049 0.2222220004
55076  51.908  1.839  13.262 0.2222220004
59772  43.648  7.564  16.488 0.1111110002
59777  43.377  7.020  15.717 0.1111110002
58299  43.955  5.540  14.689 0.2222220004
55083  51.918  2.220  12.590 0.2222220004
55941  52.416  2.614  12.056 0.3333329856
55942  51.394  2.611  12.054 0.3333329856
103128  52.013  2.946  11.513 0.3333329856
59785  43.908  7.237  15.121 0.1111110002
59074  44.383  7.028  14.532 0.2222220004
55084  51.116  2.040  12.805 0.3333329856
55943  50.573  2.419  12.381 0.3333329856
55954  50.547  2.946  11.758 0.3333329856
55953  51.324  3.165  11.270 0.3333329856
56771  50.547  3.512  11.034 0.3333329856
56779  50.334  3.947  10.313 0.1111110002
56770  51.321  3.591  10.386 0.1111110002
57562  49.498  4.603  10.451 0.1111110002
57577  50.073  4.445  9.674 0.1111110002
56808  50.980  3.988  8.885 0.1111110002
109784  50.455  4.364  9.125 0.1111110002
57585  51.006  4.087  7.956 0.1111110002
56794  50.801  3.952  9.641 0.1111110002
57586  49.913  4.986  8.948 0.1111110002
57578  49.527  5.003  9.662 0.1111110002
58323  49.217  5.343  10.043 0.1111110002
58341  50.179  5.285  8.085 0.1111110002
100999  50.500  4.578  8.426 0.1111110002
57495  34.640  4.029  20.768 0.2222220004
58277  39.444  5.657  17.246 0.2222220004
59062  40.768  6.096  16.794 0.2222220004
58282  41.220  5.856  16.119 0.2222220004
59075  43.682  6.456  14.918 0.1111110002
59776  44.045  7.632  15.741 0.1111110002
55962  52.162  3.296  10.873 0.2222220004
38255  1.092  -16.605  53.975 0.1111110002
37363  1.121  -17.540  54.065 0.1111110002
38264  1.601  -16.253  53.229 0.1111110002
97031  1.372  -17.294  53.412 0.1111110002
95775  2.232  -16.384  52.401 0.1111110002
38273  2.634  -17.084  51.705 0.1111110002
112182  1.296  -17.919  53.566 0.1111110002
36606  1.388  -18.546  53.658 0.1111110002
35864  1.705  -19.288  54.087 0.1111110002
94590  1.622  -19.422  53.309 0.1111110002
37375  2.134  -17.915  51.915 0.1111110002
37376  1.528  -18.608  52.109 0.1111110002
36608  1.424  -19.467  52.538 0.1111110002
51220  26.192  -3.346  39.181 0.1111110002
53969  25.442  0.849  34.269 0.1111110002
54804  26.327  1.437  35.640 0.1111110002
54805  26.011  1.184  34.756 0.1111110002
53970  24.650  0.456  34.260 0.1111110002
53979  24.560  0.433  33.304 0.1111110002
104799  26.695  2.265  31.278 0.1111110002
56684  34.596  3.373  22.816 0.1111110002
56692  34.465  3.722  21.775 0.1111110002
56683  35.271  3.759  22.566 0.1111110002
57494  35.474  4.346  20.631 0.1111110002
55081  54.170  2.121  13.276 0.1111110002
55075  52.943  1.768  13.685 0.1111110002
95020  55.431  1.984  13.023 0.1111110002
110812  53.773  2.391  12.651 0.1111110002
55082  52.915  2.226  12.804 0.1111110002
50291  27.661  -3.973  39.893 0.1111110002
53991  24.459  0.485  32.441 0.1111110002
37364  1.139  -16.715  54.471 0.1111110002
36603  1.451  -18.262  54.323 0.1111110002
38263  1.875  -17.185  52.540 0.1111110002
37368  1.565  -18.099  52.862 0.1111110002
104890  1.517  -18.888  52.916 0.1111110002
53942  25.550  1.007  35.628 0.1111110002
53978  25.297  0.791  33.580 0.1111110002
108734  54.519  2.425  12.487 0.1111110002
103633  55.540  2.125  12.151 0.1111110002
38324  -1.086  -17.000  47.918 0.1111110002
41009  -0.743  -13.750  50.760 0.1111110002
40037  -0.741  -14.623  50.688 0.1111110002
41022  -1.277  -13.978  49.812 0.1111110002
40036  0.129  -14.976  50.842 0.1111110002
94632  23.776  -2.648  38.065 0.1111110002
51233  23.158  -2.171  38.153 0.1111110002
52069  23.065  -1.609  38.514 0.1111110002
51234  22.791  -1.697  37.726 0.1111110002
51248  23.142  -2.416  37.345 0.1111110002
52079  22.665  -1.396  37.108 0.1111110002
51370  34.499  -2.665  28.895 0.1111110002
51351  34.776  -2.397  29.571 0.1111110002
52089  22.606  -1.619  36.463 0.1111110002
110102  -1.282  -16.229  48.645 0.1111110002
41008  0.365  -14.185  50.993 0.1111110002
52236  38.319  -1.011  23.912 0.1111110002
53264  51.943  -0.320  7.911 0.1111110002
53284  52.826  -0.467  7.131 0.1111110002
53285  51.718  -0.638  6.777 0.1111110002
55950  54.835  2.782  10.731 0.1111110002
54219  55.957  0.730  9.087 0.1111110002
55960  55.016  2.639  9.799 0.1111110002
55961  53.964  3.273  10.193 0.1111110002
55113  55.722  1.281  8.464 0.1111110002
54220  55.803  0.329  8.007 0.1111110002
53283  54.314  -0.416  7.308 0.1111110002
53263  53.043  -0.355  8.334 0.1111110002
53265  50.327  -0.358  7.842 0.1111110002
53287  49.785  -1.040  6.959 0.1111110002
53282  55.265  -0.222  7.862 0.1111110002
55940  53.547  2.659  12.023 0.1111110002
55951  53.832  3.102  11.129 0.1111110002
96415  53.055  3.349  10.621 0.1111110002
101866  53.099  3.462  9.992 0.1111110002
53309  48.546  -1.397  6.182 0.1111110002
55968  55.186  2.256  8.877 0.1111110002
55969  54.191  2.928  9.304 0.1111110002
53286  50.692  -0.977  6.510 0.1111110002
54231  55.513  0.086  6.940 0.1111110002
54232  54.958  -0.115  6.279 0.1111110002
53304  53.732  -0.311  6.264 0.1111110002
99997  55.837  1.047  7.479 0.1111110002
55125  55.882  0.686  6.651 0.1111110002
55983  55.268  1.732  7.875 0.1111110002
55984  54.265  2.561  8.338 0.1111110002
97928  33.782  2.085  26.217 0.1111110002
55952  52.839  3.048  11.374 0.1111110002
108930  51.151  -0.458  7.556 0.1111110002
55098  55.669  2.062  10.299 0.1111110002
54199  55.865  0.052  9.130 0.1111110002
53262  54.437  -0.427  8.423 0.1111110002
97898  49.821  -1.231  5.854 0.1111110002
55939  54.664  2.661  11.651 0.1111110002
55103  55.715  1.725  9.398 0.1111110002
55970  53.429  3.320  9.577 0.1111110002
56778  52.342  3.540  10.126 0.1111110002
41954  8.321  -12.051  48.080 0.1111110002
43975  11.382  -10.950  36.532 0.8888890147
48510  21.300  -5.710  38.858 0.2222220004
48547  16.296  -5.187  35.025 0.3333329856
48577  16.611  -5.915  33.817 0.6666669846
49423  16.255  -4.166  37.046 0.2222220004
49435  17.190  -4.220  36.121 0.2222220004
49459  18.400  -4.948  34.522 0.5555559993
50295  17.686  -3.366  39.863 0.2222220004
50312  17.718  -3.497  38.641 0.2222220004
50382  22.117  -3.157  32.134 0.8888890147
52983  22.668  -0.877  31.931 0.6666669846
96956  22.261  -2.234  28.265 1.0000000000
102163  21.897  -1.820  30.862 0.8888890147
110401  26.286  2.031  31.001 0.1111110002
