#!ascii label  , from subject sub-v1s23x0050564_ses-1 vox2ras=TkReg
765
51030  18.519  -2.855  -29.588 0.2500000000
98576  19.002  -3.239  -30.034 0.2500000000
50079  19.196  -3.973  -29.892 0.7500000000
53678  18.726  -1.133  -31.842 0.2500000000
52753  19.250  -1.577  -31.516 0.1250000000
51925  19.104  -1.925  -30.762 0.2500000000
51035  18.967  -2.536  -30.284 0.2500000000
51048  19.536  -2.931  -30.754 0.7500000000
51034  19.767  -3.666  -30.579 0.8750000000
50078  20.030  -4.339  -30.406 0.8750000000
52752  18.977  -1.601  -31.377 0.3750000000
51924  19.377  -2.208  -31.007 0.3750000000
51940  19.832  -2.031  -31.628 0.8750000000
51065  20.962  -3.094  -32.061 1.0000000000
51047  20.363  -3.396  -31.290 1.0000000000
51923  20.091  -2.639  -31.461 0.8750000000
50099  20.609  -4.099  -31.059 1.0000000000
102593  21.393  -4.460  -31.416 1.0000000000
53687  19.241  -0.363  -32.255 0.2500000000
112229  19.135  -1.446  -31.925 0.7500000000
52764  20.081  -1.507  -32.323 0.8750000000
51939  20.531  -2.314  -32.155 0.8750000000
51938  21.675  -3.012  -32.646 1.0000000000
96361  21.187  -2.581  -32.575 1.0000000000
50110  22.357  -3.840  -32.380 1.0000000000
50111  21.707  -3.582  -32.267 1.0000000000
50098  21.875  -4.182  -31.959 1.0000000000
51046  21.178  -3.818  -31.698 1.0000000000
53679  19.273  -0.575  -32.077 0.1250000000
52765  19.416  -0.879  -32.135 0.6250000000
108513  20.628  -1.392  -33.042 1.0000000000
52781  20.022  -0.869  -32.863 0.8750000000
51953  20.925  -1.986  -32.800 1.0000000000
106455  22.274  -2.903  -33.049 1.0000000000
51064  22.168  -3.374  -32.660 1.0000000000
50108  23.702  -4.022  -32.183 1.0000000000
50097  22.568  -4.393  -32.028 1.0000000000
56382  18.628  2.790  -35.286 0.2500000000
54584  19.190  0.286  -33.069 0.3750000000
103908  19.482  -0.368  -32.689 0.5000000000
53712  20.433  -0.179  -34.063 1.0000000000
53700  19.871  -0.289  -33.378 0.6250000000
52780  20.730  -0.861  -33.601 1.0000000000
108261  21.612  -1.103  -34.103 1.0000000000
51951  22.994  -2.704  -33.418 1.0000000000
105042  22.328  -2.387  -33.458 1.0000000000
52784  22.441  -1.393  -34.298 1.0000000000
52777  23.450  -2.115  -33.778 1.0000000000
51937  23.613  -3.127  -32.993 1.0000000000
51950  23.921  -2.523  -33.359 1.0000000000
51936  24.496  -2.949  -32.756 1.0000000000
55513  18.877  1.952  -34.973 0.3750000000
55500  18.790  1.639  -34.413 0.3750000000
54610  19.030  0.986  -33.952 0.5000000000
112548  19.128  1.381  -34.568 0.5000000000
55498  20.437  0.759  -34.883 0.8750000000
55511  20.639  1.258  -35.343 1.0000000000
105364  22.142  -0.835  -34.582 1.0000000000
54608  20.984  0.094  -34.654 1.0000000000
105494  23.476  -1.375  -34.318 1.0000000000
53710  22.808  -0.828  -34.731 1.0000000000
53699  24.503  -1.032  -33.993 1.0000000000
52776  24.217  -1.803  -33.710 1.0000000000
51949  24.823  -2.185  -33.115 0.8750000000
57184  18.560  3.667  -35.621 0.5000000000
56381  19.453  2.406  -35.605 0.6250000000
56390  20.341  2.704  -36.177 0.6250000000
56380  20.432  1.923  -35.692 1.0000000000
55512  19.767  1.473  -35.082 0.7500000000
54618  21.304  0.750  -35.299 1.0000000000
106629  24.028  0.622  -35.193 1.0000000000
54615  23.502  0.906  -35.557 1.0000000000
53718  23.124  -0.264  -35.150 1.0000000000
53719  22.334  -0.246  -35.042 1.0000000000
54606  24.537  0.293  -34.606 1.0000000000
53708  24.123  -0.576  -34.561 1.0000000000
53709  23.454  -0.648  -34.784 1.0000000000
54595  25.365  0.323  -33.883 0.8750000000
53707  24.743  -0.309  -34.120 1.0000000000
52775  25.125  -1.391  -33.380 0.8750000000
57183  19.033  3.156  -35.760 0.5000000000
56391  19.633  3.105  -36.093 0.8750000000
56388  22.468  2.583  -36.583 1.0000000000
55518  21.928  1.997  -36.248 1.0000000000
55507  24.153  1.410  -35.397 1.0000000000
55508  23.514  1.788  -35.926 1.0000000000
54617  22.164  0.511  -35.434 1.0000000000
56377  24.299  2.297  -35.604 1.0000000000
55484  25.880  1.199  -33.895 1.0000000000
104534  25.119  1.087  -34.413 1.0000000000
110142  24.907  1.875  -34.896 1.0000000000
55496  25.574  1.754  -34.327 1.0000000000
57195  19.310  3.881  -36.217 0.5000000000
57194  20.249  3.524  -36.535 0.8750000000
57982  22.893  4.719  -37.388 1.0000000000
57192  22.119  3.296  -37.047 1.0000000000
57202  21.572  3.790  -37.204 1.0000000000
108841  24.855  4.968  -35.677 1.0000000000
57967  24.588  4.246  -35.766 1.0000000000
107809  25.841  3.693  -34.702 1.0000000000
57180  24.969  3.731  -35.309 1.0000000000
57181  24.301  3.289  -35.851 1.0000000000
56368  25.763  2.599  -34.483 1.0000000000
55495  26.298  1.964  -34.035 0.8750000000
61802  21.333  9.449  -38.436 1.0000000000
60973  20.022  9.091  -38.140 0.3750000000
60971  21.434  8.694  -38.314 0.8750000000
59508  22.665  6.467  -37.656 1.0000000000
57973  24.317  4.912  -36.271 1.0000000000
58752  23.970  5.678  -36.710 1.0000000000
62605  21.262  10.210  -38.497 0.8750000000
61812  21.954  9.547  -38.237 1.0000000000
60984  21.852  8.930  -38.329 1.0000000000
60217  22.165  8.128  -38.089 1.0000000000
60970  22.474  8.831  -37.923 1.0000000000
58751  24.770  5.769  -35.975 1.0000000000
59499  24.275  6.559  -36.533 1.0000000000
58750  25.407  6.183  -35.328 1.0000000000
104024  21.300  11.066  -38.371 0.7500000000
61801  22.864  9.566  -37.621 1.0000000000
60961  23.376  8.815  -37.242 1.0000000000
60207  24.492  7.462  -36.268 1.0000000000
60960  23.899  8.150  -36.734 1.0000000000
65914  24.288  15.640  -37.037 0.1250000000
102417  24.338  15.018  -37.329 0.2500000000
102528  24.467  15.593  -37.530 0.1250000000
65916  24.760  15.358  -37.618 0.3750000000
66521  24.251  16.631  -38.247 0.2500000000
65921  25.243  15.825  -38.109 0.5000000000
66520  24.766  16.464  -38.438 0.2500000000
66530  25.292  16.992  -39.185 0.3750000000
67225  23.751  17.213  -38.619 0.2500000000
66531  24.207  16.981  -38.868 0.2500000000
67233  23.677  17.483  -39.271 0.2500000000
99023  24.370  17.282  -39.519 0.2500000000
67240  24.131  17.819  -40.193 0.2500000000
67232  25.232  17.433  -40.084 0.3750000000
67239  25.256  17.940  -41.027 0.3750000000
52749  18.754  -1.336  -30.270 0.1250000000
57193  21.182  3.151  -36.728 0.8750000000
57182  23.583  3.247  -36.513 1.0000000000
106831  18.272  -3.811  -29.044 0.1250000000
49212  19.555  -4.753  -29.771 0.7500000000
49211  20.357  -5.266  -30.070 1.0000000000
51918  18.705  -2.508  -30.081 0.1250000000
49241  21.616  -4.985  -31.194 1.0000000000
49240  22.131  -4.805  -31.602 1.0000000000
50096  23.397  -4.562  -31.859 1.0000000000
54585  19.133  0.183  -32.674 0.3750000000
55485  18.805  1.418  -34.115 0.2500000000
108723  25.950  -0.119  -33.363 0.8750000000
54594  26.354  0.578  -33.451 0.8750000000
96612  19.041  9.544  -38.005 0.1250000000
60974  19.384  8.723  -37.673 0.1250000000
57976  19.491  4.884  -36.531 0.3750000000
57986  20.287  5.314  -37.274 0.6250000000
60972  20.724  9.328  -38.399 0.5000000000
61803  20.668  9.977  -38.632 0.8750000000
60220  20.058  8.016  -37.989 0.3750000000
108800  20.784  7.578  -38.170 0.8750000000
58742  25.416  5.407  -35.186 1.0000000000
58741  26.278  6.068  -34.719 1.0000000000
59492  25.814  6.883  -35.236 1.0000000000
60198  25.340  7.614  -35.639 1.0000000000
110147  22.120  11.300  -37.868 0.8750000000
63401  24.131  11.082  -37.092 1.0000000000
61793  23.796  9.497  -36.936 1.0000000000
60959  24.812  8.436  -36.115 1.0000000000
65910  24.225  15.481  -36.062 0.1250000000
65309  23.581  14.139  -36.314 0.1250000000
110660  24.544  14.001  -37.360 0.6250000000
107564  26.300  15.741  -38.374 0.5000000000
66514  24.382  16.186  -37.683 0.2500000000
66541  26.295  17.118  -39.894 0.5000000000
67217  24.039  17.052  -37.787 0.2500000000
67238  25.971  17.493  -40.617 0.5000000000
67226  23.208  17.827  -38.946 0.1250000000
67865  24.691  18.529  -41.799 0.2500000000
67244  25.490  17.963  -41.944 0.3750000000
67234  23.266  18.134  -39.657 0.1250000000
101465  18.275  -3.376  -29.107 0.1250000000
51029  18.584  -3.611  -29.411 0.3750000000
110568  20.206  -4.773  -30.272 1.0000000000
49228  20.866  -4.853  -30.742 1.0000000000
52779  21.293  -1.604  -33.417 1.0000000000
51063  22.836  -3.403  -32.827 1.0000000000
51952  21.679  -2.360  -33.121 1.0000000000
52778  22.013  -1.828  -33.725 1.0000000000
50109  23.026  -4.011  -32.374 1.0000000000
53713  19.682  0.325  -33.898 0.5000000000
54609  20.243  0.342  -34.421 0.8750000000
96783  21.103  -0.506  -34.210 1.0000000000
51957  22.759  -2.015  -33.884 1.0000000000
55499  19.671  0.851  -34.480 0.6250000000
56379  21.270  1.577  -35.734 1.0000000000
53711  21.640  -0.437  -34.607 1.0000000000
53720  21.671  0.097  -35.020 1.0000000000
53698  25.278  -0.564  -33.615 0.8750000000
51935  25.369  -2.567  -32.632 0.8750000000
56389  21.185  2.326  -36.186 1.0000000000
55510  22.027  1.269  -35.796 1.0000000000
55497  24.556  1.046  -34.939 1.0000000000
54607  23.815  -0.092  -35.020 1.0000000000
54616  22.903  0.332  -35.462 1.0000000000
94463  22.917  3.224  -36.902 1.0000000000
95995  21.807  2.644  -36.599 1.0000000000
56387  23.174  2.528  -36.418 1.0000000000
55517  22.674  1.844  -36.182 1.0000000000
55509  22.803  1.080  -35.782 1.0000000000
56378  23.790  2.609  -36.112 1.0000000000
56376  24.993  2.915  -35.133 1.0000000000
57975  20.177  4.391  -36.809 0.6250000000
57985  20.749  4.689  -37.359 0.7500000000
57201  22.018  4.022  -37.445 1.0000000000
57983  22.144  4.703  -37.620 1.0000000000
57191  23.315  3.942  -37.035 1.0000000000
58762  22.363  5.585  -37.710 1.0000000000
58761  23.209  5.601  -37.319 1.0000000000
57974  23.636  4.803  -36.889 1.0000000000
57966  25.290  4.492  -35.195 1.0000000000
57190  23.963  4.058  -36.414 1.0000000000
60219  20.811  8.433  -38.232 0.7500000000
60218  21.487  7.657  -38.200 1.0000000000
58763  21.478  5.618  -37.889 1.0000000000
59509  21.852  6.564  -38.027 1.0000000000
97964  22.165  7.250  -37.982 1.0000000000
62604  22.222  10.457  -37.949 0.8750000000
103391  23.081  8.085  -37.468 1.0000000000
60208  23.744  7.319  -37.024 1.0000000000
59500  23.512  6.475  -37.192 1.0000000000
60209  22.889  7.295  -37.584 1.0000000000
59498  24.991  6.742  -35.798 1.0000000000
110982  24.100  8.838  -36.646 1.0000000000
62594  23.410  10.321  -37.289 1.0000000000
65303  23.980  14.847  -35.733 0.1250000000
65308  23.969  14.803  -36.766 0.1250000000
65917  24.560  15.998  -37.891 0.2500000000
66519  25.806  16.370  -38.679 0.5000000000
67860  24.475  18.474  -41.070 0.2500000000
50068  18.418  -4.041  -28.952 0.2500000000
51002  18.746  -4.028  -28.247 0.1250000000
50057  18.532  -4.563  -28.694 0.1250000000
50067  18.753  -4.339  -29.254 0.6250000000
60221  19.453  7.963  -37.463 0.5000000000
57984  21.428  4.569  -37.532 0.8750000000
58764  20.679  6.002  -37.900 0.7500000000
59512  19.753  7.209  -37.487 0.7500000000
59511  20.365  6.958  -37.997 0.8750000000
59510  21.103  6.735  -38.123 1.0000000000
106657  23.044  11.207  -37.540 1.0000000000
63400  25.329  10.925  -36.664 1.0000000000
62592  25.392  9.942  -36.362 1.0000000000
110149  23.825  14.215  -36.909 0.3750000000
65314  24.883  14.509  -37.463 0.7500000000
64707  24.159  14.263  -37.219 0.5000000000
65319  25.812  15.082  -37.835 0.7500000000
67869  24.678  18.382  -42.536 0.2500000000
67248  25.295  17.589  -42.743 0.3750000000
45505  20.526  -9.435  -27.494 0.7500000000
45504  21.341  -9.792  -27.777 0.7500000000
45506  19.727  -9.018  -27.148 0.7500000000
46432  19.363  -8.228  -27.360 0.7500000000
45512  21.774  -9.400  -28.390 0.7500000000
45513  20.926  -9.060  -28.175 0.7500000000
46437  20.547  -8.197  -28.358 0.7500000000
47419  19.723  -7.817  -27.961 0.7500000000
94647  22.231  -9.068  -28.849 0.7500000000
46436  21.469  -8.534  -28.796 0.7500000000
48300  19.101  -6.008  -28.615 0.7500000000
48312  19.729  -5.648  -29.399 0.6250000000
47418  20.846  -7.608  -28.919 0.7500000000
47429  21.083  -6.951  -29.500 0.8750000000
48299  20.115  -6.676  -28.997 0.8750000000
46444  22.375  -8.421  -29.249 0.7500000000
47428  21.682  -7.712  -29.339 0.7500000000
96924  21.458  -6.391  -30.024 0.8750000000
48330  21.123  -5.649  -30.358 0.8750000000
47427  22.552  -7.519  -29.745 0.7500000000
48310  22.208  -6.674  -30.149 0.7500000000
49227  21.536  -5.356  -30.822 0.8750000000
102190  22.621  -6.200  -30.601 0.7500000000
49226  22.195  -5.458  -31.076 0.8750000000
49224  23.947  -5.793  -30.892 0.8750000000
49239  23.340  -5.226  -31.413 0.8750000000
49238  24.323  -5.059  -31.304 0.8750000000
50094  25.835  -4.546  -31.290 0.3750000000
51045  25.182  -4.016  -31.731 0.6250000000
51062  24.371  -3.636  -32.274 0.7500000000
51043  27.260  -3.932  -31.636 0.5000000000
51044  26.200  -3.904  -31.630 0.5000000000
51060  26.668  -3.272  -31.981 0.7500000000
51061  25.484  -3.264  -32.182 0.7500000000
51059  27.688  -3.332  -32.076 0.1250000000
110791  27.128  -2.760  -32.240 0.3750000000
104872  26.244  -2.633  -32.375 0.6250000000
52763  25.887  -1.870  -32.779 0.6250000000
51057  29.406  -4.036  -33.364 0.1250000000
51933  28.925  -2.967  -33.100 0.1250000000
52761  27.709  -1.632  -32.643 0.1250000000
52773  29.107  -1.476  -33.619 0.1250000000
53685  27.269  -0.852  -32.784 0.6250000000
53686  26.820  -0.077  -32.980 0.6250000000
52759  29.274  -2.495  -33.803 0.1250000000
53695  29.351  -0.985  -34.375 0.1250000000
54592  28.599  0.267  -33.481 0.1250000000
54593  27.528  0.651  -33.316 0.5000000000
55483  26.814  1.340  -33.644 0.7500000000
102740  28.394  0.905  -33.665 0.5000000000
55481  28.658  1.381  -34.061 0.5000000000
56355  28.078  1.954  -33.985 0.6250000000
56356  27.211  2.051  -33.871 0.7500000000
101905  22.711  12.055  -37.542 0.5000000000
57166  28.839  2.906  -34.740 0.6250000000
57954  27.564  4.109  -34.465 0.6250000000
57955  26.710  4.183  -34.494 0.8750000000
57167  27.819  3.408  -34.386 0.6250000000
111712  27.194  4.703  -34.487 0.7500000000
57965  26.234  4.881  -34.614 0.8750000000
57964  27.273  5.424  -34.601 0.7500000000
59491  26.773  6.969  -34.998 0.8750000000
60197  26.263  7.665  -35.306 0.8750000000
60950  26.798  8.394  -35.427 0.8750000000
57962  29.398  4.116  -35.857 0.3750000000
57179  28.700  3.919  -34.858 0.5000000000
111053  28.862  4.533  -35.171 0.5000000000
99449  28.158  5.582  -34.890 0.6250000000
99258  29.462  3.855  -36.912 0.2500000000
64717  23.606  12.810  -37.287 0.6250000000
64130  24.484  12.762  -37.292 0.7500000000
63414  23.791  11.983  -37.352 0.7500000000
61781  25.516  9.185  -35.974 0.8750000000
61791  26.079  9.717  -35.988 0.7500000000
61779  27.414  9.083  -35.655 0.8750000000
58740  27.580  6.327  -34.877 0.6250000000
59490  27.656  7.102  -35.094 0.7500000000
57963  28.967  5.110  -35.483 0.3750000000
58749  29.314  5.652  -36.301 0.5000000000
60948  28.534  8.133  -35.749 0.7500000000
57972  29.456  4.704  -36.569 0.2500000000
63413  24.837  11.880  -37.073 0.8750000000
63412  25.881  11.853  -36.852 0.8750000000
63399  26.469  11.202  -36.506 0.8750000000
62591  26.247  10.377  -36.265 0.8750000000
102073  28.129  9.867  -35.966 0.7500000000
60206  28.903  7.443  -36.018 0.5000000000
59507  29.169  5.705  -38.105 0.2500000000
106860  29.469  6.795  -37.382 0.5000000000
59497  29.076  6.523  -36.114 0.5000000000
58748  29.412  5.174  -37.341 0.2500000000
64716  24.225  13.545  -37.286 0.5000000000
64715  25.078  13.579  -37.370 0.6250000000
64714  26.166  13.356  -37.252 0.7500000000
64128  26.450  12.600  -36.944 0.7500000000
65312  27.078  13.958  -37.470 0.7500000000
64713  27.862  13.399  -37.332 0.7500000000
64126  28.548  12.693  -37.188 0.7500000000
64127  27.461  12.555  -36.869 0.7500000000
64721  28.093  14.246  -37.864 0.7500000000
64114  28.077  11.877  -36.665 0.7500000000
63397  28.620  11.198  -36.597 0.7500000000
63411  29.012  11.896  -36.932 0.7500000000
61788  29.522  8.944  -36.967 0.5000000000
61800  29.553  9.573  -37.501 0.3750000000
62588  29.385  9.755  -36.803 0.6250000000
60957  29.504  8.164  -37.012 0.3750000000
112427  29.489  8.896  -37.872 0.3750000000
65313  25.968  14.193  -37.518 0.6250000000
112575  27.445  14.489  -37.782 0.7500000000
65316  28.885  14.161  -38.453 0.7500000000
64711  29.194  12.945  -37.725 0.7500000000
64139  29.619  12.466  -38.082 0.6250000000
62614  29.584  10.087  -38.190 0.3750000000
99823  29.757  10.983  -37.796 0.3750000000
98149  29.010  6.670  -38.443 0.1250000000
61818  28.627  8.734  -39.369 0.1250000000
108126  26.816  14.687  -37.754 0.6250000000
65317  27.611  14.951  -38.191 0.7500000000
106909  28.371  14.722  -38.525 0.6250000000
64729  29.218  13.972  -39.073 0.7500000000
63421  29.816  11.675  -38.451 0.3750000000
64728  29.451  13.296  -39.503 0.3750000000
64125  29.254  12.396  -37.437 0.7500000000
62620  29.058  9.703  -39.333 0.2500000000
100533  29.646  10.733  -38.870 0.3750000000
63410  29.575  11.791  -37.545 0.6250000000
61001  28.302  8.086  -41.394 0.1250000000
96418  28.243  8.121  -40.323 0.1250000000
95757  28.214  7.206  -40.220 0.1250000000
65318  26.798  15.246  -38.116 0.6250000000
65919  27.252  15.632  -38.647 0.6250000000
65923  28.355  15.429  -39.883 0.3750000000
65323  28.096  15.318  -38.975 0.3750000000
65321  29.161  14.072  -39.833 0.3750000000
63431  28.795  11.797  -41.138 0.2500000000
64146  29.715  12.461  -39.035 0.3750000000
62625  28.314  9.681  -41.140 0.1250000000
102299  29.177  10.512  -39.881 0.3750000000
63426  29.611  11.485  -39.508 0.3750000000
61008  28.863  7.505  -42.031 0.1250000000
62624  28.611  9.696  -40.301 0.1250000000
66562  26.644  16.908  -41.634 0.3750000000
65925  26.879  16.617  -39.513 0.3750000000
65924  27.556  16.046  -39.499 0.3750000000
65932  27.648  15.750  -41.555 0.3750000000
65928  27.817  16.025  -40.512 0.3750000000
65336  28.357  14.064  -41.956 0.3750000000
65327  28.675  14.465  -41.141 0.3750000000
65931  28.370  15.305  -40.852 0.3750000000
64752  28.291  13.146  -42.295 0.3750000000
64155  29.009  12.699  -40.977 0.3750000000
64735  29.029  14.066  -40.605 0.3750000000
62633  27.883  9.657  -43.025 0.1250000000
63429  28.385  10.656  -41.403 0.1250000000
63432  28.320  11.444  -42.033 0.2500000000
61838  28.080  8.914  -42.667 0.1250000000
102007  26.511  16.480  -42.421 0.2500000000
65338  26.885  15.112  -43.084 0.2500000000
65935  26.998  15.768  -42.389 0.3750000000
66561  27.029  16.299  -41.827 0.3750000000
65344  27.219  13.543  -43.573 0.1250000000
65337  27.874  14.461  -42.331 0.3750000000
108425  27.504  15.084  -42.336 0.3750000000
64753  27.628  12.844  -43.141 0.1250000000
97814  27.832  13.775  -42.698 0.2500000000
63437  27.194  10.890  -44.100 0.1250000000
64156  28.593  12.453  -41.765 0.1250000000
67247  26.051  17.282  -42.223 0.3750000000
92680  25.782  15.761  -43.906 0.2500000000
65345  26.724  14.299  -43.831 0.1250000000
92921  25.303  14.917  -44.483 0.1250000000
64756  26.260  13.140  -44.389 0.1250000000
92668  24.526  13.727  -44.826 0.1250000000
95895  26.061  12.292  -44.849 0.1250000000
105692  22.847  15.546  -45.963 0.1250000000
64763  24.733  13.305  -45.345 0.1250000000
92664  24.055  14.103  -45.519 0.1250000000
64173  26.981  12.143  -45.486 0.1250000000
63445  27.477  11.319  -45.331 0.1250000000
48329  21.863  -5.942  -30.525 0.8750000000
56365  28.878  1.975  -34.585 0.6250000000
59489  28.382  6.852  -35.434 0.5000000000
64129  25.467  12.665  -37.140 0.7500000000
64116  26.813  11.944  -36.694 0.8750000000
64115  27.412  11.968  -36.658 0.7500000000
112802  27.934  11.193  -36.388 0.7500000000
62590  28.242  10.666  -36.288 0.7500000000
60205  29.399  7.568  -36.765 0.5000000000
60958  29.089  8.372  -36.340 0.5000000000
61778  28.385  8.869  -35.860 0.7500000000
109589  27.518  11.290  -43.239 0.1250000000
92673  26.263  15.091  -43.963 0.2500000000
96451  25.002  12.994  -44.905 0.1250000000
64167  26.692  11.715  -44.915 0.1250000000
52762  26.771  -1.451  -32.694 0.6250000000
52774  26.108  -0.881  -33.016 0.7500000000
57189  29.481  3.161  -36.795 0.2500000000
60949  27.786  8.310  -35.484 0.7500000000
57199  29.160  3.075  -38.019 0.1250000000
44588  20.575  -10.509  -26.473 0.7500000000
45491  20.117  -9.796  -26.832 0.7500000000
46416  19.108  -8.579  -26.833 0.7500000000
44600  21.800  -10.383  -27.297 0.7500000000
45503  22.184  -10.061  -27.932 0.7500000000
107727  20.130  -7.456  -28.484 0.7500000000
47426  23.408  -8.343  -29.457 0.7500000000
47441  23.494  -7.406  -29.938 0.6250000000
48327  23.545  -6.529  -30.472 0.6250000000
49223  24.954  -5.738  -30.684 0.5000000000
49222  25.965  -5.774  -30.579 0.3750000000
49237  25.409  -5.114  -30.966 0.5000000000
50093  26.819  -4.562  -31.259 0.1250000000
51042  28.247  -4.102  -31.939 0.1250000000
51058  28.624  -3.550  -32.508 0.1250000000
51948  29.742  -3.038  -34.469 0.1250000000
51956  29.559  -2.040  -34.765 0.1250000000
53706  29.568  -1.294  -35.541 0.1250000000
63415  21.597  11.746  -37.788 0.3750000000
53717  29.469  -0.676  -36.260 0.1250000000
109898  29.371  -0.417  -35.043 0.1250000000
55493  29.293  1.309  -35.353 0.1250000000
56364  29.344  1.974  -35.777 0.2500000000
57178  29.365  3.113  -35.732 0.2500000000
64131  22.840  12.860  -37.133 0.5000000000
57981  29.043  3.978  -37.964 0.1250000000
101988  28.709  4.706  -39.229 0.1250000000
60236  28.394  6.712  -39.580 0.1250000000
99766  28.317  6.546  -40.501 0.1250000000
94515  23.603  13.616  -37.023 0.3750000000
60243  28.372  7.107  -41.142 0.1250000000
61013  29.466  7.828  -42.866 0.1250000000
59531  29.349  6.772  -41.876 0.1250000000
62636  27.976  9.448  -44.087 0.1250000000
61847  29.799  9.101  -45.073 0.1250000000
66511  24.483  16.695  -36.824 0.1250000000
93183  24.849  17.240  -43.663 0.2500000000
105668  23.796  17.073  -44.565 0.1250000000
92864  22.590  16.687  -45.610 0.1250000000
92665  24.262  13.880  -45.628 0.1250000000
92669  23.354  14.757  -46.075 0.1250000000
64762  25.434  12.733  -45.231 0.1250000000
63444  28.663  11.055  -45.789 0.1250000000
64768  26.295  12.872  -45.849 0.1250000000
110040  23.999  -3.348  -32.685 0.7500000000
111197  26.268  3.144  -34.412 0.7500000000
56367  26.730  2.742  -34.159 0.7500000000
62606  20.200  10.859  -38.835 0.3750000000
60951  25.825  8.422  -35.598 0.8750000000
110052  22.667  -5.225  -31.416 0.8750000000
48311  20.646  -6.089  -29.749 0.8750000000
62593  24.447  10.175  -36.749 0.8750000000
61780  26.404  9.127  -35.684 0.8750000000
66551  26.638  17.118  -40.786 0.3750000000
67243  26.101  17.546  -41.370 0.3750000000
67873  24.631  17.999  -43.168 0.1250000000
46431  20.137  -8.634  -27.761 0.7500000000
47406  18.938  -7.367  -27.514 0.7500000000
111985  21.803  -7.064  -29.754 0.8750000000
48328  22.881  -6.889  -30.209 0.7500000000
49225  23.038  -5.757  -31.032 0.8750000000
50095  24.307  -4.305  -31.788 0.7500000000
49236  26.403  -5.152  -30.876 0.2500000000
104998  24.997  -4.582  -31.382 0.6250000000
51934  28.024  -2.561  -32.451 0.2500000000
104603  26.968  -2.127  -32.489 0.3750000000
51932  29.439  -3.356  -33.870 0.1250000000
52760  28.662  -1.968  -32.947 0.1250000000
53684  28.342  -1.052  -32.907 0.5000000000
53696  28.879  -0.549  -33.435 0.1250000000
53697  27.942  -0.200  -32.982 0.5000000000
107140  29.205  -0.173  -34.023 0.1250000000
54605  29.105  0.551  -34.258 0.1250000000
55482  27.787  1.419  -33.685 0.6250000000
55494  29.136  1.170  -34.690 0.1250000000
56366  27.813  2.645  -34.176 0.6250000000
107863  27.271  3.099  -34.236 0.6250000000
98446  28.161  4.819  -34.693 0.6250000000
60195  28.159  7.605  -35.404 0.7500000000
58739  28.647  6.047  -35.435 0.5000000000
61790  26.936  9.825  -35.910 0.7500000000
59496  29.501  6.170  -36.932 0.3750000000
63398  27.329  11.478  -36.491 0.7500000000
61789  28.966  9.378  -36.356 0.6250000000
62589  28.930  10.353  -36.561 0.7500000000
111812  29.345  6.928  -36.614 0.5000000000
58760  28.878  4.583  -38.439 0.1250000000
64712  28.764  13.553  -37.749 0.7500000000
62603  29.320  11.131  -37.008 0.6250000000
61811  29.260  9.234  -38.510 0.3750000000
62602  29.555  10.349  -37.175 0.3750000000
60227  28.914  7.563  -38.639 0.1250000000
60983  28.983  8.418  -38.638 0.3750000000
65322  28.781  14.679  -39.269 0.3750000000
60994  28.452  7.782  -39.461 0.1250000000
107576  28.455  9.043  -40.013 0.1250000000
64151  29.409  12.335  -40.184 0.3750000000
64734  29.212  13.351  -40.416 0.3750000000
108689  28.672  10.342  -40.641 0.2500000000
61014  28.435  8.206  -42.335 0.1250000000
61824  28.351  8.912  -40.814 0.1250000000
66540  27.146  16.644  -40.197 0.3750000000
63428  29.061  11.185  -40.476 0.2500000000
61832  28.094  8.904  -41.696 0.1250000000
62629  27.789  9.690  -41.999 0.1250000000
66550  27.217  16.515  -41.082 0.3750000000
99714  27.369  14.413  -42.962 0.3750000000
64743  28.806  13.487  -41.333 0.3750000000
101131  27.887  10.539  -42.371 0.1250000000
63436  27.581  10.423  -43.363 0.1250000000
62637  27.624  10.024  -44.424 0.1250000000
64159  27.941  12.052  -42.659 0.1250000000
61837  28.950  8.316  -43.326 0.1250000000
61846  28.452  8.919  -43.684 0.1250000000
105871  25.733  16.643  -43.229 0.2500000000
64163  26.975  11.577  -44.453 0.1250000000
64160  27.343  11.873  -43.577 0.1250000000
99866  27.023  11.017  -44.863 0.1250000000
92794  24.867  16.034  -44.359 0.1250000000
92674  24.313  14.657  -45.016 0.1250000000
92672  23.750  14.613  -45.538 0.1250000000
63441  27.765  10.495  -45.060 0.1250000000
64755  26.929  12.436  -44.148 0.1250000000
92808  21.997  16.577  -46.498 0.1250000000
92675  23.653  15.689  -45.171 0.1250000000
44589  19.725  -10.190  -26.171 0.7500000000
45490  20.942  -10.181  -27.143 0.7500000000
44587  21.448  -10.688  -26.637 0.7500000000
45492  19.230  -9.280  -26.422 0.7500000000
48286  18.637  -6.357  -27.783 0.5000000000
103426  19.354  -6.948  -28.237 0.6250000000
48326  24.580  -6.462  -30.413 0.5000000000
54614  29.172  -0.050  -36.943 0.1250000000
54613  29.536  -0.501  -36.945 0.1250000000
54604  29.280  0.334  -35.600 0.1250000000
59518  28.563  5.656  -39.333 0.1250000000
61848  28.749  9.009  -44.517 0.1250000000
62641  28.565  9.635  -44.999 0.1250000000
45477  18.959  -9.765  -25.704 0.7500000000
47407  18.803  -7.996  -26.990 0.5000000000
44574  21.092  -10.987  -25.991 0.6250000000
44586  22.380  -10.735  -26.679 0.3750000000
45489  23.819  -10.225  -27.141 0.2500000000
45502  23.106  -10.190  -27.851 0.3750000000
93430  22.057  12.349  -37.297 0.3750000000
45510  23.480  -9.647  -28.502 0.5000000000
47425  24.261  -7.942  -29.669 0.3750000000
44560  22.560  -10.983  -25.689 0.5000000000
47440  24.331  -7.188  -30.054 0.5000000000
43697  20.394  -11.550  -24.760 0.6250000000
97516  18.387  -7.616  -26.277 0.3750000000
45478  18.536  -8.966  -25.728 0.3750000000
43705  20.745  -11.294  -25.348 0.6250000000
44575  20.215  -10.861  -25.816 0.6250000000
43695  22.257  -11.335  -24.653 0.3750000000
44561  21.647  -11.237  -25.435 0.5000000000
44573  23.438  -10.671  -25.491 0.3750000000
100646  23.880  -9.962  -27.973 0.2500000000
44585  23.233  -10.607  -26.378 0.2500000000
49201  18.927  -5.110  -29.025 0.3750000000
46442  24.293  -8.619  -29.327 0.3750000000
47439  25.180  -7.078  -30.008 0.2500000000
48325  25.547  -6.425  -30.305 0.2500000000
57977  18.688  4.551  -35.995 0.2500000000
58754  19.049  5.471  -36.247 0.2500000000
56369  18.592  2.254  -34.763 0.1250000000
54596  18.972  0.773  -33.437 0.2500000000
49202  18.550  -4.731  -28.697 0.2500000000
58765  20.057  6.284  -37.441 0.3750000000
46443  22.997  -9.110  -29.002 0.5000000000
46417  18.608  -8.421  -26.305 0.5000000000
44599  22.521  -10.402  -27.380 0.5000000000
45511  22.624  -9.625  -28.470 0.5000000000
94088  18.426  -7.064  -27.004 0.3750000000
48301  18.603  -5.470  -28.319 0.2500000000
109768  21.863  -11.014  -26.107 0.5000000000
44598  23.042  -10.516  -27.115 0.2500000000
46435  23.892  -9.133  -29.015 0.3750000000
99459  23.027  -11.009  -24.947 0.3750000000
44562  19.861  -11.179  -25.128 0.6250000000
43696  21.228  -11.538  -24.739 0.5000000000
112228  24.907  -7.651  -29.742 0.2500000000
55468  18.824  1.420  -32.291 0.1250000000
43698  19.477  -11.547  -24.351 0.5000000000
110829  21.631  -11.694  -24.056 0.2500000000
43684  21.505  -12.041  -23.349 0.3750000000
43685  20.628  -11.890  -24.041 0.5000000000
110134  18.745  -11.601  -23.694 0.3750000000
44564  18.228  -10.146  -24.231 0.5000000000
44563  18.947  -10.789  -24.732 0.5000000000
44577  18.628  -10.017  -25.002 0.3750000000
44576  19.388  -10.511  -25.454 0.5000000000
43673  17.627  -11.581  -22.077 0.1250000000
43686  17.989  -11.278  -23.254 0.3750000000
45466  18.164  -9.385  -24.582 0.2500000000
106525  17.695  -12.519  -21.153 0.1250000000
43672  17.811  -11.657  -22.584 0.2500000000
42780  19.473  -12.443  -22.716 0.3750000000
42779  20.551  -12.288  -23.128 0.3750000000
97326  19.545  -12.030  -23.574 0.5000000000
43662  17.551  -12.063  -21.402 0.1250000000
43671  18.499  -11.936  -23.119 0.3750000000
100447  17.700  -11.026  -22.678 0.1250000000
45454  17.997  -9.507  -23.899 0.1250000000
56386  29.263  2.189  -36.881 0.1250000000
112177  18.427  -9.372  -25.211 0.3750000000
102235  18.187  -8.743  -25.014 0.2500000000
43683  22.489  -11.664  -23.524 0.2500000000
43699  18.446  -10.973  -23.951 0.5000000000
44545  17.949  -10.381  -23.391 0.1250000000
42758  17.640  -12.050  -21.961 0.1250000000
94174  18.092  -12.461  -21.811 0.1250000000
42770  18.236  -12.214  -22.432 0.3750000000
42768  21.453  -12.583  -22.656 0.2500000000
42757  18.962  -12.689  -22.001 0.2500000000
42769  19.911  -12.866  -22.056 0.2500000000
104033  18.513  -5.777  -27.861 0.1250000000
63416  20.472  11.686  -38.220 0.1250000000
64132  20.972  12.373  -37.194 0.1250000000
64117  22.097  12.815  -36.715 0.1250000000
64108  21.459  12.825  -36.504 0.1250000000
64708  22.927  13.387  -36.491 0.1250000000
99127  19.398  11.644  -38.550 0.1250000000
64703  22.321  13.270  -36.250 0.1250000000
106930  22.005  14.142  -34.576 0.1250000000
61805  18.557  10.250  -38.316 0.1250000000
62607  18.824  10.975  -38.755 0.1250000000
58743  18.545  5.083  -35.921 0.1250000000
46406  18.298  -8.168  -25.595 0.1250000000
48279  18.415  -6.867  -26.388 0.1250000000
98429  19.397  7.418  -36.981 0.1250000000
106079  18.658  12.012  -37.354 0.1250000000
63402  19.464  12.201  -37.655 0.1250000000
106939  20.003  12.697  -33.973 0.1250000000
64694  20.793  13.861  -32.590 0.1250000000
64697  22.597  14.491  -34.188 0.1250000000
64702  23.060  13.854  -35.971 0.1250000000
59501  19.439  6.459  -36.704 0.1250000000
49190  18.527  -5.106  -28.142 0.1250000000
96426  18.479  -6.213  -27.152 0.1250000000
49177  18.546  -5.646  -27.619 0.1250000000
109416  18.302  -6.532  -26.861 0.1250000000
64118  19.982  12.415  -36.937 0.1250000000
105150  20.308  13.108  -34.594 0.1250000000
64699  20.981  13.870  -34.090 0.1250000000
43694  23.181  -11.187  -24.154 0.1250000000
44559  23.701  -10.721  -24.673 0.1250000000
45476  24.089  -10.219  -26.009 0.1250000000
45501  24.527  -9.727  -27.690 0.1250000000
45509  24.292  -9.555  -28.473 0.1250000000
46430  25.071  -9.308  -28.339 0.1250000000
94145  24.750  -9.110  -29.022 0.1250000000
46434  26.155  -8.331  -28.693 0.1250000000
96584  25.495  -8.796  -28.901 0.1250000000
46441  25.071  -8.349  -29.395 0.1250000000
47423  26.325  -7.510  -29.500 0.1250000000
48308  26.832  -6.954  -29.873 0.1250000000
48309  26.023  -7.006  -29.882 0.1250000000
48324  26.465  -6.401  -30.218 0.1250000000
98870  20.627  -12.786  -22.400 0.1250000000
42767  22.260  -12.275  -22.772 0.1250000000
44572  24.051  -10.409  -25.202 0.1250000000
100655  24.897  -9.735  -25.803 0.1250000000
45487  25.342  -9.241  -27.279 0.1250000000
46429  25.785  -8.786  -28.084 0.1250000000
106881  26.448  -7.848  -29.084 0.1250000000
49221  26.902  -5.767  -30.525 0.1250000000
48323  27.270  -6.296  -30.194 0.1250000000
48307  27.585  -6.723  -29.771 0.1250000000
49235  27.353  -5.214  -30.958 0.1250000000
45488  24.666  -9.769  -26.722 0.1250000000
47424  25.596  -7.647  -29.619 0.1250000000
41826  21.518  -13.186  -22.055 0.1250000000
45465  24.548  -10.116  -25.304 0.1250000000
47417  25.878  -8.141  -29.236 0.1250000000
47422  27.107  -7.363  -29.240 0.1250000000
41825  22.231  -12.967  -22.250 0.1250000000
99654  22.825  -12.672  -22.392 0.1250000000
48322  28.015  -6.148  -30.252 0.1250000000
57168  26.853  3.508  -34.347 0.7500000000
57200  22.603  3.942  -37.326 1.0000000000
57203  20.903  4.003  -37.053 1.0000000000
58753  19.698  5.702  -36.783 0.3750000000
60196  27.238  7.686  -35.215 0.7500000000
60216  29.403  7.524  -37.671 0.1250000000
60969  29.414  8.262  -37.814 0.3750000000
61792  24.694  9.336  -36.460 1.0000000000
61804  19.670  10.031  -38.640 0.2500000000
63434  27.827  11.162  -42.699 0.1250000000
64104  20.163  12.457  -33.334 0.1250000000
64168  26.152  12.236  -45.163 0.1250000000
64720  29.399  13.341  -38.473 0.7500000000
64759  24.425  13.584  -45.162 0.1250000000
65328  28.121  14.882  -41.711 0.3750000000
65352  25.645  13.964  -44.415 0.1250000000
65920  26.753  16.248  -38.940 0.3750000000
65936  26.380  15.833  -43.152 0.2500000000
66529  26.276  16.722  -39.212 0.5000000000
93311  24.137  13.891  -45.176 0.1250000000
93498  27.010  13.189  -37.124 0.7500000000
97968  27.335  10.664  -36.217 0.7500000000
101226  23.565  -3.604  -32.583 1.0000000000
103191  20.921  5.224  -37.717 0.6250000000
104036  28.823  14.733  -40.257 0.3750000000
110348  22.787  -4.857  -31.718 0.8750000000
111778  26.654  11.935  -44.681 0.1250000000
112058  23.480  0.285  -35.313 1.0000000000
