#!ascii label  , from subject sub-v1s23x0050564_ses-1 vox2ras=TkReg
750
10049  28.707  -57.060  -20.560 0.3000000119
15713  29.622  -48.052  -21.174 0.6000000238
17866  31.454  -44.818  -20.832 0.6999999881
17865  31.819  -44.293  -20.300 0.6999999881
9443  28.226  -57.627  -21.035 0.4000000060
12588  27.370  -52.757  -22.272 0.4000000060
10052  28.922  -56.375  -20.684 0.5000000000
10647  29.615  -55.944  -20.108 0.5000000000
15045  29.870  -48.086  -21.596 0.6999999881
16368  30.115  -46.489  -21.188 0.6999999881
15716  30.373  -46.838  -21.533 0.5000000000
17877  32.836  -44.680  -21.976 0.6000000238
17871  32.062  -44.690  -21.403 0.6000000238
93986  32.612  -44.257  -21.476 0.6999999881
18621  32.401  -43.672  -20.386 0.6999999881
10053  28.013  -56.676  -21.567 0.5000000000
11932  28.280  -53.131  -22.500 0.4000000060
10654  28.727  -55.935  -21.427 0.6000000238
13859  28.376  -50.743  -21.982 0.4000000060
13865  29.437  -49.864  -22.148 0.5000000000
10660  29.166  -55.409  -21.800 0.6000000238
13858  28.754  -49.902  -21.724 0.6000000238
15051  29.798  -48.722  -21.804 0.6000000238
10653  29.390  -55.645  -21.035 0.6000000238
17093  31.414  -45.631  -21.627 0.6000000238
17092  32.118  -45.208  -21.832 0.6000000238
96836  35.000  -44.336  -22.650 0.6999999881
17869  34.064  -44.247  -22.262 0.6999999881
18627  34.716  -43.648  -22.192 0.6999999881
99060  33.843  -43.602  -21.715 0.6999999881
19364  33.144  -42.956  -20.440 0.6999999881
19381  35.824  -42.963  -22.319 0.6999999881
18626  35.238  -43.167  -22.120 0.6999999881
19372  35.409  -42.543  -21.757 0.6999999881
20113  36.962  -42.310  -22.493 0.6999999881
94858  27.322  -55.968  -22.240 0.5000000000
11316  27.837  -54.385  -22.484 0.5000000000
10665  26.750  -54.501  -22.418 0.5000000000
13238  28.164  -51.514  -22.190 0.4000000060
10661  28.284  -55.742  -22.020 0.5000000000
107838  28.962  -50.394  -22.160 0.5000000000
14461  30.158  -49.290  -22.143 0.6000000238
100998  30.665  -54.509  -21.939 0.6000000238
11306  29.777  -54.811  -22.025 0.5000000000
11314  30.231  -54.143  -22.267 0.5000000000
15722  31.288  -47.023  -21.990 0.6999999881
16376  31.578  -46.227  -21.941 0.6000000238
17097  34.716  -45.048  -22.806 0.6000000238
103042  33.061  -45.660  -22.393 0.6000000238
111185  33.437  -44.437  -22.128 0.6000000238
18632  36.786  -43.973  -23.231 0.6000000238
97157  35.812  -43.853  -22.742 0.6999999881
19362  34.894  -42.099  -21.113 0.6999999881
97970  37.473  -43.722  -23.409 0.6000000238
19371  36.232  -42.341  -22.077 0.6999999881
20106  35.803  -41.760  -21.371 0.6999999881
19380  36.623  -43.106  -22.763 0.6999999881
110484  28.821  -52.075  -22.436 0.4000000060
11307  28.673  -55.025  -22.268 0.5000000000
99697  28.996  -52.922  -22.494 0.4000000060
95489  29.828  -50.688  -22.383 0.5000000000
11315  29.000  -54.043  -22.455 0.4000000060
15050  30.518  -48.451  -22.064 0.6000000238
12586  29.819  -52.439  -22.511 0.4000000060
11930  30.618  -53.325  -22.437 0.4000000060
12585  30.908  -52.411  -22.490 0.4000000060
15049  31.235  -47.924  -22.153 0.6999999881
16375  32.603  -46.737  -22.374 0.6000000238
100562  34.349  -45.900  -22.857 0.6000000238
17876  35.810  -45.106  -23.288 0.6000000238
17880  36.692  -44.781  -23.531 0.6000000238
20105  36.890  -41.438  -21.782 0.6999999881
19378  38.508  -42.678  -23.389 0.6000000238
20112  37.732  -41.981  -22.668 0.6000000238
13236  30.305  -51.585  -22.491 0.4000000060
102922  31.693  -48.731  -22.290 0.6999999881
94404  31.161  -51.693  -22.497 0.4000000060
15048  32.483  -48.028  -22.390 0.8000000119
12584  31.882  -52.243  -22.471 0.5000000000
16374  33.995  -46.859  -22.842 0.6000000238
98582  36.828  -45.716  -23.760 0.5000000000
17096  35.470  -46.106  -23.404 0.6000000238
20098  35.261  -41.286  -20.676 0.6999999881
97940  40.167  -44.470  -23.769 0.6000000238
112603  38.277  -44.452  -23.854 0.6000000238
20097  36.130  -40.943  -20.948 0.8000000119
18630  39.437  -43.654  -23.862 0.6000000238
13863  31.465  -50.437  -22.428 0.5000000000
106448  31.041  -49.750  -22.366 0.6000000238
96907  30.850  -50.974  -22.471 0.5000000000
13862  32.568  -50.754  -22.386 0.6999999881
13235  31.751  -51.278  -22.474 0.4000000060
15721  33.833  -47.897  -22.700 0.6999999881
106037  35.225  -47.114  -23.371 0.6999999881
17102  36.521  -46.349  -23.740 0.6000000238
106270  37.727  -45.752  -23.937 0.6000000238
109068  39.302  -44.762  -23.919 0.6000000238
20104  38.023  -41.154  -22.222 0.6999999881
20819  37.544  -40.586  -21.457 0.6999999881
20115  40.744  -42.618  -23.687 0.6999999881
19377  39.581  -42.623  -23.611 0.6999999881
20111  38.721  -41.789  -22.967 0.6999999881
14459  32.003  -49.715  -22.363 0.6000000238
14460  31.074  -49.174  -22.297 0.6000000238
14457  34.073  -50.124  -22.126 0.6999999881
13861  33.612  -50.763  -22.192 0.6999999881
13233  33.293  -51.520  -22.288 0.6999999881
100997  35.029  -48.055  -23.206 0.6999999881
112342  37.097  -47.117  -23.790 0.5000000000
107895  36.486  -47.366  -23.721 0.6000000238
108823  34.889  -40.232  -19.763 0.5000000000
17875  39.669  -45.661  -23.560 0.6000000238
17100  38.519  -46.460  -23.710 0.6000000238
20811  36.426  -40.225  -20.591 0.6000000238
21451  36.094  -39.783  -20.149 0.5000000000
111140  40.354  -44.680  -23.512 0.6000000238
106047  38.799  -45.613  -23.980 0.6000000238
20818  38.478  -40.449  -21.769 0.6000000238
20809  37.977  -39.901  -21.085 0.5000000000
21448  38.356  -39.236  -20.702 0.5000000000
18634  40.944  -44.065  -23.549 0.6999999881
19384  40.496  -43.586  -23.803 0.6999999881
20114  41.884  -42.686  -23.605 0.6999999881
20823  40.002  -41.043  -22.816 0.6999999881
20817  39.577  -40.353  -22.115 0.5000000000
19382  42.159  -43.187  -23.421 0.6999999881
20822  42.083  -41.133  -23.297 0.6000000238
98411  32.863  -49.164  -22.362 0.6000000238
101029  33.842  -49.593  -22.338 0.6999999881
15047  33.850  -48.874  -22.521 0.6999999881
15719  36.112  -48.217  -23.477 0.6999999881
16378  37.422  -47.577  -23.581 0.6000000238
21440  35.432  -39.582  -19.690 0.4000000060
17095  38.714  -46.606  -23.332 0.5000000000
21449  37.525  -39.394  -20.520 0.4000000060
17873  41.063  -44.258  -23.245 0.6000000238
17874  40.173  -45.041  -23.354 0.6000000238
21458  38.869  -39.748  -21.338 0.5000000000
20816  40.736  -40.689  -22.817 0.5000000000
112031  40.430  -40.050  -22.218 0.4000000060
19376  42.424  -43.208  -23.200 0.6000000238
20107  43.403  -42.267  -23.166 0.6999999881
20108  42.598  -42.141  -23.522 0.6000000238
96658  43.238  -41.611  -23.400 0.5000000000
102494  34.686  -49.426  -22.345 0.6000000238
15720  34.983  -48.804  -22.910 0.6999999881
15044  34.992  -49.563  -22.052 0.6999999881
15038  35.485  -48.979  -21.799 0.6999999881
108204  35.791  -48.677  -23.196 0.6000000238
15718  36.998  -48.213  -23.423 0.6000000238
17094  39.394  -46.093  -23.340 0.6000000238
18623  41.306  -44.037  -22.727 0.6000000238
21457  39.791  -39.589  -21.558 0.4000000060
21447  39.219  -39.064  -20.904 0.5000000000
18622  41.938  -43.688  -23.062 0.6000000238
21446  40.124  -38.866  -21.197 0.4000000060
19366  42.910  -42.837  -23.104 0.6000000238
15043  35.628  -48.918  -22.751 0.6999999881
15042  36.445  -48.653  -23.181 0.6000000238
15710  35.767  -47.981  -21.281 0.6999999881
15715  36.313  -48.673  -22.543 0.6000000238
15714  37.056  -48.398  -23.023 0.6000000238
16373  37.533  -47.830  -23.272 0.5000000000
107238  39.557  -44.466  -21.876 0.6000000238
17090  38.840  -45.956  -22.457 0.6000000238
17867  39.746  -45.415  -22.785 0.6000000238
18624  40.455  -44.508  -22.581 0.5000000000
19368  41.630  -43.411  -22.312 0.6000000238
19367  42.566  -43.197  -22.847 0.6000000238
20815  44.273  -41.588  -22.619 0.5000000000
110733  36.234  -47.493  -21.390 0.6999999881
106381  36.694  -48.048  -22.174 0.6999999881
16369  37.622  -46.891  -22.133 0.6000000238
17868  37.738  -45.908  -21.692 0.5000000000
18618  38.838  -43.759  -21.083 0.6000000238
18625  38.776  -44.717  -21.686 0.6000000238
19359  39.943  -42.849  -20.966 0.6000000238
19358  40.866  -42.740  -21.346 0.6000000238
20101  43.254  -42.509  -22.649 0.5000000000
94224  33.074  -53.682  -22.288 0.5000000000
93542  32.958  -52.495  -22.368 0.5000000000
12582  33.657  -53.171  -22.241 0.5000000000
104363  34.388  -51.141  -21.599 0.6999999881
12579  33.940  -52.338  -22.108 0.5000000000
13860  34.180  -50.682  -21.910 0.6999999881
13232  34.030  -51.341  -22.025 0.6999999881
14455  34.457  -50.050  -21.911 0.6999999881
9433  29.057  -57.613  -20.135 0.3000000119
18628  32.978  -43.695  -21.163 0.6999999881
19374  33.697  -43.130  -21.152 0.6999999881
20099  34.397  -41.655  -20.424 0.6999999881
13234  32.497  -51.633  -22.422 0.6000000238
18635  37.576  -44.673  -23.752 0.6000000238
20820  36.819  -40.624  -21.118 0.6000000238
20103  39.029  -40.997  -22.569 0.6999999881
20109  41.091  -41.641  -23.432 0.6999999881
21438  37.062  -38.908  -20.038 0.5000000000
21460  43.135  -40.551  -23.133 0.5000000000
17091  38.363  -46.696  -22.621 0.5000000000
19369  40.701  -43.617  -21.868 0.6000000238
20102  42.013  -42.683  -21.841 0.6000000238
16370  37.456  -47.789  -22.657 0.6000000238
13226  34.783  -51.353  -20.908 0.6000000238
14433  37.074  -49.456  -18.383 0.6000000238
15023  37.432  -48.722  -18.106 0.4000000060
13846  35.590  -50.629  -19.369 0.5000000000
13854  34.744  -50.482  -20.523 0.6000000238
13855  28.827  -49.919  -20.899 0.5000000000
109934  37.825  -49.257  -18.437 0.4000000060
15046  29.527  -48.677  -21.457 0.5000000000
15040  29.706  -48.354  -20.664 0.5000000000
13830  35.994  -50.301  -18.909 0.5000000000
15009  37.892  -48.017  -17.872 0.4000000060
15041  29.395  -48.651  -21.103 0.5000000000
15035  30.217  -48.032  -19.994 0.5000000000
13829  36.808  -50.243  -18.750 0.6000000238
15712  29.803  -47.484  -20.742 0.5000000000
13847  34.956  -50.235  -19.675 0.5000000000
13857  34.469  -50.629  -21.414 0.6000000238
97823  39.011  -47.092  -17.913 0.4000000060
16350  39.754  -46.587  -17.816 0.4000000060
15024  36.485  -48.818  -18.038 0.4000000060
14437  31.271  -49.351  -18.434 0.5000000000
15708  30.261  -47.143  -20.086 0.5000000000
15702  31.040  -47.316  -18.605 0.5000000000
14446  34.707  -49.687  -20.036 0.6000000238
14452  34.647  -50.023  -21.235 0.6000000238
17089  30.788  -45.494  -21.075 0.5000000000
16360  31.066  -46.345  -19.033 0.5000000000
15693  31.227  -47.642  -17.764 0.4000000060
14436  34.779  -49.301  -19.226 0.5000000000
14435  35.230  -49.900  -19.024 0.5000000000
15033  34.705  -48.822  -19.662 0.6000000238
15039  34.862  -49.307  -20.832 0.6000000238
15688  38.306  -47.298  -17.658 0.4000000060
17861  31.317  -44.820  -19.716 0.5000000000
17084  31.317  -45.390  -18.997 0.5000000000
94618  31.417  -46.558  -17.286 0.4000000060
17086  30.843  -45.590  -19.927 0.6000000238
103087  31.331  -46.860  -18.036 0.4000000060
15025  35.545  -48.743  -18.214 0.6000000238
105471  34.673  -48.051  -19.269 0.6000000238
15711  34.935  -48.216  -20.226 0.6000000238
16335  39.263  -46.125  -17.064 0.4000000060
17856  31.487  -44.698  -18.913 0.5000000000
17078  31.554  -45.765  -17.209 0.4000000060
15668  31.207  -46.824  -15.741 0.4000000060
15011  36.006  -48.146  -17.702 0.6000000238
15010  36.953  -48.143  -17.675 0.4000000060
106596  35.145  -47.994  -17.981 0.6000000238
14434  36.015  -49.554  -18.522 0.6000000238
15026  34.766  -48.550  -18.734 0.5000000000
15706  34.706  -47.311  -19.261 0.6000000238
15701  34.675  -47.624  -18.593 0.5000000000
16362  35.098  -47.088  -20.005 0.6000000238
15689  37.457  -47.468  -17.422 0.4000000060
17855  31.668  -44.118  -19.143 0.6000000238
17850  31.725  -44.384  -17.680 0.5000000000
16326  31.296  -46.050  -15.653 0.5000000000
111013  30.984  -46.447  -15.225 0.5000000000
15690  36.544  -47.540  -17.318 0.4000000060
15691  35.635  -47.420  -17.441 0.5000000000
15692  34.871  -47.169  -17.817 0.5000000000
16359  34.649  -46.777  -18.488 0.5000000000
16366  35.821  -46.919  -20.731 0.6000000238
16322  37.931  -45.990  -16.138 0.4000000060
16336  38.365  -46.314  -16.808 0.4000000060
17068  38.844  -45.822  -16.328 0.4000000060
16323  37.002  -46.130  -15.998 0.4000000060
15678  37.907  -46.836  -17.175 0.4000000060
17849  31.795  -43.805  -18.272 0.6000000238
17841  31.702  -44.760  -16.187 0.5000000000
17057  31.385  -45.270  -15.486 0.4000000060
16338  36.612  -46.573  -16.494 0.4000000060
17085  34.788  -46.388  -19.136 0.5000000000
17859  34.942  -45.436  -18.946 0.6000000238
16361  35.336  -45.970  -19.892 0.6000000238
17088  36.059  -46.177  -20.692 0.6000000238
17053  37.426  -45.659  -15.443 0.4000000060
19356  32.850  -42.456  -19.673 0.6000000238
18613  31.934  -43.313  -18.820 0.6000000238
17840  31.944  -43.761  -17.321 0.5000000000
17814  30.457  -44.633  -14.621 0.5000000000
15680  36.149  -47.009  -16.907 0.4000000060
16339  35.261  -46.682  -17.067 0.5000000000
17077  34.760  -45.653  -17.493 0.5000000000
17052  38.412  -45.565  -15.545 0.4000000060
20088  32.601  -42.064  -18.993 0.6000000238
19346  32.328  -42.366  -17.559 0.5000000000
18591  32.148  -42.966  -15.949 0.5000000000
16340  34.867  -46.056  -17.037 0.5000000000
17854  34.818  -45.113  -18.072 0.4000000060
17858  35.489  -44.890  -19.546 0.4000000060
17864  36.018  -45.323  -20.371 0.4000000060
17038  37.905  -45.255  -14.809 0.4000000060
20100  33.556  -42.055  -20.112 0.6000000238
17054  36.453  -45.669  -15.454 0.4000000060
20812  34.697  -40.868  -20.086 0.5000000000
18600  32.200  -43.069  -16.918 0.5000000000
18592  31.679  -43.566  -15.299 0.4000000060
109935  32.572  -41.786  -18.185 0.4000000060
17848  34.909  -44.908  -17.224 0.5000000000
17847  35.107  -44.305  -17.786 0.6000000238
17857  36.207  -44.429  -20.039 0.4000000060
18620  37.081  -44.157  -20.419 0.4000000060
18616  35.767  -44.011  -19.240 0.5000000000
20803  34.193  -40.500  -19.538 0.5000000000
20087  32.934  -41.296  -18.761 0.6000000238
20804  33.493  -40.857  -19.214 0.4000000060
18614  37.322  -43.325  -20.039 0.5000000000
17862  37.829  -44.888  -21.289 0.5000000000
19351  35.937  -42.794  -18.079 0.5000000000
17853  35.216  -44.545  -18.672 0.5000000000
18615  36.523  -43.634  -19.667 0.5000000000
17810  36.367  -44.827  -14.296 0.4000000060
18619  37.957  -43.934  -20.778 0.4000000060
19355  36.839  -42.896  -19.324 0.5000000000
18611  36.124  -43.225  -18.918 0.5000000000
21441  34.513  -39.764  -19.332 0.4000000060
20096  39.389  -42.126  -20.293 0.4000000060
19360  39.032  -42.892  -20.650 0.5000000000
19361  38.155  -43.058  -20.351 0.5000000000
19354  37.603  -42.561  -19.626 0.5000000000
101286  30.979  -45.212  -20.469 0.5000000000
17860  31.623  -44.336  -19.835 0.6000000238
16364  29.978  -46.542  -20.831 0.6000000238
18617  32.015  -43.703  -19.639 0.6000000238
14456  29.117  -49.203  -21.334 0.5000000000
20802  35.565  -40.407  -20.265 0.5000000000
17087  36.771  -45.986  -21.169 0.6000000238
17863  36.858  -45.023  -20.832 0.4000000060
15034  30.698  -47.736  -19.237 0.5000000000
98701  30.411  -45.827  -20.675 0.5000000000
15707  30.726  -46.968  -19.403 0.5000000000
16353  31.469  -46.019  -18.120 0.4000000060
15681  31.290  -47.090  -16.576 0.4000000060
96759  31.590  -45.083  -18.072 0.6000000238
16341  31.443  -46.328  -16.435 0.4000000060
15679  37.052  -47.015  -16.951 0.4000000060
19365  32.500  -43.128  -19.867 0.6000000238
95989  31.620  -44.370  -18.444 0.6000000238
109892  31.658  -44.987  -17.052 0.5000000000
16309  30.535  -46.383  -14.805 0.5000000000
97151  30.057  -47.126  -14.640 0.5000000000
17042  31.040  -44.973  -14.881 0.5000000000
19352  32.248  -42.561  -18.482 0.5000000000
17828  31.549  -44.442  -15.376 0.5000000000
17827  31.997  -43.877  -16.241 0.5000000000
17813  31.089  -44.103  -14.808 0.5000000000
17069  34.967  -45.445  -16.746 0.5000000000
20093  33.195  -41.655  -19.438 0.6000000238
19353  38.474  -42.197  -19.897 0.4000000060
3949  28.931  -67.553  -16.181 0.3000000119
3948  29.713  -67.388  -16.961 0.3000000119
4411  29.777  -66.595  -16.538 0.3000000119
4423  31.638  -66.705  -17.599 0.3000000119
4424  30.565  -67.010  -17.301 0.3000000119
4932  31.962  -65.917  -17.419 0.3000000119
4433  32.728  -66.363  -18.633 0.3000000119
111151  32.836  -66.002  -18.150 0.3000000119
6038  32.249  -63.756  -16.236 0.3000000119
5488  32.377  -65.148  -17.289 0.3000000119
5487  33.115  -64.823  -17.794 0.3000000119
4946  33.193  -65.419  -18.491 0.3000000119
6037  32.989  -63.835  -16.862 0.3000000119
6036  33.892  -63.314  -16.685 0.3000000119
6046  33.891  -63.612  -17.377 0.3000000119
6047  33.304  -64.133  -17.505 0.4000000060
110294  33.436  -64.687  -18.298 0.4000000060
6053  34.817  -62.910  -18.809 0.4000000060
5514  34.562  -63.091  -19.608 0.3000000119
7667  35.582  -61.655  -16.092 0.3000000119
6645  35.231  -62.478  -17.554 0.4000000060
6054  34.335  -63.561  -18.769 0.4000000060
7169  35.613  -62.173  -16.320 0.3000000119
96186  34.918  -62.409  -19.392 0.4000000060
7641  35.354  -60.385  -14.875 0.4000000060
6658  35.083  -62.145  -20.039 0.4000000060
7191  34.662  -61.473  -18.881 0.3000000119
7655  35.074  -60.792  -15.616 0.4000000060
7170  35.385  -61.825  -17.016 0.3000000119
7182  35.381  -62.075  -17.738 0.4000000060
8159  34.786  -59.506  -14.601 0.4000000060
7669  33.965  -60.679  -16.934 0.5000000000
7183  35.079  -61.627  -17.927 0.4000000060
10652  30.253  -55.273  -20.697 0.5000000000
106695  35.207  -58.945  -14.368 0.4000000060
94191  34.965  -61.924  -19.366 0.4000000060
9422  29.636  -57.525  -19.303 0.3000000119
10047  29.973  -56.276  -19.260 0.4000000060
8224  31.715  -59.541  -18.343 0.3000000119
13228  27.845  -51.291  -21.214 0.4000000060
13227  28.488  -50.884  -20.707 0.4000000060
11929  31.536  -53.210  -22.415 0.4000000060
107563  32.175  -53.883  -22.281 0.4000000060
11313  31.271  -54.093  -22.198 0.4000000060
8171  34.385  -60.055  -15.067 0.4000000060
7668  34.870  -61.131  -16.478 0.3000000119
101158  34.764  -61.285  -17.264 0.5000000000
106969  32.045  -54.321  -21.987 0.4000000060
11296  30.533  -54.840  -21.501 0.4000000060
10048  29.352  -56.833  -19.793 0.4000000060
7684  33.457  -60.509  -17.745 0.4000000060
10646  30.359  -55.567  -19.667 0.5000000000
7699  33.763  -60.820  -18.619 0.5000000000
10035  30.301  -56.577  -18.424 0.4000000060
9421  30.104  -57.343  -18.549 0.4000000060
8223  32.283  -59.916  -18.113 0.3000000119
13849  29.386  -50.673  -20.076 0.4000000060
8160  33.916  -59.245  -14.757 0.4000000060
7656  34.140  -60.425  -15.916 0.4000000060
11305  31.456  -54.558  -21.631 0.4000000060
11295  31.139  -54.827  -20.820 0.5000000000
8765  33.626  -58.388  -14.641 0.4000000060
8172  33.555  -59.692  -15.423 0.4000000060
11294  32.046  -54.679  -20.916 0.5000000000
9372  34.229  -57.748  -14.550 0.4000000060
107237  33.476  -57.677  -14.689 0.4000000060
8777  33.108  -58.909  -15.033 0.4000000060
8173  32.756  -59.318  -15.778 0.5000000000
8788  32.084  -58.934  -16.086 0.5000000000
11304  32.457  -54.548  -21.606 0.4000000060
11283  31.707  -54.771  -19.888 0.5000000000
105320  35.150  -56.394  -15.342 0.4000000060
8194  31.648  -58.894  -16.787 0.5000000000
10645  31.063  -55.232  -19.257 0.4000000060
9409  30.673  -57.604  -17.315 0.4000000060
109769  30.430  -57.123  -17.828 0.4000000060
10634  30.768  -55.996  -18.002 0.4000000060
11312  32.810  -54.311  -22.041 0.4000000060
11928  33.983  -54.024  -22.244 0.3000000119
9373  32.957  -57.232  -14.901 0.4000000060
9388  32.197  -57.616  -15.274 0.4000000060
11293  33.009  -54.690  -21.119 0.4000000060
99380  30.750  -47.118  -15.122 0.4000000060
111886  35.933  -55.360  -16.480 0.4000000060
10011  34.278  -56.378  -15.236 0.4000000060
8789  31.550  -58.136  -16.003 0.5000000000
10014  31.541  -57.064  -15.788 0.5000000000
95109  32.658  -54.614  -20.185 0.5000000000
10619  35.139  -55.297  -16.288 0.4000000060
9398  30.986  -57.420  -16.527 0.4000000060
107582  31.746  -54.906  -18.769 0.4000000060
10034  30.993  -56.221  -17.274 0.4000000060
112682  31.700  -55.066  -17.982 0.4000000060
12578  34.765  -52.927  -21.812 0.4000000060
11303  33.432  -54.635  -21.737 0.3000000119
10012  33.321  -56.462  -15.234 0.4000000060
10610  32.769  -55.888  -15.720 0.4000000060
93788  34.419  -54.952  -21.948 0.3000000119
10620  34.201  -55.209  -16.187 0.4000000060
10621  33.247  -55.259  -16.246 0.4000000060
10024  31.837  -56.134  -15.947 0.4000000060
10622  32.323  -55.438  -16.423 0.5000000000
11251  35.953  -54.410  -17.496 0.4000000060
11252  35.014  -54.303  -17.433 0.4000000060
11241  32.810  -54.842  -16.983 0.4000000060
11254  32.442  -54.666  -17.983 0.4000000060
11268  32.501  -54.591  -19.125 0.4000000060
5003  32.216  -65.045  -23.144 0.3000000119
6019  32.952  -63.253  -16.099 0.3000000119
6035  34.799  -62.973  -16.537 0.3000000119
7654  35.935  -61.340  -15.370 0.4000000060
9371  35.311  -57.947  -14.494 0.4000000060
8764  34.458  -58.648  -14.463 0.4000000060
9997  36.035  -56.898  -15.085 0.4000000060
10010  35.856  -55.960  -15.864 0.4000000060
11927  34.853  -54.464  -22.148 0.3000000119
11250  36.935  -54.592  -17.616 0.4000000060
11923  35.247  -54.060  -22.061 0.4000000060
101229  35.793  -54.960  -22.304 0.4000000060
11292  34.120  -54.845  -21.427 0.4000000060
11264  36.402  -54.117  -18.249 0.4000000060
101945  34.161  -54.321  -17.420 0.4000000060
108672  33.837  -54.180  -18.064 0.4000000060
96240  34.004  -54.259  -18.866 0.4000000060
11281  34.251  -54.490  -20.060 0.3000000119
98982  33.542  -54.654  -20.535 0.4000000060
11265  35.443  -54.041  -18.197 0.4000000060
12574  35.154  -52.475  -21.204 0.4000000060
3961  30.414  -67.856  -17.462 0.3000000119
4933  30.960  -66.179  -17.081 0.3000000119
3973  32.153  -67.048  -18.195 0.3000000119
4491  31.924  -65.918  -23.207 0.3000000119
4996  33.073  -64.494  -22.852 0.3000000119
5472  32.776  -64.491  -17.238 0.4000000060
4945  33.713  -64.458  -18.868 0.4000000060
6045  35.046  -62.849  -17.116 0.3000000119
111243  34.708  -63.152  -17.904 0.4000000060
6044  35.077  -62.514  -18.502 0.4000000060
7154  36.030  -62.035  -15.606 0.3000000119
8763  36.062  -58.778  -14.389 0.4000000060
8192  33.303  -60.005  -16.289 0.4000000060
7685  32.669  -60.031  -17.586 0.5000000000
8802  31.230  -58.827  -17.735 0.3000000119
7670  33.141  -60.182  -17.052 0.5000000000
9998  34.809  -57.009  -14.839 0.4000000060
10623  31.550  -55.784  -16.779 0.4000000060
11267  33.224  -54.376  -18.485 0.4000000060
13214  37.414  -51.840  -19.751 0.4000000060
13215  36.483  -51.913  -19.887 0.4000000060
13843  38.378  -50.693  -19.203 0.4000000060
13828  37.852  -50.032  -18.718 0.3000000119
13845  36.492  -51.022  -19.286 0.5000000000
13216  35.847  -51.318  -19.676 0.4000000060
13853  35.194  -51.017  -19.971 0.4000000060
13825  43.411  -50.501  -19.437 0.3000000119
14443  44.221  -49.699  -20.713 0.3000000119
15704  43.146  -46.999  -20.487 0.3000000119
15020  40.645  -48.000  -19.501 0.3000000119
15700  40.321  -47.480  -18.908 0.3000000119
15008  38.818  -47.830  -18.180 0.3000000119
14442  44.518  -49.023  -21.290 0.3000000119
15709  44.787  -47.850  -21.319 0.3000000119
13826  42.572  -50.456  -18.184 0.3000000119
15019  43.883  -48.602  -18.808 0.3000000119
15686  40.595  -46.831  -18.602 0.3000000119
15017  45.081  -47.635  -20.639 0.3000000119
16357  43.515  -46.083  -19.434 0.3000000119
15699  41.453  -47.075  -19.495 0.3000000119
94797  45.061  -46.593  -19.110 0.3000000119
15697  45.165  -47.068  -19.919 0.3000000119
17082  43.941  -45.954  -19.077 0.3000000119
94815  44.747  -46.237  -18.809 0.3000000119
17073  44.491  -45.517  -18.718 0.3000000119
15005  44.641  -47.559  -18.932 0.3000000119
16358  41.867  -46.318  -19.046 0.3000000119
17075  41.503  -45.595  -17.757 0.3000000119
17067  39.803  -45.614  -16.545 0.3000000119
16348  42.416  -45.808  -18.713 0.3000000119
17066  40.859  -45.346  -16.826 0.3000000119
16347  45.498  -45.977  -18.872 0.3000000119
17064  43.359  -44.841  -17.878 0.3000000119
17074  42.912  -45.388  -18.342 0.3000000119
17837  42.563  -44.432  -16.753 0.3000000119
17051  39.385  -45.399  -15.709 0.3000000119
17037  38.936  -45.145  -14.909 0.3000000119
17039  36.871  -45.293  -14.804 0.3000000119
17809  37.370  -44.824  -14.216 0.3000000119
17794  36.812  -44.384  -13.690 0.3000000119
17795  35.844  -44.356  -13.845 0.3000000119
14432  38.413  -49.415  -18.651 0.3000000119
13844  37.563  -50.916  -19.165 0.4000000060
15021  39.624  -48.130  -18.792 0.3000000119
17076  40.297  -45.876  -17.368 0.3000000119
14428  44.193  -49.237  -19.582 0.3000000119
111920  42.867  -46.408  -19.725 0.3000000119
15705  41.703  -47.757  -20.212 0.3000000119
14430  40.153  -48.919  -19.447 0.3000000119
14431  39.160  -49.049  -18.825 0.3000000119
15698  44.475  -46.468  -19.863 0.3000000119
15018  44.983  -47.943  -19.748 0.3000000119
16349  41.000  -46.176  -18.182 0.3000000119
16356  44.516  -46.266  -19.382 0.3000000119
17846  44.652  -44.809  -18.297 0.3000000119
17836  43.860  -44.322  -17.218 0.3000000119
16331  45.143  -46.525  -18.001 0.3000000119
17065  42.039  -45.067  -17.267 0.3000000119
103582  34.811  -54.967  -21.126 0.3000000119
11291  35.788  -55.352  -21.523 0.4000000060
11299  38.655  -55.079  -22.111 0.4000000060
93957  37.464  -55.248  -22.218 0.4000000060
11926  36.454  -55.292  -22.383 0.3000000119
11916  38.912  -54.715  -22.133 0.4000000060
11298  39.226  -54.894  -21.936 0.3000000119
11300  36.514  -55.461  -22.219 0.4000000060
12572  38.215  -53.916  -21.803 0.4000000060
12562  39.638  -52.799  -20.977 0.3000000119
100214  37.110  -53.640  -21.539 0.3000000119
11917  37.833  -54.857  -22.362 0.4000000060
12563  38.365  -52.819  -20.646 0.4000000060
13224  36.486  -52.627  -20.554 0.3000000119
12564  37.299  -52.745  -20.551 0.4000000060
13213  38.583  -51.665  -19.804 0.4000000060
11922  36.197  -54.642  -22.253 0.3000000119
12573  36.094  -53.131  -21.186 0.3000000119
13225  35.654  -52.013  -20.307 0.3000000119
12577  35.668  -53.613  -21.783 0.3000000119
7640  36.390  -60.855  -14.827 0.3000000119
11909  34.987  -54.110  -19.143 0.3000000119
7114  36.980  -62.041  -14.006 0.3000000119
7135  36.930  -61.796  -14.467 0.3000000119
7153  36.508  -61.741  -14.999 0.3000000119
8158  35.850  -59.741  -14.480 0.3000000119
11280  35.255  -54.563  -20.389 0.3000000119
11900  35.939  -53.951  -18.946 0.3000000119
107908  38.240  -60.011  -14.074 0.3000000119
94938  37.606  -59.503  -14.337 0.3000000119
8761  38.393  -58.817  -14.285 0.3000000119
106729  36.701  -59.424  -14.407 0.3000000119
9370  36.593  -57.854  -14.653 0.3000000119
11908  35.722  -54.204  -19.667 0.3000000119
8748  39.409  -57.825  -13.744 0.3000000119
8760  39.089  -58.487  -13.936 0.3000000119
8762  37.191  -58.688  -14.458 0.3000000119
8747  39.570  -57.525  -14.048 0.3000000119
9368  39.048  -57.776  -14.452 0.3000000119
9369  37.839  -57.914  -14.684 0.3000000119
10009  37.208  -56.427  -15.844 0.3000000119
10618  36.778  -55.675  -16.451 0.3000000119
11237  36.441  -54.991  -16.957 0.3000000119
9348  39.748  -57.122  -13.879 0.3000000119
9387  37.376  -57.194  -15.147 0.3000000119
10008  38.348  -56.825  -15.458 0.3000000119
100625  37.728  -55.953  -16.466 0.3000000119
94494  37.132  -54.532  -20.334 0.3000000119
9996  39.742  -56.832  -14.206 0.3000000119
107520  39.840  -56.579  -14.007 0.3000000119
9385  39.212  -56.947  -14.787 0.3000000119
9386  38.396  -57.329  -14.964 0.3000000119
10023  38.480  -56.290  -16.059 0.3000000119
10631  37.566  -55.350  -17.056 0.3000000119
11263  37.360  -54.328  -18.392 0.3000000119
11899  36.847  -54.075  -19.085 0.3000000119
11289  39.196  -55.002  -21.695 0.3000000119
10006  39.915  -55.826  -14.983 0.3000000119
10630  38.605  -55.349  -17.213 0.3000000119
109433  38.282  -54.585  -18.426 0.3000000119
7638  37.544  -61.095  -14.171 0.3000000119
7639  36.969  -61.299  -14.581 0.3000000119
4422  32.427  -66.345  -17.904 0.3000000119
4931  32.714  -65.662  -17.795 0.3000000119
4997  32.628  -65.478  -22.797 0.3000000119
5002  32.478  -64.170  -22.835 0.3000000119
5486  33.767  -64.020  -18.088 0.4000000060
6056  34.698  -62.539  -19.764 0.4000000060
6636  35.410  -62.231  -17.018 0.3000000119
7190  35.177  -61.915  -18.585 0.4000000060
7683  34.346  -61.042  -17.918 0.5000000000
8157  37.113  -60.347  -14.443 0.3000000119
8193  32.466  -59.582  -16.712 0.5000000000
8212  31.967  -59.482  -17.535 0.3000000119
8238  32.297  -60.120  -18.764 0.3000000119
8766  32.900  -58.055  -14.869 0.4000000060
8778  32.371  -58.516  -15.434 0.5000000000
8795  31.027  -58.217  -16.926 0.4000000060
9399  30.728  -56.903  -17.147 0.4000000060
9986  39.773  -56.006  -13.944 0.3000000119
9995  39.823  -56.170  -14.346 0.3000000119
9999  33.832  -57.038  -14.818 0.4000000060
10013  32.368  -56.690  -15.369 0.4000000060
10025  31.188  -56.554  -16.511 0.4000000060
10042  29.854  -56.923  -19.033 0.4000000060
10608  34.739  -55.806  -15.722 0.4000000060
10609  33.754  -55.779  -15.656 0.4000000060
10632  31.984  -55.140  -17.250 0.4000000060
10633  31.340  -55.576  -17.603 0.4000000060
10639  31.170  -55.407  -18.392 0.4000000060
10640  30.546  -55.807  -18.792 0.4000000060
10651  30.893  -55.073  -20.070 0.5000000000
10657  36.281  -55.532  -22.205 0.3000000119
10658  36.055  -55.548  -22.128 0.3000000119
10659  29.850  -55.186  -21.487 0.6000000238
11238  35.508  -54.795  -16.852 0.4000000060
11239  34.615  -54.697  -16.764 0.4000000060
11240  33.711  -54.698  -16.799 0.4000000060
11253  33.351  -54.455  -17.582 0.4000000060
11266  34.544  -54.087  -18.154 0.4000000060
11279  36.187  -54.669  -20.575 0.3000000119
11282  33.335  -54.462  -19.521 0.3000000119
11290  36.772  -55.522  -21.740 0.3000000119
11301  36.207  -55.658  -22.076 0.4000000060
11302  35.380  -55.344  -21.925 0.4000000060
11309  36.133  -55.461  -22.231 0.3000000119
11310  35.382  -55.200  -22.150 0.4000000060
11311  33.684  -54.461  -22.097 0.3000000119
11918  36.713  -54.420  -22.210 0.3000000119
11921  37.080  -55.032  -22.508 0.4000000060
11931  29.777  -53.426  -22.460 0.4000000060
12571  39.286  -53.920  -21.733 0.4000000060
12581  34.359  -53.475  -22.099 0.4000000060
12583  32.319  -53.109  -22.400 0.4000000060
12587  28.123  -52.330  -22.372 0.4000000060
13230  34.493  -51.856  -21.635 0.4000000060
13231  27.819  -51.239  -21.818 0.4000000060
13237  29.120  -51.299  -22.381 0.4000000060
13856  28.277  -50.631  -21.460 0.4000000060
13864  30.454  -50.154  -22.371 0.6000000238
14427  44.874  -48.556  -20.645 0.3000000119
14429  43.075  -49.550  -18.465 0.3000000119
14454  29.421  -49.108  -20.724 0.5000000000
14458  33.200  -50.031  -22.302 0.6999999881
14462  29.347  -49.239  -21.777 0.6000000238
15022  38.354  -48.662  -18.364 0.4000000060
15029  44.921  -48.228  -21.178 0.3000000119
15687  39.633  -47.305  -18.366 0.3000000119
15703  44.786  -47.116  -20.684 0.3000000119
15717  29.904  -47.226  -21.259 0.6000000238
15723  30.412  -47.543  -21.775 0.6999999881
16324  36.075  -46.137  -16.030 0.4000000060
16337  37.498  -46.491  -16.593 0.4000000060
16351  38.754  -46.689  -17.409 0.4000000060
16352  34.729  -46.377  -17.691 0.5000000000
16363  30.457  -46.329  -20.084 0.5000000000
16365  36.660  -47.028  -21.536 0.6999999881
16367  30.213  -46.042  -21.073 0.6000000238
16371  30.675  -46.181  -21.463 0.5000000000
16372  38.109  -47.351  -23.051 0.5000000000
16377  38.019  -47.177  -23.433 0.6000000238
17058  30.975  -45.787  -15.049 0.4000000060
17070  31.554  -45.544  -16.304 0.5000000000
17072  45.295  -45.468  -18.634 0.3000000119
17083  34.683  -45.940  -18.309 0.4000000060
17098  33.707  -44.923  -22.438 0.6000000238
17099  39.242  -46.077  -23.681 0.6000000238
17101  37.604  -46.777  -23.784 0.5000000000
17870  33.254  -44.109  -21.813 0.6999999881
17872  31.506  -45.132  -21.333 0.5000000000
17878  39.891  -45.189  -23.659 0.6000000238
17879  39.519  -45.633  -23.797 0.6000000238
18607  32.000  -43.094  -17.927 0.5000000000
18612  35.550  -43.699  -18.378 0.5000000000
18629  32.169  -44.240  -20.940 0.6999999881
18631  38.378  -43.634  -23.698 0.6000000238
18633  41.757  -43.588  -23.329 0.6999999881
19357  32.291  -42.856  -19.246 0.6000000238
19363  34.036  -42.465  -20.800 0.6999999881
19370  39.731  -43.670  -21.454 0.6000000238
19373  34.528  -42.935  -21.573 0.6999999881
19375  42.688  -42.814  -23.311 0.6999999881
19379  37.559  -42.856  -23.081 0.6999999881
19383  41.461  -43.379  -23.594 0.6999999881
20092  33.915  -41.252  -19.803 0.6000000238
20110  39.808  -41.719  -23.228 0.6999999881
20810  37.173  -40.050  -20.827 0.6000000238
21450  36.752  -39.574  -20.340 0.5000000000
94092  34.540  -63.192  -17.123 0.3000000119
94340  30.419  -57.779  -18.050 0.4000000060
96159  38.223  -55.107  -21.419 0.4000000060
96519  36.748  -54.885  -22.439 0.3000000119
100022  35.185  -49.237  -18.678 0.5000000000
100362  31.400  -44.705  -20.256 0.6999999881
100577  35.070  -62.134  -19.194 0.4000000060
102362  35.347  -62.517  -16.552 0.3000000119
103009  35.229  -62.216  -18.299 0.4000000060
104497  32.122  -45.835  -22.081 0.6000000238
104745  39.725  -56.348  -14.688 0.3000000119
106533  34.856  -49.754  -19.455 0.5000000000
107351  34.448  -54.705  -22.104 0.3000000119
109383  36.366  -54.188  -19.627 0.3000000119
110606  39.519  -57.247  -14.323 0.3000000119
110707  40.183  -42.154  -20.622 0.4000000060
110846  38.697  -59.199  -13.954 0.3000000119
110891  30.626  -56.574  -17.718 0.4000000060
110955  31.292  -47.189  -17.317 0.4000000060
111313  36.657  -62.088  -14.547 0.3000000119
111554  34.153  -54.792  -20.823 0.4000000060
111828  31.825  -44.362  -16.882 0.5000000000
112549  38.974  -48.412  -18.510 0.3000000119
112730  27.895  -53.596  -22.512 0.5000000000
