#!ascii label  , from subject sub-v1s23x0050609_ses-1 vox2ras=TkReg
1574
22043  -30.160  -48.821  -11.658 0.5000000000
22037  -30.691  -48.192  -10.792 0.4000000060
22896  -30.393  -47.347  -10.452 0.6000000238
23753  -29.551  -47.343  -10.876 0.6000000238
22906  -28.798  -47.959  -11.930 0.6000000238
22903  -29.798  -48.095  -11.182 0.5000000000
22913  -28.178  -47.178  -12.385 0.6000000238
23747  -30.113  -46.691  -10.413 0.6999999881
22897  -31.228  -47.428  -9.932 0.6999999881
22901  -28.396  -47.494  -11.697 0.6999999881
23763  -27.617  -46.860  -12.083 0.6999999881
24650  -28.608  -45.826  -13.160 0.5000000000
23775  -27.778  -46.356  -12.558 0.6999999881
22920  -28.984  -47.237  -12.779 0.5000000000
21966  -29.942  -48.439  -2.660 0.5000000000
23748  -30.902  -46.506  -9.784 0.6999999881
23746  -29.297  -46.558  -10.880 0.6999999881
23752  -28.319  -46.885  -11.426 0.6999999881
24623  -29.457  -45.582  -10.897 0.6999999881
135038  -27.858  -45.687  -11.539 0.6999999881
24622  -28.504  -46.064  -11.257 0.6999999881
25540  -28.629  -45.066  -11.334 0.6999999881
25566  -27.907  -44.447  -13.041 0.6000000238
24614  -32.686  -45.287  -6.630 0.6999999881
25530  -32.309  -45.085  -7.828 0.6999999881
133404  -30.286  -45.900  -10.244 0.6999999881
24618  -31.070  -45.796  -9.636 0.6999999881
21965  -29.012  -48.715  -2.297 0.6000000238
20255  -28.094  -49.482  -3.771 0.4000000060
23756  -27.331  -46.410  -11.952 0.6999999881
25554  -27.316  -44.734  -12.291 0.6999999881
26486  -27.045  -44.001  -12.032 0.6999999881
26506  -28.170  -43.636  -13.249 0.6000000238
115775  -32.874  -45.155  -5.838 0.6999999881
132266  -32.257  -45.846  -7.672 0.6999999881
25531  -32.771  -44.628  -7.258 0.6999999881
22835  -30.644  -47.618  -1.552 0.6000000238
124010  -32.162  -44.823  -8.651 0.6999999881
25535  -30.992  -45.152  -10.052 0.6999999881
24616  -31.916  -45.566  -8.360 0.6999999881
25533  -32.719  -44.370  -8.207 0.6999999881
21069  -28.204  -49.096  -1.835 0.5000000000
21084  -28.513  -49.233  -2.774 0.5000000000
127527  -29.606  -44.782  -11.088 0.6999999881
20231  -27.810  -49.830  -2.703 0.4000000060
25539  -27.629  -44.995  -11.709 0.6999999881
24624  -30.262  -44.988  -10.636 0.6999999881
25537  -32.035  -44.513  -9.342 0.6999999881
26470  -32.562  -44.106  -9.070 0.6999999881
20254  -27.422  -50.267  -3.137 0.4000000060
118688  -29.258  -44.115  -11.320 0.6999999881
115550  -32.169  -43.859  -9.778 0.6999999881
26476  -32.186  -43.037  -10.230 0.6999999881
25545  -27.286  -44.944  -12.031 0.6999999881
114568  -28.183  -44.148  -11.554 0.6999999881
27446  -30.410  -42.541  -11.253 0.6999999881
27447  -31.396  -42.634  -10.854 0.6999999881
26493  -27.055  -43.568  -12.247 0.6999999881
27479  -27.696  -42.311  -13.154 0.6000000238
27464  -26.814  -42.742  -12.241 0.6999999881
27463  -26.501  -42.229  -12.015 0.6999999881
30464  -27.966  -39.718  -13.263 0.5000000000
112472  -28.806  -41.224  -13.307 0.5000000000
29457  -30.195  -40.164  -13.231 0.4000000060
29456  -29.814  -40.983  -13.107 0.5000000000
26462  -33.415  -43.929  -6.953 0.6999999881
23674  -30.160  -46.927  -1.028 0.6000000238
25536  -31.577  -44.473  -9.914 0.6999999881
21947  -29.385  -48.216  -1.833 0.5000000000
26471  -33.182  -43.652  -8.723 0.6999999881
114170  -28.811  -43.293  -11.455 0.6999999881
25541  -30.182  -44.168  -11.085 0.6999999881
130897  -27.022  -43.490  -11.917 0.6999999881
27445  -29.341  -42.394  -11.406 0.6999999881
118736  -26.726  -40.157  -12.745 0.6999999881
124649  -27.151  -43.098  -12.590 0.6999999881
29454  -26.918  -41.134  -12.841 0.6999999881
28438  -26.480  -41.584  -12.402 0.6999999881
30463  -27.022  -39.149  -13.024 0.6999999881
25466  -33.311  -44.177  -1.874 0.6999999881
113513  -33.474  -43.767  -2.436 0.6999999881
111976  -33.527  -43.866  -3.277 0.8000000119
130967  -34.320  -42.944  -5.084 0.8000000119
24535  -32.698  -45.215  -1.094 0.6000000238
25465  -32.938  -44.452  -1.272 0.6000000238
26438  -33.548  -43.629  -5.063 0.8000000119
25447  -32.261  -44.559  -0.824 0.6000000238
25446  -31.328  -44.715  -0.643 0.6000000238
26463  -34.182  -43.318  -6.696 0.6999999881
24534  -31.351  -45.607  -0.710 0.6000000238
22833  -28.867  -47.666  -1.286 0.6000000238
23648  -29.765  -46.246  -0.711 0.6000000238
26472  -33.863  -43.187  -8.439 0.6999999881
21946  -28.528  -48.380  -1.605 0.5000000000
26466  -34.093  -43.324  -7.601 0.6999999881
26477  -32.852  -43.265  -9.528 0.6999999881
26479  -27.658  -43.262  -11.655 0.6999999881
26480  -29.850  -43.317  -11.305 0.6999999881
124981  -25.976  -40.789  -11.966 0.8000000119
28426  -26.269  -41.648  -12.070 0.6999999881
27444  -28.377  -42.610  -11.499 0.6999999881
30462  -26.236  -39.328  -12.367 0.8000000119
27443  -27.540  -42.290  -11.613 0.6999999881
120331  -28.442  -41.855  -11.477 0.6999999881
132720  -28.936  -39.371  -13.390 0.5000000000
31435  -30.295  -38.719  -13.663 0.5000000000
114656  -29.799  -37.984  -13.824 0.5000000000
30465  -30.697  -39.435  -13.428 0.4000000060
26401  -33.340  -43.232  -1.817 0.6000000238
26424  -33.760  -43.044  -3.615 0.6999999881
121497  -34.303  -42.389  -3.829 0.8000000119
26439  -33.997  -42.991  -4.396 0.8999999762
26378  -32.561  -43.841  -0.951 0.6000000238
27392  -34.925  -42.547  -5.528 0.8000000119
26451  -34.234  -43.181  -5.802 0.8000000119
27407  -34.915  -42.706  -6.411 0.8000000119
24533  -30.688  -45.274  -0.606 0.6000000238
24532  -29.826  -45.369  -0.601 0.6000000238
21945  -27.687  -48.549  -1.439 0.6000000238
23673  -29.201  -46.849  -0.880 0.6000000238
23647  -29.040  -45.930  -0.634 0.6000000238
27425  -34.566  -42.668  -8.172 0.6999999881
21068  -27.382  -49.362  -1.585 0.5000000000
28392  -33.741  -41.684  -9.731 0.6999999881
27424  -34.128  -42.395  -9.030 0.6999999881
20229  -26.591  -50.772  -1.989 0.5000000000
27435  -33.332  -42.459  -9.611 0.6999999881
27434  -32.703  -42.541  -10.027 0.6999999881
30437  -26.099  -39.390  -11.957 0.8000000119
28419  -26.170  -41.414  -11.961 0.8000000119
28407  -27.478  -41.390  -11.553 0.6999999881
133723  -29.220  -41.557  -11.421 0.6999999881
28409  -30.875  -41.821  -11.211 0.6999999881
112864  -29.799  -39.438  -13.418 0.5000000000
26379  -32.849  -43.183  -1.179 0.6999999881
27334  -33.601  -42.296  -1.964 0.6999999881
27335  -33.962  -42.032  -2.588 0.6999999881
133801  -33.994  -42.451  -3.203 0.8000000119
26364  -31.776  -43.884  -0.704 0.6999999881
27378  -35.460  -41.825  -5.231 0.8000000119
25445  -30.361  -44.564  -0.613 0.6000000238
27408  -35.430  -42.130  -6.947 0.6999999881
114640  -28.000  -47.743  -1.231 0.6000000238
114760  -28.313  -46.997  -0.962 0.6000000238
28379  -34.880  -41.953  -8.649 0.8000000119
27426  -35.219  -42.087  -7.850 0.6999999881
21944  -26.818  -48.668  -1.342 0.6000000238
131999  -35.075  -41.497  -8.922 0.8000000119
20214  -26.218  -50.312  -1.584 0.4000000060
27433  -32.137  -42.154  -10.493 0.6999999881
28391  -32.888  -41.743  -10.216 0.6999999881
18372  -25.353  -52.124  -2.366 0.4000000060
28390  -32.081  -41.238  -10.764 0.6999999881
29428  -26.189  -40.161  -11.848 0.8000000119
29415  -27.426  -40.472  -11.496 0.8000000119
111774  -31.247  -41.162  -11.162 0.6999999881
29417  -29.617  -40.957  -11.431 0.6999999881
31431  -26.531  -38.668  -12.627 0.8000000119
31432  -27.213  -38.297  -13.102 0.6999999881
115445  -28.245  -38.753  -13.365 0.5000000000
32439  -30.302  -37.345  -14.250 0.5000000000
31434  -29.384  -38.733  -13.529 0.5000000000
31436  -31.175  -38.739  -13.761 0.4000000060
28270  -33.230  -41.600  -1.575 0.6000000238
28281  -34.242  -41.294  -2.622 0.6999999881
28324  -34.819  -41.660  -3.865 0.8000000119
28325  -35.367  -41.416  -4.484 0.8000000119
27307  -32.149  -43.169  -0.830 0.6999999881
26363  -30.864  -43.856  -0.669 0.6999999881
28359  -35.903  -41.489  -6.493 0.8000000119
25444  -29.473  -44.421  -0.693 0.6000000238
28342  -35.927  -41.409  -5.723 0.8000000119
24531  -28.838  -45.046  -0.702 0.6000000238
28368  -35.833  -41.358  -7.448 0.8000000119
22832  -27.129  -47.796  -1.274 0.6000000238
23672  -27.440  -46.895  -1.117 0.6000000238
28393  -34.588  -41.474  -9.318 0.8999999762
116114  -35.445  -41.372  -8.432 0.8000000119
29397  -33.360  -41.124  -10.185 0.8000000119
112903  -34.060  -40.847  -9.959 0.8000000119
21067  -26.538  -49.536  -1.460 0.5000000000
30422  -31.799  -39.576  -11.213 0.8000000119
127081  -32.790  -40.974  -10.496 0.6999999881
20213  -25.381  -50.417  -1.485 0.4000000060
31400  -26.214  -38.520  -11.964 0.8000000119
29414  -26.700  -40.129  -11.592 0.8000000119
30418  -27.324  -39.639  -11.473 0.8000000119
112471  -29.216  -40.127  -11.454 0.8000000119
112870  -31.543  -40.457  -11.151 0.6999999881
31415  -26.198  -38.605  -12.161 0.8000000119
29416  -28.542  -40.907  -11.444 0.8000000119
112303  -30.154  -40.329  -11.443 0.6999999881
30420  -28.840  -39.314  -11.451 0.8000000119
117199  -26.463  -36.982  -12.527 0.8000000119
31386  -27.916  -38.538  -11.403 0.8000000119
31433  -28.165  -37.864  -13.466 0.6000000238
32426  -27.206  -37.444  -13.155 0.6000000238
133471  -29.634  -37.340  -14.056 0.5000000000
116194  -32.351  -41.741  -1.171 0.6000000238
28299  -34.678  -41.058  -3.220 0.6999999881
27306  -31.305  -43.126  -0.769 0.6000000238
28300  -35.184  -40.830  -3.845 0.6999999881
117408  -35.941  -41.115  -5.033 0.6999999881
26362  -29.997  -43.761  -0.727 0.6000000238
28257  -31.740  -42.419  -0.907 0.6000000238
29281  -32.619  -40.850  -1.513 0.6000000238
27304  -29.651  -43.067  -1.047 0.6000000238
28369  -36.328  -40.828  -6.699 0.8000000119
24551  -27.405  -45.955  -1.147 0.6000000238
25443  -28.622  -44.184  -0.921 0.6000000238
28343  -36.244  -40.843  -5.543 0.6999999881
116365  -26.684  -47.081  -1.373 0.5000000000
29379  -35.960  -40.851  -8.096 0.8000000119
22831  -26.143  -47.736  -1.479 0.3000000119
30398  -34.833  -39.955  -9.933 0.8000000119
111769  -35.390  -40.324  -9.364 0.8000000119
29418  -33.286  -40.377  -10.474 0.8000000119
29419  -34.099  -40.074  -10.246 0.8000000119
112077  -31.002  -38.988  -11.396 0.8000000119
31385  -27.169  -38.782  -11.509 0.8000000119
134218  -28.397  -38.246  -11.434 0.8000000119
33401  -28.886  -36.268  -14.154 0.6000000238
133279  -31.297  -36.623  -14.490 0.3000000119
29282  -33.403  -40.773  -1.803 0.6000000238
29297  -34.339  -40.483  -2.621 0.6999999881
29306  -34.870  -40.115  -3.248 0.6999999881
29329  -35.861  -39.941  -4.544 0.6999999881
25488  -25.822  -44.882  -3.176 0.5000000000
27319  -30.852  -42.368  -0.988 0.6000000238
28269  -31.279  -41.616  -1.172 0.6000000238
29352  -36.616  -40.325  -5.954 0.6999999881
124847  -27.507  -45.228  -1.186 0.5000000000
27318  -29.994  -42.392  -1.217 0.6000000238
23670  -26.050  -46.713  -1.708 0.3000000119
23671  -26.719  -46.287  -1.444 0.5000000000
30369  -36.814  -40.098  -6.789 0.8000000119
30391  -36.755  -39.375  -8.416 0.8000000119
29387  -36.325  -40.226  -8.250 0.8000000119
31403  -33.022  -38.946  -10.980 0.8999999762
31392  -34.900  -38.621  -10.351 0.8999999762
30399  -35.550  -39.562  -9.605 0.8000000119
30400  -36.239  -39.139  -9.258 0.8000000119
21943  -25.886  -48.767  -1.442 0.4000000060
31389  -31.737  -38.623  -11.347 0.8999999762
31390  -32.354  -39.039  -11.175 0.8999999762
30424  -34.348  -39.258  -10.401 0.8999999762
32402  -26.357  -37.528  -11.931 0.8000000119
31384  -26.646  -38.113  -11.688 0.8000000119
114650  -29.870  -39.426  -11.475 0.8000000119
30421  -30.825  -39.798  -11.393 0.8000000119
117700  -26.269  -37.001  -12.117 0.8000000119
33391  -27.109  -36.566  -13.327 0.6999999881
32427  -28.232  -36.985  -13.683 0.6000000238
117600  -29.838  -35.999  -14.396 0.6000000238
33402  -29.756  -36.762  -14.288 0.6000000238
30283  -32.785  -40.039  -1.808 0.6000000238
30299  -33.681  -39.966  -2.203 0.6000000238
30300  -34.285  -39.712  -2.719 0.6999999881
29280  -31.706  -40.856  -1.437 0.6000000238
29307  -35.399  -40.025  -3.979 0.6999999881
28268  -30.357  -41.669  -1.445 0.6000000238
30327  -36.190  -39.454  -4.983 0.8000000119
26375  -27.210  -43.809  -1.914 0.6000000238
119365  -27.850  -43.931  -1.341 0.5000000000
27317  -29.239  -42.512  -1.481 0.6000000238
28326  -36.291  -40.306  -5.097 0.6999999881
30351  -37.125  -39.471  -6.258 0.8000000119
24549  -26.112  -45.861  -1.954 0.4000000060
30370  -37.277  -39.464  -6.936 0.6999999881
30382  -36.860  -39.820  -7.577 0.8000000119
31391  -34.190  -38.417  -10.690 0.8000000119
31374  -36.397  -38.355  -9.433 0.8000000119
32405  -31.223  -37.264  -11.443 0.8999999762
118129  -33.353  -38.174  -11.059 0.8000000119
31373  -35.648  -38.719  -9.879 0.8000000119
31401  -31.853  -37.716  -11.403 0.8000000119
119679  -27.612  -37.799  -11.467 0.8000000119
33356  -28.851  -36.853  -11.428 0.8000000119
31388  -30.242  -38.671  -11.466 0.6999999881
32385  -26.829  -37.226  -11.651 0.8000000119
119578  -29.893  -37.833  -11.474 0.8000000119
31387  -29.210  -38.551  -11.471 0.8000000119
33390  -26.408  -36.036  -12.927 0.8000000119
32386  -27.474  -36.954  -11.511 0.8000000119
34330  -27.877  -36.210  -13.815 0.6999999881
34345  -28.084  -35.533  -14.093 0.6999999881
35251  -29.423  -34.437  -14.381 0.6000000238
112103  -30.012  -33.846  -14.275 0.6000000238
121752  -30.383  -34.454  -14.152 0.6000000238
29279  -30.757  -40.912  -1.684 0.6000000238
31284  -34.801  -38.811  -4.026 0.8000000119
30316  -35.027  -39.493  -3.739 0.6999999881
27356  -27.752  -42.553  -3.647 0.5000000000
28266  -28.778  -42.135  -2.042 0.5000000000
30350  -36.743  -39.542  -5.569 0.8000000119
26400  -27.305  -43.299  -2.436 0.5000000000
27316  -28.577  -42.776  -1.666 0.5000000000
31320  -36.605  -38.812  -5.412 0.8000000119
31321  -37.273  -38.779  -5.910 0.8000000119
26399  -26.705  -43.777  -2.743 0.5000000000
30383  -37.446  -39.095  -7.565 0.8000000119
31354  -37.898  -38.268  -7.508 0.8000000119
31365  -37.396  -38.579  -8.284 0.8000000119
31364  -36.801  -38.715  -8.888 0.8000000119
131338  -34.702  -37.992  -10.585 0.8000000119
32406  -32.661  -37.620  -11.299 0.8000000119
123820  -35.929  -37.980  -9.875 0.8000000119
33354  -27.888  -36.368  -11.459 0.8000000119
32404  -30.468  -37.140  -11.446 0.8000000119
32403  -29.547  -36.987  -11.431 0.8999999762
33383  -26.289  -36.277  -12.338 0.8000000119
34281  -26.737  -35.745  -11.785 0.8000000119
34329  -27.000  -35.662  -13.617 0.6999999881
34328  -26.277  -35.311  -13.181 0.6999999881
34346  -29.101  -35.352  -14.320 0.6999999881
35235  -26.472  -34.849  -13.623 0.6999999881
34344  -27.308  -35.006  -14.009 0.6999999881
114663  -27.837  -33.899  -14.455 0.6999999881
114101  -28.685  -33.957  -14.495 0.6999999881
31281  -32.482  -38.245  -3.628 0.8000000119
30298  -32.860  -39.220  -2.310 0.6000000238
31266  -32.903  -38.576  -2.895 0.6000000238
31283  -34.099  -38.466  -3.634 0.8000000119
29367  -27.902  -41.075  -5.633 0.6000000238
29326  -28.907  -41.079  -5.100 0.5000000000
29296  -31.225  -40.128  -2.039 0.6000000238
30297  -31.229  -39.378  -2.756 0.6000000238
29365  -26.505  -40.802  -6.035 0.6000000238
29349  -27.938  -40.410  -5.660 0.6000000238
29350  -28.503  -40.719  -5.436 0.6000000238
28323  -29.217  -40.945  -4.409 0.5000000000
29294  -29.660  -40.772  -2.952 0.5000000000
31312  -25.491  -38.476  -5.640 0.5000000000
30345  -26.668  -39.288  -5.578 0.5000000000
30346  -27.759  -39.387  -5.624 0.6000000238
30347  -28.715  -39.811  -5.523 0.6000000238
28298  -29.183  -41.128  -3.628 0.5000000000
32351  -36.916  -38.041  -5.678 0.8000000119
32352  -37.659  -37.879  -6.309 0.8000000119
31313  -26.229  -38.470  -5.505 0.5000000000
28278  -29.141  -41.503  -2.673 0.5000000000
32340  -24.857  -38.122  -5.858 0.4000000060
27333  -28.230  -42.556  -2.185 0.5000000000
114588  -38.046  -37.935  -6.919 0.6999999881
32379  -35.725  -37.338  -10.167 0.8000000119
31375  -37.133  -38.041  -8.953 0.8000000119
32376  -37.833  -37.781  -8.300 0.6999999881
118023  -32.069  -36.375  -11.280 0.8000000119
32390  -33.284  -37.410  -11.171 0.8000000119
32380  -36.596  -37.459  -9.624 0.8000000119
123090  -34.944  -37.344  -10.585 0.8000000119
33359  -34.362  -36.577  -10.771 0.8000000119
35207  -26.517  -35.027  -12.096 0.8999999762
34303  -27.568  -35.704  -11.519 0.8999999762
33376  -29.207  -36.286  -11.387 0.8000000119
33378  -31.082  -36.440  -11.360 0.8000000119
33355  -28.543  -36.436  -11.424 1.0000000000
33377  -30.068  -36.299  -11.371 0.8000000119
34316  -26.204  -35.425  -12.698 0.8000000119
35248  -26.126  -34.159  -13.597 0.6999999881
31280  -31.780  -38.395  -3.867 0.8000000119
31294  -33.533  -37.870  -4.281 0.8000000119
31295  -34.365  -38.035  -4.472 0.8000000119
31315  -28.571  -39.011  -5.566 0.6000000238
30314  -31.185  -38.853  -3.678 0.6000000238
31265  -32.007  -38.736  -2.899 0.6000000238
31296  -35.145  -38.370  -4.711 0.8000000119
32331  -35.503  -37.894  -5.208 0.8000000119
125852  -27.128  -38.520  -5.485 0.5000000000
30348  -29.405  -39.554  -5.296 0.6000000238
30313  -30.568  -39.507  -3.519 0.6000000238
32332  -36.216  -38.162  -5.360 0.8000000119
33312  -37.054  -37.155  -5.892 0.6999999881
31314  -28.005  -38.428  -5.472 0.5000000000
30324  -29.770  -39.715  -5.014 0.6000000238
30296  -30.653  -39.890  -2.755 0.6000000238
32341  -25.732  -37.660  -5.660 0.4000000060
32342  -26.686  -37.746  -5.467 0.4000000060
128450  -27.449  -37.851  -5.397 0.4000000060
32360  -38.089  -37.360  -6.831 0.6999999881
128924  -26.403  -36.949  -5.583 0.4000000060
122472  -27.251  -37.119  -5.402 0.4000000060
118857  -29.777  -38.300  -5.445 0.4000000060
117397  -38.222  -37.338  -7.538 0.6999999881
117963  -27.836  -36.492  -5.256 0.4000000060
33305  -28.750  -36.743  -5.115 0.5000000000
33347  -37.092  -36.549  -9.588 0.6999999881
33304  -26.980  -36.287  -5.512 0.3000000119
33286  -28.386  -35.867  -5.036 0.5000000000
33306  -29.649  -36.843  -5.043 0.5000000000
33379  -32.780  -36.914  -11.268 0.8000000119
33358  -33.520  -36.791  -11.071 0.8000000119
33360  -35.315  -36.586  -10.450 0.8000000119
34273  -36.598  -35.841  -9.943 0.8000000119
33346  -36.195  -36.610  -10.059 0.8000000119
35191  -27.169  -35.160  -11.677 0.8000000119
35209  -28.084  -34.853  -11.450 1.0000000000
34305  -29.613  -35.522  -11.274 0.8000000119
35211  -30.123  -34.696  -10.967 0.8000000119
34306  -30.536  -35.523  -11.168 0.8000000119
34283  -32.310  -35.482  -10.891 0.8000000119
33357  -32.922  -36.175  -11.038 0.8000000119
35208  -27.189  -34.484  -11.822 1.0000000000
128600  -31.742  -34.889  -10.722 0.8000000119
35220  -26.122  -34.827  -12.631 0.8000000119
35210  -29.190  -34.764  -11.249 0.8000000119
34282  -31.003  -34.771  -10.796 0.8000000119
36085  -25.892  -33.662  -13.317 0.8999999762
36093  -25.994  -33.450  -13.956 0.6999999881
35249  -26.858  -34.245  -14.151 0.6999999881
37014  -27.371  -32.575  -14.879 0.6999999881
36095  -28.336  -33.255  -14.698 0.6999999881
116534  -29.307  -32.784  -14.733 0.6999999881
36097  -30.135  -33.048  -14.278 0.6000000238
129778  -28.495  -32.537  -14.983 0.6999999881
37016  -30.765  -32.311  -14.236 0.6000000238
115561  -32.836  -37.909  -4.182 0.8000000119
32329  -33.633  -37.351  -4.929 0.8000000119
31316  -29.285  -39.008  -5.469 0.5000000000
31318  -31.449  -37.979  -5.121 0.8000000119
31319  -32.140  -37.619  -4.980 0.8000000119
32328  -32.767  -37.589  -4.763 0.8000000119
112011  -34.685  -37.584  -5.023 0.8000000119
31317  -30.602  -38.160  -5.296 0.5000000000
31293  -32.098  -38.006  -4.592 0.8000000119
32350  -36.099  -37.319  -5.499 0.6999999881
32343  -28.212  -37.506  -5.325 0.4000000060
32344  -29.266  -37.573  -5.334 0.5000000000
31291  -30.767  -38.481  -5.060 0.6999999881
32349  -35.109  -37.152  -5.299 0.6999999881
131511  -37.190  -36.392  -6.079 0.6999999881
33325  -37.748  -36.892  -6.436 0.6999999881
121560  -37.766  -35.897  -6.643 0.6999999881
120903  -38.271  -35.793  -7.415 0.6999999881
33287  -29.189  -36.076  -4.848 0.5000000000
34266  -38.044  -35.485  -8.845 0.6999999881
34234  -27.525  -35.491  -5.397 0.4000000060
34215  -28.887  -35.403  -4.812 0.4000000060
34286  -34.815  -35.813  -10.522 0.8000000119
34274  -37.390  -35.725  -9.457 0.6999999881
34285  -34.062  -35.792  -10.693 0.8000000119
34284  -33.256  -35.401  -10.670 0.8000000119
35178  -33.882  -34.176  -10.077 0.6999999881
35192  -29.810  -33.831  -10.900 0.8000000119
117949  -26.293  -34.122  -12.505 0.8999999762
36069  -25.819  -34.117  -12.952 0.8999999762
36058  -27.357  -33.675  -12.007 0.8999999762
127796  -27.995  -34.090  -11.606 0.8000000119
36059  -28.371  -33.415  -11.592 0.8000000119
36993  -25.783  -33.234  -13.203 0.8999999762
37013  -25.906  -32.469  -14.409 0.8000000119
35236  -30.632  -33.695  -13.893 0.4000000060
36094  -26.963  -33.358  -14.510 0.8000000119
37015  -29.156  -32.049  -15.132 0.6999999881
38912  -31.380  -30.778  -14.722 0.5000000000
32348  -32.643  -37.258  -5.037 0.6999999881
33308  -32.433  -36.989  -5.203 0.6999999881
33309  -34.720  -36.454  -5.080 0.6999999881
33289  -31.289  -36.188  -4.652 0.6000000238
132569  -33.382  -36.520  -4.892 0.6999999881
33310  -35.559  -36.424  -5.372 0.6999999881
33311  -36.435  -36.421  -5.688 0.6999999881
33324  -36.944  -35.677  -5.927 0.6999999881
34217  -30.508  -35.811  -4.552 0.5000000000
35122  -29.001  -34.713  -4.690 0.4000000060
34255  -38.344  -35.200  -8.083 0.6999999881
35982  -28.470  -34.015  -5.045 0.3000000119
119766  -29.183  -34.042  -4.580 0.3000000119
35124  -30.517  -34.857  -4.258 0.5000000000
34270  -34.168  -35.033  -10.434 0.6999999881
116787  -36.074  -35.127  -9.971 0.6999999881
35169  -37.906  -34.586  -8.637 0.6999999881
35123  -29.725  -34.450  -4.405 0.4000000060
130057  -34.639  -34.452  -10.104 0.6999999881
121664  -36.836  -35.230  -9.684 0.6999999881
35180  -35.510  -34.261  -9.799 0.6999999881
35177  -33.041  -33.886  -10.051 0.6999999881
36060  -29.260  -33.258  -11.204 0.8000000119
35193  -30.706  -33.933  -10.565 0.8000000119
35194  -31.548  -34.142  -10.415 0.8000000119
36045  -30.513  -33.158  -10.481 0.8000000119
36980  -27.800  -32.816  -12.085 0.8000000119
114048  -25.519  -32.207  -13.692 0.8000000119
37963  -26.032  -32.501  -13.176 0.8000000119
36979  -26.604  -33.116  -12.608 0.8999999762
37007  -25.638  -32.714  -13.711 0.8999999762
38000  -25.690  -31.487  -14.473 0.8000000119
129261  -27.458  -31.047  -15.308 0.8000000119
38001  -30.033  -32.201  -14.733 0.6999999881
38002  -30.679  -31.500  -14.691 0.6000000238
37022  -28.001  -31.900  -15.240 0.6999999881
38010  -28.785  -31.212  -15.382 0.6999999881
39877  -27.439  -29.430  -15.762 0.6999999881
33292  -33.902  -36.527  -4.936 0.6999999881
34200  -32.214  -34.924  -3.927 0.6000000238
34219  -32.574  -35.714  -4.368 0.6000000238
34220  -33.430  -35.886  -4.514 0.6999999881
34221  -34.326  -35.776  -4.570 0.6999999881
33307  -31.637  -36.933  -5.165 0.6000000238
34235  -35.256  -35.575  -4.800 0.6999999881
34236  -36.112  -35.677  -5.359 0.6999999881
34218  -31.776  -35.584  -4.319 0.6000000238
122831  -31.091  -35.454  -4.344 0.5000000000
34201  -33.055  -35.044  -3.940 0.6000000238
34247  -37.512  -34.928  -6.408 0.6999999881
35967  -30.279  -34.075  -4.082 0.4000000060
35112  -30.975  -34.089  -3.835 0.5000000000
35113  -31.824  -34.136  -3.664 0.6000000238
35148  -37.918  -34.148  -7.043 0.6999999881
35168  -37.239  -34.075  -9.062 0.6999999881
35156  -38.180  -34.279  -7.928 0.6999999881
35181  -36.581  -34.541  -9.550 0.6999999881
36884  -29.688  -32.845  -4.100 0.3000000119
122496  -31.354  -33.208  -10.079 0.8000000119
36046  -32.176  -33.617  -9.999 0.6999999881
36034  -32.799  -33.117  -9.589 0.6999999881
36036  -34.322  -32.901  -9.302 0.6999999881
36982  -29.645  -32.499  -11.170 0.8000000119
37964  -27.091  -32.182  -12.681 0.8000000119
36981  -28.825  -32.636  -11.604 0.8000000119
36061  -29.909  -33.053  -10.806 0.8000000119
115846  -25.948  -30.787  -13.767 0.8000000119
125247  -28.816  -30.179  -12.500 0.8000000119
37966  -29.312  -31.235  -11.811 0.8000000119
38891  -30.124  -30.112  -11.886 0.8000000119
39838  -29.496  -29.714  -12.544 0.8000000119
38911  -30.592  -30.789  -15.209 0.6000000238
38011  -29.883  -31.411  -15.177 0.6999999881
38927  -26.954  -30.186  -15.295 0.8000000119
39895  -27.822  -28.683  -16.486 0.6999999881
39878  -28.755  -29.692  -15.998 0.6000000238
38929  -29.600  -30.516  -15.586 0.6000000238
35126  -35.495  -34.626  -4.309 0.6999999881
34222  -35.991  -35.007  -4.889 0.6999999881
35115  -33.554  -34.345  -3.651 0.6000000238
35127  -36.284  -34.140  -4.779 0.6999999881
34237  -36.728  -34.798  -5.563 0.6999999881
35951  -30.480  -33.295  -3.788 0.4000000060
35952  -31.420  -33.347  -3.584 0.4000000060
35954  -33.251  -33.494  -3.495 0.5000000000
35968  -35.705  -33.745  -3.981 0.6999999881
35147  -37.383  -34.085  -6.161 0.6999999881
35953  -32.321  -33.394  -3.510 0.5000000000
35993  -37.665  -33.344  -6.789 0.6999999881
36873  -31.066  -32.598  -3.575 0.3000000119
35179  -34.535  -33.737  -9.731 0.6999999881
36000  -37.871  -33.436  -7.713 0.6999999881
37865  -30.584  -31.702  -3.742 0.3000000119
38767  -31.049  -31.042  -3.745 0.3000000119
36019  -36.942  -33.260  -8.713 0.6999999881
36037  -35.294  -33.293  -9.358 0.6999999881
36939  -36.667  -32.541  -8.404 0.6999999881
36954  -33.449  -32.601  -9.308 0.6999999881
36035  -33.650  -33.396  -9.645 0.6999999881
36938  -35.866  -32.002  -8.424 0.6999999881
36937  -34.965  -31.691  -8.730 0.6999999881
37965  -28.407  -31.856  -12.134 0.8000000119
36955  -34.121  -32.054  -8.927 0.6999999881
128874  -34.413  -31.348  -8.968 0.6999999881
116405  -29.289  -31.962  -11.579 0.8000000119
36983  -30.319  -32.432  -10.700 0.8000000119
127834  -30.748  -31.831  -10.593 0.8000000119
37954  -31.370  -31.633  -10.235 0.8000000119
37940  -33.008  -31.391  -9.453 0.8000000119
38853  -34.419  -30.700  -9.452 0.6999999881
37976  -27.566  -31.233  -12.780 0.8000000119
37967  -30.110  -31.555  -11.197 0.8000000119
38879  -31.306  -30.340  -11.062 0.8000000119
38870  -32.461  -30.532  -10.326 0.8000000119
37975  -26.177  -31.537  -13.377 0.8000000119
38888  -26.891  -30.602  -13.363 0.8000000119
38890  -29.393  -30.452  -12.081 0.8000000119
38878  -30.546  -30.588  -11.324 0.8000000119
39829  -32.513  -29.689  -11.519 0.8000000119
38900  -25.851  -30.616  -14.097 0.8000000119
39837  -28.467  -29.692  -13.003 0.8000000119
39839  -30.520  -29.569  -12.396 0.8000000119
38892  -30.922  -29.920  -11.690 0.8000000119
39841  -32.235  -29.401  -12.208 0.8000000119
39851  -26.388  -29.805  -14.245 0.8000000119
39855  -30.095  -29.122  -13.110 0.8000000119
39863  -26.327  -30.017  -14.507 0.8000000119
38930  -31.185  -30.194  -15.392 0.5000000000
39864  -26.630  -28.989  -14.785 0.8000000119
39876  -26.663  -29.332  -15.224 0.8000000119
122425  -30.506  -30.206  -15.596 0.6000000238
39880  -30.919  -29.686  -15.914 0.6000000238
39896  -29.317  -29.157  -16.553 0.6000000238
39879  -29.999  -29.771  -15.988 0.6000000238
125240  -34.263  -34.465  -3.754 0.6999999881
35125  -34.707  -34.970  -4.136 0.6999999881
35114  -32.696  -34.224  -3.615 0.6000000238
35116  -34.927  -34.147  -3.755 0.6999999881
35969  -36.321  -33.272  -4.459 0.6999999881
35983  -36.768  -33.384  -5.101 0.6999999881
36875  -33.946  -32.703  -3.442 0.5000000000
35957  -35.865  -32.881  -3.879 0.6999999881
36874  -31.909  -32.597  -3.486 0.4000000060
37867  -32.411  -31.808  -3.455 0.4000000060
123377  -32.858  -32.633  -3.447 0.5000000000
35992  -37.260  -33.312  -5.862 0.6999999881
121399  -37.568  -32.769  -7.377 0.6999999881
38769  -33.031  -30.928  -3.508 0.3000000119
37868  -33.351  -31.836  -3.426 0.5000000000
36908  -37.395  -32.484  -6.443 0.6999999881
37876  -30.186  -31.003  -4.015 0.3000000119
119188  -32.361  -30.089  -3.820 0.3000000119
36940  -37.367  -32.762  -8.059 0.6999999881
121133  -32.191  -29.357  -4.244 0.3000000119
37923  -36.253  -31.213  -8.082 0.6999999881
37955  -32.184  -31.353  -9.817 0.8000000119
132672  -33.339  -31.939  -9.137 0.6999999881
37922  -35.574  -31.300  -8.509 0.6999999881
36953  -32.598  -32.237  -9.429 0.6999999881
37941  -33.767  -31.346  -9.194 0.6999999881
38854  -35.381  -30.320  -9.389 0.6999999881
37977  -28.626  -30.876  -12.349 0.8000000119
37968  -30.935  -31.076  -10.732 0.8000000119
38851  -32.859  -30.854  -9.873 0.6999999881
38852  -33.536  -30.772  -9.707 0.8000000119
39819  -33.751  -29.733  -11.034 0.8000000119
38889  -27.992  -30.366  -12.866 0.8000000119
39828  -31.729  -29.790  -11.573 0.8000000119
39842  -33.014  -29.295  -12.089 0.8000000119
39836  -27.376  -29.783  -13.439 0.8000000119
39852  -26.851  -29.178  -14.111 0.8000000119
39854  -29.048  -29.090  -13.299 0.8000000119
39856  -31.043  -29.089  -12.991 0.8000000119
40734  -31.560  -28.595  -13.567 0.8000000119
40720  -32.750  -28.920  -12.760 0.8000000119
40730  -26.953  -28.411  -14.697 0.8000000119
125493  -27.469  -28.608  -14.200 0.8000000119
40732  -29.694  -28.567  -13.792 0.8000000119
40733  -30.668  -28.611  -13.655 0.8000000119
40736  -33.249  -28.385  -13.303 0.8000000119
39894  -26.892  -28.542  -15.954 0.8000000119
35955  -34.169  -33.727  -3.534 0.6000000238
35956  -35.001  -33.171  -3.557 0.6000000238
37866  -31.401  -31.837  -3.550 0.3000000119
37869  -34.258  -31.664  -3.487 0.5000000000
36878  -35.930  -32.069  -3.831 0.6999999881
36885  -36.530  -32.445  -4.445 0.6999999881
36894  -37.049  -32.595  -5.310 0.6999999881
37879  -36.438  -31.536  -4.298 0.6999999881
36895  -37.226  -31.812  -5.751 0.6999999881
120839  -31.491  -30.431  -3.856 0.3000000119
38778  -33.420  -30.054  -3.731 0.3000000119
38777  -30.727  -30.330  -4.144 0.3000000119
40622  -33.467  -28.783  -4.452 0.3000000119
37903  -37.255  -31.118  -6.054 0.6999999881
121700  -37.273  -31.702  -6.492 0.6999999881
41537  -31.558  -27.751  -5.688 0.3000000119
41538  -32.479  -27.620  -5.612 0.3000000119
41539  -33.452  -27.592  -5.539 0.3000000119
41562  -31.019  -27.270  -6.232 0.3000000119
38872  -34.084  -30.187  -10.238 0.8000000119
39843  -33.752  -29.219  -11.860 0.8000000119
40721  -33.557  -28.764  -12.565 0.8000000119
39853  -27.923  -29.106  -13.634 0.8000000119
40731  -28.509  -28.462  -14.071 0.8000000119
40748  -31.191  -28.157  -14.187 0.8000000119
40735  -32.418  -28.524  -13.449 0.8000000119
41637  -27.067  -27.778  -15.241 0.8000000119
40747  -30.314  -28.126  -14.275 0.8000000119
133385  -26.851  -28.019  -15.933 0.8000000119
40765  -26.991  -27.711  -16.334 0.6999999881
40766  -27.655  -27.652  -17.013 0.6000000238
37870  -35.190  -31.772  -3.623 0.6000000238
114916  -36.212  -30.856  -4.281 0.6000000238
37885  -36.979  -31.740  -4.920 0.6999999881
39732  -33.876  -29.431  -4.068 0.4000000060
38781  -36.292  -30.247  -4.596 0.6000000238
37880  -36.853  -30.874  -4.787 0.6999999881
37886  -37.173  -31.216  -5.354 0.6999999881
40625  -36.048  -29.157  -5.072 0.4000000060
37916  -37.129  -31.123  -6.803 0.6999999881
37915  -36.812  -31.155  -7.481 0.6999999881
42394  -33.968  -27.034  -6.126 0.3000000119
115367  -37.165  -29.736  -5.813 0.6000000238
39770  -37.239  -29.747  -7.185 0.6999999881
38835  -35.948  -30.555  -8.636 0.6999999881
129678  -36.850  -29.659  -8.262 0.6999999881
38855  -36.163  -29.847  -9.280 0.6999999881
38871  -33.247  -30.335  -10.331 0.8000000119
38881  -32.854  -29.957  -10.895 0.8000000119
39830  -34.480  -29.191  -11.557 0.8000000119
40719  -31.924  -29.053  -12.907 0.8000000119
114194  -34.451  -28.620  -12.305 0.8000000119
41627  -32.864  -27.973  -13.994 0.8000000119
41638  -27.696  -27.421  -15.153 0.8000000119
40746  -29.321  -27.990  -14.470 0.8000000119
121501  -30.798  -27.759  -14.644 0.8000000119
41641  -31.614  -27.627  -14.741 0.8000000119
41640  -29.965  -27.533  -14.831 0.8000000119
124812  -26.866  -27.109  -16.229 0.8000000119
125611  -27.087  -26.939  -16.743 0.6999999881
118341  -28.059  -26.132  -17.671 0.6999999881
37877  -34.919  -30.996  -3.670 0.6000000238
38780  -35.495  -30.405  -4.103 0.6000000238
121617  -34.833  -28.339  -5.079 0.3000000119
38795  -37.154  -30.543  -5.551 0.6000000238
41540  -34.408  -27.646  -5.511 0.3000000119
40643  -35.707  -28.497  -5.293 0.3000000119
39752  -36.712  -29.391  -5.421 0.5000000000
41542  -36.212  -27.982  -5.832 0.3000000119
40644  -36.484  -28.705  -5.587 0.5000000000
42432  -33.288  -26.007  -7.332 0.3000000119
42414  -34.515  -26.541  -6.632 0.3000000119
40664  -37.228  -28.334  -6.773 0.4000000060
39779  -37.115  -29.346  -7.929 0.6999999881
43306  -32.868  -25.574  -7.911 0.3000000119
40683  -37.327  -28.460  -8.363 0.6000000238
39805  -36.515  -29.244  -9.822 0.6000000238
40691  -37.094  -28.679  -9.370 0.6000000238
39821  -35.439  -29.412  -10.689 0.8000000119
39822  -36.165  -29.073  -10.566 0.6999999881
40704  -36.830  -28.587  -10.332 0.6000000238
39820  -34.652  -29.606  -10.837 0.8000000119
40712  -36.402  -28.402  -11.184 0.6999999881
40710  -35.016  -28.731  -11.822 0.8000000119
40711  -35.659  -28.553  -11.654 0.6999999881
41616  -35.571  -27.676  -12.696 0.6999999881
40723  -36.145  -27.861  -12.097 0.6999999881
41628  -33.696  -27.776  -13.867 0.8000000119
40737  -34.075  -28.193  -13.109 0.8000000119
41630  -35.354  -27.195  -13.404 0.6999999881
41631  -36.079  -27.136  -12.824 0.6999999881
40745  -28.383  -27.818  -14.660 0.8000000119
41639  -28.716  -27.237  -15.133 0.8000000119
40749  -32.039  -28.122  -14.115 0.8000000119
41653  -29.599  -26.868  -15.473 0.8000000119
41654  -31.552  -27.141  -15.507 0.8000000119
41643  -33.238  -27.387  -14.638 0.8000000119
41626  -27.596  -28.046  -14.635 0.8000000119
113118  -30.716  -27.283  -15.179 0.8000000119
41667  -32.328  -27.029  -15.928 0.8000000119
41652  -27.060  -27.147  -15.779 0.8000000119
42500  -28.212  -26.414  -15.941 0.8000000119
42516  -28.308  -25.919  -16.736 0.6999999881
40786  -28.922  -27.714  -17.529 0.6000000238
40798  -29.674  -27.408  -18.248 0.6000000238
42515  -27.252  -26.646  -16.309 0.8000000119
42528  -27.647  -26.341  -16.997 0.6999999881
122344  -27.979  -24.828  -18.477 0.6999999881
40645  -37.100  -28.942  -5.998 0.5000000000
122984  -37.269  -29.289  -6.549 0.5000000000
42395  -34.928  -27.097  -6.058 0.3000000119
40663  -36.816  -28.305  -6.126 0.4000000060
117097  -37.312  -28.817  -7.384 0.6000000238
42415  -35.431  -26.654  -6.595 0.3000000119
43290  -35.051  -26.099  -7.113 0.3000000119
42433  -35.971  -26.273  -7.080 0.3000000119
131425  -37.525  -27.682  -8.497 0.6000000238
43323  -33.280  -25.093  -8.400 0.3000000119
43308  -34.661  -25.548  -7.696 0.3000000119
42416  -36.852  -26.700  -7.325 0.3000000119
44207  -33.592  -24.645  -8.794 0.3000000119
40705  -37.393  -27.975  -10.057 0.6000000238
44206  -32.891  -24.662  -8.927 0.3000000119
40713  -37.045  -27.988  -10.781 0.6999999881
41606  -36.859  -27.598  -11.453 0.6999999881
42481  -34.867  -26.858  -14.154 0.6999999881
114477  -35.388  -26.499  -13.918 0.6999999881
41644  -34.156  -27.168  -14.421 0.6999999881
41656  -33.139  -27.124  -15.559 0.8000000119
130653  -33.784  -26.901  -15.911 0.6999999881
42502  -30.507  -26.622  -15.909 0.8000000119
41666  -31.536  -26.722  -16.104 0.6999999881
42520  -33.101  -26.781  -16.487 0.6000000238
40799  -31.023  -28.069  -18.456 0.6000000238
42501  -29.236  -26.269  -16.073 0.6999999881
43389  -28.754  -25.373  -17.481 0.6999999881
42517  -29.597  -25.888  -16.594 0.6999999881
122724  -28.201  -25.649  -18.290 0.6999999881
41680  -28.844  -26.262  -18.777 0.6999999881
43388  -28.273  -25.614  -17.853 0.6999999881
45260  -30.778  -23.331  -19.568 0.5000000000
45264  -31.079  -23.104  -20.108 0.5000000000
116816  -37.483  -27.854  -9.175 0.6000000238
41589  -37.656  -27.165  -8.968 0.6000000238
42454  -37.723  -26.393  -10.219 0.6000000238
41618  -37.162  -26.893  -11.548 0.6999999881
41617  -36.701  -27.032  -12.191 0.6999999881
133828  -30.794  -23.624  -10.649 0.3000000119
42482  -35.896  -26.426  -13.444 0.6999999881
42472  -36.516  -26.324  -12.845 0.6999999881
111716  -34.620  -26.582  -14.874 0.6999999881
42490  -35.255  -26.271  -14.518 0.6000000238
42503  -33.900  -26.890  -15.165 0.6999999881
42518  -30.943  -26.099  -16.606 0.6999999881
42519  -32.073  -26.510  -16.605 0.6999999881
42530  -32.584  -26.239  -17.310 0.6000000238
119250  -30.865  -25.567  -17.051 0.6999999881
41681  -30.356  -27.337  -19.022 0.5000000000
43394  -27.897  -24.595  -18.215 0.6999999881
44288  -27.934  -23.802  -18.576 0.6999999881
44296  -27.742  -23.667  -19.060 0.6999999881
44304  -28.282  -23.618  -19.325 0.6000000238
42440  -37.617  -26.519  -8.733 0.5000000000
42441  -37.697  -26.006  -9.157 0.4000000060
42446  -37.715  -26.531  -9.411 0.5000000000
41600  -37.627  -27.212  -9.758 0.6000000238
42447  -37.809  -25.857  -9.693 0.5000000000
42464  -37.498  -26.336  -11.134 0.6000000238
45190  -31.465  -23.423  -10.697 0.3000000119
43359  -36.354  -25.542  -13.509 0.6000000238
123362  -36.814  -25.568  -12.808 0.6000000238
42491  -35.723  -25.859  -14.046 0.6000000238
116230  -34.064  -26.667  -16.564 0.6000000238
43371  -35.758  -25.742  -14.750 0.6000000238
119808  -34.569  -26.635  -15.780 0.6000000238
42529  -31.607  -25.859  -17.174 0.6999999881
43398  -33.016  -25.851  -18.088 0.6000000238
43395  -28.962  -24.585  -17.879 0.6999999881
43410  -28.015  -24.249  -19.348 0.6999999881
41687  -31.200  -27.086  -19.571 0.5000000000
43411  -29.319  -24.986  -19.794 0.6000000238
41686  -29.861  -26.219  -19.432 0.6000000238
42545  -30.740  -25.892  -20.027 0.5000000000
44289  -29.528  -23.875  -18.547 0.6000000238
44297  -28.431  -23.431  -19.157 0.5000000000
44312  -29.754  -23.584  -20.052 0.5000000000
43416  -30.270  -24.482  -20.342 0.5000000000
44306  -30.102  -23.273  -19.912 0.5000000000
43327  -37.727  -25.374  -9.353 0.4000000060
44227  -37.814  -24.640  -9.701 0.4000000060
45164  -35.672  -24.050  -9.117 0.4000000060
43334  -37.727  -25.812  -10.694 0.6000000238
46115  -31.713  -22.911  -11.149 0.3000000119
45191  -32.323  -23.118  -10.673 0.3000000119
45193  -33.811  -23.280  -9.957 0.3000000119
42473  -37.149  -26.130  -12.096 0.6000000238
47009  -31.934  -21.785  -11.985 0.3000000119
43383  -36.375  -25.309  -15.027 0.5000000000
42521  -34.758  -26.505  -16.560 0.6000000238
42522  -35.439  -26.316  -16.218 0.6000000238
42532  -34.460  -26.383  -17.298 0.6000000238
42505  -35.977  -25.855  -15.527 0.6000000238
42531  -33.557  -26.402  -17.362 0.6000000238
130142  -35.144  -26.334  -17.039 0.6000000238
43399  -34.031  -26.004  -18.113 0.6000000238
44290  -31.162  -24.423  -18.385 0.6999999881
44298  -29.651  -23.409  -19.397 0.5000000000
44305  -29.125  -23.519  -19.572 0.5000000000
44210  -36.730  -24.728  -8.689 0.4000000060
43330  -37.940  -25.183  -9.955 0.4000000060
44226  -37.519  -24.188  -9.554 0.4000000060
42455  -37.850  -25.687  -10.199 0.5000000000
45180  -37.267  -23.430  -9.841 0.4000000060
43335  -37.889  -25.213  -10.599 0.4000000060
43344  -37.622  -25.418  -11.407 0.4000000060
46138  -32.377  -22.335  -11.386 0.3000000119
47010  -33.262  -21.920  -11.341 0.3000000119
46117  -33.895  -22.747  -10.388 0.4000000060
43353  -37.272  -25.095  -12.345 0.4000000060
124056  -33.527  -21.362  -11.670 0.3000000119
125160  -34.555  -22.395  -10.441 0.4000000060
44263  -36.601  -24.722  -13.849 0.5000000000
43372  -36.205  -25.269  -14.274 0.5000000000
130391  -36.708  -25.488  -15.806 0.5000000000
42533  -35.802  -26.047  -17.143 0.6000000238
43384  -37.056  -24.973  -15.355 0.5000000000
43400  -35.095  -26.005  -17.936 0.6000000238
44291  -32.365  -24.828  -18.475 0.6000000238
43405  -33.429  -25.120  -18.580 0.6000000238
124859  -30.532  -23.626  -18.972 0.5000000000
44299  -31.579  -23.755  -18.958 0.5000000000
116464  -32.010  -23.220  -19.642 0.5000000000
110321  -32.429  -22.810  -20.189 0.5000000000
110325  -31.756  -22.922  -20.405 0.5000000000
44225  -37.013  -24.170  -9.212 0.4000000060
44237  -37.964  -24.464  -10.424 0.4000000060
45181  -37.855  -23.904  -10.045 0.4000000060
43345  -37.904  -24.734  -11.066 0.4000000060
45194  -37.827  -23.275  -10.373 0.4000000060
45211  -37.801  -23.782  -11.813 0.4000000060
44244  -37.674  -24.516  -11.744 0.4000000060
117769  -32.755  -21.569  -11.817 0.3000000119
44264  -37.087  -24.169  -13.499 0.4000000060
44253  -37.388  -24.112  -12.600 0.5000000000
47867  -31.804  -20.627  -12.487 0.3000000119
44280  -37.347  -24.395  -14.963 0.4000000060
110276  -37.406  -25.168  -16.188 0.5000000000
110269  -37.879  -24.076  -15.354 0.4000000060
111675  -36.017  -25.543  -17.939 0.6000000238
110275  -36.603  -25.605  -17.214 0.5000000000
111080  -37.835  -24.671  -16.449 0.5000000000
111845  -34.491  -25.227  -18.532 0.6000000238
130693  -36.770  -25.178  -17.885 0.5000000000
44300  -32.690  -24.082  -19.012 0.5000000000
110281  -35.017  -24.337  -18.770 0.6000000238
113039  -35.395  -25.233  -18.418 0.6000000238
110288  -33.765  -24.212  -19.026 0.6000000238
110299  -32.941  -23.645  -19.336 0.5000000000
110289  -33.272  -23.269  -19.584 0.5000000000
126522  -32.045  -22.687  -20.799 0.5000000000
49742  -30.083  -18.163  -13.077 0.3000000119
49726  -31.796  -18.846  -12.795 0.4000000060
49728  -33.370  -18.713  -12.670 0.4000000060
126572  -35.764  -23.821  -18.693 0.5000000000
50725  -30.727  -17.395  -13.431 0.4000000060
110274  -37.434  -22.746  -17.758 0.5000000000
112142  -37.948  -22.672  -17.149 0.5000000000
126573  -35.070  -23.390  -19.047 0.5000000000
126117  -36.807  -22.850  -18.282 0.5000000000
111178  -34.179  -22.999  -19.557 0.6000000238
126749  -32.973  -21.995  -20.988 0.5000000000
111389  -33.273  -22.755  -20.011 0.6000000238
110282  -33.908  -22.335  -20.118 0.5000000000
132320  -34.089  -21.746  -20.439 0.6000000238
111374  -33.613  -21.381  -20.916 0.4000000060
50726  -31.471  -17.505  -13.309 0.4000000060
49729  -34.241  -18.604  -12.573 0.4000000060
110850  -35.935  -22.945  -18.757 0.5000000000
110983  -35.804  -22.056  -19.067 0.5000000000
126124  -35.026  -22.591  -19.375 0.5000000000
110944  -35.841  -21.407  -19.274 0.5000000000
126395  -36.314  -21.436  -18.696 0.5000000000
126065  -35.082  -21.806  -19.844 0.5000000000
110310  -34.234  -20.703  -20.928 0.4000000060
111077  -34.741  -21.202  -20.429 0.5000000000
50711  -33.682  -17.863  -12.798 0.4000000060
51711  -31.342  -16.650  -13.840 0.4000000060
111153  -37.491  -21.965  -17.418 0.4000000060
126394  -35.622  -20.978  -19.836 0.4000000060
130734  -34.698  -20.013  -20.978 0.3000000119
110298  -36.763  -21.525  -18.241 0.4000000060
125180  -35.307  -20.336  -20.444 0.5000000000
111340  -35.412  -19.493  -20.797 0.4000000060
110322  -35.884  -19.630  -20.245 0.4000000060
126580  -36.249  -20.679  -19.012 0.4000000060
49817  -35.389  -17.892  -21.640 0.4000000060
111220  -36.015  -20.117  -19.716 0.4000000060
49808  -36.209  -18.889  -20.554 0.4000000060
48824  -37.082  -18.943  -19.037 0.4000000060
49807  -35.443  -18.715  -21.241 0.4000000060
115382  -34.670  -17.604  -22.025 0.4000000060
133453  -36.729  -19.172  -19.420 0.4000000060
110323  -36.401  -19.372  -19.805 0.3000000119
48836  -36.886  -18.685  -19.850 0.4000000060
49782  -37.445  -18.873  -18.323 0.4000000060
50800  -37.356  -17.898  -20.004 0.3000000119
49819  -36.817  -18.065  -20.585 0.4000000060
49818  -36.161  -18.066  -21.161 0.4000000060
50814  -35.991  -17.260  -21.658 0.4000000060
50815  -37.329  -17.346  -20.673 0.5000000000
49795  -37.350  -18.310  -19.434 0.4000000060
50790  -37.794  -17.752  -19.434 0.4000000060
26450  -33.461  -43.861  -6.024 0.6999999881
27358  -33.664  -42.958  -2.701 0.6999999881
27416  -34.792  -42.739  -7.301 0.8000000119
27393  -35.481  -42.055  -6.063 0.8000000119
129127  -32.467  -42.586  -1.030 0.6000000238
131352  -33.971  -40.794  -2.167 0.6000000238
29386  -35.749  -40.642  -8.736 0.8000000119
24575  -25.589  -45.557  -2.676 0.4000000060
31267  -33.728  -38.964  -2.787 0.6000000238
27376  -28.276  -41.967  -4.065 0.5000000000
31337  -37.664  -38.717  -6.702 0.8000000119
31297  -35.868  -38.681  -5.020 0.8000000119
31292  -31.276  -38.422  -4.602 0.6000000238
123207  -28.886  -38.324  -5.479 0.5000000000
32346  -31.135  -37.517  -5.227 0.6000000238
35195  -32.472  -34.554  -10.462 0.6999999881
39840  -31.401  -29.481  -12.291 0.8000000119
134571  -36.696  -32.938  -4.807 0.6999999881
39804  -35.791  -29.675  -10.006 0.6999999881
39790  -36.569  -29.836  -8.648 0.6999999881
135000  -36.684  -29.365  -9.159 0.6000000238
111087  -32.682  -22.509  -20.601 0.5000000000
44245  -37.996  -24.046  -11.141 0.4000000060
22907  -29.449  -48.423  -11.829 0.5000000000
22914  -28.729  -47.794  -12.223 0.5000000000
22898  -32.041  -47.650  -9.483 0.6999999881
122666  -28.669  -44.892  -13.302 0.5000000000
21949  -31.210  -48.195  -2.144 0.5000000000
123396  -27.457  -43.763  -12.751 0.6999999881
25528  -32.943  -44.568  -6.322 0.6999999881
26465  -33.350  -43.860  -7.863 0.6999999881
25542  -30.930  -44.322  -10.559 0.6999999881
25543  -31.547  -43.642  -10.435 0.6999999881
28408  -30.006  -41.716  -11.371 0.6999999881
26481  -30.771  -43.442  -10.996 0.6999999881
28439  -27.099  -41.817  -12.905 0.6999999881
112470  -29.082  -40.228  -13.335 0.5000000000
29455  -27.853  -40.669  -13.236 0.6000000238
132608  -33.526  -43.029  -9.091 0.6999999881
29453  -26.185  -40.871  -12.367 0.6999999881
117164  -31.973  -45.221  -0.782 0.6000000238
27377  -34.784  -42.281  -4.624 0.8000000119
127198  -27.943  -46.379  -0.918 0.6000000238
30417  -26.559  -39.476  -11.652 0.8000000119
27320  -33.060  -42.452  -1.413 0.6999999881
131565  -34.450  -40.401  -9.955 0.8000000119
32428  -29.033  -37.564  -13.771 0.5000000000
25464  -28.002  -44.746  -1.001 0.6000000238
29380  -36.370  -40.552  -7.492 0.8000000119
111797  -32.365  -40.381  -10.827 0.8000000119
33392  -29.138  -36.990  -14.021 0.6000000238
122003  -35.710  -40.617  -4.465 0.6999999881
26377  -29.030  -43.072  -1.278 0.6000000238
32389  -30.923  -38.037  -11.444 0.8999999762
32388  -28.805  -37.604  -11.446 0.8000000119
127546  -30.550  -35.784  -14.405 0.4000000060
25463  -27.304  -44.551  -1.493 0.5000000000
24550  -26.798  -45.317  -1.604 0.5000000000
23695  -25.459  -46.296  -2.273 0.4000000060
31402  -32.494  -38.361  -11.254 0.8999999762
34302  -26.336  -35.644  -12.250 0.8000000119
30282  -32.066  -40.216  -1.659 0.6000000238
30315  -34.520  -39.222  -3.265 0.6000000238
30326  -35.503  -39.260  -4.396 0.8000000119
28279  -29.920  -41.140  -2.107 0.5000000000
25462  -26.683  -44.454  -2.061 0.4000000060
27315  -27.851  -43.161  -1.854 0.5000000000
121947  -34.078  -37.534  -10.908 0.8000000119
35250  -28.210  -34.638  -14.297 0.6999999881
36096  -29.358  -33.554  -14.501 0.6000000238
123309  -31.996  -39.508  -2.079 0.6000000238
26437  -27.275  -43.028  -4.278 0.5000000000
26423  -27.189  -43.117  -3.229 0.5000000000
27357  -28.346  -42.115  -2.937 0.5000000000
28341  -28.118  -41.438  -5.426 0.5000000000
29327  -29.453  -40.434  -4.769 0.6000000238
28322  -28.815  -41.444  -4.369 0.5000000000
29351  -29.168  -40.274  -5.258 0.6000000238
27375  -27.805  -42.461  -4.737 0.5000000000
30368  -27.070  -40.170  -5.734 0.6000000238
28297  -28.736  -41.610  -3.532 0.5000000000
29328  -29.934  -39.852  -4.171 0.6000000238
29305  -30.084  -40.138  -3.253 0.5000000000
33334  -38.238  -36.607  -7.101 0.6999999881
33348  -37.897  -36.385  -8.988 0.6999999881
34307  -31.457  -35.557  -11.082 0.8000000119
34304  -28.585  -35.699  -11.390 0.8999999762
30349  -30.044  -38.897  -5.242 0.6000000238
30325  -30.507  -39.086  -4.582 0.6000000238
32345  -30.219  -37.582  -5.317 0.5000000000
33343  -38.346  -36.265  -8.078 0.6999999881
33288  -29.912  -36.185  -4.735 0.5000000000
34271  -35.161  -35.079  -10.247 0.6999999881
32330  -34.208  -37.068  -5.210 0.6999999881
32347  -31.922  -37.402  -5.170 0.6999999881
34248  -38.107  -35.017  -7.262 0.6999999881
34216  -29.668  -35.354  -4.588 0.5000000000
35182  -37.426  -34.914  -9.279 0.6999999881
35139  -28.302  -34.988  -5.073 0.4000000060
37021  -26.646  -31.741  -14.967 0.8000000119
118735  -32.876  -36.475  -4.830 0.6000000238
33290  -32.102  -36.367  -4.733 0.6000000238
131121  -30.629  -36.755  -5.001 0.5000000000
36020  -37.661  -33.717  -8.372 0.6999999881
35966  -29.724  -33.679  -4.237 0.3000000119
124250  -25.491  -31.266  -14.125 0.8999999762
38009  -26.318  -30.895  -14.980 0.8000000119
38910  -25.889  -30.777  -14.435 0.8000000119
38928  -28.192  -30.346  -15.587 0.6000000238
34199  -31.394  -34.831  -4.036 0.6000000238
34202  -33.891  -35.090  -4.054 0.6999999881
36038  -36.304  -33.687  -9.294 0.6999999881
36033  -32.082  -32.902  -9.674 0.8000000119
36956  -35.070  -32.430  -8.951 0.6999999881
38887  -26.403  -30.062  -13.869 0.8000000119
38926  -26.376  -30.238  -14.834 0.8000000119
35140  -36.889  -33.956  -5.484 0.6999999881
36018  -36.057  -32.835  -8.908 0.6999999881
36923  -36.780  -31.906  -7.953 0.6999999881
37942  -35.050  -30.959  -8.860 0.6999999881
38869  -31.688  -30.786  -10.431 0.8000000119
38880  -32.069  -30.122  -10.907 0.8000000119
38768  -31.950  -31.012  -3.562 0.3000000119
38770  -34.028  -30.701  -3.572 0.5000000000
36924  -37.211  -31.967  -7.290 0.6999999881
39730  -31.392  -29.688  -4.259 0.3000000119
38826  -36.762  -30.271  -7.912 0.6999999881
37878  -35.745  -31.257  -3.876 0.6000000238
40623  -34.376  -28.854  -4.486 0.3000000119
40642  -33.928  -28.217  -4.956 0.3000000119
41674  -27.731  -26.792  -17.365 0.6999999881
39734  -35.720  -29.671  -4.568 0.6000000238
39735  -36.361  -29.695  -4.928 0.6000000238
39736  -36.846  -30.071  -5.141 0.6000000238
40624  -35.255  -28.997  -4.721 0.4000000060
122644  -37.268  -30.280  -6.404 0.6999999881
38827  -37.093  -30.514  -7.140 0.6999999881
39791  -36.956  -29.211  -8.620 0.6000000238
41615  -34.889  -27.919  -12.901 0.8000000119
41655  -32.398  -27.318  -15.133 0.8000000119
41675  -28.421  -26.618  -18.002 0.6000000238
39733  -34.804  -29.639  -4.168 0.5000000000
41541  -35.347  -27.781  -5.590 0.3000000119
122906  -37.439  -27.864  -7.725 0.5000000000
41629  -34.512  -27.529  -13.654 0.6999999881
42538  -27.921  -25.019  -18.845 0.6999999881
124415  -36.209  -26.862  -6.706 0.3000000119
43324  -34.227  -24.947  -8.378 0.3000000119
41607  -37.400  -27.228  -10.726 0.6000000238
43390  -29.975  -25.363  -17.114 0.6999999881
42504  -35.248  -26.212  -15.235 0.6000000238
43396  -30.647  -25.041  -17.700 0.6999999881
43311  -37.479  -25.762  -8.644 0.4000000060
43397  -31.982  -25.457  -17.875 0.6000000238
44313  -30.789  -23.562  -20.373 0.4000000060
44211  -37.421  -24.838  -9.025 0.4000000060
45178  -35.598  -23.371  -9.506 0.4000000060
45192  -33.166  -23.177  -10.273 0.3000000119
43360  -36.891  -24.838  -13.146 0.5000000000
43373  -36.733  -24.782  -14.589 0.5000000000
42523  -36.275  -25.880  -16.380 0.5000000000
47000  -33.983  -22.068  -10.938 0.4000000060
131982  -33.773  -21.674  -11.340 0.4000000060
44275  -37.072  -24.223  -14.213 0.5000000000
45246  -37.379  -23.747  -13.891 0.4000000060
117349  -37.504  -25.075  -17.214 0.5000000000
116631  -34.291  -23.643  -19.193 0.6000000238
49743  -31.136  -18.353  -12.964 0.3000000119
110311  -36.577  -19.720  -19.080 0.4000000060
117335  -36.707  -17.352  -21.214 0.4000000060
49796  -37.616  -18.293  -18.879 0.4000000060
123998  -37.169  -16.741  -21.310 0.3000000119
22022  -36.157  -48.800  -6.058 0.5000000000
22027  -35.361  -48.666  -7.289 0.5000000000
21091  -35.325  -49.068  -2.818 0.4000000060
22004  -36.127  -48.174  -3.922 0.5000000000
22005  -36.387  -48.693  -4.526 0.5000000000
22018  -36.152  -48.438  -5.306 0.5000000000
22017  -35.792  -48.197  -5.900 0.6000000238
22889  -34.941  -47.937  -6.889 0.6000000238
21987  -35.788  -48.447  -3.206 0.5000000000
21972  -35.086  -48.206  -2.683 0.5000000000
22871  -35.707  -47.465  -4.407 0.5000000000
132100  -35.461  -47.221  -5.015 0.5000000000
116998  -34.353  -48.093  -2.270 0.5000000000
22883  -34.571  -47.221  -6.405 0.6000000238
23738  -33.884  -46.753  -6.613 0.6000000238
22884  -35.297  -47.723  -6.138 0.6000000238
22888  -34.117  -47.402  -7.199 0.6000000238
22887  -33.468  -47.203  -7.684 0.6000000238
23737  -33.336  -46.650  -7.109 0.6000000238
22893  -33.194  -47.489  -8.347 0.6000000238
22892  -32.412  -47.095  -8.676 0.6000000238
23742  -32.007  -46.281  -8.343 0.6000000238
133905  -35.317  -47.706  -2.960 0.5000000000
23734  -35.015  -47.037  -5.554 0.6000000238
22849  -34.694  -47.327  -2.525 0.5000000000
21951  -32.862  -48.057  -1.835 0.5000000000
22848  -33.946  -47.350  -1.978 0.5000000000
24613  -32.677  -46.004  -7.059 0.6000000238
23743  -32.756  -46.632  -7.813 0.6000000238
23749  -31.662  -46.754  -9.151 0.6000000238
23708  -35.270  -46.867  -3.867 0.5000000000
23718  -35.175  -46.814  -4.713 0.5000000000
23707  -34.727  -46.285  -3.441 0.5000000000
23698  -35.106  -47.025  -3.126 0.5000000000
23717  -34.708  -46.206  -4.254 0.5000000000
23733  -34.155  -46.479  -5.964 0.6000000238
22838  -33.157  -47.398  -1.703 0.5000000000
23696  -34.075  -46.572  -2.211 0.5000000000
23732  -33.260  -45.995  -6.379 0.6000000238
22837  -32.361  -47.511  -1.580 0.5000000000
23741  -31.425  -46.011  -8.934 0.6000000238
23697  -34.514  -46.428  -2.775 0.5000000000
24589  -34.208  -45.551  -3.791 0.5000000000
24597  -33.929  -45.577  -4.670 0.6000000238
24604  -33.109  -45.019  -5.014 0.6000000238
24577  -33.900  -45.753  -2.422 0.5000000000
23725  -34.465  -46.277  -5.140 0.6000000238
24605  -33.595  -45.710  -5.523 0.6000000238
22836  -31.516  -47.614  -1.577 0.5000000000
21948  -30.299  -48.136  -2.030 0.5000000000
24619  -31.586  -45.240  -9.238 0.6000000238
24578  -34.202  -45.598  -3.025 0.5000000000
24596  -33.503  -44.906  -4.224 0.5000000000
23677  -32.682  -46.718  -1.407 0.5000000000
23676  -31.849  -46.870  -1.198 0.5000000000
24553  -32.153  -45.987  -1.013 0.6000000238
131252  -33.639  -44.732  -2.578 0.6000000238
25508  -33.731  -44.809  -3.421 0.5000000000
25518  -33.178  -44.304  -4.635 0.5000000000
24554  -33.042  -45.937  -1.444 0.6000000238
25525  -33.071  -44.445  -5.454 0.6000000238
23675  -31.014  -46.936  -1.121 0.5000000000
23650  -31.388  -46.312  -0.885 0.5000000000
24555  -33.373  -45.159  -1.774 0.6000000238
129974  -33.399  -44.288  -3.936 0.5000000000
115894  -33.492  -43.673  -4.171 0.6999999881
36876  -34.752  -32.364  -3.510 0.5000000000
38873  -34.961  -29.999  -10.117 0.6000000238
122797  -28.707  -28.425  -17.022 0.5000000000
40767  -29.889  -28.651  -17.072 0.5000000000
42544  -28.612  -25.333  -19.269 0.5000000000
51805  -37.254  -15.756  -21.867 0.3000000119
53644  -38.678  -14.795  -21.322 0.3000000119
128324  -35.369  -49.873  -2.868 0.4000000060
114478  -36.625  -49.808  -3.886 0.5000000000
21123  -36.626  -49.337  -4.413 0.5000000000
22026  -34.635  -48.253  -7.641 0.5000000000
22894  -33.909  -47.877  -8.005 0.5000000000
21971  -34.660  -48.759  -2.564 0.4000000060
125376  -32.401  -48.979  -2.718 0.5000000000
21970  -33.569  -48.091  -1.999 0.5000000000
21950  -32.150  -48.321  -2.084 0.3000000119
21967  -30.930  -48.533  -2.839 0.4000000060
21085  -29.565  -48.754  -3.284 0.4000000060
116664  -30.035  -35.198  -14.349 0.4000000060
38779  -34.685  -30.321  -3.814 0.5000000000
40768  -31.021  -28.694  -17.006 0.5000000000
40787  -30.411  -28.240  -17.680 0.5000000000
41582  -37.546  -27.148  -8.264 0.4000000060
52705  -38.434  -15.741  -21.046 0.3000000119
21090  -34.522  -49.625  -2.696 0.4000000060
22834  -29.754  -47.608  -1.424 0.5000000000
39897  -30.491  -29.227  -16.478 0.5000000000
22021  -35.601  -48.394  -6.547 0.6000000238
21107  -36.062  -49.547  -3.214 0.4000000060
22872  -36.061  -48.080  -4.680 0.5000000000
22861  -35.621  -47.603  -3.512 0.5000000000
23678  -33.445  -46.644  -1.755 0.5000000000
123841  -33.574  -45.996  -1.944 0.5000000000
50816  -37.817  -16.604  -20.859 0.4000000060
115120  -33.957  -48.821  -2.400 0.4000000060
22032  -33.604  -48.300  -8.742 0.4000000060
22899  -32.857  -47.937  -9.124 0.4000000060
21969  -33.064  -48.759  -2.370 0.4000000060
26436  -26.865  -43.445  -4.829 0.4000000060
26422  -26.669  -43.540  -3.848 0.3000000119
25507  -26.163  -44.175  -3.525 0.4000000060
25489  -26.290  -44.460  -2.722 0.4000000060
27390  -27.636  -42.264  -5.627 0.4000000060
113933  -27.279  -42.980  -5.289 0.4000000060
113496  -25.615  -41.895  -6.729 0.4000000060
28358  -26.795  -41.548  -6.236 0.4000000060
130165  -27.041  -42.873  -5.969 0.4000000060
29362  -23.781  -40.640  -6.345 0.3000000119
28356  -25.164  -41.198  -6.481 0.3000000119
30365  -24.330  -39.573  -5.993 0.4000000060
29366  -27.324  -40.999  -5.874 0.4000000060
29363  -24.601  -40.453  -6.202 0.4000000060
29364  -25.599  -40.613  -6.116 0.5000000000
30366  -25.204  -39.810  -5.826 0.4000000060
30344  -25.751  -39.177  -5.586 0.4000000060
30367  -26.117  -39.991  -5.727 0.5000000000
30343  -24.934  -38.981  -5.717 0.4000000060
41566  -37.227  -27.518  -7.194 0.3000000119
41565  -36.696  -27.563  -6.570 0.3000000119
41575  -37.379  -27.149  -7.695 0.3000000119
111162  -36.154  -24.693  -18.447 0.4000000060
45165  -36.375  -24.245  -8.985 0.3000000119
110270  -37.114  -24.504  -18.082 0.4000000060
126125  -36.547  -23.751  -18.424 0.4000000060
46100  -34.697  -23.029  -9.865 0.3000000119
111499  -37.983  -24.216  -16.950 0.4000000060
131538  -37.829  -23.484  -17.423 0.3000000119
111830  -37.315  -23.608  -18.042 0.4000000060
126376  -36.450  -22.117  -18.497 0.4000000060
45179  -36.419  -23.687  -9.373 0.3000000119
46102  -36.395  -23.010  -9.755 0.3000000119
46101  -35.647  -22.780  -9.855 0.3000000119
123469  -36.943  -22.694  -10.164 0.3000000119
46120  -37.548  -22.708  -10.497 0.3000000119
45195  -37.992  -23.608  -10.678 0.3000000119
47002  -35.878  -21.763  -10.599 0.3000000119
47004  -37.779  -22.012  -11.049 0.3000000119
46121  -38.040  -22.758  -10.977 0.3000000119
45212  -38.037  -23.261  -11.364 0.3000000119
47001  -34.892  -21.808  -10.744 0.3000000119
45240  -37.545  -23.517  -13.229 0.3000000119
47011  -34.325  -21.355  -11.363 0.3000000119
47851  -33.944  -20.753  -11.905 0.3000000119
47869  -33.511  -20.195  -12.316 0.3000000119
44276  -37.738  -23.752  -14.622 0.3000000119
111283  -38.321  -23.547  -15.402 0.3000000119
111104  -38.667  -23.009  -15.456 0.3000000119
49744  -31.986  -18.111  -13.031 0.3000000119
110273  -38.244  -24.039  -16.104 0.3000000119
111520  -38.264  -23.408  -16.722 0.3000000119
50727  -32.245  -17.105  -13.396 0.3000000119
50740  -30.420  -16.653  -14.057 0.3000000119
111507  -37.024  -22.043  -17.990 0.3000000119
110303  -36.727  -20.243  -18.486 0.3000000119
47003  -36.964  -21.976  -10.623 0.3000000119
120160  -38.146  -22.042  -11.445 0.3000000119
45226  -37.915  -23.142  -12.322 0.3000000119
47012  -35.351  -21.187  -11.142 0.3000000119
47013  -36.404  -21.182  -11.050 0.3000000119
116122  -38.455  -21.776  -12.025 0.3000000119
46152  -38.378  -22.318  -12.552 0.3000000119
45241  -38.103  -22.833  -13.201 0.3000000119
47852  -34.836  -20.605  -11.667 0.3000000119
47853  -35.809  -20.502  -11.480 0.3000000119
47014  -37.381  -21.238  -11.190 0.3000000119
45247  -37.943  -23.264  -13.928 0.3000000119
48765  -34.385  -20.057  -12.168 0.3000000119
126491  -38.487  -23.076  -14.710 0.3000000119
111051  -38.852  -22.487  -15.173 0.3000000119
112229  -33.894  -19.423  -12.461 0.3000000119
126405  -38.686  -22.513  -15.868 0.3000000119
49745  -32.822  -17.944  -12.925 0.3000000119
50728  -33.169  -17.124  -13.166 0.3000000119
50729  -33.945  -17.062  -13.021 0.3000000119
110286  -38.391  -22.601  -16.516 0.3000000119
126487  -37.974  -21.883  -16.858 0.3000000119
126449  -37.151  -21.230  -17.710 0.3000000119
126254  -37.131  -20.313  -17.845 0.3000000119
110946  -37.044  -19.595  -18.391 0.3000000119
111620  -36.738  -20.899  -18.313 0.3000000119
47015  -38.140  -21.283  -11.591 0.3000000119
48750  -35.285  -19.925  -11.988 0.3000000119
47855  -37.701  -20.506  -11.617 0.3000000119
46158  -38.657  -22.280  -13.275 0.3000000119
116220  -34.775  -19.301  -12.333 0.3000000119
48751  -36.217  -19.812  -11.796 0.3000000119
46159  -39.218  -21.939  -13.866 0.3000000119
126382  -39.167  -21.845  -14.813 0.3000000119
50712  -34.535  -17.738  -12.699 0.3000000119
126490  -38.812  -21.810  -15.597 0.3000000119
117840  -38.432  -21.835  -16.263 0.3000000119
133937  -33.476  -16.498  -13.360 0.3000000119
51704  -34.710  -16.871  -12.932 0.3000000119
126253  -37.960  -21.030  -16.576 0.3000000119
111041  -37.571  -21.323  -17.135 0.3000000119
110896  -37.456  -20.655  -17.175 0.3000000119
111300  -37.414  -19.485  -17.746 0.3000000119
47028  -38.726  -21.046  -12.229 0.3000000119
48767  -36.601  -19.109  -12.090 0.3000000119
48753  -37.999  -19.802  -11.949 0.3000000119
123404  -38.589  -19.864  -12.272 0.3000000119
47035  -38.914  -21.618  -12.865 0.3000000119
48766  -35.677  -19.186  -12.196 0.3000000119
48769  -38.389  -19.197  -12.351 0.3000000119
47870  -38.931  -20.347  -12.483 0.3000000119
49730  -35.132  -18.470  -12.462 0.3000000119
49731  -36.068  -18.386  -12.372 0.3000000119
132619  -35.370  -16.640  -12.948 0.3000000119
51705  -36.110  -16.772  -12.862 0.3000000119
126386  -38.774  -20.121  -15.280 0.3000000119
110308  -38.508  -21.192  -15.962 0.3000000119
51714  -34.085  -16.244  -13.309 0.3000000119
126312  -38.376  -20.350  -15.991 0.3000000119
111181  -37.741  -20.127  -16.678 0.3000000119
126471  -37.438  -19.985  -17.253 0.3000000119
48768  -37.531  -19.103  -12.120 0.3000000119
47871  -39.349  -20.300  -13.083 0.3000000119
49732  -37.023  -18.368  -12.314 0.3000000119
49733  -37.960  -18.423  -12.465 0.3000000119
47043  -39.490  -21.128  -14.313 0.3000000119
50713  -35.489  -17.507  -12.652 0.3000000119
50714  -36.529  -17.600  -12.579 0.3000000119
47884  -39.226  -20.285  -14.598 0.3000000119
51730  -34.324  -15.598  -13.859 0.3000000119
51706  -37.032  -16.876  -12.873 0.3000000119
51715  -35.685  -15.977  -13.224 0.3000000119
51716  -36.569  -16.048  -13.252 0.3000000119
110975  -38.568  -19.507  -15.646 0.3000000119
111583  -38.157  -19.492  -16.346 0.3000000119
110313  -37.776  -19.314  -17.057 0.3000000119
49776  -37.803  -18.777  -17.734 0.3000000119
48780  -39.375  -19.606  -13.431 0.3000000119
47879  -39.527  -20.343  -13.831 0.3000000119
49734  -38.817  -18.557  -12.847 0.3000000119
128251  -39.205  -18.986  -13.206 0.3000000119
50715  -37.478  -17.664  -12.633 0.3000000119
50716  -38.327  -17.761  -12.844 0.3000000119
50717  -38.877  -17.807  -13.271 0.3000000119
122615  -39.288  -18.920  -13.770 0.3000000119
52635  -35.190  -15.382  -13.735 0.3000000119
49765  -38.880  -18.766  -15.290 0.3000000119
52636  -36.062  -15.273  -13.640 0.3000000119
51717  -37.538  -16.207  -13.310 0.3000000119
51707  -37.948  -17.005  -12.959 0.3000000119
49772  -38.579  -18.800  -16.073 0.3000000119
49778  -38.781  -18.125  -16.684 0.3000000119
49777  -38.243  -18.539  -17.253 0.3000000119
50791  -38.194  -17.727  -18.828 0.3000000119
49783  -37.979  -18.289  -18.307 0.3000000119
49746  -39.135  -18.371  -13.473 0.3000000119
52648  -34.760  -15.170  -14.638 0.3000000119
120661  -39.116  -17.783  -13.766 0.3000000119
49756  -39.194  -18.183  -14.097 0.3000000119
52637  -37.068  -15.266  -13.714 0.3000000119
50731  -39.003  -17.195  -13.658 0.3000000119
50741  -39.313  -17.341  -14.341 0.3000000119
112273  -39.217  -17.926  -14.935 0.3000000119
128210  -39.539  -17.446  -15.637 0.3000000119
49773  -39.078  -18.081  -15.810 0.3000000119
50763  -39.538  -17.474  -16.376 0.3000000119
51761  -39.796  -16.938  -17.661 0.3000000119
50774  -39.388  -17.452  -17.194 0.3000000119
133770  -38.264  -18.267  -17.824 0.3000000119
50792  -38.897  -17.199  -18.720 0.3000000119
127140  -38.538  -17.778  -18.205 0.3000000119
52649  -35.555  -14.828  -14.326 0.3000000119
52650  -36.381  -14.690  -14.206 0.3000000119
52638  -38.082  -15.602  -13.730 0.3000000119
52639  -38.857  -15.773  -14.012 0.3000000119
114920  -39.650  -17.091  -15.157 0.3000000119
53570  -38.487  -15.191  -14.149 0.3000000119
52659  -40.092  -15.825  -16.052 0.3000000119
50752  -39.965  -16.800  -16.031 0.3000000119
51751  -40.212  -16.286  -16.755 0.3000000119
50764  -40.019  -16.905  -16.966 0.3000000119
51762  -40.218  -16.149  -17.722 0.3000000119
50801  -37.926  -17.261  -20.115 0.3000000119
51785  -38.460  -17.176  -19.455 0.3000000119
53584  -35.898  -14.405  -14.800 0.3000000119
53568  -37.086  -14.594  -14.264 0.3000000119
52651  -38.997  -15.192  -14.442 0.3000000119
52652  -39.422  -15.825  -14.670 0.3000000119
52658  -39.738  -15.585  -15.355 0.3000000119
51741  -39.814  -16.318  -15.320 0.3000000119
51774  -39.640  -16.680  -18.398 0.3000000119
51795  -38.540  -16.554  -20.178 0.3000000119
132437  -24.442  -41.108  -6.476 0.3000000119
28340  -27.473  -41.651  -5.871 0.4000000060
27391  -28.338  -41.811  -5.024 0.4000000060
28357  -26.018  -41.341  -6.427 0.4000000060
113514  -34.168  -30.000  -3.803 0.3000000119
42434  -37.415  -26.504  -8.049 0.3000000119
46118  -35.318  -22.348  -10.273 0.3000000119
134366  -37.653  -24.228  -17.623 0.4000000060
48764  -33.009  -19.545  -12.557 0.3000000119
49727  -32.510  -18.813  -12.746 0.3000000119
46139  -38.189  -22.492  -11.731 0.3000000119
114395  -24.740  -41.730  -6.727 0.4000000060
27404  -25.185  -42.481  -6.958 0.4000000060
27405  -26.097  -42.559  -6.720 0.4000000060
27406  -26.884  -42.332  -6.269 0.4000000060
112689  -23.803  -40.036  -6.286 0.3000000119
46119  -36.225  -22.400  -10.178 0.3000000119
47854  -36.806  -20.493  -11.454 0.3000000119
46166  -38.585  -22.663  -13.913 0.3000000119
51713  -32.875  -16.473  -13.661 0.3000000119
51712  -32.187  -16.420  -14.052 0.3000000119
47856  -38.388  -20.464  -11.978 0.3000000119
48752  -37.160  -19.792  -11.798 0.3000000119
111302  -38.990  -20.976  -15.255 0.3000000119
47036  -39.422  -21.067  -13.451 0.3000000119
48770  -39.049  -19.534  -12.748 0.3000000119
48795  -38.951  -19.501  -14.889 0.3000000119
51729  -33.459  -15.945  -13.965 0.3000000119
48789  -39.355  -19.575  -14.146 0.3000000119
50730  -38.572  -17.240  -13.203 0.3000000119
51718  -38.520  -16.494  -13.501 0.3000000119
51719  -39.216  -16.541  -14.084 0.3000000119
51731  -39.540  -16.652  -14.720 0.3000000119
51786  -39.268  -16.450  -19.386 0.3000000119
53588  -39.376  -14.805  -15.108 0.3000000119
27403  -24.137  -42.207  -6.868 0.4000000060
33403  -30.626  -36.544  -14.443 0.4000000060
18373  -26.036  -51.472  -2.341 0.3000000119
19352  -26.798  -50.913  -2.706 0.3000000119
19328  -25.359  -51.625  -1.824 0.3000000119
20230  -27.254  -50.329  -2.283 0.3000000119
30364  -23.494  -39.330  -6.317 0.3000000119
31311  -24.135  -38.713  -6.024 0.3000000119
26460  -26.021  -43.774  -6.574 0.3000000119
26461  -26.466  -43.096  -6.456 0.3000000119
114065  -26.330  -41.974  -6.550 0.3000000119
26449  -26.642  -43.510  -5.767 0.3000000119
119630  -24.762  -43.054  -7.397 0.3000000119
32429  -30.736  -38.035  -14.062 0.3000000119
19329  -25.843  -51.012  -1.712 0.4000000060
20215  -27.041  -50.121  -1.731 0.5000000000
21066  -25.632  -49.636  -1.444 0.4000000060
21083  -27.743  -49.743  -2.048 0.5000000000
21988  -36.374  -48.976  -3.772 0.4000000060
22878  -35.681  -47.713  -5.311 0.5000000000
22902  -29.050  -47.871  -11.506 0.5000000000
22905  -28.143  -47.460  -12.010 0.6000000238
23649  -30.598  -46.113  -0.710 0.6000000238
23757  -27.772  -46.993  -11.842 0.6999999881
23762  -27.310  -46.304  -12.117 0.6999999881
23776  -28.538  -46.645  -12.879 0.5000000000
24552  -28.153  -45.668  -0.848 0.6000000238
24576  -26.191  -45.079  -2.314 0.4000000060
24621  -27.697  -46.373  -11.657 0.6999999881
24626  -27.317  -45.772  -11.850 0.6999999881
24634  -27.162  -45.755  -12.040 0.6999999881
24648  -27.348  -45.779  -12.311 0.6999999881
24649  -27.811  -45.378  -12.811 0.6000000238
26361  -29.210  -43.651  -0.947 0.6000000238
26376  -28.498  -43.434  -1.305 0.6000000238
27305  -30.441  -43.086  -0.845 0.6000000238
27359  -34.360  -41.828  -3.225 0.8000000119
27442  -26.700  -41.827  -11.800 0.8000000119
27455  -26.917  -42.733  -11.877 0.6999999881
27477  -26.570  -42.098  -12.231 0.6999999881
27478  -26.995  -42.395  -12.665 0.6999999881
28267  -29.522  -41.827  -1.771 0.6000000238
28280  -33.819  -41.474  -2.050 0.6999999881
28360  -36.258  -41.008  -6.059 0.6999999881
28406  -26.495  -40.903  -11.702 0.8000000119
28410  -31.556  -41.794  -10.900 0.6999999881
29295  -30.355  -40.469  -2.430 0.5000000000
29304  -29.560  -40.517  -3.851 0.6000000238
29398  -34.776  -40.691  -9.627 0.8000000119
29399  -35.226  -41.045  -9.126 0.8000000119
29437  -25.983  -41.094  -12.084 0.8000000119
30390  -36.036  -39.909  -8.977 0.8000000119
30419  -28.239  -39.920  -11.438 0.8000000119
30423  -33.533  -39.535  -10.616 0.8999999762
30425  -35.079  -39.242  -10.082 0.8999999762
30448  -26.031  -39.234  -12.055 0.8000000119
31282  -33.304  -38.248  -3.499 0.8000000119
32381  -37.520  -37.227  -9.024 0.6999999881
32387  -28.179  -36.993  -11.451 0.8000000119
32391  -35.321  -38.009  -10.272 0.8000000119
32416  -26.278  -37.754  -12.105 0.8000000119
32425  -26.535  -37.957  -12.542 0.8000000119
33291  -33.291  -36.973  -5.190 0.6999999881
33353  -27.080  -36.423  -11.594 0.8000000119
33375  -26.436  -36.553  -11.934 0.8000000119
34272  -35.711  -35.836  -10.267 0.6999999881
35196  -33.353  -34.598  -10.369 0.6999999881
35234  -25.979  -34.612  -13.096 0.8000000119
36872  -30.379  -32.400  -3.755 0.3000000119
36877  -35.366  -32.458  -3.643 0.6000000238
36966  -30.996  -32.441  -10.258 0.8000000119
36967  -31.738  -32.308  -9.838 0.8000000119
37008  -30.836  -32.983  -13.829 0.4000000060
37988  -25.322  -31.863  -14.037 0.8999999762
38877  -29.910  -30.761  -11.634 0.8000000119
39831  -35.188  -29.097  -11.314 0.8000000119
39832  -35.793  -28.929  -11.116 0.8000000119
40722  -35.310  -28.249  -12.268 0.6999999881
40744  -26.846  -28.193  -15.246 0.8000000119
40755  -26.814  -28.378  -15.527 0.8000000119
41642  -32.446  -27.665  -14.517 0.8000000119
41651  -26.878  -27.688  -15.798 0.8000000119
42489  -27.658  -26.859  -15.664 0.8000000119
43404  -27.690  -24.196  -18.775 0.6999999881
43415  -28.991  -23.930  -19.811 0.6000000238
47026  -32.325  -21.126  -12.267 0.3000000119
47029  -39.159  -20.884  -12.788 0.3000000119
50773  -38.708  -17.891  -17.519 0.3000000119
50780  -39.202  -17.346  -17.967 0.3000000119
53569  -37.805  -14.869  -14.134 0.3000000119
110280  -38.598  -23.239  -16.044 0.3000000119
110312  -38.255  -18.846  -16.674 0.3000000119
111527  -37.661  -24.581  -15.723 0.5000000000
112298  -32.723  -39.652  -10.891 0.8999999762
112313  -30.472  -41.092  -11.366 0.6999999881
112587  -27.565  -43.041  -13.041 0.6000000238
112959  -28.821  -34.044  -11.316 0.8000000119
113117  -25.994  -40.157  -12.081 0.8000000119
113546  -31.702  -36.988  -11.415 0.8000000119
114978  -26.437  -38.843  -11.740 0.8000000119
115067  -27.991  -39.144  -11.384 0.8000000119
115610  -34.868  -16.054  -13.255 0.3000000119
116509  -27.317  -44.153  -11.846 0.6999999881
117495  -26.835  -43.132  -12.039 0.6999999881
120345  -38.086  -37.017  -8.404 0.6999999881
122008  -25.456  -31.369  -13.941 0.8000000119
122837  -27.735  -42.756  -2.668 0.5000000000
123299  -33.621  -36.147  -10.871 0.8000000119
124687  -39.143  -18.793  -14.482 0.3000000119
124798  -33.036  -43.780  -1.406 0.6000000238
124880  -25.159  -51.059  -1.542 0.3000000119
126559  -38.899  -22.445  -14.492 0.3000000119
127040  -28.469  -38.754  -11.426 0.8000000119
127277  -30.487  -39.220  -11.443 0.6999999881
129407  -28.508  -46.373  -0.790 0.6000000238
129764  -32.202  -37.125  -11.379 0.8000000119
130270  -32.462  -45.372  -7.233 0.6999999881
131335  -28.867  -47.297  -11.271 0.6999999881
131686  -28.972  -38.175  -13.580 0.5000000000
131754  -28.697  -44.149  -13.366 0.5000000000
131945  -33.661  -31.242  -3.483 0.5000000000
132759  -33.693  -38.874  -10.740 0.8999999762
133088  -33.184  -29.594  -11.492 0.8000000119
133767  -30.860  -40.567  -11.343 0.6999999881
133839  -30.856  -32.131  -3.620 0.3000000119
134342  -36.948  -25.507  -16.550 0.5000000000
135019  -27.708  -26.268  -16.475 0.8000000119
