#!ascii label  , from subject sub-v1s23x0050609_ses-1 vox2ras=TkReg
1620
115857  -30.696  -40.796  -12.936 0.5000000000
29458  -31.573  -40.496  -12.838 0.5000000000
132310  -30.966  -40.077  -13.137 0.4000000060
30466  -31.619  -39.514  -13.349 0.5000000000
31436  -31.175  -38.739  -13.761 0.5000000000
31450  -31.580  -38.071  -14.218 0.5000000000
132418  -32.737  -21.521  -21.419 0.5000000000
110892  -33.052  -20.966  -21.360 0.4000000060
111335  -33.586  -20.119  -21.402 0.4000000060
130734  -34.698  -20.013  -20.978 0.5000000000
48846  -33.465  -19.239  -21.790 0.5000000000
127025  -34.580  -19.348  -21.334 0.4000000060
127395  -34.398  -18.420  -21.787 0.4000000060
111340  -35.412  -19.493  -20.797 0.5000000000
49807  -35.443  -18.715  -21.241 0.5000000000
115382  -34.670  -17.604  -22.025 0.4000000060
26494  -31.486  -42.832  -12.708 0.5000000000
27465  -31.682  -41.991  -12.611 0.4000000060
28427  -31.881  -41.227  -12.617 0.5000000000
29438  -32.444  -40.643  -12.714 0.5000000000
30467  -32.552  -39.340  -13.525 0.5000000000
31437  -32.043  -38.725  -13.899 0.5000000000
116195  -31.966  -37.483  -14.503 0.5000000000
110324  -31.777  -22.852  -20.846 0.5000000000
118049  -31.986  -22.750  -21.140 0.5000000000
110306  -32.220  -22.452  -21.420 0.5000000000
126144  -32.453  -21.839  -21.725 0.5000000000
110742  -32.316  -21.228  -21.830 0.5000000000
126248  -32.618  -19.870  -21.882 0.6000000238
52724  -34.921  -14.350  -23.783 0.3000000119
49816  -33.065  -18.402  -22.243 0.4000000060
52723  -34.633  -14.956  -23.355 0.3000000119
50813  -35.213  -17.087  -22.063 0.4000000060
113875  -34.263  -16.853  -22.438 0.3000000119
51803  -34.840  -16.075  -22.658 0.4000000060
28443  -31.190  -41.418  -12.735 0.5000000000
29459  -32.263  -39.948  -13.031 0.5000000000
32440  -31.213  -37.272  -14.431 0.5000000000
125875  -32.375  -20.570  -21.813 0.6000000238
52715  -35.983  -15.018  -22.867 0.3000000119
52714  -35.511  -15.570  -22.715 0.3000000119
19425  -45.137  -51.050  -7.162 0.3000000119
20310  -44.137  -50.360  -7.674 0.3000000119
119460  -44.426  -50.846  -8.243 0.4000000060
19440  -43.532  -50.888  -8.535 0.4000000060
19455  -45.055  -51.303  -8.476 0.4000000060
19454  -43.965  -51.409  -8.951 0.4000000060
132638  -43.038  -51.516  -9.194 0.4000000060
18502  -44.377  -52.090  -9.459 0.4000000060
19452  -41.389  -51.436  -10.217 0.4000000060
20318  -40.939  -50.779  -10.754 0.4000000060
20304  -44.115  -49.905  -6.932 0.3000000119
20303  -43.405  -49.856  -7.412 0.3000000119
21149  -42.421  -49.915  -7.794 0.4000000060
20309  -43.005  -50.389  -8.161 0.4000000060
20308  -41.917  -50.512  -8.521 0.4000000060
20315  -42.500  -51.074  -8.916 0.4000000060
20314  -41.540  -51.117  -9.306 0.4000000060
19453  -42.240  -51.825  -9.750 0.4000000060
20313  -40.786  -50.809  -9.746 0.4000000060
21163  -40.757  -49.060  -11.647 0.4000000060
20324  -40.711  -49.936  -11.253 0.4000000060
22023  -41.016  -48.217  -6.615 0.3000000119
22031  -41.523  -48.832  -6.910 0.3000000119
22030  -40.647  -48.523  -7.335 0.3000000119
21148  -41.420  -49.891  -8.097 0.4000000060
21147  -40.531  -49.659  -8.464 0.4000000060
20307  -40.956  -50.451  -8.856 0.4000000060
127129  -40.441  -50.297  -10.340 0.4000000060
22052  -40.065  -48.171  -11.356 0.4000000060
133553  -40.345  -49.432  -11.129 0.4000000060
24631  -39.689  -45.825  -11.843 0.4000000060
22911  -39.945  -47.388  -11.501 0.4000000060
127760  -40.388  -48.627  -11.491 0.4000000060
22885  -40.597  -47.590  -6.320 0.3000000119
22024  -41.904  -48.460  -6.077 0.3000000119
22891  -40.325  -47.784  -7.090 0.3000000119
22035  -39.752  -48.297  -8.579 0.3000000119
21146  -39.894  -49.110  -8.945 0.3000000119
21154  -40.212  -49.982  -9.468 0.4000000060
21153  -39.763  -49.137  -9.946 0.4000000060
114318  -39.439  -47.007  -10.906 0.4000000060
22046  -39.626  -48.344  -10.454 0.4000000060
21159  -40.145  -49.668  -10.518 0.4000000060
24642  -39.601  -45.177  -12.053 0.4000000060
23736  -39.917  -46.976  -6.747 0.3000000119
22890  -39.736  -47.310  -7.640 0.3000000119
23745  -39.352  -46.842  -8.411 0.3000000119
22895  -39.643  -47.628  -8.295 0.4000000060
22900  -39.491  -47.573  -9.030 0.4000000060
23751  -39.268  -46.796  -9.364 0.4000000060
22042  -39.591  -48.348  -9.476 0.4000000060
119109  -38.985  -43.925  -10.543 0.3000000119
24625  -39.244  -45.314  -10.595 0.4000000060
22904  -39.381  -47.505  -10.045 0.4000000060
119300  -39.130  -43.928  -11.409 0.3000000119
23761  -39.330  -46.097  -11.003 0.4000000060
25549  -39.329  -44.605  -11.812 0.4000000060
24598  -38.800  -45.055  -4.787 0.3000000119
24606  -38.818  -45.252  -5.591 0.3000000119
26440  -38.661  -43.764  -5.060 0.3000000119
23735  -39.742  -46.487  -6.104 0.3000000119
24612  -39.352  -46.169  -6.663 0.3000000119
24615  -38.906  -45.692  -7.287 0.3000000119
122697  -38.633  -45.218  -7.925 0.3000000119
23740  -39.366  -46.492  -7.486 0.3000000119
23739  -38.938  -45.990  -8.104 0.3000000119
118928  -38.986  -45.582  -9.231 0.3000000119
23744  -39.065  -46.127  -8.889 0.3000000119
118403  -38.761  -43.994  -9.675 0.3000000119
25538  -39.054  -44.666  -10.136 0.3000000119
23750  -39.187  -46.060  -9.613 0.4000000060
27456  -39.048  -42.570  -11.519 0.3000000119
116443  -39.104  -43.299  -11.822 0.4000000060
128294  -39.074  -42.134  -12.054 0.4000000060
119461  -39.170  -42.121  -12.828 0.4000000060
122791  -38.597  -44.489  -5.310 0.3000000119
25529  -38.552  -44.645  -6.147 0.3000000119
26464  -38.693  -43.078  -6.353 0.3000000119
24611  -38.858  -45.438  -6.440 0.3000000119
120024  -38.524  -44.787  -7.107 0.3000000119
26473  -38.612  -44.036  -8.764 0.3000000119
25532  -38.522  -44.400  -7.953 0.3000000119
26478  -38.827  -43.189  -10.080 0.3000000119
25534  -38.805  -44.850  -9.254 0.3000000119
24617  -38.800  -45.442  -8.642 0.3000000119
27448  -38.950  -42.271  -10.544 0.3000000119
28420  -39.034  -41.725  -11.395 0.3000000119
29442  -38.977  -40.645  -12.509 0.3000000119
28446  -39.127  -41.361  -13.182 0.4000000060
26452  -38.566  -43.796  -5.812 0.3000000119
26453  -38.950  -42.965  -5.399 0.3000000119
113558  -38.473  -43.919  -6.659 0.3000000119
27409  -38.874  -42.500  -6.929 0.3000000119
27411  -39.947  -41.860  -5.938 0.3000000119
28362  -40.362  -41.605  -6.521 0.3000000119
117688  -38.580  -43.243  -7.175 0.3000000119
27418  -39.127  -42.068  -7.344 0.3000000119
28371  -41.673  -41.523  -7.164 0.3000000119
28394  -39.053  -41.553  -9.752 0.3000000119
27436  -39.084  -41.774  -8.844 0.3000000119
27427  -38.777  -42.699  -8.563 0.3000000119
125573  -38.842  -42.455  -9.501 0.3000000119
29421  -39.140  -40.456  -10.648 0.3000000119
28411  -39.046  -41.238  -10.625 0.3000000119
30438  -38.976  -39.782  -12.028 0.3000000119
30471  -39.046  -39.762  -13.560 0.4000000060
29479  -39.441  -40.360  -14.401 0.5000000000
27410  -39.259  -42.311  -6.206 0.3000000119
114382  -39.308  -41.984  -6.854 0.3000000119
119627  -39.729  -41.832  -6.562 0.3000000119
27417  -38.798  -42.639  -7.678 0.3000000119
27428  -39.168  -41.975  -7.995 0.3000000119
111746  -42.044  -41.749  -7.760 0.3000000119
28395  -39.439  -40.981  -9.124 0.3000000119
28383  -42.425  -42.064  -8.252 0.3000000119
28412  -39.297  -40.709  -9.947 0.3000000119
28384  -43.227  -42.430  -8.095 0.3000000119
30439  -39.318  -39.080  -11.548 0.3000000119
28414  -44.004  -43.292  -10.140 0.3000000119
29429  -39.153  -39.831  -11.073 0.3000000119
132940  -39.056  -39.177  -12.143 0.3000000119
129813  -38.923  -39.974  -12.833 0.3000000119
31440  -39.338  -38.279  -13.992 0.4000000060
31455  -39.501  -39.007  -14.627 0.5000000000
28381  -40.383  -41.143  -7.922 0.3000000119
28361  -39.776  -41.568  -7.299 0.3000000119
28370  -40.786  -41.451  -7.163 0.3000000119
29388  -40.118  -40.698  -8.698 0.3000000119
28380  -39.630  -41.299  -8.292 0.3000000119
29389  -40.902  -40.849  -8.462 0.3000000119
29390  -41.669  -41.429  -8.329 0.3000000119
29400  -39.850  -40.309  -9.445 0.3000000119
28382  -41.228  -41.350  -7.763 0.3000000119
30426  -39.580  -39.895  -10.223 0.3000000119
131499  -42.764  -42.360  -8.685 0.3000000119
28396  -42.799  -42.171  -9.350 0.3000000119
28413  -43.400  -42.739  -9.658 0.3000000119
28434  -44.385  -41.850  -12.451 0.3000000119
28422  -44.093  -42.596  -11.335 0.3000000119
31404  -39.943  -38.425  -11.856 0.3000000119
30450  -39.281  -38.688  -12.308 0.3000000119
31416  -39.194  -38.436  -13.115 0.3000000119
31439  -39.063  -39.001  -13.736 0.3000000119
29401  -40.683  -40.180  -9.202 0.3000000119
29402  -41.407  -40.699  -8.983 0.3000000119
30427  -40.351  -39.277  -10.282 0.3000000119
30402  -40.812  -39.637  -9.756 0.3000000119
30403  -41.347  -39.945  -9.603 0.3000000119
30404  -41.813  -40.583  -9.537 0.3000000119
29422  -42.383  -41.065  -9.876 0.3000000119
29403  -42.129  -41.615  -8.994 0.3000000119
30440  -40.134  -38.792  -11.063 0.3000000119
31393  -41.062  -38.817  -10.756 0.3000000119
30428  -41.270  -39.358  -10.165 0.3000000119
30429  -41.984  -39.876  -10.221 0.3000000119
29430  -42.711  -40.434  -10.777 0.3000000119
31405  -40.895  -38.397  -11.534 0.3000000119
29443  -43.642  -40.548  -12.388 0.3000000119
29431  -43.319  -41.015  -11.311 0.3000000119
29432  -43.853  -41.510  -11.877 0.3000000119
29464  -44.747  -40.623  -13.810 0.3000000119
29444  -44.166  -41.015  -12.977 0.3000000119
31417  -39.766  -38.061  -12.669 0.4000000060
28447  -44.688  -41.327  -13.352 0.3000000119
122878  -39.600  -37.900  -13.419 0.4000000060
112242  -46.662  -41.175  -14.336 0.3000000119
32430  -39.864  -37.727  -14.144 0.3000000119
32444  -39.813  -38.277  -14.857 0.4000000060
111648  -47.429  -41.290  -14.054 0.3000000119
32451  -40.594  -38.381  -15.813 0.5000000000
31406  -41.750  -38.702  -11.323 0.3000000119
30441  -41.734  -39.146  -10.693 0.3000000119
30442  -42.377  -39.381  -11.240 0.3000000119
30443  -43.068  -40.011  -11.792 0.3000000119
31418  -40.668  -37.954  -12.354 0.4000000060
30453  -44.125  -40.168  -13.448 0.3000000119
29465  -45.363  -40.363  -14.211 0.3000000119
122602  -41.154  -37.385  -13.651 0.4000000060
32431  -40.635  -37.398  -14.237 0.5000000000
29466  -46.059  -40.594  -14.345 0.4000000060
134103  -46.364  -40.354  -14.093 0.4000000060
32445  -40.377  -37.664  -15.033 0.6000000238
29467  -46.843  -40.468  -13.823 0.3000000119
32452  -41.294  -37.601  -16.227 0.6000000238
31420  -42.721  -38.499  -12.718 0.3000000119
31421  -43.478  -38.926  -13.317 0.3000000119
31419  -41.789  -38.150  -12.185 0.3000000119
30451  -42.876  -39.202  -12.281 0.3000000119
30472  -44.202  -39.343  -13.901 0.3000000119
30452  -43.495  -39.700  -12.867 0.3000000119
32418  -41.385  -37.625  -12.983 0.4000000060
112132  -44.937  -39.759  -14.247 0.4000000060
115986  -42.004  -37.305  -13.721 0.5000000000
30473  -45.687  -39.845  -14.267 0.4000000060
31445  -46.111  -39.337  -13.791 0.4000000060
30454  -46.751  -39.671  -13.216 0.4000000060
32432  -41.487  -37.066  -14.326 0.5000000000
128391  -41.793  -36.761  -15.026 0.6000000238
30474  -46.269  -40.042  -13.970 0.4000000060
31424  -47.312  -39.140  -12.459 0.4000000060
124963  -41.820  -36.816  -15.865 0.6000000238
129066  -47.598  -39.916  -12.874 0.3000000119
32453  -42.184  -37.060  -17.296 0.6000000238
32457  -42.268  -38.462  -18.111 0.6999999881
31442  -44.456  -38.605  -14.255 0.3000000119
32419  -42.419  -37.796  -13.143 0.3000000119
31443  -45.014  -38.940  -14.575 0.4000000060
31444  -45.597  -39.156  -14.443 0.4000000060
32433  -43.217  -37.461  -14.088 0.5000000000
31423  -46.493  -38.922  -12.847 0.4000000060
32446  -42.640  -36.843  -14.668 0.5000000000
31410  -47.886  -38.517  -11.842 0.4000000060
33422  -42.720  -36.443  -16.725 0.6000000238
31411  -48.899  -38.462  -11.810 0.4000000060
32412  -49.336  -37.682  -11.390 0.4000000060
33430  -42.932  -36.460  -18.206 0.6999999881
33436  -42.916  -36.472  -19.135 0.6999999881
32458  -42.461  -37.509  -18.740 0.6999999881
31441  -43.511  -38.190  -13.704 0.4000000060
121748  -45.284  -38.206  -14.531 0.4000000060
32434  -44.719  -37.781  -14.475 0.4000000060
131767  -45.529  -38.566  -14.419 0.4000000060
31422  -45.968  -38.572  -13.598 0.4000000060
31408  -46.195  -38.150  -12.400 0.4000000060
31409  -46.920  -38.410  -12.015 0.4000000060
32410  -47.439  -37.821  -11.368 0.4000000060
33413  -43.796  -36.578  -15.540 0.6000000238
32411  -48.404  -37.828  -11.310 0.4000000060
33423  -43.719  -36.207  -16.418 0.6000000238
33431  -43.836  -35.993  -17.691 0.6999999881
33380  -49.805  -36.819  -11.151 0.4000000060
33437  -43.951  -36.012  -19.040 0.6999999881
32464  -42.328  -37.385  -19.203 0.6999999881
128996  -45.480  -37.828  -14.260 0.4000000060
32447  -44.321  -37.142  -14.910 0.4000000060
32435  -45.235  -37.463  -14.484 0.4000000060
32436  -45.634  -38.069  -13.992 0.4000000060
32448  -45.118  -37.232  -15.017 0.5000000000
33424  -44.748  -35.938  -16.127 0.6999999881
32409  -46.531  -37.688  -11.554 0.4000000060
32393  -47.007  -37.219  -10.830 0.4000000060
33432  -44.993  -35.706  -17.318 0.6999999881
32395  -48.877  -37.084  -10.848 0.4000000060
33364  -48.390  -36.526  -10.364 0.4000000060
34370  -45.176  -35.207  -19.370 0.6999999881
33366  -49.964  -35.886  -11.026 0.4000000060
130978  -44.572  -35.501  -19.398 0.6999999881
33441  -42.726  -36.220  -19.424 0.6999999881
35212  -50.344  -34.706  -11.620 0.4000000060
35231  -50.549  -34.432  -12.305 0.4000000060
33398  -45.137  -36.548  -13.870 0.4000000060
32420  -45.408  -37.378  -13.501 0.4000000060
33414  -44.867  -36.582  -15.247 0.6999999881
33415  -45.120  -36.497  -15.005 0.5000000000
32421  -45.730  -37.801  -12.855 0.4000000060
33425  -45.053  -35.789  -15.880 0.6999999881
32408  -45.807  -37.421  -11.846 0.4000000060
123571  -45.463  -35.024  -16.437 0.6999999881
32392  -46.128  -37.045  -11.034 0.4000000060
33362  -46.626  -36.559  -10.379 0.4000000060
35273  -45.503  -34.623  -18.041 0.6999999881
33363  -47.524  -36.625  -10.298 0.4000000060
125119  -45.665  -35.291  -17.962 0.6999999881
123641  -48.644  -35.895  -10.125 0.4000000060
33365  -49.226  -36.168  -10.556 0.4000000060
35200  -49.467  -34.791  -10.533 0.4000000060
34376  -44.889  -35.029  -19.555 0.6999999881
34293  -50.006  -35.082  -11.026 0.4000000060
34375  -44.175  -35.192  -19.631 0.6999999881
36064  -50.113  -33.918  -11.837 0.4000000060
36082  -50.233  -33.647  -12.622 0.4000000060
33385  -44.996  -36.432  -12.648 0.4000000060
32407  -45.319  -37.031  -12.225 0.4000000060
116755  -44.685  -35.557  -13.123 0.6000000238
129454  -44.846  -36.286  -11.632 0.5000000000
129705  -45.406  -36.715  -11.327 0.4000000060
34348  -31.644  -35.244  -13.892 0.4000000060
34349  -32.311  -35.907  -14.224 0.5000000000
124950  -44.951  -35.469  -14.268 0.6000000238
119877  -45.749  -36.364  -10.578 0.4000000060
35256  -44.973  -34.434  -15.707 0.6000000238
35264  -45.375  -34.438  -16.828 0.6000000238
34278  -47.652  -35.365  -9.573 0.4000000060
33350  -47.989  -36.004  -9.913 0.4000000060
35272  -44.662  -33.834  -17.163 0.6999999881
35199  -48.843  -34.573  -10.001 0.4000000060
35285  -42.951  -34.694  -19.377 0.6999999881
115372  -49.285  -34.142  -10.488 0.4000000060
36063  -49.698  -33.480  -11.435 0.4000000060
37004  -49.647  -32.314  -12.297 0.4000000060
37985  -49.885  -32.028  -13.129 0.4000000060
124276  -44.392  -35.654  -12.054 0.5000000000
33361  -44.957  -36.089  -10.793 0.5000000000
34347  -30.860  -35.169  -14.156 0.3000000119
34331  -31.894  -34.686  -13.395 0.5000000000
35230  -44.390  -34.568  -13.631 0.6000000238
35255  -44.289  -33.781  -14.939 0.6000000238
34290  -46.260  -35.896  -9.946 0.5000000000
35254  -43.310  -33.662  -15.208 0.6999999881
35263  -44.537  -33.727  -15.982 0.6000000238
34277  -46.793  -35.347  -9.458 0.4000000060
112716  -42.832  -33.670  -16.249 0.8000000119
114721  -43.717  -33.554  -16.376 0.6999999881
35187  -47.317  -34.668  -9.234 0.4000000060
35188  -48.120  -34.655  -9.522 0.4000000060
36048  -48.864  -33.702  -10.153 0.4000000060
36049  -49.329  -33.507  -10.818 0.4000000060
36987  -49.395  -32.699  -11.371 0.4000000060
118040  -49.547  -31.459  -12.514 0.4000000060
37997  -49.896  -31.129  -13.268 0.4000000060
34325  -44.065  -34.740  -12.574 0.6000000238
34308  -43.896  -34.955  -11.552 0.6000000238
34309  -44.360  -35.624  -11.121 0.5000000000
35237  -31.214  -34.390  -13.676 0.4000000060
119198  -31.902  -33.975  -13.086 0.4000000060
35229  -43.695  -33.993  -13.083 0.6000000238
34288  -44.577  -35.408  -10.326 0.5000000000
35238  -32.516  -34.544  -13.037 0.5000000000
34289  -45.360  -35.711  -10.099 0.5000000000
35221  -33.370  -34.392  -12.706 0.5000000000
35253  -42.231  -34.204  -14.384 0.6999999881
35262  -42.092  -34.147  -15.538 0.6999999881
34276  -45.872  -35.232  -9.506 0.5000000000
36071  -33.641  -33.526  -12.496 0.6999999881
35252  -41.286  -34.730  -14.744 0.6999999881
35261  -41.081  -34.628  -16.027 0.6999999881
35186  -46.421  -34.628  -9.084 0.5000000000
36995  -34.889  -32.540  -12.483 0.6999999881
36072  -34.545  -33.358  -12.404 0.6999999881
34352  -40.311  -35.287  -15.049 0.6999999881
34359  -40.090  -34.922  -16.568 0.8000000119
36042  -47.802  -33.936  -9.257 0.4000000060
120118  -48.407  -34.008  -9.679 0.4000000060
36968  -48.893  -32.863  -10.469 0.4000000060
37958  -48.944  -31.975  -10.818 0.4000000060
37973  -49.266  -31.749  -11.689 0.4000000060
38897  -49.433  -30.603  -12.714 0.4000000060
131407  -43.463  -34.035  -11.954 0.6000000238
130005  -43.654  -34.388  -11.091 0.6000000238
34287  -43.983  -34.961  -10.665 0.6000000238
36086  -31.335  -33.425  -13.461 0.4000000060
36087  -32.087  -32.988  -12.967 0.6999999881
36089  -43.274  -33.720  -13.357 0.6999999881
35242  -44.039  -33.879  -14.034 0.6000000238
35197  -43.723  -34.223  -10.345 0.5000000000
36070  -32.702  -33.721  -12.714 0.6999999881
35240  -42.105  -34.035  -13.269 0.6999999881
35241  -42.960  -33.751  -13.946 0.6999999881
112828  -43.617  -33.695  -14.318 0.6999999881
35198  -44.228  -34.728  -9.890 0.5000000000
34275  -44.967  -35.050  -9.622 0.5000000000
122267  -33.066  -32.837  -12.674 0.6999999881
35170  -46.043  -33.880  -8.744 0.5000000000
113914  -34.000  -32.680  -12.533 0.6999999881
34324  -40.429  -34.848  -13.181 0.6999999881
35239  -41.326  -34.605  -13.670 0.6999999881
36023  -46.561  -33.149  -8.752 0.4000000060
35227  -39.966  -34.299  -12.646 0.6999999881
34339  -39.952  -35.433  -13.770 0.6999999881
36077  -39.464  -33.763  -12.448 0.6000000238
35226  -39.017  -34.554  -12.542 0.6000000238
34323  -39.537  -35.110  -12.890 0.6999999881
36024  -47.436  -33.143  -9.083 0.4000000060
122939  -47.773  -32.321  -9.411 0.4000000060
37979  -35.262  -31.743  -12.708 0.6999999881
117095  -39.068  -33.259  -12.448 0.6000000238
120009  -48.432  -32.176  -10.041 0.4000000060
36076  -38.495  -33.822  -12.412 0.6000000238
37957  -48.483  -31.303  -10.378 0.4000000060
37972  -48.892  -31.132  -11.152 0.4000000060
38885  -49.161  -30.927  -11.949 0.4000000060
39848  -49.187  -29.767  -12.888 0.4000000060
37008  -30.836  -32.983  -13.829 0.6000000238
37009  -31.469  -32.455  -13.595 0.6000000238
122247  -42.044  -32.806  -11.905 0.6000000238
36080  -42.623  -33.386  -12.414 0.6999999881
36081  -43.084  -33.542  -12.403 0.6999999881
36062  -43.074  -33.254  -11.562 0.6000000238
36079  -41.762  -33.384  -12.427 0.6000000238
36088  -42.651  -33.684  -13.012 0.6999999881
36994  -32.625  -32.167  -13.098 0.6999999881
36078  -40.495  -33.394  -12.324 0.6000000238
36041  -45.153  -33.747  -8.804 0.5000000000
37010  -33.490  -32.017  -12.887 0.6999999881
37000  -39.705  -33.026  -12.299 0.6000000238
36022  -45.672  -33.100  -8.615 0.4000000060
37978  -34.367  -31.869  -12.753 0.6999999881
37992  -34.727  -31.016  -13.206 0.6999999881
37928  -46.621  -31.720  -8.785 0.4000000060
36945  -47.020  -32.385  -8.921 0.4000000060
124978  -39.157  -32.698  -12.471 0.6000000238
38858  -47.495  -30.843  -9.416 0.4000000060
37944  -47.969  -31.483  -9.707 0.4000000060
37980  -36.237  -31.623  -12.812 0.6999999881
37981  -37.225  -31.822  -12.849 0.6999999881
127999  -37.805  -33.345  -12.465 0.6000000238
38875  -48.483  -30.395  -10.706 0.4000000060
39834  -48.595  -29.772  -11.424 0.4000000060
131374  -48.836  -30.472  -11.467 0.4000000060
39847  -48.699  -29.343  -12.231 0.4000000060
38896  -48.998  -30.142  -12.112 0.4000000060
36047  -43.393  -33.682  -11.008 0.6000000238
38003  -31.346  -31.590  -14.142 0.5000000000
37002  -41.221  -32.674  -11.907 0.6000000238
36985  -41.849  -32.088  -11.634 0.6000000238
37003  -42.618  -32.923  -11.693 0.6000000238
112277  -43.186  -33.000  -10.884 0.6000000238
36039  -43.453  -33.335  -10.105 0.6000000238
37989  -32.066  -31.617  -13.598 0.5000000000
36984  -40.915  -31.769  -11.800 0.6000000238
36957  -43.574  -32.635  -9.485 0.5000000000
128626  -43.829  -33.286  -9.347 0.4000000060
36040  -44.367  -33.542  -9.005 0.5000000000
36958  -44.081  -32.803  -8.910 0.5000000000
36942  -44.516  -32.194  -8.667 0.4000000060
36943  -45.346  -32.340  -8.555 0.4000000060
37990  -33.011  -31.253  -13.405 0.8000000119
37984  -40.036  -31.705  -12.068 0.6000000238
37926  -45.087  -31.611  -8.531 0.4000000060
37927  -45.879  -31.723  -8.567 0.4000000060
37991  -33.879  -31.355  -13.161 0.6999999881
37983  -38.921  -32.071  -12.676 0.6000000238
38840  -46.860  -31.007  -8.937 0.4000000060
122199  -35.537  -30.597  -13.617 0.6999999881
39810  -47.627  -30.067  -9.620 0.4000000060
122698  -48.067  -29.978  -10.129 0.4000000060
37993  -36.232  -30.873  -13.347 0.6999999881
37982  -38.115  -31.961  -12.814 0.6999999881
39809  -47.728  -29.339  -9.919 0.4000000060
39825  -48.172  -29.491  -10.658 0.4000000060
37994  -37.001  -31.129  -13.274 0.6999999881
40708  -47.756  -28.678  -10.488 0.4000000060
40715  -47.774  -28.141  -11.066 0.3000000119
40716  -48.221  -28.841  -11.440 0.4000000060
41621  -47.772  -27.248  -12.119 0.4000000060
40726  -48.432  -28.522  -12.405 0.3000000119
37970  -42.270  -31.431  -11.398 0.6000000238
37971  -42.834  -31.537  -10.917 0.6000000238
134443  -42.898  -32.107  -10.958 0.6000000238
121343  -43.154  -32.306  -10.400 0.5000000000
127205  -31.833  -31.015  -14.128 0.6000000238
38895  -41.095  -30.852  -11.716 0.6000000238
37969  -41.614  -31.384  -11.600 0.6000000238
121693  -43.419  -31.932  -9.576 0.5000000000
38004  -32.380  -30.911  -13.911 0.6999999881
38836  -43.848  -30.479  -8.893 0.5000000000
36941  -43.820  -32.048  -8.963 0.4000000060
38914  -32.976  -30.517  -14.164 0.6999999881
118910  -39.399  -31.376  -12.547 0.6000000238
134083  -39.857  -31.190  -12.215 0.6000000238
123651  -44.976  -30.988  -8.533 0.5000000000
121022  -45.658  -31.070  -8.552 0.5000000000
38915  -34.725  -30.218  -14.145 0.8000000119
38901  -33.813  -30.672  -13.710 0.8000000119
39794  -45.697  -29.722  -8.611 0.4000000060
38839  -46.244  -30.455  -8.676 0.4000000060
38905  -39.170  -30.477  -13.220 0.6000000238
39795  -46.499  -29.587  -8.851 0.4000000060
37996  -38.678  -31.295  -13.042 0.6999999881
44240  -45.116  -24.763  -10.629 0.5000000000
43331  -44.948  -25.932  -9.945 0.5000000000
42450  -45.874  -26.819  -9.731 0.5000000000
40695  -46.347  -28.306  -9.202 0.4000000060
125161  -46.671  -28.926  -9.081 0.4000000060
128049  -36.196  -30.428  -13.873 0.6999999881
38917  -36.612  -30.073  -14.335 0.6999999881
38903  -37.623  -30.711  -13.730 0.6999999881
38904  -38.396  -30.690  -13.591 0.6999999881
44249  -44.769  -24.131  -10.982 0.5000000000
42459  -45.698  -26.103  -10.026 0.5000000000
42460  -46.412  -26.436  -10.287 0.4000000060
41603  -46.599  -27.200  -9.990 0.4000000060
40696  -47.163  -28.576  -9.654 0.4000000060
45216  -45.307  -23.755  -11.567 0.4000000060
44241  -45.869  -25.011  -10.895 0.5000000000
42467  -46.831  -26.120  -10.985 0.4000000060
42468  -47.330  -26.675  -11.544 0.4000000060
41604  -47.282  -27.795  -10.363 0.4000000060
45217  -45.879  -24.119  -11.792 0.4000000060
44251  -46.193  -24.700  -11.612 0.4000000060
43348  -46.514  -25.404  -11.319 0.4000000060
41610  -47.576  -27.433  -11.244 0.4000000060
38882  -41.911  -30.733  -11.513 0.6000000238
38912  -31.380  -30.778  -14.722 0.5000000000
118208  -41.402  -30.042  -11.686 0.6000000238
39833  -42.235  -29.971  -11.391 0.6000000238
38884  -42.943  -30.771  -10.617 0.5000000000
38856  -43.272  -30.392  -9.750 0.5000000000
37956  -43.157  -31.366  -10.069 0.5000000000
38913  -32.217  -30.525  -14.541 0.6000000238
38894  -40.466  -30.139  -12.015 0.6000000238
124566  -40.314  -31.044  -11.952 0.6000000238
39824  -43.208  -29.335  -9.900 0.5000000000
39806  -43.661  -29.655  -9.134 0.5000000000
38932  -32.865  -29.953  -15.042 0.6000000238
38893  -39.800  -30.668  -12.422 0.6000000238
39807  -44.168  -29.148  -8.852 0.5000000000
39792  -44.324  -29.794  -8.711 0.5000000000
115365  -33.709  -30.108  -14.559 0.8000000119
42448  -44.393  -26.531  -9.726 0.5000000000
40692  -43.853  -27.899  -9.401 0.5000000000
39793  -44.988  -29.129  -8.649 0.5000000000
117340  -44.995  -29.904  -8.561 0.5000000000
39866  -34.328  -29.675  -15.031 0.8000000119
44238  -43.279  -24.824  -10.642 0.5000000000
43336  -43.013  -25.691  -10.524 0.5000000000
42458  -44.264  -25.889  -10.057 0.5000000000
41591  -44.410  -27.231  -9.435 0.5000000000
118715  -44.635  -27.783  -9.150 0.5000000000
40694  -45.379  -28.167  -8.960 0.4000000060
39867  -35.229  -29.641  -14.907 0.8000000119
44239  -44.230  -24.710  -10.564 0.5000000000
42449  -45.160  -26.556  -9.652 0.5000000000
41592  -45.194  -27.266  -9.356 0.5000000000
39868  -36.231  -29.519  -14.970 0.8000000119
38918  -37.437  -30.202  -14.275 0.6999999881
38919  -38.102  -30.309  -14.106 0.6999999881
44247  -42.735  -24.155  -11.183 0.5000000000
45214  -43.495  -23.432  -11.440 0.4000000060
38902  -36.854  -30.576  -13.818 0.6999999881
45215  -44.463  -23.517  -11.429 0.4000000060
38883  -42.574  -30.719  -11.165 0.5000000000
38930  -31.185  -30.194  -15.392 0.5000000000
39846  -40.954  -29.442  -11.902 0.6000000238
38874  -42.856  -29.909  -10.785 0.5000000000
39881  -31.681  -29.610  -15.831 0.5000000000
39823  -42.805  -28.905  -10.656 0.5000000000
40707  -43.211  -28.409  -9.924 0.5000000000
39898  -31.400  -29.175  -16.414 0.5000000000
38931  -31.955  -30.082  -15.218 0.5000000000
39844  -39.811  -29.837  -12.788 0.6000000238
39845  -40.387  -29.235  -12.404 0.6000000238
41601  -42.487  -26.990  -10.845 0.5000000000
121151  -43.275  -27.658  -9.933 0.5000000000
39858  -39.932  -29.057  -13.065 0.6000000238
43347  -42.454  -25.180  -10.957 0.5000000000
42466  -42.392  -26.126  -10.939 0.5000000000
41602  -43.063  -27.051  -10.246 0.5000000000
39883  -33.976  -29.270  -15.725 0.6999999881
130904  -39.393  -29.434  -13.736 0.6000000238
42457  -43.555  -26.286  -10.112 0.5000000000
41590  -43.718  -27.092  -9.738 0.5000000000
39857  -38.728  -30.020  -14.049 0.6999999881
39884  -34.807  -29.253  -15.636 0.6999999881
45213  -42.718  -23.418  -11.659 0.4000000060
39869  -37.210  -29.672  -14.814 0.6999999881
45229  -43.225  -22.835  -11.937 0.5000000000
123986  -35.580  -29.247  -15.494 0.6999999881
45230  -44.189  -22.862  -11.875 0.4000000060
45231  -45.120  -23.077  -11.979 0.5000000000
129557  -45.380  -22.130  -14.118 0.4000000060
45249  -45.724  -22.920  -14.566 0.5000000000
46167  -45.492  -22.177  -15.050 0.5000000000
45250  -45.977  -23.809  -15.093 0.5000000000
117158  -41.703  -29.160  -11.583 0.6000000238
134024  -42.434  -29.295  -11.188 0.5000000000
40725  -40.981  -28.672  -12.074 0.6000000238
123472  -41.614  -28.204  -11.706 0.6000000238
40714  -42.287  -28.522  -11.232 0.5000000000
40706  -42.746  -27.890  -10.607 0.5000000000
40769  -31.902  -28.677  -16.976 0.5000000000
39899  -32.130  -29.107  -16.363 0.5000000000
125071  -32.436  -29.500  -15.760 0.6999999881
40724  -40.384  -28.319  -12.836 0.6000000238
41620  -41.054  -27.719  -12.286 0.6000000238
43346  -41.886  -25.753  -11.532 0.5000000000
41609  -42.131  -27.652  -11.324 0.5000000000
40768  -31.021  -28.694  -17.006 0.5000000000
125491  -32.822  -28.977  -16.341 0.6000000238
42465  -41.897  -26.774  -11.534 0.5000000000
39900  -33.576  -28.909  -16.383 0.6999999881
40739  -39.835  -28.511  -13.672 0.6000000238
44246  -41.937  -24.770  -11.623 0.5000000000
40738  -39.398  -28.667  -14.423 0.6000000238
44255  -42.037  -23.825  -11.870 0.6000000238
45227  -41.632  -23.502  -12.800 0.4000000060
46153  -42.054  -22.611  -12.884 0.5000000000
39870  -38.126  -29.719  -14.660 0.6999999881
39871  -38.896  -29.278  -14.572 0.6999999881
46154  -42.885  -22.356  -12.540 0.5000000000
47045  -43.561  -20.918  -14.175 0.4000000060
47887  -43.934  -20.589  -14.776 0.4000000060
132324  -37.755  -29.314  -15.216 0.6999999881
47046  -44.363  -21.057  -14.263 0.4000000060
40756  -37.054  -28.710  -16.112 0.6999999881
47047  -45.028  -21.479  -14.575 0.4000000060
39902  -35.421  -28.834  -16.291 0.6999999881
45253  -45.862  -23.882  -16.291 0.5000000000
45252  -45.752  -23.013  -15.581 0.5000000000
41608  -41.625  -27.486  -11.807 0.5000000000
40788  -31.558  -28.446  -17.756 0.6000000238
40789  -32.567  -28.520  -17.720 0.6000000238
41633  -40.208  -27.675  -13.614 0.6000000238
42475  -41.410  -26.319  -12.145 0.5000000000
131473  -32.520  -28.687  -16.865 0.6000000238
41632  -39.772  -27.905  -14.354 0.5000000000
43354  -41.468  -25.425  -12.272 0.5000000000
44254  -41.536  -24.492  -12.471 0.5000000000
40770  -33.152  -28.613  -17.054 0.6999999881
40771  -33.966  -28.656  -17.181 0.6999999881
40750  -39.056  -28.658  -15.015 0.6999999881
129811  -41.737  -21.426  -14.644 0.5000000000
47885  -42.306  -20.661  -15.005 0.4000000060
39901  -34.413  -28.872  -16.384 0.6999999881
39887  -38.465  -28.957  -15.291 0.6999999881
40757  -37.761  -28.799  -15.745 0.6999999881
47038  -42.260  -21.645  -13.891 0.5000000000
47044  -42.688  -21.016  -14.298 0.4000000060
47886  -43.159  -20.538  -14.793 0.4000000060
39886  -37.048  -29.194  -15.449 0.6999999881
125126  -43.537  -20.296  -15.257 0.4000000060
47893  -44.122  -20.424  -15.501 0.4000000060
40772  -34.872  -28.592  -17.186 0.6999999881
40774  -37.077  -28.480  -16.813 0.6999999881
47050  -44.603  -20.889  -15.045 0.4000000060
40773  -35.819  -28.538  -17.194 0.6999999881
134838  -36.616  -28.442  -17.221 0.6999999881
119178  -44.694  -20.846  -15.972 0.4000000060
47055  -45.133  -21.549  -16.627 0.4000000060
117217  -45.592  -23.031  -16.500 0.5000000000
46169  -45.509  -22.247  -16.100 0.5000000000
41619  -40.591  -27.459  -12.950 0.5000000000
42474  -40.958  -26.883  -12.623 0.5000000000
42483  -40.585  -26.760  -13.505 0.5000000000
42484  -41.052  -26.068  -12.899 0.5000000000
43362  -41.145  -25.202  -13.120 0.5000000000
40800  -32.137  -28.451  -18.582 0.6000000238
40801  -33.095  -28.557  -18.677 0.6000000238
41646  -40.154  -27.120  -14.356 0.5000000000
40790  -33.510  -28.494  -17.939 0.6999999881
41645  -39.769  -27.426  -15.045 0.5000000000
44266  -41.225  -24.358  -13.407 0.6000000238
45243  -41.247  -23.567  -13.793 0.5000000000
41657  -39.431  -27.676  -15.552 0.6999999881
124724  -41.563  -22.922  -13.420 0.5000000000
47049  -41.512  -20.959  -15.492 0.4000000060
40791  -34.400  -28.443  -18.020 0.6999999881
131668  -38.999  -28.219  -15.666 0.8000000119
45248  -41.311  -22.766  -14.198 0.5000000000
128586  -41.308  -22.196  -14.699 0.5000000000
47891  -42.830  -20.097  -15.507 0.4000000060
47892  -43.584  -19.982  -15.869 0.4000000060
40795  -38.449  -27.878  -17.313 0.6000000238
110262  -38.874  -27.295  -17.739 0.6000000238
47900  -44.196  -20.308  -16.374 0.4000000060
40792  -35.380  -28.379  -18.007 0.6999999881
40793  -36.369  -28.291  -17.908 0.6000000238
40794  -37.427  -28.129  -17.663 0.6999999881
41676  -37.601  -27.773  -18.693 0.6000000238
120473  -38.257  -27.578  -18.166 0.6000000238
111626  -38.273  -27.349  -19.063 0.6000000238
126191  -38.488  -26.859  -19.660 0.6000000238
132219  -38.789  -26.423  -19.517 0.6000000238
45255  -45.460  -23.480  -17.300 0.5000000000
41682  -31.632  -28.031  -19.145 0.5000000000
43361  -40.775  -25.827  -13.721 0.6000000238
44265  -40.913  -25.067  -13.975 0.6000000238
42492  -40.099  -26.685  -15.133 0.6000000238
116667  -40.462  -26.304  -14.406 0.6000000238
45242  -40.941  -24.335  -14.309 0.5000000000
111364  -40.977  -23.590  -14.723 0.5000000000
41688  -33.251  -27.843  -19.649 0.6000000238
40807  -33.619  -28.431  -19.163 0.6000000238
111242  -39.950  -26.344  -15.918 0.6000000238
110287  -41.007  -22.827  -15.107 0.5000000000
126422  -41.013  -21.931  -15.442 0.5000000000
47890  -42.025  -20.326  -15.636 0.4000000060
40803  -34.921  -28.399  -18.788 0.6999999881
40808  -34.503  -28.302  -19.222 0.6000000238
41668  -39.223  -27.543  -16.186 0.6999999881
110267  -39.493  -26.832  -16.592 0.6000000238
47898  -42.221  -19.801  -16.118 0.4000000060
48796  -42.988  -19.607  -16.260 0.4000000060
40776  -38.720  -28.022  -16.479 0.6999999881
111382  -39.009  -27.418  -16.968 0.6999999881
110265  -39.582  -25.819  -17.786 0.6999999881
110278  -40.579  -23.585  -15.678 0.5000000000
132297  -40.662  -22.743  -15.808 0.5000000000
47899  -43.657  -19.788  -16.714 0.4000000060
40809  -35.459  -28.088  -19.347 0.6000000238
111640  -39.225  -26.620  -18.036 0.6000000238
111564  -39.538  -25.262  -18.174 0.6999999881
40805  -36.964  -27.862  -19.149 0.6000000238
110263  -38.876  -26.630  -18.963 0.6000000238
111169  -39.316  -25.905  -18.546 0.6000000238
110279  -39.300  -25.030  -18.854 0.6000000238
40811  -37.145  -27.664  -19.680 0.6000000238
41683  -37.593  -27.617  -19.336 0.6000000238
111185  -38.907  -25.231  -19.707 0.6000000238
125960  -38.816  -23.861  -20.133 0.6000000238
47054  -44.728  -20.880  -17.014 0.4000000060
111175  -38.670  -26.155  -20.011 0.6000000238
126782  -38.686  -24.602  -20.242 0.6000000238
47059  -45.097  -21.709  -17.674 0.5000000000
121096  -45.246  -23.224  -18.052 0.5000000000
46173  -45.258  -22.605  -18.200 0.5000000000
43374  -40.648  -25.610  -14.426 0.6000000238
110268  -40.399  -25.804  -15.200 0.6000000238
44277  -40.696  -25.048  -14.771 0.6000000238
111656  -40.678  -24.365  -15.158 0.5000000000
118694  -32.282  -27.672  -19.597 0.6000000238
110272  -40.102  -25.462  -16.134 0.6000000238
129837  -40.576  -21.628  -16.915 0.5000000000
47897  -41.429  -20.374  -16.312 0.4000000060
41693  -34.059  -27.430  -20.112 0.6000000238
41689  -34.114  -28.037  -19.526 0.6000000238
111539  -39.813  -26.133  -16.604 0.6000000238
111992  -39.821  -25.602  -17.028 0.6000000238
126243  -40.268  -23.933  -16.587 0.5000000000
126070  -40.149  -22.835  -17.703 0.5000000000
126518  -40.340  -22.764  -17.036 0.5000000000
48799  -41.755  -19.535  -16.755 0.4000000060
48800  -42.461  -19.356  -16.627 0.4000000060
111132  -39.793  -25.037  -17.555 0.5000000000
111083  -40.400  -23.110  -16.455 0.5000000000
120093  -43.132  -19.238  -17.134 0.4000000060
41690  -35.973  -27.772  -19.823 0.6000000238
125925  -39.054  -23.321  -19.651 0.6000000238
126173  -36.464  -27.484  -20.140 0.6000000238
127183  -37.433  -26.639  -20.550 0.6000000238
47902  -43.822  -19.742  -17.586 0.4000000060
47058  -44.922  -20.892  -17.888 0.4000000060
47903  -44.273  -20.280  -17.367 0.4000000060
126140  -37.995  -25.914  -20.657 0.6000000238
132845  -38.537  -25.381  -20.330 0.6000000238
47063  -45.410  -21.756  -18.264 0.5000000000
132539  -45.741  -21.973  -18.565 0.4000000060
111368  -40.460  -25.049  -15.451 0.6000000238
111398  -40.317  -24.520  -15.955 0.5000000000
111128  -40.136  -21.579  -18.390 0.5000000000
126544  -40.403  -21.449  -17.660 0.5000000000
110302  -40.749  -20.888  -16.957 0.5000000000
110301  -41.016  -20.029  -17.258 0.4000000060
127588  -34.866  -27.149  -20.382 0.6000000238
110884  -35.526  -26.613  -20.713 0.6000000238
126496  -40.075  -24.792  -16.789 0.6000000238
126681  -39.821  -22.802  -18.447 0.5000000000
110309  -40.367  -22.196  -17.312 0.5000000000
114784  -42.288  -19.002  -17.198 0.4000000060
111349  -34.981  -27.819  -19.805 0.6000000238
110943  -39.836  -23.621  -18.064 0.5000000000
126327  -35.754  -27.383  -20.265 0.6000000238
110935  -36.562  -26.848  -20.591 0.6000000238
126399  -37.128  -26.046  -21.031 0.6000000238
126675  -38.666  -23.201  -20.401 0.6000000238
47907  -44.499  -20.126  -18.266 0.4000000060
126030  -37.795  -24.368  -21.398 0.6000000238
110294  -38.219  -24.930  -20.862 0.6000000238
126734  -38.369  -23.966  -20.838 0.6000000238
47062  -45.246  -20.787  -18.358 0.4000000060
47908  -45.845  -20.427  -18.583 0.3000000119
47909  -46.801  -20.631  -18.552 0.3000000119
111122  -40.287  -20.819  -18.317 0.5000000000
126508  -40.566  -20.686  -17.609 0.5000000000
48803  -40.859  -19.543  -18.011 0.5000000000
48812  -41.368  -18.918  -18.317 0.5000000000
126545  -39.828  -21.238  -19.049 0.6000000238
48804  -41.518  -19.218  -17.523 0.4000000060
49779  -42.126  -18.750  -17.965 0.5000000000
126235  -36.176  -25.998  -21.114 0.6000000238
110293  -36.719  -25.311  -21.505 0.6000000238
126077  -39.303  -21.823  -19.543 0.6000000238
48805  -42.817  -18.923  -17.770 0.4000000060
126059  -37.129  -24.574  -21.792 0.6000000238
125959  -39.412  -22.668  -19.201 0.6999999881
48813  -43.720  -19.389  -18.389 0.3000000119
126793  -37.434  -23.807  -21.968 0.6000000238
110731  -38.814  -21.889  -20.246 0.6000000238
48814  -44.578  -19.733  -18.925 0.3000000119
111306  -37.552  -25.216  -21.275 0.6000000238
126341  -38.538  -22.431  -20.714 0.6000000238
126781  -37.950  -23.669  -21.479 0.6000000238
110745  -38.266  -23.113  -21.169 0.6000000238
110304  -38.109  -21.464  -22.144 0.6000000238
129307  -40.035  -20.459  -18.992 0.6000000238
48811  -40.745  -19.224  -18.792 0.5000000000
132160  -39.417  -21.193  -19.582 0.6000000238
110290  -39.550  -20.521  -19.647 0.6000000238
49784  -42.099  -18.591  -18.936 0.4000000060
49785  -42.877  -18.878  -18.591 0.4000000060
110266  -35.761  -25.230  -21.556 0.6000000238
110271  -36.271  -24.612  -21.911 0.6000000238
111229  -36.672  -23.933  -22.274 0.6000000238
127904  -37.070  -23.070  -22.567 0.6000000238
111211  -37.077  -22.172  -22.936 0.6000000238
110292  -38.486  -21.524  -21.020 0.6000000238
125961  -37.677  -22.316  -22.364 0.6000000238
110783  -37.835  -23.091  -21.956 0.6000000238
48815  -45.169  -20.059  -18.734 0.3000000119
131852  -45.818  -19.871  -18.613 0.3000000119
48817  -46.578  -19.681  -18.497 0.3000000119
48825  -39.568  -19.659  -20.157 0.6000000238
48810  -40.107  -19.630  -19.380 0.6000000238
47906  -40.388  -19.965  -18.544 0.5000000000
49798  -40.726  -18.688  -19.660 0.5000000000
128256  -41.271  -18.730  -19.044 0.4000000060
114900  -39.105  -20.304  -20.438 0.6000000238
49800  -42.705  -18.648  -20.029 0.4000000060
48837  -38.753  -20.082  -21.136 0.6000000238
121734  -42.997  -18.910  -19.454 0.4000000060
49786  -43.702  -19.234  -19.403 0.3000000119
110305  -35.880  -23.260  -22.606 0.6000000238
110291  -38.699  -20.749  -20.845 0.6000000238
47925  -38.499  -20.728  -21.626 0.6000000238
48827  -44.762  -19.393  -19.417 0.3000000119
47941  -37.284  -20.663  -23.290 0.6000000238
47932  -37.668  -20.977  -22.847 0.6000000238
48816  -45.817  -19.319  -18.670 0.3000000119
49788  -46.711  -18.573  -18.457 0.3000000119
49797  -40.024  -19.014  -20.069 0.5000000000
50802  -41.251  -17.982  -20.453 0.5000000000
49799  -41.678  -18.305  -19.706 0.4000000060
49809  -39.510  -18.862  -20.767 0.6000000238
50793  -42.399  -18.232  -20.763 0.4000000060
48838  -39.121  -19.613  -20.739 0.6000000238
49811  -43.538  -18.857  -21.161 0.4000000060
111594  -36.333  -22.516  -22.947 0.6000000238
48847  -38.613  -19.911  -21.957 0.6000000238
49812  -44.253  -19.093  -21.001 0.3000000119
112185  -36.023  -21.317  -23.439 0.6000000238
110314  -36.475  -21.898  -23.209 0.6000000238
50806  -44.724  -18.816  -20.485 0.3000000119
111158  -38.207  -20.502  -22.437 0.6000000238
47070  -37.010  -21.360  -23.235 0.6000000238
117765  -37.217  -20.145  -23.499 0.6000000238
48854  -37.756  -20.117  -23.115 0.6000000238
50818  -40.940  -17.689  -21.452 0.4000000060
48848  -38.914  -19.287  -21.377 0.5000000000
49821  -39.381  -18.549  -21.750 0.5000000000
49820  -38.787  -19.058  -22.237 0.5000000000
131013  -44.460  -18.610  -21.193 0.3000000119
47939  -35.400  -20.460  -23.680 0.6000000238
133393  -38.046  -19.330  -23.295 0.5000000000
48861  -36.202  -20.019  -23.840 0.6000000238
47940  -36.628  -20.577  -23.581 0.6000000238
134444  -36.286  -19.492  -24.060 0.6000000238
48862  -36.795  -19.813  -23.790 0.6000000238
48863  -37.442  -19.404  -23.691 0.6000000238
49837  -35.846  -18.830  -24.326 0.5000000000
113297  -36.721  -19.062  -24.133 0.5000000000
50817  -40.072  -17.789  -22.236 0.4000000060
50819  -42.162  -17.461  -22.232 0.4000000060
50803  -41.945  -17.776  -21.313 0.3000000119
49829  -39.306  -18.296  -22.753 0.5000000000
50820  -43.219  -17.509  -22.808 0.3000000119
50804  -43.194  -18.228  -22.029 0.3000000119
49828  -38.578  -18.851  -23.073 0.5000000000
51806  -43.647  -17.158  -22.846 0.3000000119
50821  -43.794  -17.975  -22.604 0.3000000119
50805  -44.045  -18.479  -21.857 0.3000000119
49839  -38.049  -18.552  -23.877 0.5000000000
51798  -44.755  -17.753  -20.431 0.3000000119
49838  -37.244  -18.583  -24.186 0.5000000000
50829  -40.274  -17.448  -23.083 0.3000000119
50841  -40.916  -16.937  -23.376 0.3000000119
50830  -41.209  -17.258  -22.736 0.3000000119
50840  -39.588  -17.698  -23.328 0.3000000119
134644  -39.787  -17.797  -22.866 0.4000000060
51817  -43.065  -16.693  -23.220 0.3000000119
122517  -39.200  -17.331  -23.840 0.3000000119
50839  -38.306  -17.531  -24.111 0.4000000060
51807  -44.105  -17.586  -22.402 0.3000000119
51797  -44.397  -17.772  -21.489 0.3000000119
50848  -37.285  -17.585  -24.407 0.5000000000
51788  -44.338  -16.541  -20.319 0.3000000119
49849  -36.344  -17.989  -24.509 0.4000000060
51825  -40.522  -16.375  -23.624 0.3000000119
50842  -41.720  -16.818  -23.296 0.3000000119
51824  -39.524  -16.534  -23.906 0.3000000119
115863  -40.069  -17.134  -23.635 0.3000000119
50831  -42.401  -17.023  -23.081 0.3000000119
51823  -38.486  -16.588  -24.142 0.3000000119
52716  -43.845  -16.648  -22.564 0.3000000119
51832  -37.488  -16.563  -24.419 0.3000000119
116176  -43.487  -15.691  -22.019 0.3000000119
52709  -44.022  -16.457  -21.510 0.3000000119
50847  -36.350  -16.933  -24.720 0.4000000060
116784  -36.693  -16.458  -24.697 0.4000000060
52697  -44.138  -15.554  -19.368 0.3000000119
51789  -44.769  -16.541  -19.368 0.3000000119
52734  -39.807  -15.518  -23.787 0.3000000119
51826  -41.491  -16.332  -23.451 0.3000000119
123765  -42.021  -15.812  -23.510 0.3000000119
51816  -42.319  -16.419  -23.383 0.3000000119
52726  -42.667  -15.727  -23.327 0.3000000119
128524  -42.873  -15.230  -23.136 0.3000000119
115547  -37.442  -15.523  -24.503 0.3000000119
52733  -38.617  -15.600  -24.142 0.3000000119
52727  -43.389  -16.032  -23.042 0.3000000119
52708  -43.475  -15.337  -21.004 0.3000000119
51830  -35.660  -15.670  -25.230 0.4000000060
125059  -43.700  -15.492  -20.159 0.3000000119
53633  -43.639  -14.686  -19.356 0.3000000119
53619  -44.260  -14.763  -18.826 0.3000000119
52735  -41.091  -15.434  -23.530 0.3000000119
52736  -41.960  -15.084  -23.451 0.3000000119
53667  -38.776  -14.602  -24.161 0.3000000119
53665  -42.326  -14.819  -23.262 0.3000000119
53658  -43.045  -15.036  -22.506 0.3000000119
52741  -37.351  -14.559  -24.623 0.3000000119
53657  -42.481  -14.508  -22.821 0.3000000119
53646  -42.495  -14.211  -21.827 0.3000000119
51831  -36.428  -15.403  -25.012 0.4000000060
53647  -43.007  -14.762  -21.351 0.3000000119
53632  -43.108  -14.537  -20.160 0.3000000119
52739  -35.225  -14.389  -25.233 0.4000000060
54632  -44.465  -13.912  -18.745 0.3000000119
53668  -40.148  -14.319  -23.782 0.3000000119
53669  -41.279  -14.518  -23.541 0.3000000119
53664  -41.685  -14.243  -23.377 0.3000000119
53671  -38.938  -13.698  -24.276 0.3000000119
54677  -41.951  -13.986  -23.163 0.3000000119
53670  -37.406  -13.716  -24.800 0.3000000119
54658  -42.558  -13.907  -20.716 0.3000000119
54644  -42.839  -13.549  -19.830 0.3000000119
54645  -43.299  -13.977  -19.425 0.3000000119
52731  -34.418  -13.987  -24.950 0.3000000119
54631  -43.775  -13.953  -18.951 0.3000000119
55649  -44.935  -13.190  -18.995 0.3000000119
54680  -40.941  -13.627  -23.726 0.3000000119
54676  -41.341  -13.394  -23.497 0.3000000119
54682  -38.136  -12.883  -24.776 0.3000000119
54671  -42.023  -13.705  -22.376 0.3000000119
55706  -41.549  -13.200  -22.987 0.3000000119
54657  -42.078  -13.373  -21.286 0.3000000119
55681  -42.307  -13.021  -20.316 0.3000000119
116094  -43.411  -13.269  -19.355 0.3000000119
118148  -42.861  -12.657  -19.708 0.3000000119
55648  -44.055  -13.200  -19.013 0.3000000119
55666  -45.483  -12.520  -19.411 0.3000000119
55712  -38.978  -12.092  -24.967 0.3000000119
54679  -39.783  -12.926  -24.290 0.3000000119
55709  -40.549  -12.570  -23.955 0.3000000119
55708  -39.722  -11.697  -24.802 0.3000000119
55705  -40.968  -12.572  -23.593 0.3000000119
54681  -36.540  -12.540  -25.386 0.3000000119
55698  -41.575  -12.907  -21.917 0.3000000119
54678  -35.386  -12.515  -25.131 0.3000000119
119283  -43.712  -11.493  -19.790 0.3000000119
133845  -44.304  -11.857  -19.582 0.3000000119
56660  -38.696  -11.114  -25.804 0.3000000119
56661  -37.034  -11.391  -25.824 0.3000000119
56657  -37.302  -10.317  -26.348 0.3000000119
56659  -35.872  -11.011  -25.858 0.3000000119
55713  -36.790  -11.980  -25.559 0.3000000119
55711  -37.780  -12.005  -25.304 0.3000000119
55707  -35.498  -11.795  -25.230 0.3000000119
55710  -35.856  -11.835  -25.563 0.3000000119
126342  -39.457  -24.159  -18.665 0.6999999881
126340  -40.204  -23.413  -17.224 0.5000000000
123649  -45.363  -52.583  -7.581 0.3000000119
18479  -45.324  -51.763  -7.460 0.3000000119
19426  -45.539  -51.307  -7.817 0.3000000119
19442  -45.780  -51.679  -8.425 0.4000000060
18503  -45.568  -51.930  -9.139 0.4000000060
18516  -44.865  -52.732  -10.196 0.4000000060
18514  -42.739  -52.310  -10.400 0.4000000060
19465  -42.078  -51.922  -10.953 0.4000000060
19464  -41.505  -51.244  -11.137 0.4000000060
20325  -41.473  -50.470  -11.717 0.4000000060
22053  -40.807  -48.297  -11.930 0.4000000060
21164  -41.580  -49.535  -12.136 0.4000000060
22912  -40.558  -47.701  -11.927 0.4000000060
27484  -39.419  -42.817  -13.296 0.4000000060
27379  -39.526  -42.518  -4.687 0.3000000119
28344  -40.626  -41.625  -5.842 0.3000000119
130046  -41.293  -41.484  -6.358 0.3000000119
27493  -39.492  -42.123  -13.921 0.5000000000
28398  -43.919  -43.278  -9.104 0.3000000119
30483  -40.030  -40.060  -15.402 0.5000000000
29445  -47.948  -40.637  -13.289 0.3000000119
30455  -48.433  -40.074  -12.771 0.3000000119
31462  -41.554  -38.666  -16.948 0.6000000238
31425  -48.406  -39.289  -12.344 0.4000000060
32413  -50.535  -36.955  -11.690 0.4000000060
33381  -50.390  -36.290  -11.430 0.4000000060
35213  -50.765  -35.073  -12.061 0.4000000060
35232  -51.015  -35.033  -12.753 0.4000000060
133279  -31.297  -36.623  -14.490 0.4000000060
33404  -31.955  -36.704  -14.549 0.5000000000
33405  -32.735  -36.531  -14.533 0.5000000000
34373  -41.015  -34.927  -19.555 0.6999999881
36090  -50.342  -33.415  -13.458 0.4000000060
35277  -40.536  -34.509  -19.234 0.6999999881
37011  -50.252  -32.599  -13.702 0.4000000060
34332  -32.379  -35.201  -13.580 0.5000000000
34333  -33.119  -35.091  -13.245 0.5000000000
35222  -34.241  -34.186  -12.485 0.6000000238
135049  -34.760  -34.640  -12.598 0.8000000119
35269  -40.777  -34.327  -17.690 0.8000000119
134561  -42.029  -34.259  -18.962 0.6999999881
35278  -41.026  -34.260  -18.841 0.6999999881
36073  -35.398  -33.237  -12.392 0.8000000119
34358  -39.377  -35.464  -15.936 0.8000000119
38906  -49.733  -30.224  -13.564 0.4000000060
36996  -35.756  -32.440  -12.506 0.6999999881
34338  -39.091  -35.788  -13.521 0.8000000119
117208  -36.139  -33.112  -12.419 0.6999999881
36074  -36.946  -33.431  -12.417 0.6999999881
34322  -38.645  -35.383  -12.781 0.8000000119
36075  -37.632  -33.987  -12.355 0.6000000238
113162  -48.555  -28.235  -13.218 0.3000000119
41622  -48.198  -27.776  -12.648 0.4000000060
44256  -46.346  -24.376  -12.490 0.4000000060
43355  -46.708  -25.211  -12.209 0.4000000060
43356  -47.163  -25.850  -12.837 0.4000000060
42476  -47.477  -26.553  -12.469 0.4000000060
45232  -45.782  -23.625  -12.247 0.4000000060
44267  -46.438  -24.426  -13.568 0.4000000060
45244  -46.052  -23.579  -13.922 0.5000000000
46156  -44.808  -22.475  -12.525 0.5000000000
47041  -44.780  -21.614  -13.760 0.4000000060
44278  -46.312  -24.549  -14.612 0.5000000000
44281  -46.166  -24.682  -15.654 0.4000000060
46162  -43.479  -21.789  -13.007 0.5000000000
47039  -43.103  -21.381  -13.642 0.5000000000
47040  -43.984  -21.359  -13.589 0.4000000060
44285  -45.958  -24.836  -16.650 0.5000000000
44284  -45.586  -24.323  -17.358 0.5000000000
45257  -45.285  -23.965  -18.175 0.5000000000
45261  -45.361  -23.600  -18.678 0.5000000000
41687  -31.200  -27.086  -19.571 0.5000000000
46176  -45.696  -22.653  -18.565 0.5000000000
118678  -46.179  -22.112  -18.754 0.4000000060
42546  -32.081  -26.744  -20.074 0.6000000238
128153  -32.707  -27.391  -19.889 0.6000000238
41692  -33.094  -27.097  -20.202 0.6000000238
133641  -34.295  -26.920  -20.457 0.6000000238
47065  -47.063  -21.522  -18.676 0.3000000119
42555  -33.708  -26.615  -20.512 0.6000000238
110952  -34.505  -26.325  -20.748 0.6000000238
110782  -35.198  -25.799  -21.145 0.6000000238
47910  -47.607  -20.004  -18.552 0.3000000119
133180  -35.810  -24.016  -22.252 0.6000000238
110319  -35.628  -21.998  -23.167 0.6000000238
123007  -35.569  -19.579  -24.038 0.6000000238
124014  -34.483  -19.669  -23.902 0.6000000238
117285  -35.483  -16.799  -24.954 0.4000000060
113111  -34.404  -14.529  -25.288 0.4000000060
56607  -42.948  -11.814  -19.831 0.3000000119
56608  -44.558  -11.265  -19.992 0.3000000119
115059  -45.096  -11.847  -19.730 0.3000000119
56656  -35.561  -11.037  -25.511 0.3000000119
55702  -35.471  -11.658  -24.700 0.3000000119
36083  -50.649  -34.194  -13.112 0.4000000060
18501  -43.223  -52.134  -9.693 0.4000000060
21140  -41.965  -49.394  -7.379 0.3000000119
21139  -40.976  -49.256  -7.654 0.3000000119
22029  -39.995  -48.094  -7.811 0.3000000119
22036  -40.191  -48.889  -8.064 0.3000000119
128964  -39.245  -43.346  -12.317 0.4000000060
23726  -39.819  -46.384  -5.361 0.3000000119
23755  -39.293  -46.573  -10.197 0.4000000060
30482  -39.326  -39.595  -14.315 0.4000000060
28397  -43.316  -42.818  -8.820 0.3000000119
29423  -43.008  -41.635  -10.290 0.3000000119
28448  -45.373  -41.195  -14.000 0.3000000119
31407  -42.323  -38.752  -11.898 0.3000000119
33412  -42.599  -36.594  -15.601 0.6000000238
33442  -43.646  -35.767  -19.476 0.6999999881
34360  -45.838  -35.051  -17.573 0.6999999881
34371  -45.267  -34.835  -19.152 0.6999999881
34374  -42.594  -35.322  -19.607 0.6999999881
34353  -45.107  -35.264  -15.344 0.6000000238
36050  -49.781  -34.217  -11.080 0.4000000060
35286  -44.234  -34.692  -19.319 0.6999999881
36988  -49.868  -33.125  -12.073 0.4000000060
37005  -49.939  -32.874  -12.933 0.4000000060
115536  -31.341  -35.975  -14.401 0.3000000119
35243  -44.688  -34.469  -14.643 0.6000000238
35280  -43.098  -34.109  -18.699 0.6999999881
35284  -41.595  -34.627  -19.312 0.6999999881
35271  -43.233  -33.633  -17.427 0.6999999881
35270  -41.970  -34.009  -16.845 0.6999999881
35279  -41.948  -33.934  -18.168 0.8000000119
129465  -40.706  -35.115  -14.009 0.6999999881
35228  -41.018  -34.121  -12.772 0.6000000238
121053  -39.586  -32.254  -12.311 0.6000000238
125589  -37.985  -34.753  -12.473 0.8000000119
36999  -38.445  -32.830  -12.558 0.6000000238
39860  -49.393  -29.340  -13.648 0.4000000060
39859  -48.861  -28.975  -13.043 0.3000000119
133931  -42.280  -32.473  -11.597 0.6000000238
36986  -42.921  -32.576  -11.170 0.6999999881
37001  -40.332  -32.510  -12.053 0.6000000238
36997  -36.633  -32.488  -12.572 0.6999999881
37995  -37.854  -31.260  -13.220 0.6999999881
36998  -37.525  -32.629  -12.602 0.6999999881
38857  -47.025  -30.220  -9.080 0.3000000119
39808  -47.168  -29.425  -9.315 0.3000000119
41611  -48.045  -27.970  -11.809 0.3000000119
37924  -43.567  -31.261  -9.248 0.5000000000
39865  -33.607  -29.662  -15.221 0.6999999881
40684  -45.957  -28.931  -8.781 0.4000000060
44250  -45.551  -24.369  -11.207 0.4000000060
43340  -46.179  -25.699  -10.582 0.4000000060
41593  -46.038  -27.574  -9.424 0.4000000060
41594  -46.713  -27.868  -9.700 0.4000000060
44248  -43.801  -24.064  -10.941 0.5000000000
42461  -47.058  -26.902  -10.690 0.4000000060
43349  -47.051  -25.935  -11.871 0.4000000060
116373  -43.691  -28.805  -9.291 0.5000000000
39882  -33.205  -29.358  -15.735 0.6999999881
42456  -42.866  -26.426  -10.505 0.5000000000
39885  -36.271  -29.005  -15.775 0.8000000119
46155  -43.849  -22.315  -12.438 0.5000000000
39903  -36.366  -28.659  -16.542 0.6999999881
47051  -45.150  -21.465  -15.526 0.4000000060
123592  -41.400  -27.042  -12.101 0.5000000000
46161  -42.577  -21.936  -13.194 0.5000000000
131224  -38.371  -28.432  -15.931 0.8000000119
46160  -41.856  -22.302  -13.608 0.5000000000
40775  -37.870  -28.359  -16.578 0.6000000238
46171  -45.314  -22.523  -17.309 0.5000000000
40806  -32.690  -28.354  -19.165 0.5000000000
40802  -33.978  -28.564  -18.762 0.6999999881
110264  -39.670  -27.083  -15.753 0.6000000238
134208  -39.227  -26.915  -17.339 0.6999999881
40804  -36.049  -28.160  -18.795 0.6000000238
110283  -39.033  -25.931  -19.317 0.6000000238
110990  -38.042  -26.802  -20.197 0.6000000238
126423  -40.537  -22.237  -16.436 0.5000000000
110320  -40.927  -21.329  -16.236 0.4000000060
111238  -39.541  -26.341  -17.251 0.6999999881
40810  -36.381  -27.867  -19.491 0.6000000238
126682  -39.112  -24.233  -19.456 0.6000000238
126400  -37.223  -27.324  -20.157 0.6000000238
126676  -40.173  -22.179  -18.071 0.5000000000
110889  -40.012  -24.216  -17.402 0.5000000000
126242  -39.651  -24.540  -18.111 0.6000000238
126679  -38.935  -22.550  -19.931 0.6000000238
125924  -39.796  -22.061  -18.778 0.6000000238
126674  -39.462  -23.457  -18.908 0.6000000238
126680  -38.160  -22.329  -21.575 0.6000000238
47064  -45.907  -21.346  -18.598 0.3000000119
127831  -44.289  -19.484  -19.300 0.3000000119
111225  -38.992  -21.138  -20.151 0.6000000238
111177  -37.543  -21.673  -22.745 0.6000000238
132651  -45.076  -19.566  -19.009 0.3000000119
127717  -43.693  -19.194  -20.331 0.4000000060
48826  -44.412  -19.321  -20.070 0.3000000119
49802  -45.282  -19.041  -19.021 0.3000000119
49810  -40.386  -18.377  -20.579 0.5000000000
48855  -38.333  -19.639  -22.701 0.5000000000
49822  -40.007  -18.187  -21.299 0.4000000060
49840  -38.895  -18.104  -23.586 0.4000000060
52683  -44.588  -15.589  -18.900 0.3000000119
55665  -44.573  -12.475  -19.315 0.3000000119
55680  -41.786  -12.540  -20.906 0.3000000119
55663  -42.249  -12.153  -20.172 0.3000000119
55664  -43.662  -12.379  -19.443 0.3000000119
133625  -39.602  -10.772  -25.513 0.3000000119
54675  -35.250  -12.611  -24.755 0.3000000119
19468  -42.242  -51.045  -12.057 0.4000000060
33397  -39.345  -35.801  -14.646 0.8000000119
43375  -46.690  -25.248  -14.209 0.4000000060
49836  -34.820  -18.860  -24.325 0.5000000000
131779  -45.599  -23.008  -12.911 0.4000000060
42548  -47.024  -27.661  -21.062 0.3000000119
43407  -45.643  -26.247  -19.523 0.4000000060
42557  -47.951  -27.267  -21.076 0.3000000119
118918  -46.080  -25.484  -17.040 0.4000000060
44293  -45.638  -25.134  -17.641 0.4000000060
43419  -47.804  -26.497  -20.767 0.3000000119
43412  -45.446  -25.479  -19.554 0.4000000060
43413  -45.857  -26.428  -20.236 0.3000000119
46164  -45.178  -22.226  -13.292 0.3000000119
44292  -45.354  -24.680  -18.203 0.4000000060
43406  -45.357  -25.393  -18.744 0.4000000060
45265  -45.535  -24.497  -19.350 0.3000000119
44301  -45.262  -24.606  -18.883 0.4000000060
45267  -47.341  -23.978  -19.632 0.3000000119
45266  -46.145  -24.277  -19.637 0.3000000119
45262  -45.830  -23.553  -19.078 0.4000000060
46178  -47.295  -22.475  -18.973 0.3000000119
46177  -46.216  -22.812  -18.935 0.3000000119
42553  -31.585  -25.483  -20.475 0.5000000000
110315  -32.230  -23.632  -21.365 0.5000000000
43417  -32.264  -24.981  -20.836 0.5000000000
111510  -32.698  -24.449  -21.274 0.5000000000
110760  -34.354  -25.503  -21.158 0.5000000000
47066  -48.351  -21.737  -18.983 0.3000000119
125989  -34.204  -24.220  -21.819 0.5000000000
110284  -34.684  -23.622  -22.258 0.5000000000
110285  -32.780  -22.447  -22.040 0.5000000000
110317  -32.340  -21.128  -22.700 0.5000000000
111097  -33.524  -22.363  -22.546 0.5000000000
114814  -33.323  -21.721  -22.896 0.4000000060
111505  -32.619  -21.781  -22.320 0.5000000000
126047  -32.282  -21.316  -22.132 0.5000000000
110318  -34.560  -22.160  -22.891 0.5000000000
47938  -33.858  -20.487  -23.582 0.5000000000
110793  -32.037  -20.833  -22.254 0.4000000060
110326  -31.854  -19.790  -22.810 0.4000000060
48866  -33.699  -18.888  -24.196 0.5000000000
48859  -32.235  -19.249  -23.451 0.4000000060
112146  -32.434  -19.230  -22.306 0.4000000060
49835  -32.057  -18.612  -23.371 0.5000000000
49815  -32.177  -18.444  -22.777 0.4000000060
49846  -32.927  -18.012  -24.340 0.4000000060
50827  -32.133  -17.680  -23.314 0.5000000000
49845  -32.273  -18.234  -23.857 0.4000000060
50811  -32.642  -17.584  -22.769 0.3000000119
50838  -32.137  -16.846  -23.912 0.4000000060
50846  -34.496  -16.629  -25.111 0.4000000060
114706  -32.335  -17.040  -24.329 0.3000000119
50812  -33.717  -17.609  -22.300 0.3000000119
51822  -32.340  -15.962  -24.024 0.3000000119
128374  -32.734  -15.727  -24.903 0.3000000119
51828  -33.673  -15.768  -25.276 0.3000000119
51827  -32.420  -16.085  -24.343 0.3000000119
51815  -33.671  -15.836  -23.176 0.3000000119
52722  -32.785  -15.230  -24.002 0.3000000119
52737  -32.883  -14.916  -25.018 0.3000000119
51834  -33.842  -14.988  -25.401 0.3000000119
51829  -34.633  -15.674  -25.358 0.3000000119
129493  -34.272  -15.382  -23.226 0.3000000119
115535  -33.695  -14.698  -23.940 0.3000000119
130982  -34.315  -14.299  -24.276 0.3000000119
52730  -33.855  -14.199  -24.845 0.3000000119
44314  -31.683  -23.807  -21.058 0.5000000000
41684  -48.792  -27.364  -19.775 0.3000000119
43401  -45.903  -25.973  -18.094 0.4000000060
111546  -31.434  -23.136  -20.655 0.4000000060
111602  -32.296  -23.125  -21.458 0.5000000000
110906  -31.975  -20.054  -22.375 0.5000000000
133980  -45.618  -22.755  -13.737 0.4000000060
118028  -46.124  -23.751  -12.996 0.4000000060
46163  -44.398  -21.884  -13.045 0.3000000119
43391  -46.345  -25.440  -16.185 0.4000000060
42554  -32.728  -26.122  -20.515 0.5000000000
110295  -33.460  -25.550  -20.912 0.5000000000
126753  -34.768  -25.026  -21.559 0.5000000000
126028  -35.279  -24.484  -21.930 0.5000000000
110307  -35.472  -22.560  -22.846 0.5000000000
111403  -34.576  -21.372  -23.322 0.5000000000
49847  -34.013  -18.143  -24.503 0.4000000060
49848  -34.992  -17.797  -24.687 0.3000000119
42549  -48.200  -27.629  -21.016 0.3000000119
42540  -46.943  -27.530  -20.022 0.4000000060
42556  -46.983  -27.280  -21.039 0.3000000119
42534  -46.380  -26.741  -19.090 0.4000000060
42539  -46.206  -27.105  -20.398 0.3000000119
42524  -46.491  -26.031  -16.884 0.4000000060
44307  -45.842  -25.394  -19.984 0.3000000119
43418  -46.563  -26.361  -20.528 0.3000000119
46180  -46.681  -23.340  -19.276 0.3000000119
130493  -31.292  -24.421  -20.693 0.5000000000
110296  -32.908  -23.893  -21.584 0.5000000000
111339  -33.723  -24.699  -21.451 0.5000000000
125957  -33.504  -24.059  -21.715 0.5000000000
112140  -33.696  -22.962  -22.336 0.5000000000
126754  -33.168  -23.342  -21.894 0.5000000000
128000  -32.458  -20.343  -23.264 0.4000000060
48860  -33.218  -19.609  -23.750 0.5000000000
50845  -33.510  -17.011  -24.823 0.3000000119
51802  -33.168  -16.760  -22.843 0.3000000119
34335  -35.327  -35.712  -13.372 0.6999999881
33396  -38.470  -36.179  -14.370 0.6999999881
34321  -37.818  -35.662  -12.782 0.6999999881
34320  -37.029  -35.845  -12.953 0.6999999881
34319  -35.763  -35.310  -12.770 0.6999999881
35223  -35.448  -34.667  -12.539 0.6999999881
130588  -37.274  -35.222  -12.603 0.6999999881
123487  -36.555  -35.285  -12.672 0.6999999881
118876  -36.003  -33.968  -12.356 0.6999999881
42485  -47.542  -26.527  -13.422 0.3000000119
43364  -47.126  -25.884  -13.822 0.3000000119
42493  -47.503  -26.572  -14.386 0.3000000119
43376  -46.958  -26.012  -14.802 0.3000000119
35225  -36.932  -34.496  -12.418 0.6999999881
35224  -36.136  -34.761  -12.496 0.6999999881
116606  -47.290  -26.756  -16.167 0.3000000119
42507  -47.765  -27.217  -15.924 0.3000000119
43363  -46.791  -25.146  -13.197 0.3000000119
43386  -46.828  -26.136  -15.869 0.3000000119
42525  -47.006  -26.515  -16.709 0.3000000119
43385  -46.511  -25.386  -15.207 0.3000000119
42535  -47.142  -27.014  -18.552 0.3000000119
112725  -46.745  -26.576  -17.690 0.3000000119
117041  -39.225  -34.930  -17.152 0.6999999881
33421  -38.502  -35.818  -15.582 0.6999999881
33393  -34.811  -36.003  -14.223 0.6999999881
33411  -37.603  -36.123  -15.309 0.6999999881
33384  -37.531  -36.160  -13.335 0.6999999881
34336  -36.187  -35.846  -13.180 0.6999999881
34337  -38.260  -36.091  -13.368 0.6999999881
34318  -34.962  -35.217  -12.856 0.6999999881
119268  -48.263  -27.643  -13.366 0.3000000119
42486  -48.008  -27.210  -13.947 0.3000000119
42506  -47.378  -26.652  -15.340 0.3000000119
42494  -48.004  -27.198  -14.943 0.3000000119
42526  -47.606  -27.095  -17.163 0.3000000119
42536  -47.951  -27.350  -18.832 0.3000000119
42477  -47.913  -27.138  -12.997 0.3000000119
26516  -40.370  -43.342  -15.027 0.4000000060
27500  -40.761  -42.732  -15.951 0.4000000060
27485  -39.709  -42.884  -14.150 0.4000000060
27501  -41.328  -43.225  -17.054 0.4000000060
31461  -41.321  -39.417  -16.734 0.5000000000
30490  -41.234  -40.278  -16.640 0.4000000060
29480  -40.333  -41.206  -15.580 0.4000000060
28470  -41.048  -42.132  -16.436 0.4000000060
28461  -40.100  -41.954  -15.109 0.4000000060
117583  -41.345  -41.180  -16.785 0.5000000000
29487  -41.491  -41.849  -16.990 0.4000000060
28477  -41.584  -42.356  -17.658 0.4000000060
127602  -42.221  -40.497  -17.710 0.5000000000
30494  -42.251  -41.171  -17.830 0.5000000000
27510  -41.508  -42.683  -17.905 0.5000000000
31466  -42.409  -39.861  -18.210 0.5000000000
30495  -42.452  -40.828  -18.549 0.5000000000
113295  -41.434  -42.318  -18.107 0.5000000000
26531  -39.926  -43.080  -17.896 0.5000000000
26527  -38.981  -43.471  -17.533 0.5000000000
29493  -42.282  -41.261  -18.462 0.5000000000
30498  -42.468  -40.290  -18.942 0.6000000238
27509  -41.086  -42.842  -18.078 0.5000000000
30500  -41.558  -39.801  -19.113 0.5000000000
127154  -40.749  -41.991  -18.363 0.5000000000
28476  -38.615  -41.931  -17.661 0.6000000238
27508  -40.068  -42.387  -18.144 0.5000000000
29495  -38.104  -40.575  -17.628 0.5000000000
32463  -42.435  -38.453  -18.994 0.6000000238
29499  -42.340  -40.123  -19.108 0.6000000238
31470  -42.274  -38.654  -19.110 0.6000000238
30497  -40.636  -40.178  -18.765 0.5000000000
29496  -39.462  -41.472  -18.095 0.6000000238
30496  -39.338  -40.425  -18.263 0.6000000238
118029  -37.939  -39.485  -17.726 0.5000000000
30489  -35.876  -39.748  -16.217 0.5000000000
29490  -36.485  -40.315  -16.620 0.5000000000
30493  -37.103  -39.907  -17.202 0.5000000000
30492  -36.349  -39.336  -16.821 0.5000000000
31452  -33.502  -38.319  -14.653 0.4000000060
31472  -41.809  -38.681  -19.253 0.6000000238
32443  -34.061  -37.129  -15.242 0.5000000000
32467  -41.737  -37.514  -19.367 0.6000000238
31471  -41.037  -38.749  -19.136 0.5000000000
31453  -33.984  -37.969  -15.124 0.5000000000
32466  -40.613  -37.381  -19.167 0.6000000238
31468  -40.075  -38.897  -18.760 0.6000000238
31459  -34.422  -37.636  -15.691 0.5000000000
31467  -38.954  -39.097  -18.249 0.6000000238
114786  -37.591  -38.126  -17.879 0.6000000238
30488  -35.237  -39.021  -15.885 0.5000000000
31465  -36.880  -38.777  -17.386 0.5000000000
32442  -33.465  -37.549  -14.861 0.5000000000
30468  -33.269  -39.309  -13.692 0.4000000060
33406  -33.478  -36.697  -14.756 0.5000000000
130206  -40.848  -36.465  -19.377 0.6000000238
32449  -34.660  -36.691  -15.726 0.5000000000
32465  -39.089  -36.387  -19.016 0.6000000238
32461  -38.515  -37.434  -18.461 0.6000000238
131221  -35.756  -38.897  -16.523 0.5000000000
31464  -36.051  -38.250  -17.053 0.5000000000
32456  -36.481  -37.459  -17.628 0.5000000000
32455  -35.639  -36.999  -17.269 0.5000000000
130548  -32.983  -37.990  -14.623 0.4000000060
31438  -32.924  -38.673  -14.129 0.4000000060
34351  -33.953  -36.015  -14.352 0.5000000000
33407  -34.312  -36.456  -14.966 0.5000000000
33408  -35.083  -36.219  -15.001 0.5000000000
34372  -39.736  -34.678  -19.264 0.6000000238
33439  -40.267  -35.358  -19.477 0.6000000238
33438  -38.798  -34.996  -19.378 0.6000000238
33435  -37.550  -35.512  -18.904 0.6000000238
31463  -35.337  -37.956  -16.577 0.5000000000
32460  -36.951  -36.578  -18.276 0.5000000000
32454  -35.190  -36.985  -16.780 0.5000000000
33426  -35.411  -36.426  -16.982 0.5000000000
33394  -35.706  -36.050  -14.065 0.6000000238
33409  -35.934  -36.175  -14.924 0.5000000000
34369  -39.749  -34.418  -18.839 0.6000000238
116746  -35.351  -36.215  -15.828 0.5000000000
32450  -34.855  -37.287  -16.273 0.5000000000
34368  -37.778  -34.659  -18.985 0.6000000238
33417  -35.123  -36.503  -16.448 0.5000000000
33434  -36.558  -35.566  -18.352 0.5000000000
33427  -35.701  -36.119  -17.421 0.5000000000
33428  -36.074  -35.483  -17.752 0.5000000000
32441  -32.710  -37.273  -14.666 0.4000000060
31451  -32.359  -38.060  -14.415 0.4000000060
33395  -36.722  -36.216  -13.898 0.6000000238
34363  -37.459  -34.808  -18.065 0.6000000238
117577  -35.940  -35.993  -15.824 0.5000000000
33418  -35.614  -35.937  -16.763 0.5000000000
33420  -37.490  -35.410  -16.654 0.6000000238
33419  -36.485  -35.695  -16.467 0.5000000000
34350  -33.166  -36.075  -14.271 0.5000000000
34317  -34.051  -35.043  -12.857 0.4000000060
124272  -33.603  -35.595  -13.673 0.4000000060
127742  -32.910  -35.605  -13.811 0.4000000060
33410  -36.761  -36.228  -15.062 0.6000000238
31454  -34.528  -38.617  -15.290 0.5000000000
31460  -34.839  -38.132  -15.989 0.5000000000
28460  -39.507  -41.234  -14.239 0.4000000060
31469  -42.415  -39.431  -18.889 0.6000000238
33440  -41.705  -36.118  -19.508 0.6000000238
34365  -39.633  -34.534  -17.865 0.6000000238
34357  -38.421  -35.124  -16.969 0.6000000238
34364  -38.578  -34.573  -18.385 0.6000000238
118804  -37.619  -36.313  -14.175 0.6000000238
34334  -34.456  -35.614  -13.512 0.5000000000
29492  -41.965  -41.769  -17.924 0.5000000000
29497  -41.380  -41.455  -18.512 0.5000000000
32462  -39.823  -37.773  -18.817 0.6000000238
127410  -39.853  -36.019  -19.275 0.6000000238
32459  -36.045  -36.238  -17.932 0.5000000000
121467  -38.762  -34.564  -19.126 0.6000000238
34362  -36.787  -34.940  -18.515 0.6000000238
33429  -36.720  -35.140  -17.647 0.6000000238
31412  -49.840  -38.259  -11.883 0.3000000119
31426  -49.504  -39.063  -12.304 0.3000000119
31413  -50.666  -37.807  -12.167 0.3000000119
32422  -51.164  -36.972  -12.256 0.3000000119
31427  -50.399  -38.802  -12.508 0.3000000119
117265  -51.738  -37.042  -12.824 0.3000000119
33387  -51.920  -36.385  -13.135 0.3000000119
32414  -50.899  -36.267  -11.927 0.3000000119
33386  -51.429  -36.315  -12.503 0.3000000119
34341  -51.941  -35.752  -13.543 0.3000000119
34311  -51.069  -35.653  -12.248 0.3000000119
34326  -51.523  -35.732  -12.858 0.3000000119
129847  -50.628  -31.713  -14.635 0.3000000119
37998  -50.305  -31.668  -13.928 0.3000000119
120466  -50.498  -31.014  -14.525 0.3000000119
38920  -49.829  -29.658  -14.176 0.3000000119
38907  -50.163  -30.847  -13.910 0.3000000119
26532  -40.855  -43.334  -17.850 0.4000000060
32423  -51.908  -38.003  -13.256 0.3000000119
26528  -40.010  -43.766  -17.733 0.4000000060
118150  -52.318  -37.156  -13.423 0.3000000119
33399  -52.512  -36.415  -13.780 0.3000000119
35244  -51.097  -34.664  -13.600 0.3000000119
36091  -50.681  -33.978  -13.979 0.3000000119
37017  -50.569  -32.386  -14.432 0.3000000119
37018  -50.845  -32.940  -14.947 0.3000000119
38005  -50.895  -32.161  -15.094 0.3000000119
38012  -50.877  -31.318  -15.204 0.3000000119
38921  -50.193  -30.267  -14.364 0.3000000119
34354  -52.352  -35.632  -14.405 0.3000000119
20321  -34.333  -50.648  -12.523 0.4000000060
21161  -34.187  -49.689  -12.490 0.3000000119
22049  -34.043  -48.615  -12.373 0.3000000119
28459  -36.028  -41.597  -14.896 0.4000000060
28469  -36.149  -41.471  -15.734 0.4000000060
27492  -36.487  -42.914  -14.917 0.4000000060
26522  -36.532  -43.527  -15.578 0.4000000060
29485  -35.521  -40.044  -15.487 0.4000000060
29486  -36.044  -40.641  -15.960 0.4000000060
28474  -36.564  -41.235  -16.481 0.4000000060
29491  -37.172  -40.887  -17.110 0.4000000060
27498  -36.499  -42.894  -15.939 0.4000000060
27499  -37.216  -42.781  -16.673 0.4000000060
29439  -33.307  -40.795  -12.706 0.3000000119
119380  -33.855  -40.280  -13.043 0.3000000119
29460  -33.109  -39.955  -13.123 0.3000000119
28475  -37.402  -41.856  -17.045 0.4000000060
26515  -36.531  -43.786  -14.848 0.4000000060
29478  -35.762  -40.871  -15.182 0.4000000060
114641  -36.277  -42.218  -15.426 0.4000000060
27504  -36.563  -42.102  -16.281 0.4000000060
18522  -42.933  -52.357  -11.394 0.3000000119
21170  -41.658  -48.614  -12.442 0.3000000119
133146  -41.491  -47.604  -12.707 0.3000000119
23781  -41.458  -46.311  -14.150 0.3000000119
127445  -41.852  -46.885  -14.924 0.3000000119
22926  -41.639  -47.322  -15.842 0.3000000119
24663  -41.245  -45.742  -15.771 0.3000000119
23788  -41.436  -46.503  -15.605 0.3000000119
119635  -41.113  -46.266  -16.600 0.3000000119
25579  -41.153  -44.957  -15.896 0.3000000119
24671  -41.214  -45.536  -16.811 0.3000000119
25585  -40.992  -44.117  -15.980 0.3000000119
25586  -41.292  -44.731  -16.946 0.3000000119
22919  -40.532  -47.030  -12.172 0.3000000119
26525  -41.279  -43.904  -17.006 0.3000000119
19441  -44.973  -50.768  -7.689 0.3000000119
20328  -34.318  -51.527  -12.658 0.4000000060
21158  -39.971  -48.990  -11.008 0.4000000060
23754  -39.267  -45.878  -10.238 0.4000000060
24599  -39.272  -45.727  -5.057 0.3000000119
24607  -39.303  -45.924  -5.871 0.3000000119
24620  -39.140  -45.380  -9.829 0.4000000060
24630  -39.388  -45.273  -11.381 0.4000000060
25544  -39.196  -44.613  -10.978 0.3000000119
26467  -38.596  -43.479  -8.032 0.3000000119
26482  -39.042  -43.194  -10.980 0.3000000119
26498  -39.286  -43.906  -12.285 0.4000000060
26524  -40.976  -43.449  -16.194 0.3000000119
27394  -39.559  -42.258  -5.458 0.3000000119
27471  -39.199  -42.808  -12.366 0.4000000060
27494  -40.019  -42.573  -14.776 0.4000000060
27506  -41.440  -42.713  -17.282 0.4000000060
27507  -41.353  -42.984  -17.729 0.5000000000
28433  -39.054  -41.454  -12.226 0.3000000119
29420  -39.018  -40.722  -11.485 0.3000000119
29463  -39.104  -40.549  -13.430 0.4000000060
29498  -42.283  -40.763  -19.007 0.6000000238
30401  -40.243  -39.790  -9.736 0.3000000119
30449  -38.965  -39.231  -12.789 0.3000000119
30499  -42.296  -39.641  -19.091 0.6000000238
30501  -41.952  -39.508  -19.205 0.6000000238
31428  -51.183  -38.494  -12.847 0.3000000119
31456  -40.255  -39.166  -15.604 0.5000000000
32394  -47.943  -37.241  -10.760 0.4000000060
32417  -40.375  -37.631  -13.309 0.4000000060
33349  -47.157  -36.019  -9.836 0.4000000060
33433  -45.415  -35.457  -16.923 0.6999999881
34279  -48.421  -35.329  -9.827 0.4000000060
34291  -49.063  -35.375  -10.226 0.4000000060
34292  -49.569  -35.455  -10.644 0.4000000060
34310  -50.545  -35.545  -11.593 0.4000000060
34340  -51.466  -35.270  -13.316 0.3000000119
34366  -45.155  -35.553  -18.725 0.6999999881
34367  -45.801  -35.166  -18.658 0.6999999881
35171  -46.952  -33.929  -8.909 0.5000000000
35183  -43.970  -33.954  -9.593 0.5000000000
35184  -44.656  -34.297  -9.278 0.5000000000
35185  -45.501  -34.513  -9.094 0.5000000000
35281  -44.457  -34.126  -18.404 0.6999999881
36021  -44.811  -32.976  -8.670 0.4000000060
36043  -48.277  -33.157  -9.670 0.4000000060
36944  -46.199  -32.401  -8.636 0.4000000060
37925  -44.270  -31.305  -8.707 0.4000000060
37943  -47.316  -31.624  -9.183 0.4000000060
38837  -44.592  -30.489  -8.615 0.5000000000
38838  -45.374  -30.436  -8.547 0.5000000000
38859  -48.082  -30.667  -9.945 0.4000000060
38916  -35.751  -30.064  -14.285 0.8000000119
40693  -44.422  -28.459  -8.945 0.5000000000
41691  -36.663  -27.672  -19.866 0.6000000238
42547  -46.459  -27.137  -20.736 0.3000000119
43337  -43.807  -25.433  -10.318 0.5000000000
43338  -44.644  -25.332  -10.280 0.5000000000
43339  -45.437  -25.439  -10.360 0.5000000000
45228  -42.362  -23.045  -12.211 0.5000000000
47037  -41.650  -22.052  -14.183 0.5000000000
48865  -32.787  -18.793  -23.937 0.5000000000
49827  -31.962  -18.542  -23.168 0.4000000060
50828  -32.430  -16.805  -23.437 0.3000000119
50837  -32.164  -17.827  -23.637 0.5000000000
51814  -32.765  -16.073  -23.499 0.3000000119
51833  -33.190  -15.034  -25.240 0.3000000119
52728  -32.666  -15.340  -24.553 0.3000000119
52729  -33.114  -14.672  -24.698 0.3000000119
52738  -33.460  -14.536  -25.167 0.3000000119
110277  -31.998  -20.363  -22.703 0.4000000060
110297  -34.669  -22.841  -22.602 0.5000000000
110300  -31.890  -19.258  -22.797 0.4000000060
110316  -31.818  -23.106  -21.144 0.5000000000
110327  -31.899  -19.836  -23.034 0.4000000060
110328  -31.852  -19.246  -23.065 0.4000000060
111134  -37.854  -27.351  -19.747 0.6000000238
111509  -33.159  -21.111  -23.235 0.4000000060
115288  -41.074  -37.085  -15.089 0.6000000238
115505  -35.684  -16.541  -22.165 0.4000000060
118551  -50.068  -37.533  -11.584 0.4000000060
120026  -39.600  -39.320  -10.787 0.3000000119
120569  -39.437  -28.112  -15.038 0.6000000238
121041  -39.803  -46.614  -11.647 0.4000000060
122205  -46.281  -31.195  -8.670 0.4000000060
123329  -40.586  -20.212  -17.930 0.5000000000
124512  -36.896  -28.033  -18.482 0.6000000238
124776  -36.316  -42.183  -14.613 0.4000000060
126522  -32.045  -22.687  -20.799 0.5000000000
126884  -38.755  -27.136  -18.423 0.6000000238
127173  -35.070  -34.008  -12.392 0.8000000119
128773  -32.054  -32.310  -13.288 0.6999999881
129132  -38.469  -43.973  -7.388 0.3000000119
129431  -39.595  -47.711  -10.877 0.4000000060
129539  -38.700  -43.294  -9.216 0.3000000119
131012  -38.617  -44.807  -8.507 0.3000000119
131328  -42.545  -32.143  -11.328 0.6000000238
131573  -35.595  -31.128  -13.054 0.6999999881
133138  -38.639  -43.378  -8.653 0.3000000119
133284  -51.368  -37.625  -12.648 0.3000000119
133628  -44.788  -26.881  -9.506 0.5000000000
