#!ascii label  , from subject sub-v1s23x0050609_ses-1 vox2ras=TkReg
1019
49116  13.460  -16.432  58.800 0.0000000000
43507  6.062  -20.953  50.752 0.0000000000
48046  9.193  -17.270  65.582 0.0000000000
46242  2.275  -17.958  59.823 0.0000000000
55271  2.401  -9.978  51.344 0.0000000000
50054  11.699  -15.098  62.774 0.0000000000
49076  7.074  -15.557  61.335 0.0000000000
50086  18.053  -14.715  58.574 0.0000000000
49067  17.034  -16.045  62.053 0.0000000000
48042  13.747  -17.228  65.774 0.0000000000
54137  1.759  -11.184  60.098 0.0000000000
49171  2.898  -15.379  54.750 0.0000000000
55200  5.321  -9.040  57.553 0.0000000000
43390  8.285  -20.835  64.684 0.0000000000
44272  7.455  -20.003  61.292 0.0000000000
46207  5.130  -18.095  62.853 0.0000000000
136633  3.030  -13.804  61.065 0.0000000000
46288  8.118  -18.602  55.287 0.0000000000
49232  7.263  -14.933  49.132 0.0000000000
51257  0.717  -13.312  46.530 0.0000000000
56370  5.410  -8.546  47.374 0.0000000000
119295  12.661  -15.690  60.873 0.0000000000
119292  10.242  -15.455  60.547 0.0000000000
48115  16.468  -16.116  58.092 0.0000000000
48093  18.340  -16.317  60.143 0.0000000000
48080  15.491  -16.324  60.451 0.0000000000
50051  14.787  -14.924  62.947 0.0000000000
54160  2.643  -10.522  58.758 0.0000000000
45206  8.839  -19.350  65.421 0.0000000000
45211  7.216  -18.795  63.615 0.0000000000
48048  7.396  -17.283  64.076 0.0000000000
50077  5.264  -14.252  59.689 0.0000000000
50057  4.353  -15.149  61.166 0.0000000000
49022  11.651  -17.020  66.498 0.0000000000
46183  12.973  -18.207  68.228 0.0000000000
45196  9.475  -18.896  67.821 0.0000000000
43386  9.894  -21.206  67.269 0.0000000000
119022  4.811  -18.695  60.483 0.0000000000
45264  7.803  -18.946  58.768 0.0000000000
46267  4.306  -18.081  57.641 0.0000000000
52114  2.386  -12.766  53.499 0.0000000000
133960  4.481  -15.531  52.355 0.0000000000
51198  3.284  -12.811  50.793 0.0000000000
50241  4.883  -14.108  47.571 0.0000000000
53196  1.718  -10.912  48.677 0.0000000000
50033  9.672  -15.261  64.874 0.0000000000
49043  7.840  -16.013  64.268 0.0000000000
49060  9.370  -15.432  62.421 0.0000000000
49105  7.468  -15.326  59.489 0.0000000000
51046  19.960  -13.183  60.275 0.0000000000
49111  21.879  -15.776  58.593 0.0000000000
48091  20.299  -16.274  59.958 0.0000000000
48069  19.487  -17.420  61.196 0.0000000000
49039  16.207  -15.823  63.879 0.0000000000
50029  13.030  -14.983  65.064 0.0000000000
51052  0.895  -13.871  59.904 0.0000000000
47193  2.657  -16.392  56.946 0.0000000000
52064  1.936  -12.478  57.732 0.0000000000
53119  2.890  -11.491  56.275 0.0000000000
54201  4.304  -10.458  54.487 0.0000000000
50121  14.922  -15.111  55.932 0.0000000000
136094  19.622  -10.360  58.969 0.0000000000
126226  18.205  -9.271  59.821 0.0000000000
52037  16.730  -12.183  59.392 0.0000000000
51073  16.339  -13.959  57.215 0.0000000000
41653  8.009  -23.102  63.988 0.0000000000
43407  8.281  -21.658  62.249 0.0000000000
44248  7.814  -20.675  63.380 0.0000000000
45220  5.464  -18.846  62.205 0.0000000000
46221  3.675  -18.213  61.313 0.0000000000
48064  5.406  -16.490  62.630 0.0000000000
49065  4.160  -16.233  61.613 0.0000000000
134624  1.916  -15.639  60.963 0.0000000000
52013  1.832  -12.666  60.757 0.0000000000
43421  9.694  -21.033  59.700 0.0000000000
44307  10.546  -20.785  56.567 0.0000000000
44354  9.743  -20.202  52.611 0.0000000000
47220  4.112  -17.106  54.570 0.0000000000
47251  7.608  -17.473  52.357 0.0000000000
45369  8.499  -18.999  49.043 0.0000000000
47304  5.245  -17.669  47.290 0.0000000000
48259  2.245  -16.792  46.362 0.0000000000
118936  6.716  -8.290  55.356 0.0000000000
55259  5.970  -9.220  52.538 0.0000000000
57374  7.906  -7.796  50.579 0.0000000000
118324  3.268  -8.800  50.269 0.0000000000
55299  1.185  -9.722  47.137 0.0000000000
49100  12.834  -16.216  59.479 0.0000000000
49101  12.003  -16.043  59.129 0.0000000000
138865  12.125  -16.249  58.196 0.0000000000
48108  15.071  -16.488  58.471 0.0000000000
48096  15.252  -16.477  59.384 0.0000000000
49098  14.290  -16.462  59.214 0.0000000000
132304  13.817  -15.965  60.913 0.0000000000
43509  4.409  -21.303  50.480 0.0000000000
44380  5.497  -20.625  49.532 0.0000000000
47123  9.050  -17.892  65.584 0.0000000000
46196  8.199  -18.045  65.047 0.0000000000
47124  8.407  -17.294  65.135 0.0000000000
51070  21.601  -13.458  57.905 0.0000000000
138046  10.736  -17.853  66.060 0.0000000000
47113  10.711  -17.299  67.852 0.0000000000
46190  10.382  -18.550  66.413 0.0000000000
45201  9.907  -19.061  66.548 0.0000000000
46240  3.902  -18.465  60.392 0.0000000000
45266  5.039  -18.589  58.849 0.0000000000
46254  3.164  -18.188  58.909 0.0000000000
123503  2.142  -11.184  52.388 0.0000000000
51181  2.401  -13.200  52.279 0.0000000000
52143  2.144  -11.575  51.048 0.0000000000
52151  2.588  -11.553  49.383 0.0000000000
54236  1.857  -10.102  50.100 0.0000000000
135998  11.134  -14.660  64.157 0.0000000000
50048  9.672  -15.004  64.018 0.0000000000
50056  9.998  -15.283  63.163 0.0000000000
49089  9.304  -15.488  60.348 0.0000000000
50088  7.109  -14.669  58.059 0.0000000000
50085  18.939  -14.549  59.422 0.0000000000
49096  20.252  -15.177  59.883 0.0000000000
49112  18.751  -15.194  59.229 0.0000000000
48072  17.288  -16.400  60.995 0.0000000000
48078  19.243  -16.845  60.872 0.0000000000
120550  18.215  -16.695  62.291 0.0000000000
49045  17.088  -16.013  63.157 0.0000000000
50053  12.977  -14.656  63.276 0.0000000000
50044  13.676  -14.544  63.681 0.0000000000
50045  12.305  -14.458  63.771 0.0000000000
50031  11.375  -14.801  64.686 0.0000000000
52041  1.616  -12.411  59.531 0.0000000000
119039  1.243  -13.235  59.063 0.0000000000
135407  1.939  -12.018  59.173 0.0000000000
55202  3.691  -9.954  58.401 0.0000000000
54172  2.527  -11.087  57.822 0.0000000000
54180  4.269  -10.505  56.470 0.0000000000
121504  3.629  -10.814  54.906 0.0000000000
54179  5.227  -10.085  56.017 0.0000000000
52023  17.998  -12.084  60.133 0.0000000000
42520  8.292  -22.222  64.189 0.0000000000
43396  8.162  -21.458  63.882 0.0000000000
43393  8.252  -21.153  64.347 0.0000000000
46206  6.156  -18.402  63.189 0.0000000000
45214  6.641  -19.097  63.098 0.0000000000
45216  4.878  -18.462  62.344 0.0000000000
45221  4.771  -18.597  61.889 0.0000000000
46209  4.232  -17.937  62.305 0.0000000000
49062  7.569  -15.771  62.991 0.0000000000
138445  6.969  -16.298  63.425 0.0000000000
49063  5.834  -16.191  62.465 0.0000000000
50058  3.584  -14.542  60.965 0.0000000000
124937  4.534  -16.187  61.810 0.0000000000
49080  3.216  -15.663  61.157 0.0000000000
49081  2.643  -15.978  61.071 0.0000000000
124879  2.237  -15.028  61.041 0.0000000000
50060  1.733  -14.217  61.022 0.0000000000
51026  2.614  -13.182  61.068 0.0000000000
47176  21.391  -17.188  58.587 0.0000000000
48114  21.304  -16.947  57.298 0.0000000000
47121  15.201  -17.661  65.176 0.0000000000
117162  15.506  -18.912  64.718 0.0000000000
118730  14.456  -18.087  65.487 0.0000000000
123554  12.072  -19.762  68.333 0.0000000000
45191  14.463  -19.395  67.178 0.0000000000
44236  9.630  -20.720  65.873 0.0000000000
43389  8.985  -21.958  65.171 0.0000000000
44261  8.076  -20.745  61.878 0.0000000000
120003  8.942  -21.537  60.944 0.0000000000
44271  8.570  -19.986  60.348 0.0000000000
132578  8.330  -18.856  57.019 0.0000000000
45277  9.089  -19.193  57.627 0.0000000000
132060  9.034  -19.036  55.749 0.0000000000
45309  10.527  -20.154  54.022 0.0000000000
45322  9.851  -19.169  53.988 0.0000000000
48132  2.916  -15.680  55.506 0.0000000000
117673  3.274  -16.704  55.796 0.0000000000
47222  3.028  -16.149  54.366 0.0000000000
49210  6.085  -14.897  50.786 0.0000000000
48190  5.880  -15.966  52.036 0.0000000000
48211  7.287  -15.829  50.623 0.0000000000
47276  8.656  -17.671  50.172 0.0000000000
48239  8.006  -16.633  48.496 0.0000000000
47302  7.243  -17.756  47.731 0.0000000000
116214  6.550  -15.941  47.651 0.0000000000
123356  2.393  -14.019  47.056 0.0000000000
130597  3.205  -15.230  46.882 0.0000000000
50255  1.292  -15.065  46.139 0.0000000000
58324  7.207  -6.560  54.121 0.0000000000
125823  6.506  -8.991  54.029 0.0000000000
120444  7.300  -8.021  52.862 0.0000000000
57413  6.933  -7.960  47.386 0.0000000000
56351  7.057  -8.240  49.155 0.0000000000
119281  5.474  -8.582  49.904 0.0000000000
56361  3.973  -8.663  48.532 0.0000000000
55290  2.196  -8.974  48.211 0.0000000000
55296  3.654  -9.122  47.212 0.0000000000
133434  11.877  -15.284  62.085 0.0000000000
49073  10.694  -15.410  61.356 0.0000000000
119293  11.146  -15.487  60.631 0.0000000000
49128  17.462  -15.080  57.874 0.0000000000
49113  18.013  -15.415  58.631 0.0000000000
48106  16.816  -16.244  58.878 0.0000000000
125492  16.487  -16.387  60.409 0.0000000000
49083  16.284  -16.171  61.289 0.0000000000
49054  15.490  -15.342  62.627 0.0000000000
49069  14.272  -15.709  61.565 0.0000000000
49070  13.362  -15.594  61.445 0.0000000000
120909  1.970  -10.075  60.837 0.0000000000
54161  2.157  -10.741  59.337 0.0000000000
55184  2.814  -9.219  60.056 0.0000000000
55183  3.536  -8.903  59.462 0.0000000000
56261  4.909  -8.598  58.356 0.0000000000
44237  8.666  -20.198  65.268 0.0000000000
44240  7.960  -20.248  64.334 0.0000000000
45207  8.121  -19.454  64.926 0.0000000000
46202  6.941  -17.948  63.701 0.0000000000
127692  5.895  -17.779  63.254 0.0000000000
49092  6.328  -15.301  60.662 0.0000000000
49077  6.050  -15.711  61.598 0.0000000000
50065  4.823  -14.588  60.437 0.0000000000
50066  4.167  -14.367  60.737 0.0000000000
51037  3.897  -13.696  60.863 0.0000000000
51025  3.316  -12.975  61.102 0.0000000000
49021  12.694  -17.441  66.340 0.0000000000
47111  13.087  -17.706  66.335 0.0000000000
47112  12.573  -17.285  68.101 0.0000000000
45194  10.894  -19.023  68.351 0.0000000000
132920  9.854  -20.486  68.288 0.0000000000
43383  9.702  -21.467  68.238 0.0000000000
44230  9.942  -20.456  68.275 0.0000000000
44233  9.985  -20.441  66.824 0.0000000000
45241  6.318  -19.492  61.043 0.0000000000
45252  7.675  -19.222  59.652 0.0000000000
45253  6.462  -19.004  59.721 0.0000000000
45280  5.711  -18.540  58.176 0.0000000000
46265  6.211  -18.353  56.646 0.0000000000
51130  2.696  -13.814  54.429 0.0000000000
128848  3.007  -15.765  53.840 0.0000000000
137268  3.092  -14.740  53.126 0.0000000000
50196  4.686  -14.099  51.093 0.0000000000
50212  5.885  -13.775  49.353 0.0000000000
50239  6.361  -14.490  48.098 0.0000000000
51218  4.589  -12.769  49.201 0.0000000000
52161  3.671  -12.642  48.103 0.0000000000
125628  1.351  -12.173  47.435 0.0000000000
56379  6.498  -8.259  46.124 0.0000000000
55306  4.104  -9.490  46.533 0.0000000000
55315  5.545  -9.587  45.420 0.0000000000
120469  9.284  -15.885  65.370 0.0000000000
49038  8.311  -16.200  64.882 0.0000000000
50042  8.860  -15.458  64.679 0.0000000000
49049  8.238  -15.552  63.700 0.0000000000
122155  7.786  -15.609  62.016 0.0000000000
49074  9.645  -15.440  61.353 0.0000000000
118842  8.812  -15.485  60.932 0.0000000000
49091  7.293  -15.422  60.375 0.0000000000
49106  6.545  -15.135  59.705 0.0000000000
51045  20.815  -13.096  60.173 0.0000000000
51059  21.785  -13.527  59.029 0.0000000000
120408  21.381  -14.692  59.620 0.0000000000
48092  19.423  -16.299  60.178 0.0000000000
48077  20.014  -17.038  60.581 0.0000000000
47145  20.447  -17.759  60.337 0.0000000000
47126  16.875  -17.084  64.205 0.0000000000
49030  15.046  -15.935  64.825 0.0000000000
49047  15.555  -15.173  63.292 0.0000000000
49041  14.712  -15.271  64.525 0.0000000000
49031  14.245  -15.759  65.184 0.0000000000
49033  12.227  -15.816  65.936 0.0000000000
49035  10.783  -15.757  65.752 0.0000000000
48097  1.182  -16.621  59.617 0.0000000000
47178  2.095  -17.520  58.551 0.0000000000
49122  1.102  -15.632  58.421 0.0000000000
119818  1.706  -14.469  57.292 0.0000000000
135983  2.038  -13.548  56.832 0.0000000000
53099  2.167  -11.280  58.606 0.0000000000
53121  2.133  -12.134  57.298 0.0000000000
52089  2.296  -12.921  55.938 0.0000000000
52099  2.509  -12.462  54.224 0.0000000000
54215  2.931  -11.085  53.641 0.0000000000
55247  3.303  -10.496  53.035 0.0000000000
119100  13.971  -16.333  57.016 0.0000000000
53094  20.517  -11.595  59.233 0.0000000000
117492  19.039  -7.031  60.671 0.0000000000
57252  18.010  -7.788  60.518 0.0000000000
56233  18.887  -8.122  59.583 0.0000000000
56234  18.684  -9.089  59.493 0.0000000000
54144  19.336  -10.704  59.509 0.0000000000
52020  20.025  -11.916  60.305 0.0000000000
52035  18.764  -12.641  60.162 0.0000000000
51060  17.714  -13.911  58.528 0.0000000000
51061  16.890  -13.501  58.014 0.0000000000
51072  17.252  -14.405  57.834 0.0000000000
50101  16.747  -14.843  57.330 0.0000000000
49130  15.621  -16.049  57.207 0.0000000000
43399  8.144  -21.653  63.220 0.0000000000
44262  7.142  -20.069  62.204 0.0000000000
44245  7.180  -19.818  63.237 0.0000000000
44249  7.067  -19.972  62.809 0.0000000000
45229  6.244  -19.500  61.698 0.0000000000
45242  5.316  -18.949  61.196 0.0000000000
45232  4.062  -18.427  61.091 0.0000000000
46222  2.933  -17.947  60.987 0.0000000000
48052  7.850  -16.240  64.353 0.0000000000
48057  6.243  -16.775  63.286 0.0000000000
47130  5.328  -17.311  63.071 0.0000000000
49064  5.075  -16.360  62.258 0.0000000000
48065  4.839  -16.604  62.288 0.0000000000
48060  4.278  -17.466  62.277 0.0000000000
136243  3.787  -17.159  61.754 0.0000000000
47138  2.735  -17.270  61.084 0.0000000000
48082  1.942  -16.854  60.710 0.0000000000
127959  1.287  -15.059  60.586 0.0000000000
51038  1.197  -13.631  60.426 0.0000000000
53077  1.686  -11.467  60.638 0.0000000000
52011  2.765  -12.425  61.267 0.0000000000
53064  2.003  -11.242  61.218 0.0000000000
54124  1.993  -10.518  61.301 0.0000000000
44239  14.923  -20.052  64.067 0.0000000000
46189  13.755  -18.748  66.038 0.0000000000
45251  8.811  -19.429  59.274 0.0000000000
44300  10.152  -20.601  58.045 0.0000000000
116310  8.330  -20.569  51.361 0.0000000000
46282  3.196  -17.424  57.294 0.0000000000
119587  4.555  -17.740  55.770 0.0000000000
46290  6.250  -18.217  55.275 0.0000000000
48152  3.903  -16.483  53.639 0.0000000000
46321  5.921  -17.533  53.865 0.0000000000
118321  8.035  -18.290  53.875 0.0000000000
134281  9.050  -18.453  52.037 0.0000000000
45353  8.960  -19.483  50.462 0.0000000000
44378  7.469  -20.255  49.744 0.0000000000
45371  6.267  -19.754  48.384 0.0000000000
48249  5.444  -15.959  47.331 0.0000000000
138371  3.575  -17.330  46.772 0.0000000000
57284  5.724  -7.389  57.498 0.0000000000
57296  6.315  -7.312  56.657 0.0000000000
55208  6.111  -8.770  56.513 0.0000000000
122392  6.354  -9.189  54.799 0.0000000000
55245  5.190  -9.887  53.717 0.0000000000
55261  4.215  -9.488  52.084 0.0000000000
56333  6.618  -8.711  51.562 0.0000000000
135715  4.707  -8.940  51.207 0.0000000000
120004  2.568  -9.371  50.750 0.0000000000
117030  1.863  -9.348  49.243 0.0000000000
53207  1.121  -10.120  48.004 0.0000000000
126014  0.185  -11.597  46.201 0.0000000000
53237  1.004  -11.225  45.502 0.0000000000
49117  12.708  -16.326  58.552 0.0000000000
49115  14.271  -16.499  57.994 0.0000000000
49099  13.509  -16.305  59.652 0.0000000000
43499  6.102  -21.363  51.569 0.0000000000
43508  5.309  -20.965  50.288 0.0000000000
131835  6.042  -20.749  50.084 0.0000000000
52046  21.142  -12.182  59.019 0.0000000000
52058  20.983  -12.512  57.804 0.0000000000
52057  21.512  -12.864  58.743 0.0000000000
48043  9.765  -17.125  65.811 0.0000000000
47118  10.471  -18.186  66.116 0.0000000000
48041  9.907  -17.797  65.853 0.0000000000
47120  9.920  -18.019  65.911 0.0000000000
46241  2.984  -18.207  59.877 0.0000000000
121820  3.641  -18.382  59.519 0.0000000000
46255  2.446  -17.976  59.159 0.0000000000
55263  2.296  -10.535  52.011 0.0000000000
53169  2.007  -11.413  52.087 0.0000000000
53179  1.995  -11.113  51.458 0.0000000000
53188  1.995  -10.761  50.557 0.0000000000
129434  2.069  -10.356  50.940 0.0000000000
50046  11.527  -14.726  63.615 0.0000000000
50047  10.606  -14.888  63.808 0.0000000000
50055  10.910  -15.210  62.972 0.0000000000
117912  18.376  -14.105  59.115 0.0000000000
48071  17.762  -16.386  61.919 0.0000000000
48079  18.317  -16.618  61.195 0.0000000000
49052  17.599  -16.202  62.732 0.0000000000
49053  16.785  -15.750  62.857 0.0000000000
129291  12.201  -14.768  63.225 0.0000000000
50039  11.740  -14.488  64.140 0.0000000000
53078  1.685  -11.863  60.102 0.0000000000
53089  1.914  -11.682  59.555 0.0000000000
55201  4.572  -9.475  57.989 0.0000000000
54170  4.019  -10.244  57.463 0.0000000000
55210  4.888  -9.842  57.053 0.0000000000
55209  5.575  -9.341  56.727 0.0000000000
43392  8.512  -21.871  64.645 0.0000000000
45215  5.657  -18.724  62.668 0.0000000000
46208  4.535  -18.096  62.470 0.0000000000
122719  6.820  -15.873  62.282 0.0000000000
122374  6.780  -16.087  63.097 0.0000000000
49079  3.829  -15.545  61.248 0.0000000000
50059  2.953  -14.739  61.088 0.0000000000
129270  2.342  -14.025  61.100 0.0000000000
47122  14.307  -17.504  65.543 0.0000000000
44225  11.759  -20.682  68.320 0.0000000000
44224  12.975  -20.446  68.235 0.0000000000
118663  8.768  -21.119  65.181 0.0000000000
133731  8.450  -20.588  61.128 0.0000000000
45301  8.163  -18.762  56.248 0.0000000000
45310  9.380  -19.079  54.967 0.0000000000
46303  8.660  -18.603  54.367 0.0000000000
49162  2.826  -15.224  55.432 0.0000000000
48140  2.945  -16.030  54.859 0.0000000000
49170  2.938  -15.910  54.432 0.0000000000
49209  6.985  -15.139  50.175 0.0000000000
49194  6.397  -15.568  51.204 0.0000000000
49231  7.674  -15.629  49.614 0.0000000000
48229  8.153  -16.293  49.227 0.0000000000
49249  7.684  -15.721  48.740 0.0000000000
48240  7.396  -16.127  48.046 0.0000000000
135717  6.962  -15.156  48.238 0.0000000000
51243  1.743  -13.146  47.220 0.0000000000
51256  1.418  -14.146  46.615 0.0000000000
58325  6.915  -5.969  54.871 0.0000000000
57318  7.118  -7.373  54.157 0.0000000000
57331  7.453  -7.114  53.354 0.0000000000
56359  6.270  -8.307  47.953 0.0000000000
57399  7.238  -7.983  48.190 0.0000000000
119658  5.999  -8.460  48.967 0.0000000000
56360  5.151  -8.541  48.267 0.0000000000
56372  3.229  -8.850  47.952 0.0000000000
56371  4.358  -8.740  47.674 0.0000000000
49071  12.450  -15.413  61.638 0.0000000000
49072  11.567  -15.412  61.401 0.0000000000
119294  11.966  -15.582  60.753 0.0000000000
49118  11.408  -16.078  58.256 0.0000000000
49129  16.789  -15.535  57.593 0.0000000000
49114  17.269  -15.751  58.262 0.0000000000
48095  16.191  -16.441  59.581 0.0000000000
49068  15.268  -15.871  61.638 0.0000000000
49084  14.539  -16.120  60.810 0.0000000000
49085  13.180  -16.006  60.414 0.0000000000
55185  2.229  -9.656  60.600 0.0000000000
56236  3.066  -8.402  60.019 0.0000000000
56247  4.086  -8.269  59.152 0.0000000000
55192  4.119  -9.134  58.826 0.0000000000
46197  7.655  -17.839  64.399 0.0000000000
47129  6.442  -17.261  63.490 0.0000000000
50064  5.638  -14.864  60.043 0.0000000000
51051  4.591  -14.003  60.206 0.0000000000
52026  4.158  -12.844  61.101 0.0000000000
135992  12.240  -17.231  66.593 0.0000000000
48034  12.753  -17.254  66.662 0.0000000000
48035  12.311  -16.720  67.522 0.0000000000
46186  9.962  -18.069  68.222 0.0000000000
46185  10.771  -17.907  68.284 0.0000000000
140084  10.209  -18.640  68.313 0.0000000000
45195  10.036  -19.545  68.307 0.0000000000
127259  9.483  -20.066  68.130 0.0000000000
44228  9.661  -19.536  67.405 0.0000000000
45204  9.666  -19.215  65.877 0.0000000000
45200  9.943  -19.810  66.808 0.0000000000
44234  9.582  -19.953  65.869 0.0000000000
117131  5.845  -19.064  60.471 0.0000000000
45254  5.390  -18.750  59.695 0.0000000000
46252  4.848  -18.362  58.120 0.0000000000
45279  6.483  -18.532  57.518 0.0000000000
46266  5.299  -18.249  57.301 0.0000000000
51150  2.641  -13.585  53.667 0.0000000000
50181  2.966  -14.489  53.350 0.0000000000
51165  2.495  -13.669  52.981 0.0000000000
51180  2.862  -13.494  51.776 0.0000000000
50197  3.664  -13.708  51.373 0.0000000000
51197  4.418  -13.094  50.259 0.0000000000
51217  5.163  -13.242  49.510 0.0000000000
52150  3.747  -12.318  48.839 0.0000000000
52162  2.698  -11.856  48.427 0.0000000000
52171  2.492  -12.374  47.779 0.0000000000
52172  1.607  -11.450  47.848 0.0000000000
57428  7.060  -7.819  46.589 0.0000000000
56388  6.010  -8.855  45.731 0.0000000000
56387  6.765  -8.473  45.284 0.0000000000
49036  9.908  -15.687  65.452 0.0000000000
50034  9.243  -15.542  65.063 0.0000000000
49048  9.069  -15.339  63.427 0.0000000000
49061  8.455  -15.548  62.713 0.0000000000
49090  8.279  -15.477  60.131 0.0000000000
49075  8.019  -15.493  61.084 0.0000000000
50073  21.408  -13.738  59.762 0.0000000000
123750  20.746  -14.209  60.093 0.0000000000
49095  20.851  -15.423  59.728 0.0000000000
48090  20.810  -16.442  59.686 0.0000000000
48105  17.711  -16.009  59.133 0.0000000000
49097  18.630  -15.813  59.452 0.0000000000
48068  20.012  -17.606  60.756 0.0000000000
46218  19.970  -17.941  60.892 0.0000000000
47136  19.535  -17.738  61.288 0.0000000000
117445  19.158  -18.403  61.819 0.0000000000
48056  16.891  -16.131  63.524 0.0000000000
48050  16.600  -16.431  64.105 0.0000000000
48051  15.859  -16.202  64.488 0.0000000000
50037  13.392  -14.623  64.339 0.0000000000
50036  14.256  -14.779  64.155 0.0000000000
50028  13.917  -15.048  64.871 0.0000000000
49032  13.432  -15.697  65.461 0.0000000000
50032  10.550  -15.207  65.117 0.0000000000
49034  11.370  -15.303  65.431 0.0000000000
50078  0.939  -14.913  59.895 0.0000000000
49107  0.951  -15.827  59.349 0.0000000000
125034  0.927  -15.087  58.998 0.0000000000
121378  1.631  -13.046  58.050 0.0000000000
51064  1.314  -13.859  58.161 0.0000000000
51076  1.758  -13.631  57.389 0.0000000000
50126  2.112  -14.097  56.744 0.0000000000
131064  1.905  -13.050  57.251 0.0000000000
54182  2.587  -11.454  57.102 0.0000000000
53108  2.230  -11.661  57.661 0.0000000000
53120  2.387  -11.867  56.757 0.0000000000
52074  2.304  -12.325  56.366 0.0000000000
52088  2.429  -12.397  55.296 0.0000000000
53132  2.561  -11.882  55.736 0.0000000000
135057  3.108  -11.085  54.454 0.0000000000
54202  3.602  -10.719  53.992 0.0000000000
55246  4.252  -10.247  53.509 0.0000000000
49147  14.595  -15.808  56.301 0.0000000000
49148  13.700  -16.060  56.201 0.0000000000
49157  14.267  -15.405  55.625 0.0000000000
55189  19.394  -9.554  58.610 0.0000000000
54156  19.598  -10.088  58.236 0.0000000000
54165  19.978  -10.901  58.444 0.0000000000
54143  19.940  -11.103  59.385 0.0000000000
56222  17.564  -8.626  60.101 0.0000000000
56220  18.536  -7.625  60.302 0.0000000000
56221  18.322  -8.409  59.936 0.0000000000
54129  18.979  -11.014  59.876 0.0000000000
53069  19.678  -11.344  59.974 0.0000000000
120295  19.243  -11.673  60.243 0.0000000000
53084  17.174  -11.845  59.890 0.0000000000
52036  17.683  -12.494  59.760 0.0000000000
51048  18.161  -13.352  59.411 0.0000000000
52047  17.274  -13.022  58.917 0.0000000000
52059  15.964  -12.960  57.665 0.0000000000
49146  15.447  -15.405  56.534 0.0000000000
49131  14.863  -16.230  57.016 0.0000000000
41657  7.796  -23.278  63.421 0.0000000000
42523  8.034  -22.446  63.702 0.0000000000
118283  7.889  -20.843  62.713 0.0000000000
45210  7.815  -19.469  64.260 0.0000000000
44241  7.473  -19.594  63.711 0.0000000000
45219  6.328  -19.260  62.642 0.0000000000
44250  6.210  -19.384  62.241 0.0000000000
45230  5.391  -18.927  61.777 0.0000000000
46220  4.260  -18.403  61.627 0.0000000000
46231  3.336  -18.244  60.689 0.0000000000
49042  8.262  -15.843  64.617 0.0000000000
49051  6.200  -16.424  63.084 0.0000000000
49044  7.209  -16.393  63.693 0.0000000000
48058  5.357  -16.747  62.847 0.0000000000
49078  4.989  -15.863  61.769 0.0000000000
48066  4.297  -16.866  62.025 0.0000000000
48059  4.741  -17.121  62.586 0.0000000000
48067  3.062  -16.775  61.268 0.0000000000
48073  2.243  -16.374  60.971 0.0000000000
126742  1.578  -15.886  60.745 0.0000000000
51027  1.985  -13.338  61.046 0.0000000000
51028  1.558  -13.484  60.752 0.0000000000
52027  1.673  -12.074  60.566 0.0000000000
132576  22.044  -15.146  58.275 0.0000000000
50084  21.988  -14.326  58.375 0.0000000000
49127  21.899  -15.745  57.772 0.0000000000
118322  14.762  -19.029  65.161 0.0000000000
129614  13.369  -17.508  67.319 0.0000000000
47116  13.507  -18.252  66.147 0.0000000000
46181  14.191  -18.590  66.350 0.0000000000
42519  8.370  -22.890  64.346 0.0000000000
43414  9.329  -21.262  60.378 0.0000000000
43433  9.624  -21.604  58.895 0.0000000000
120467  8.729  -19.125  58.422 0.0000000000
45276  10.047  -20.115  57.294 0.0000000000
43443  10.332  -21.210  57.267 0.0000000000
43466  10.282  -21.340  55.097 0.0000000000
45321  10.177  -19.769  53.257 0.0000000000
44345  10.035  -20.744  53.458 0.0000000000
44356  8.169  -21.007  52.026 0.0000000000
44366  9.107  -20.326  51.817 0.0000000000
47179  1.832  -16.773  57.920 0.0000000000
117683  2.579  -17.166  57.563 0.0000000000
47192  3.048  -16.828  56.616 0.0000000000
46292  4.004  -17.318  55.218 0.0000000000
46293  3.916  -17.495  56.038 0.0000000000
46306  4.649  -17.663  54.960 0.0000000000
46291  5.341  -17.991  55.492 0.0000000000
118412  5.563  -17.892  54.691 0.0000000000
49185  3.408  -15.609  53.191 0.0000000000
48170  3.498  -16.092  53.419 0.0000000000
48169  4.141  -16.208  53.145 0.0000000000
47266  7.140  -16.708  51.866 0.0000000000
47253  5.718  -17.027  53.090 0.0000000000
47236  6.739  -17.527  53.093 0.0000000000
46320  7.106  -17.995  53.827 0.0000000000
46319  7.829  -18.021  53.183 0.0000000000
46329  8.599  -18.150  52.584 0.0000000000
47250  8.476  -17.910  51.809 0.0000000000
129175  8.827  -18.319  49.903 0.0000000000
46346  8.896  -18.436  50.548 0.0000000000
45361  8.720  -19.305  49.674 0.0000000000
44371  8.436  -19.960  50.023 0.0000000000
133003  7.988  -19.599  49.145 0.0000000000
44387  6.933  -20.012  48.981 0.0000000000
122328  7.217  -19.400  48.425 0.0000000000
47303  6.220  -17.706  47.490 0.0000000000
46379  4.350  -18.476  47.198 0.0000000000
50240  5.737  -14.267  47.787 0.0000000000
49259  6.150  -15.059  47.690 0.0000000000
49260  5.222  -14.950  47.424 0.0000000000
49262  2.674  -15.954  46.615 0.0000000000
120265  3.677  -15.840  46.913 0.0000000000
48251  3.156  -16.709  46.672 0.0000000000
47317  2.077  -17.535  46.111 0.0000000000
58303  6.354  -6.617  56.242 0.0000000000
57309  6.746  -7.321  55.717 0.0000000000
56281  6.527  -8.109  56.233 0.0000000000
55218  6.338  -8.951  55.748 0.0000000000
56308  6.740  -8.713  53.290 0.0000000000
128099  5.953  -9.584  54.036 0.0000000000
55244  5.802  -9.504  53.281 0.0000000000
55260  4.725  -9.853  52.881 0.0000000000
134611  5.137  -9.513  52.495 0.0000000000
57386  7.857  -7.836  49.637 0.0000000000
57373  8.332  -7.020  50.985 0.0000000000
57364  7.851  -7.627  51.462 0.0000000000
121772  7.369  -8.202  51.981 0.0000000000
56332  7.270  -8.320  51.074 0.0000000000
117402  4.344  -8.663  50.083 0.0000000000
56345  5.060  -8.749  50.677 0.0000000000
56346  4.025  -8.824  50.798 0.0000000000
56336  3.145  -9.042  50.881 0.0000000000
55277  2.639  -9.054  50.370 0.0000000000
121770  2.245  -9.292  50.060 0.0000000000
56354  2.481  -8.913  49.635 0.0000000000
55298  1.635  -9.389  47.655 0.0000000000
55291  1.623  -9.366  48.439 0.0000000000
54259  1.089  -9.849  47.726 0.0000000000
53217  0.799  -10.466  47.301 0.0000000000
54267  0.812  -10.210  46.914 0.0000000000
55317  3.453  -10.064  46.162 0.0000000000
49086  12.355  -15.873  60.117 0.0000000000
48116  15.726  -16.334  57.912 0.0000000000
48107  15.914  -16.418  58.691 0.0000000000
48081  14.679  -16.378  59.998 0.0000000000
116495  13.959  -16.236  60.193 0.0000000000
117421  4.652  -20.605  49.065 0.0000000000
137392  5.347  -20.403  48.981 0.0000000000
46195  8.973  -18.596  65.516 0.0000000000
130471  8.290  -18.813  65.108 0.0000000000
47125  7.905  -17.421  64.679 0.0000000000
136160  11.001  -17.117  66.324 0.0000000000
48036  11.384  -17.152  66.867 0.0000000000
47117  10.932  -17.774  66.525 0.0000000000
47115  10.660  -18.285  66.721 0.0000000000
46187  10.153  -18.346  67.001 0.0000000000
45197  9.940  -19.136  67.023 0.0000000000
46192  9.813  -18.518  65.903 0.0000000000
45255  4.412  -18.550  59.628 0.0000000000
46253  4.068  -18.349  58.661 0.0000000000
52126  2.091  -12.182  52.754 0.0000000000
132113  2.235  -12.887  52.699 0.0000000000
52135  2.087  -12.122  51.996 0.0000000000
51199  2.491  -12.533  51.400 0.0000000000
52142  2.661  -11.950  50.390 0.0000000000
51219  3.629  -12.337  49.720 0.0000000000
52152  2.137  -11.199  50.205 0.0000000000
53197  1.823  -10.548  49.565 0.0000000000
50040  10.345  -14.940  64.443 0.0000000000
50041  9.444  -15.157  64.474 0.0000000000
49104  8.843  -15.487  59.329 0.0000000000
139511  8.109  -15.428  59.394 0.0000000000
123282  7.827  -15.243  58.670 0.0000000000
51047  19.079  -13.679  59.828 0.0000000000
50074  19.890  -14.293  60.015 0.0000000000
136081  19.521  -15.001  59.631 0.0000000000
127942  19.529  -15.631  59.756 0.0000000000
137735  17.795  -16.409  60.510 0.0000000000
48070  18.916  -17.067  61.736 0.0000000000
49046  16.349  -15.667  63.331 0.0000000000
50052  13.892  -14.762  63.051 0.0000000000
124513  12.956  -14.411  63.879 0.0000000000
50038  12.414  -14.562  64.443 0.0000000000
118800  1.184  -13.134  59.902 0.0000000000
123625  0.906  -14.254  59.068 0.0000000000
52053  1.787  -12.364  58.653 0.0000000000
54171  3.209  -10.562  57.881 0.0000000000
54181  3.268  -10.916  56.962 0.0000000000
53131  3.013  -11.323  55.262 0.0000000000
54191  3.597  -10.990  55.879 0.0000000000
54190  4.376  -10.565  55.459 0.0000000000
54189  5.101  -10.248  54.972 0.0000000000
53071  17.738  -11.584  60.015 0.0000000000
53085  16.233  -11.468  59.616 0.0000000000
51087  15.732  -14.063  56.570 0.0000000000
44244  7.845  -20.435  63.884 0.0000000000
46212  4.387  -18.302  62.120 0.0000000000
46213  3.949  -18.126  61.895 0.0000000000
49050  7.556  -15.973  63.752 0.0000000000
134010  4.327  -15.800  61.558 0.0000000000
49066  3.580  -16.468  61.395 0.0000000000
49082  1.597  -15.030  60.867 0.0000000000
121853  2.252  -12.676  61.032 0.0000000000
48113  21.643  -16.610  58.037 0.0000000000
46200  15.942  -18.103  64.829 0.0000000000
46193  15.010  -18.421  65.202 0.0000000000
46194  14.186  -18.710  65.612 0.0000000000
45192  13.865  -19.054  68.165 0.0000000000
119214  9.620  -22.157  67.620 0.0000000000
43388  9.863  -21.563  65.936 0.0000000000
42518  8.811  -22.683  64.788 0.0000000000
44260  8.656  -21.229  61.365 0.0000000000
44270  9.065  -20.850  60.787 0.0000000000
136568  9.380  -20.649  60.211 0.0000000000
45278  7.787  -18.773  57.796 0.0000000000
45291  9.355  -19.341  56.559 0.0000000000
45290  10.279  -20.162  56.347 0.0000000000
134343  10.617  -20.499  54.858 0.0000000000
45300  10.117  -19.782  55.556 0.0000000000
134829  10.254  -19.713  54.669 0.0000000000
132954  9.742  -19.034  53.184 0.0000000000
48125  2.696  -15.726  56.391 0.0000000000
48124  3.041  -16.209  55.823 0.0000000000
47207  3.237  -16.432  54.976 0.0000000000
47238  3.642  -16.628  54.224 0.0000000000
49195  5.335  -15.416  51.759 0.0000000000
48191  4.853  -16.016  52.569 0.0000000000
48189  6.777  -16.103  51.547 0.0000000000
48188  7.613  -16.469  51.041 0.0000000000
47265  8.003  -17.170  51.468 0.0000000000
47277  8.302  -16.982  50.590 0.0000000000
48209  8.434  -16.925  49.718 0.0000000000
47292  8.302  -17.481  48.598 0.0000000000
46366  8.000  -18.111  48.100 0.0000000000
47293  7.894  -17.360  48.096 0.0000000000
48248  6.872  -16.854  47.624 0.0000000000
118542  5.929  -16.829  47.402 0.0000000000
133450  4.065  -13.973  47.421 0.0000000000
119973  4.159  -14.863  47.175 0.0000000000
50242  3.251  -14.401  47.126 0.0000000000
49263  2.234  -15.009  46.667 0.0000000000
49272  1.811  -15.953  46.247 0.0000000000
57319  6.973  -6.883  54.891 0.0000000000
122518  6.914  -7.736  54.823 0.0000000000
135635  6.738  -8.481  54.624 0.0000000000
56294  6.932  -8.198  54.102 0.0000000000
56307  7.172  -7.880  53.589 0.0000000000
57398  7.761  -7.791  48.833 0.0000000000
56343  7.150  -8.273  50.148 0.0000000000
56352  6.395  -8.442  49.773 0.0000000000
119659  4.770  -8.595  49.196 0.0000000000
56353  3.559  -8.671  49.440 0.0000000000
56362  2.815  -8.761  48.789 0.0000000000
55297  2.547  -9.201  47.458 0.0000000000
49058  11.187  -15.325  62.113 0.0000000000
49087  11.565  -15.701  59.949 0.0000000000
49088  10.748  -15.553  59.869 0.0000000000
48094  17.237  -16.360  59.881 0.0000000000
122591  16.191  -15.730  62.298 0.0000000000
116522  14.768  -15.424  62.250 0.0000000000
49055  14.042  -15.264  62.305 0.0000000000
49056  13.198  -15.141  62.411 0.0000000000
49057  12.416  -15.071  62.578 0.0000000000
54151  2.046  -10.497  60.093 0.0000000000
55194  2.451  -10.065  59.746 0.0000000000
55193  3.245  -9.641  59.260 0.0000000000
133359  8.312  -20.600  64.949 0.0000000000
44238  8.115  -20.172  64.732 0.0000000000
46201  7.778  -18.612  64.415 0.0000000000
49093  5.345  -15.207  60.989 0.0000000000
48038  13.145  -17.384  66.076 0.0000000000
47119  13.465  -17.842  65.939 0.0000000000
122519  11.678  -17.277  68.163 0.0000000000
46184  11.976  -17.850  68.267 0.0000000000
124258  11.889  -18.618  68.377 0.0000000000
124711  10.894  -20.082  68.370 0.0000000000
44226  10.840  -21.089  68.354 0.0000000000
44227  9.487  -20.782  68.156 0.0000000000
45240  7.064  -19.485  60.430 0.0000000000
131904  6.934  -18.901  59.081 0.0000000000
132908  6.011  -18.810  58.948 0.0000000000
45265  6.773  -18.712  58.370 0.0000000000
45292  7.302  -18.615  56.857 0.0000000000
46278  7.011  -18.419  55.923 0.0000000000
50163  2.790  -14.567  54.714 0.0000000000
49176  2.954  -15.712  54.180 0.0000000000
50173  3.057  -15.204  53.835 0.0000000000
49186  3.149  -15.311  53.438 0.0000000000
49197  3.301  -14.897  52.783 0.0000000000
50189  2.870  -14.146  52.665 0.0000000000
132914  3.213  -14.203  52.113 0.0000000000
123422  4.515  -15.001  51.844 0.0000000000
49211  5.269  -14.732  51.228 0.0000000000
50195  5.691  -14.207  50.418 0.0000000000
50211  6.535  -14.465  49.739 0.0000000000
50227  6.592  -14.380  48.744 0.0000000000
50228  5.930  -13.901  48.389 0.0000000000
51240  5.248  -13.555  48.054 0.0000000000
51233  4.577  -12.975  48.446 0.0000000000
51241  4.390  -13.371  47.814 0.0000000000
51242  3.252  -13.356  47.523 0.0000000000
51244  0.742  -12.525  46.936 0.0000000000
56369  6.286  -8.200  46.985 0.0000000000
56381  4.734  -8.981  46.924 0.0000000000
56380  5.678  -8.664  46.558 0.0000000000
55314  6.335  -9.171  44.934 0.0000000000
43498  7.142  -21.203  51.816 0.0000000000
49029  9.012  -16.403  65.409 0.0000000000
49037  8.745  -15.784  65.030 0.0000000000
50050  8.248  -15.678  64.348 0.0000000000
50049  8.856  -15.272  64.238 0.0000000000
49059  10.313  -15.376  62.209 0.0000000000
125750  8.701  -15.486  61.738 0.0000000000
50076  5.981  -14.583  59.210 0.0000000000
50075  6.823  -14.906  58.861 0.0000000000
51044  21.332  -12.900  59.550 0.0000000000
136103  21.803  -14.216  59.259 0.0000000000
119571  21.888  -14.960  59.003 0.0000000000
130235  21.383  -15.745  59.330 0.0000000000
48104  21.531  -16.510  58.911 0.0000000000
47155  20.915  -17.818  59.644 0.0000000000
48076  20.493  -17.152  60.212 0.0000000000
120664  20.430  -18.243  60.006 0.0000000000
46219  19.576  -18.107  61.372 0.0000000000
46198  17.363  -17.542  63.921 0.0000000000
47127  16.154  -17.106  64.676 0.0000000000
48044  15.211  -16.795  65.065 0.0000000000
48045  14.392  -16.626  65.390 0.0000000000
117572  16.147  -15.409  62.959 0.0000000000
139174  15.750  -15.456  63.679 0.0000000000
50043  14.481  -14.751  63.505 0.0000000000
50035  15.087  -15.047  63.841 0.0000000000
49040  15.490  -15.560  64.187 0.0000000000
49023  13.632  -16.580  65.711 0.0000000000
49024  12.791  -16.599  66.086 0.0000000000
49025  12.111  -16.579  66.330 0.0000000000
50030  12.139  -15.100  65.324 0.0000000000
49026  11.606  -15.945  66.028 0.0000000000
118130  11.096  -16.596  66.201 0.0000000000
49027  10.415  -16.392  65.955 0.0000000000
49028  9.742  -16.375  65.742 0.0000000000
47157  1.560  -17.274  59.833 0.0000000000
47167  1.904  -17.663  59.455 0.0000000000
47168  1.551  -17.142  59.057 0.0000000000
48109  1.228  -16.433  58.711 0.0000000000
122096  1.488  -16.072  57.910 0.0000000000
50091  1.152  -14.756  58.207 0.0000000000
49137  1.540  -15.345  57.544 0.0000000000
131120  2.165  -15.195  56.814 0.0000000000
132883  2.269  -14.663  56.611 0.0000000000
121878  2.529  -14.591  56.096 0.0000000000
125181  2.351  -13.946  56.201 0.0000000000
54152  1.984  -11.151  59.424 0.0000000000
53100  2.051  -11.678  58.902 0.0000000000
53109  2.035  -11.880  58.140 0.0000000000
52075  2.089  -12.664  56.879 0.0000000000
51092  2.152  -13.279  56.459 0.0000000000
51110  2.490  -13.762  55.460 0.0000000000
52100  2.492  -13.120  54.891 0.0000000000
51129  2.606  -13.197  54.084 0.0000000000
53143  2.667  -11.672  54.528 0.0000000000
53156  2.397  -11.689  53.352 0.0000000000
118510  2.610  -10.831  52.702 0.0000000000
55262  2.831  -10.160  52.154 0.0000000000
123983  13.328  -16.415  57.854 0.0000000000
55180  19.132  -9.817  59.235 0.0000000000
54145  18.720  -10.088  59.667 0.0000000000
53083  20.269  -11.607  59.905 0.0000000000
52034  20.750  -12.205  59.955 0.0000000000
52022  18.623  -11.953  60.287 0.0000000000
52048  16.380  -12.576  58.518 0.0000000000
125359  16.183  -15.960  57.521 0.0000000000
50119  15.997  -14.688  56.779 0.0000000000
49145  16.191  -15.419  57.073 0.0000000000
48117  15.092  -16.390  57.700 0.0000000000
45243  4.482  -18.617  61.004 0.0000000000
45231  4.675  -18.631  61.433 0.0000000000
46232  2.545  -18.005  60.361 0.0000000000
134811  8.508  -16.708  65.131 0.0000000000
48047  7.942  -16.759  64.624 0.0000000000
48053  7.232  -16.734  63.855 0.0000000000
47131  4.616  -17.682  62.616 0.0000000000
47133  3.847  -17.711  61.972 0.0000000000
47134  3.399  -17.388  61.530 0.0000000000
47137  3.411  -17.827  61.530 0.0000000000
47146  2.242  -17.578  60.600 0.0000000000
47156  1.952  -17.701  60.073 0.0000000000
48083  1.452  -16.666  60.275 0.0000000000
49094  1.125  -15.866  60.195 0.0000000000
50067  1.063  -14.346  60.456 0.0000000000
50061  1.366  -14.314  60.760 0.0000000000
52028  1.499  -12.718  60.285 0.0000000000
123172  2.691  -11.720  61.548 0.0000000000
52012  2.055  -11.998  61.048 0.0000000000
54136  1.767  -10.779  60.690 0.0000000000
133656  12.622  -16.340  57.770 0.0000000000
132059  21.712  -14.267  57.426 0.0000000000
50117  21.400  -14.799  56.627 0.0000000000
48122  21.592  -16.303  57.295 0.0000000000
124686  13.868  -18.169  65.789 0.0000000000
46191  13.673  -18.770  65.966 0.0000000000
132691  13.923  -19.190  65.786 0.0000000000
45202  13.898  -19.746  65.811 0.0000000000
44281  9.528  -20.192  59.568 0.0000000000
44291  9.596  -19.837  58.486 0.0000000000
44290  9.956  -20.727  58.862 0.0000000000
43432  10.055  -21.213  58.166 0.0000000000
43444  9.712  -21.779  57.755 0.0000000000
44331  10.462  -20.940  54.248 0.0000000000
127919  7.661  -20.838  51.405 0.0000000000
46269  2.753  -17.809  58.226 0.0000000000
46268  3.496  -17.979  57.967 0.0000000000
47191  3.447  -17.171  56.346 0.0000000000
46281  3.797  -17.661  57.002 0.0000000000
46280  4.500  -17.860  56.684 0.0000000000
46279  5.295  -18.032  56.314 0.0000000000
118983  6.009  -18.200  55.941 0.0000000000
46289  7.107  -18.367  55.097 0.0000000000
48154  2.928  -16.032  54.055 0.0000000000
48153  3.208  -16.251  53.960 0.0000000000
120764  4.268  -16.883  53.995 0.0000000000
122449  4.768  -16.579  53.155 0.0000000000
47237  4.962  -17.014  53.641 0.0000000000
47219  4.855  -17.385  54.257 0.0000000000
46305  6.586  -18.109  54.517 0.0000000000
46304  7.598  -18.335  54.500 0.0000000000
46318  8.944  -18.505  53.419 0.0000000000
45333  9.800  -19.404  52.566 0.0000000000
46338  8.993  -18.488  51.341 0.0000000000
46328  9.492  -19.057  51.795 0.0000000000
45343  9.279  -19.623  51.290 0.0000000000
45344  8.746  -20.076  50.907 0.0000000000
44372  7.789  -20.480  50.690 0.0000000000
44373  6.798  -20.644  50.323 0.0000000000
44379  6.471  -20.446  49.581 0.0000000000
44388  5.967  -20.239  48.954 0.0000000000
45372  5.148  -20.118  48.463 0.0000000000
124070  5.050  -16.908  47.196 0.0000000000
49261  4.567  -15.638  47.160 0.0000000000
48250  4.259  -16.565  47.003 0.0000000000
47305  4.335  -17.521  47.024 0.0000000000
47306  3.484  -18.126  46.789 0.0000000000
57271  4.968  -7.640  58.446 0.0000000000
56260  5.595  -8.205  57.731 0.0000000000
56259  6.148  -8.065  57.031 0.0000000000
119738  5.864  -9.420  56.077 0.0000000000
55219  5.828  -9.692  55.349 0.0000000000
55231  4.879  -10.139  54.197 0.0000000000
130099  3.706  -9.942  52.499 0.0000000000
55270  3.137  -9.501  51.551 0.0000000000
121478  6.046  -9.035  51.916 0.0000000000
56344  6.238  -8.597  50.641 0.0000000000
56334  5.618  -8.890  51.303 0.0000000000
56321  5.060  -9.211  51.824 0.0000000000
56335  3.959  -9.132  51.381 0.0000000000
55278  2.169  -9.695  50.484 0.0000000000
119916  1.958  -9.604  49.799 0.0000000000
54243  1.694  -9.880  49.297 0.0000000000
56363  2.020  -8.934  48.902 0.0000000000
54251  1.473  -9.786  48.569 0.0000000000
53206  1.503  -10.187  48.638 0.0000000000
53216  1.146  -10.561  47.841 0.0000000000
52173  0.545  -11.438  47.032 0.0000000000
52184  0.205  -12.461  46.287 0.0000000000
55307  2.963  -9.574  46.792 0.0000000000
54278  0.758  -10.641  46.219 0.0000000000
53238  0.353  -11.356  45.843 0.0000000000
51258  0.292  -13.269  45.990 0.0000000000
44317  10.659  -20.737  55.757 0.0000000000
44365  9.619  -19.755  51.973 0.0000000000
44367  6.916  -20.909  51.099 0.0000000000
45352  9.037  -18.926  50.106 0.0000000000
45370  8.011  -18.892  48.469 0.0000000000
46182  14.131  -18.146  67.456 0.0000000000
46317  9.361  -18.718  52.612 0.0000000000
46337  9.238  -19.042  50.888 0.0000000000
46355  8.744  -18.636  49.458 0.0000000000
46365  8.450  -18.321  48.767 0.0000000000
46367  7.310  -18.701  47.948 0.0000000000
47110  13.531  -17.880  66.128 0.0000000000
47114  10.290  -17.575  67.805 0.0000000000
47147  1.773  -17.284  60.291 0.0000000000
47206  3.570  -16.969  55.467 0.0000000000
47221  3.615  -16.773  54.768 0.0000000000
47252  6.518  -16.917  52.505 0.0000000000
47264  8.572  -17.778  50.993 0.0000000000
47284  8.631  -17.728  49.347 0.0000000000
48037  11.001  -17.708  66.556 0.0000000000
48039  10.332  -17.197  65.984 0.0000000000
48040  10.408  -17.803  66.042 0.0000000000
48118  2.069  -15.930  57.173 0.0000000000
48141  2.925  -15.718  54.883 0.0000000000
48167  6.367  -16.393  52.136 0.0000000000
48168  5.657  -16.477  52.577 0.0000000000
48171  3.085  -15.920  53.672 0.0000000000
48210  8.019  -16.274  50.116 0.0000000000
48238  8.405  -16.944  49.035 0.0000000000
48247  7.554  -16.914  47.928 0.0000000000
49019  11.795  -17.303  66.689 0.0000000000
49020  11.319  -17.430  66.470 0.0000000000
49153  2.649  -15.163  56.123 0.0000000000
49177  2.990  -15.130  54.275 0.0000000000
49184  3.969  -15.827  52.893 0.0000000000
49196  3.858  -15.286  52.544 0.0000000000
50144  2.678  -14.603  55.457 0.0000000000
50174  2.941  -14.408  53.927 0.0000000000
50182  2.675  -13.886  53.367 0.0000000000
50188  3.806  -14.582  51.974 0.0000000000
51166  2.360  -13.211  53.131 0.0000000000
51196  5.253  -13.598  50.147 0.0000000000
51232  5.304  -13.301  48.773 0.0000000000
52185  0.176  -12.846  45.627 0.0000000000
53227  0.476  -10.895  46.552 0.0000000000
54266  1.264  -9.995  46.544 0.0000000000
55230  5.609  -9.875  54.467 0.0000000000
55308  1.876  -9.539  46.937 0.0000000000
56271  5.813  -8.672  57.131 0.0000000000
57385  8.393  -7.101  50.073 0.0000000000
118852  2.071  -10.710  51.715 0.0000000000
124965  6.779  -8.733  52.391 0.0000000000
133178  3.284  -16.401  54.417 0.0000000000
133516  15.003  -14.917  63.390 0.0000000000
138866  12.738  -15.588  65.650 0.0000000000
139066  6.675  -8.290  48.562 0.0000000000
139119  4.444  -16.725  53.607 0.0000000000
139490  11.836  -15.468  65.676 0.0000000000
