#!ascii label  , from subject sub-v1s23x0050609_ses-1 vox2ras=TkReg
1161
2152  24.655  -73.731  -15.310 0.5000000000
8682  20.949  -61.460  -14.124 0.6000000238
123886  21.205  -60.291  -14.100 0.6000000238
9455  21.078  -59.548  -14.820 0.6000000238
9447  21.391  -60.312  -13.346 0.6999999881
9448  21.387  -59.402  -14.126 0.6000000238
9432  21.467  -60.503  -12.449 0.6999999881
9433  21.367  -59.637  -13.176 0.6000000238
5432  20.795  -66.257  -12.306 0.5000000000
4900  22.124  -67.292  -14.050 0.6000000238
129750  21.274  -67.042  -14.617 0.6000000238
5449  21.194  -66.485  -13.026 0.5000000000
4333  23.376  -68.347  -14.652 0.5000000000
4899  22.807  -67.716  -14.493 0.4000000060
5464  21.590  -66.861  -13.583 0.6000000238
125652  16.882  -62.929  -13.009 0.5000000000
129782  25.408  -70.347  -15.550 0.4000000060
7946  17.424  -62.244  -13.570 0.5000000000
7933  16.806  -62.851  -12.083 0.5000000000
8697  18.000  -61.702  -14.265 0.6000000238
8695  19.512  -61.437  -14.799 0.6000000238
8681  21.442  -61.479  -13.370 0.6999999881
135270  20.761  -60.522  -14.529 0.6000000238
7919  23.011  -62.382  -11.538 0.6000000238
8669  22.261  -62.008  -12.034 0.6999999881
8660  21.806  -61.325  -11.840 0.6999999881
7906  23.479  -62.381  -10.754 0.6999999881
135931  21.396  -58.815  -14.701 0.6000000238
5433  19.843  -65.936  -12.578 0.5000000000
5465  20.724  -66.648  -13.988 0.6000000238
5450  20.254  -66.255  -13.320 0.5000000000
118578  21.926  -67.357  -15.181 0.6000000238
133688  20.792  -67.548  -15.862 0.6999999881
7964  16.583  -63.000  -15.070 0.5000000000
7947  16.767  -62.982  -14.050 0.5000000000
2547  26.072  -72.461  -15.837 0.5000000000
124908  17.277  -62.403  -14.626 0.5000000000
7974  20.086  -63.118  -15.229 0.6999999881
7963  17.949  -62.120  -15.082 0.6000000238
7960  20.675  -62.679  -14.517 0.6999999881
7961  19.684  -62.371  -15.098 0.6000000238
7962  18.755  -62.125  -15.231 0.6000000238
8694  20.261  -61.486  -14.633 0.6000000238
7944  21.798  -62.625  -13.337 0.6999999881
7930  22.823  -62.661  -12.419 0.6000000238
117573  22.358  -62.818  -12.999 0.6000000238
7918  23.913  -62.599  -11.443 0.6000000238
7931  22.025  -62.189  -12.695 0.6000000238
7905  24.340  -62.458  -10.740 0.6000000238
9410  21.238  -59.977  -12.049 0.6999999881
10194  21.409  -58.731  -13.943 0.5000000000
8659  22.301  -61.895  -11.271 0.6999999881
125260  21.807  -61.421  -11.061 0.6999999881
5478  18.882  -66.934  -15.542 0.5000000000
135511  18.640  -66.431  -14.677 0.5000000000
5451  19.061  -66.140  -13.649 0.5000000000
4908  19.634  -67.498  -16.171 0.6999999881
5466  19.624  -66.561  -14.366 0.6000000238
4915  22.321  -67.697  -16.868 0.5000000000
4907  21.589  -67.777  -16.435 0.6999999881
4901  20.158  -67.036  -15.069 0.6000000238
4338  23.970  -67.886  -14.987 0.4000000060
4339  23.261  -67.627  -15.052 0.4000000060
4906  22.596  -67.479  -15.679 0.5000000000
7291  16.746  -63.329  -15.802 0.5000000000
7289  18.504  -63.214  -16.115 0.5000000000
7290  17.486  -63.131  -16.076 0.5000000000
133463  17.203  -62.663  -15.461 0.5000000000
7278  21.001  -63.328  -14.801 0.6000000238
7976  18.057  -62.576  -15.665 0.5000000000
7277  21.731  -63.360  -14.317 0.6999999881
7270  23.034  -63.394  -13.666 0.6000000238
7271  22.201  -63.258  -13.641 0.6999999881
7959  21.440  -63.086  -14.015 0.6999999881
7941  24.521  -63.113  -13.130 0.6000000238
7942  23.584  -63.103  -12.861 0.6000000238
7943  22.807  -63.136  -13.102 0.6999999881
7927  25.777  -62.695  -12.167 0.6999999881
7902  26.840  -62.206  -10.978 0.6000000238
7916  25.511  -62.573  -11.460 0.6999999881
7917  24.735  -62.602  -11.429 0.6999999881
139515  27.356  -60.990  -9.737 0.6000000238
8642  26.452  -62.000  -10.223 0.6000000238
7903  25.996  -62.391  -10.845 0.6999999881
10165  20.513  -59.596  -11.478 0.6000000238
8643  25.642  -62.214  -10.156 0.6999999881
9394  21.448  -60.806  -11.476 0.6999999881
10178  20.992  -59.199  -12.671 0.6000000238
9378  27.004  -60.750  -9.142 0.6999999881
8619  26.766  -61.434  -9.644 0.6000000238
132238  25.346  -62.077  -9.568 0.8000000119
7890  23.953  -62.317  -9.982 0.6999999881
8644  23.029  -62.220  -10.042 0.6999999881
8645  22.174  -61.840  -10.335 0.6999999881
4917  20.177  -68.022  -16.958 0.6999999881
4918  19.256  -67.707  -17.122 0.6999999881
127361  21.734  -68.141  -17.418 0.5000000000
4916  20.946  -68.209  -17.370 0.6999999881
4905  23.411  -67.256  -15.625 0.4000000060
137097  22.912  -67.400  -16.319 0.5000000000
7305  16.559  -64.177  -16.031 0.5000000000
6661  16.438  -64.500  -15.596 0.5000000000
7304  17.113  -63.886  -16.384 0.5000000000
7288  19.584  -63.427  -15.944 0.6000000238
122889  21.746  -63.510  -14.977 0.6000000238
136424  20.420  -63.423  -15.529 0.6999999881
7276  22.458  -63.510  -14.474 0.6999999881
7268  24.696  -63.240  -14.014 0.6000000238
7275  23.407  -63.494  -14.477 0.6000000238
7925  27.381  -62.439  -12.663 0.6999999881
7926  26.564  -62.607  -12.406 0.6999999881
116467  25.975  -62.839  -12.969 0.6999999881
133678  19.780  -60.468  -9.669 0.6000000238
8658  27.643  -61.882  -11.258 0.6000000238
7914  27.136  -62.348  -11.807 0.6999999881
123042  25.188  -62.869  -12.642 0.6999999881
10927  28.463  -58.859  -9.768 0.6000000238
9376  28.328  -59.846  -10.053 0.6000000238
132757  28.349  -60.458  -10.649 0.6000000238
9392  28.062  -61.175  -10.866 0.6000000238
7915  26.309  -62.505  -11.597 0.6999999881
9396  20.027  -60.068  -10.454 0.6000000238
9377  27.644  -60.270  -9.513 0.6000000238
8641  27.313  -61.542  -10.379 0.6000000238
137819  22.993  -62.158  -8.671 0.6999999881
8624  21.676  -61.698  -9.548 0.6000000238
8646  21.335  -61.198  -10.401 0.6999999881
9395  20.880  -60.404  -10.975 0.6000000238
11694  28.404  -57.863  -9.745 0.5000000000
10151  27.947  -59.387  -9.289 0.6000000238
9368  27.288  -59.827  -8.745 0.8000000119
8606  25.795  -61.188  -8.270 0.8000000119
132373  24.915  -61.643  -8.211 0.8000000119
8621  24.617  -62.080  -9.191 0.8000000119
8622  23.522  -62.167  -9.119 0.6999999881
8623  22.525  -62.070  -9.263 0.6999999881
8605  26.320  -61.297  -8.951 0.8000000119
116460  25.540  -61.719  -8.937 0.8000000119
4909  18.744  -67.355  -16.561 0.6999999881
5479  18.029  -66.959  -16.493 0.6999999881
122258  17.446  -66.335  -16.502 0.6999999881
5467  17.981  -66.069  -14.348 0.6000000238
4351  20.614  -68.289  -17.990 0.6999999881
6072  16.915  -65.750  -15.893 0.6000000238
4927  21.445  -68.348  -18.042 0.6000000238
6060  16.598  -65.119  -15.357 0.5000000000
6073  16.562  -65.010  -16.074 0.5000000000
120498  18.552  -58.462  -5.914 0.6000000238
10886  18.758  -59.025  -6.427 0.5000000000
7303  18.005  -63.779  -16.560 0.5000000000
9350  19.013  -60.228  -6.658 0.6000000238
7301  20.332  -63.710  -16.346 0.6999999881
138695  19.662  -63.762  -16.462 0.6000000238
120109  22.953  -63.485  -15.452 0.6999999881
7287  21.105  -63.552  -15.643 0.6999999881
9364  19.076  -60.787  -7.964 0.6000000238
7274  24.154  -63.372  -14.469 0.6000000238
7924  28.138  -62.188  -12.929 0.6999999881
129903  26.785  -62.669  -13.296 0.6999999881
7940  25.333  -63.016  -13.502 0.6999999881
8626  20.097  -61.066  -9.145 0.6000000238
8611  19.711  -61.256  -8.295 0.6000000238
7913  27.938  -62.127  -12.081 0.6000000238
8610  20.645  -61.639  -8.459 0.6000000238
10152  19.226  -59.761  -9.787 0.6000000238
9409  29.085  -60.195  -11.606 0.6000000238
126873  28.610  -60.672  -11.293 0.6000000238
8609  21.563  -61.928  -8.225 0.6999999881
119128  21.330  -61.716  -8.913 0.6000000238
10164  28.751  -59.172  -10.378 0.6000000238
8595  25.317  -61.042  -7.555 0.6000000238
8596  24.539  -61.389  -7.382 0.6000000238
8607  23.424  -62.027  -8.140 0.6999999881
8608  22.483  -62.065  -8.248 0.6000000238
8625  20.908  -61.383  -9.426 0.6000000238
9361  26.285  -59.974  -7.693 0.6000000238
9369  26.519  -60.518  -8.365 0.6000000238
125565  24.137  -61.967  -8.513 0.8000000119
4941  19.281  -67.451  -17.975 0.6999999881
4929  18.719  -67.269  -17.580 0.6999999881
5512  17.979  -66.673  -17.316 0.6999999881
4939  20.920  -68.059  -18.324 0.6999999881
4353  19.721  -67.990  -18.010 0.6999999881
6102  17.533  -66.220  -17.045 0.6000000238
6088  17.091  -65.594  -16.539 0.6000000238
11631  19.465  -57.793  -3.955 0.6000000238
117113  18.566  -57.875  -4.761 0.6000000238
10869  19.771  -58.538  -4.264 0.6000000238
10879  18.740  -58.512  -5.058 0.6000000238
6675  17.656  -64.545  -16.847 0.6000000238
10110  18.944  -59.290  -5.557 0.5000000000
7300  21.295  -63.679  -16.693 0.6999999881
7311  19.765  -64.107  -16.982 0.6999999881
10108  20.514  -60.121  -4.919 0.4000000060
10109  19.620  -59.783  -5.130 0.5000000000
9339  20.718  -60.744  -5.453 0.5000000000
7284  23.959  -63.315  -15.287 0.6000000238
7286  22.031  -63.563  -15.891 0.6999999881
9348  20.238  -61.102  -6.104 0.6000000238
7957  25.423  -62.958  -14.421 0.6999999881
7958  24.743  -63.104  -14.918 0.6999999881
8583  21.542  -61.730  -6.634 0.6999999881
8584  20.616  -61.568  -6.738 0.6000000238
8680  28.750  -61.781  -13.211 0.6999999881
7938  27.620  -62.463  -13.557 0.6999999881
9347  22.820  -61.318  -6.075 0.5000000000
8600  21.054  -61.872  -7.493 0.6000000238
9408  29.533  -60.049  -12.218 0.6000000238
9431  28.958  -60.857  -12.121 0.6000000238
8668  28.555  -61.661  -12.453 0.6999999881
8582  22.443  -61.715  -6.618 0.6999999881
8657  28.335  -61.458  -11.650 0.6000000238
8580  24.084  -61.200  -6.703 0.5000000000
8581  23.276  -61.527  -6.640 0.6000000238
10177  28.835  -59.824  -10.906 0.6000000238
10129  26.634  -59.159  -7.699 0.6000000238
9362  25.583  -60.250  -7.158 0.5000000000
8597  23.751  -61.708  -7.308 0.6999999881
10908  26.930  -58.292  -7.839 0.6000000238
5510  19.218  -66.792  -18.053 0.6999999881
5511  18.561  -66.820  -17.666 0.6999999881
6101  18.045  -66.064  -17.418 0.6000000238
6686  18.250  -65.176  -17.326 0.6000000238
11617  19.987  -57.168  -3.649 0.4000000060
11618  19.147  -57.029  -3.716 0.5000000000
6685  19.239  -64.774  -17.452 0.6000000238
11630  20.333  -57.940  -3.904 0.5000000000
11633  18.031  -57.205  -4.778 0.6000000238
6684  20.264  -64.519  -17.612 0.6999999881
7310  20.717  -63.995  -17.231 0.6999999881
6674  18.534  -64.384  -16.989 0.6000000238
10098  20.092  -59.312  -4.586 0.5000000000
7285  23.691  -62.913  -16.479 0.6999999881
10107  21.385  -60.082  -4.850 0.4000000060
7970  27.536  -62.425  -15.242 0.6999999881
7971  26.710  -62.491  -15.401 0.6999999881
136502  26.024  -62.501  -15.655 0.6999999881
130818  21.598  -60.716  -5.354 0.6000000238
8692  29.378  -61.595  -14.314 0.6999999881
7955  28.746  -62.116  -14.470 0.6999999881
118898  26.129  -62.701  -14.842 0.6999999881
7972  25.417  -62.719  -15.365 0.6999999881
9338  22.684  -60.623  -5.554 0.5000000000
8569  21.108  -61.308  -5.949 0.5000000000
8679  29.317  -61.229  -13.516 0.6000000238
8693  28.938  -61.849  -13.845 0.6999999881
7956  27.961  -62.404  -14.421 0.6999999881
7939  26.994  -62.616  -14.366 0.6999999881
10193  29.927  -59.202  -12.226 0.5000000000
9429  30.229  -59.826  -13.014 0.6000000238
8667  29.016  -61.235  -12.833 0.6000000238
6108  20.431  -65.774  -18.299 0.6999999881
6099  19.913  -65.325  -17.937 0.6999999881
12373  20.504  -56.446  -3.517 0.4000000060
6696  20.851  -64.936  -18.147 0.6999999881
12375  18.873  -56.251  -3.517 0.4000000060
6683  21.037  -64.252  -17.776 0.6999999881
12386  18.358  -56.776  -3.983 0.6000000238
7298  23.136  -62.867  -17.487 0.8000000119
7309  21.648  -63.777  -17.663 0.6999999881
7984  24.517  -62.339  -16.965 0.6000000238
13148  16.948  -55.171  -4.901 0.6000000238
7982  26.376  -62.265  -16.269 0.6999999881
7983  25.455  -62.338  -16.417 0.6999999881
7969  28.385  -62.258  -15.246 0.6000000238
9454  29.791  -60.998  -14.019 0.6000000238
13951  15.945  -54.375  -5.727 0.5000000000
9446  29.844  -60.601  -13.490 0.6000000238
10209  30.801  -58.920  -13.199 0.5000000000
7318  22.142  -63.746  -18.164 0.6999999881
13138  19.401  -55.774  -3.306 0.4000000060
7308  22.531  -63.317  -17.904 0.8000000119
12376  18.138  -55.955  -3.777 0.5000000000
7989  24.448  -62.210  -17.776 0.8000000119
138741  17.685  -54.923  -3.860 0.4000000060
13139  18.725  -55.384  -3.389 0.4000000060
7985  23.889  -62.463  -17.424 0.6999999881
13934  17.231  -54.766  -4.288 0.4000000060
13140  17.530  -55.497  -4.197 0.5000000000
7954  29.297  -61.876  -15.294 0.6000000238
7980  27.935  -62.233  -16.014 0.6000000238
8710  26.850  -61.942  -16.880 0.6999999881
128996  17.087  -54.084  -4.406 0.4000000060
8691  29.969  -61.218  -14.743 0.6000000238
128609  16.051  -54.070  -5.179 0.4000000060
13166  16.619  -54.948  -5.696 0.6000000238
9453  30.453  -60.467  -14.019 0.6000000238
10221  30.962  -59.552  -13.713 0.5000000000
10972  31.136  -58.088  -13.456 0.5000000000
13925  19.784  -54.395  -3.109 0.4000000060
7317  22.800  -63.566  -18.322 0.8000000119
13926  19.045  -54.540  -3.278 0.4000000060
7990  23.771  -62.503  -17.943 0.6999999881
128174  17.763  -54.236  -3.984 0.4000000060
8711  26.030  -61.933  -17.139 0.6999999881
8702  28.726  -62.063  -16.107 0.6000000238
122544  27.528  -62.052  -16.659 0.6000000238
14696  17.618  -53.527  -4.277 0.4000000060
14697  16.901  -53.384  -4.616 0.4000000060
14715  16.109  -53.392  -5.056 0.4000000060
123335  20.264  -53.817  -2.994 0.4000000060
7997  25.159  -62.093  -18.124 0.6999999881
122932  19.432  -53.792  -3.217 0.4000000060
8719  27.512  -61.852  -17.445 0.6999999881
8721  25.839  -61.830  -17.865 0.6000000238
138942  18.059  -53.712  -3.990 0.4000000060
8701  30.159  -61.457  -15.708 0.6000000238
125517  28.862  -61.858  -16.883 0.6000000238
15516  16.649  -52.739  -4.866 0.4000000060
9461  30.716  -60.819  -15.038 0.6000000238
9452  31.276  -60.050  -14.432 0.4000000060
10220  31.607  -59.135  -14.128 0.4000000060
10985  32.177  -58.510  -14.622 0.4000000060
15496  18.715  -52.476  -4.083 0.4000000060
15515  17.651  -52.573  -4.574 0.4000000060
8700  31.009  -61.190  -15.979 0.6000000238
9460  31.537  -60.522  -15.312 0.6000000238
10225  31.998  -59.632  -14.788 0.4000000060
10224  32.663  -59.300  -15.218 0.5000000000
10984  32.348  -57.748  -14.949 0.4000000060
18179  15.032  -49.764  -7.066 0.3000000119
10994  32.927  -58.254  -15.253 0.4000000060
17239  21.591  -50.671  -3.329 0.4000000060
17295  16.678  -49.954  -6.317 0.3000000119
17332  14.186  -49.918  -9.214 0.4000000060
132135  22.190  -50.264  -3.348 0.4000000060
17240  20.804  -50.226  -3.653 0.4000000060
17293  18.570  -49.749  -6.452 0.3000000119
17273  19.215  -50.308  -5.444 0.3000000119
18196  15.479  -49.343  -7.769 0.3000000119
18178  16.133  -49.461  -7.148 0.3000000119
18210  14.733  -49.655  -8.141 0.3000000119
18144  21.065  -49.262  -3.618 0.4000000060
18163  20.411  -49.383  -4.088 0.4000000060
17259  19.871  -50.197  -4.592 0.4000000060
18177  17.356  -49.409  -7.079 0.3000000119
127235  17.072  -48.938  -7.957 0.3000000119
20062  12.837  -47.277  -9.988 0.4000000060
19084  12.095  -47.700  -8.929 0.3000000119
19070  12.424  -48.271  -7.807 0.3000000119
130121  16.164  -49.016  -8.067 0.3000000119
128556  15.623  -49.015  -8.800 0.3000000119
19019  20.616  -48.574  -3.812 0.4000000060
18164  19.968  -49.335  -4.773 0.4000000060
18170  19.080  -49.773  -6.146 0.3000000119
18175  18.984  -49.251  -6.815 0.3000000119
18195  18.164  -48.939  -7.864 0.3000000119
19107  13.752  -48.249  -10.617 0.3000000119
20045  12.787  -47.312  -9.405 0.3000000119
18208  16.771  -48.605  -9.028 0.3000000119
134702  13.957  -46.715  -9.264 0.4000000060
20024  12.937  -47.610  -8.382 0.3000000119
20023  13.665  -47.353  -7.924 0.3000000119
19069  13.219  -48.030  -7.313 0.3000000119
18174  19.341  -49.203  -6.421 0.4000000060
18194  18.888  -48.848  -7.598 0.3000000119
133851  14.074  -47.399  -10.500 0.4000000060
19067  18.653  -48.442  -8.351 0.3000000119
20076  14.934  -47.337  -10.606 0.3000000119
20077  13.650  -46.966  -10.116 0.4000000060
21033  14.444  -46.782  -10.254 0.4000000060
20009  13.875  -47.665  -7.056 0.3000000119
19037  19.712  -48.709  -5.158 0.4000000060
19042  19.570  -48.785  -6.201 0.4000000060
19066  19.109  -48.334  -7.906 0.4000000060
19080  18.817  -48.087  -8.455 0.4000000060
19068  17.890  -48.501  -8.771 0.3000000119
19091  17.446  -47.729  -9.735 0.3000000119
20074  16.092  -46.999  -10.399 0.3000000119
21024  15.783  -46.438  -9.841 0.3000000119
21014  15.254  -46.207  -9.029 0.5000000000
21025  14.846  -46.386  -9.827 0.4000000060
21004  14.816  -46.295  -8.007 0.4000000060
19048  14.407  -47.492  -6.420 0.3000000119
20007  19.450  -48.154  -6.661 0.4000000060
19065  19.365  -48.117  -7.467 0.4000000060
20042  18.517  -47.599  -8.628 0.3000000119
21001  17.781  -46.749  -8.449 0.3000000119
117589  16.963  -46.185  -7.485 0.3000000119
21886  16.436  -45.878  -6.475 0.3000000119
19081  18.230  -48.015  -9.084 0.3000000119
20043  17.854  -47.379  -9.284 0.3000000119
21002  16.625  -46.248  -8.481 0.3000000119
20995  16.114  -46.017  -7.387 0.3000000119
21887  15.915  -46.004  -6.604 0.3000000119
21013  16.594  -46.550  -9.469 0.3000000119
20996  15.486  -46.166  -7.185 0.3000000119
20022  14.290  -46.993  -7.441 0.3000000119
19043  14.577  -48.066  -5.337 0.3000000119
127276  21.367  -47.005  -3.524 0.3000000119
20966  20.435  -46.995  -3.729 0.3000000119
20967  19.604  -47.012  -4.226 0.3000000119
20985  18.478  -46.461  -5.505 0.3000000119
20986  17.672  -46.008  -6.000 0.3000000119
21878  17.094  -45.198  -5.406 0.3000000119
19999  19.079  -47.475  -5.807 0.3000000119
20000  18.473  -46.845  -6.175 0.3000000119
122424  17.763  -46.527  -7.474 0.3000000119
21885  16.862  -45.627  -6.013 0.3000000119
21879  16.583  -45.531  -5.538 0.3000000119
21880  16.111  -45.862  -5.816 0.3000000119
20987  15.578  -46.393  -6.087 0.3000000119
20997  14.913  -46.674  -6.811 0.3000000119
20002  15.058  -47.216  -5.714 0.3000000119
20951  21.915  -46.211  -3.433 0.3000000119
20984  18.972  -46.919  -4.879 0.3000000119
20968  18.616  -46.074  -4.997 0.3000000119
136332  18.060  -44.693  -4.862 0.3000000119
21865  16.264  -45.660  -4.903 0.3000000119
129693  15.879  -46.256  -5.093 0.3000000119
20001  15.610  -46.872  -4.241 0.3000000119
19020  14.926  -48.050  -3.683 0.3000000119
21863  17.391  -44.643  -4.875 0.3000000119
21864  16.692  -45.007  -4.658 0.3000000119
116484  16.149  -45.707  -3.788 0.3000000119
20954  15.659  -46.527  -3.329 0.3000000119
19986  15.188  -47.673  -4.496 0.3000000119
19967  15.249  -47.399  -3.503 0.3000000119
22723  17.099  -44.423  -4.087 0.3000000119
21850  16.468  -45.080  -3.429 0.3000000119
22711  18.472  -43.869  -4.048 0.3000000119
22712  17.598  -43.901  -3.565 0.3000000119
22713  16.838  -44.495  -3.074 0.3000000119
21851  15.937  -45.741  -2.947 0.3000000119
21852  15.199  -46.164  -2.684 0.3000000119
127456  25.263  -73.269  -15.514 0.5000000000
2977  25.432  -71.916  -16.523 0.5000000000
3415  25.416  -70.999  -16.018 0.4000000060
8670  21.656  -61.275  -12.599 0.6999999881
133084  26.620  -71.459  -15.484 0.5000000000
7929  23.565  -62.715  -12.083 0.6000000238
132088  25.117  -62.707  -11.973 0.6000000238
7299  22.197  -63.421  -17.098 0.8000000119
7973  24.632  -62.772  -15.919 0.6000000238
10192  30.400  -58.916  -12.698 0.5000000000
138632  16.783  -54.544  -4.684 0.4000000060
10960  30.616  -58.210  -12.919 0.5000000000
10208  31.270  -58.798  -13.639 0.4000000060
8708  29.553  -61.732  -16.472 0.6000000238
16400  16.811  -51.958  -5.051 0.3000000119
19985  19.478  -47.836  -4.836 0.3000000119
20952  20.965  -46.157  -3.566 0.3000000119
7995  27.611  -62.375  -18.458 0.5000000000
7996  26.592  -62.313  -18.384 0.5000000000
7314  24.984  -62.750  -18.426 0.6999999881
7315  24.232  -63.105  -18.494 0.6999999881
6694  22.367  -64.565  -18.524 0.6000000238
8729  27.085  -61.903  -18.116 0.5000000000
8731  25.906  -62.010  -18.176 0.6000000238
7999  23.782  -62.776  -18.278 0.6000000238
139352  21.700  -66.912  -18.858 0.6000000238
129931  20.620  -67.450  -18.566 0.6000000238
6691  25.046  -63.980  -18.683 0.6999999881
120140  23.121  -65.627  -18.976 0.6000000238
6106  22.230  -66.075  -18.850 0.6000000238
6692  24.112  -64.193  -18.713 0.6999999881
6693  23.286  -64.374  -18.664 0.6000000238
5523  20.470  -66.595  -18.524 0.6000000238
8727  29.067  -61.914  -18.285 0.5000000000
6706  25.592  -65.204  -19.246 0.6999999881
135415  23.742  -66.388  -19.348 0.6999999881
6105  23.160  -66.904  -19.318 0.6000000238
5521  22.425  -67.538  -19.023 0.6000000238
6690  26.007  -64.174  -18.822 0.6000000238
6707  24.732  -65.227  -19.151 0.6999999881
7328  26.894  -64.121  -18.973 0.6000000238
120081  29.955  -61.693  -18.075 0.5000000000
8718  28.476  -61.830  -17.555 0.5000000000
6705  26.474  -65.241  -19.330 0.6999999881
6119  24.449  -66.332  -19.405 0.6000000238
4938  21.962  -68.228  -18.625 0.6000000238
124146  30.756  -61.717  -18.479 0.5000000000
126057  29.322  -61.747  -17.472 0.5000000000
9471  32.962  -60.804  -17.516 0.5000000000
8716  30.679  -61.505  -17.634 0.5000000000
9464  33.665  -60.206  -16.877 0.4000000060
9449  20.257  -59.576  -15.229 0.4000000060
125872  20.265  -60.443  -14.868 0.5000000000
9456  19.533  -60.599  -14.721 0.5000000000
8706  31.310  -61.332  -16.956 0.5000000000
8696  18.751  -61.528  -14.759 0.5000000000
7920  17.225  -61.990  -11.464 0.6000000238
9465  32.733  -60.636  -16.488 0.4000000060
7932  17.377  -62.098  -12.514 0.5000000000
131925  19.712  -59.284  -15.113 0.5000000000
9450  19.138  -59.904  -14.498 0.5000000000
9434  18.291  -60.333  -13.507 0.5000000000
8683  18.569  -60.868  -14.046 0.5000000000
8671  17.995  -60.853  -13.018 0.5000000000
8672  17.641  -61.220  -12.113 0.5000000000
9466  31.852  -60.928  -16.237 0.5000000000
8684  17.867  -61.462  -13.189 0.5000000000
10228  34.414  -59.468  -16.990 0.4000000060
9458  33.181  -59.954  -15.870 0.4000000060
10223  33.806  -59.406  -16.185 0.4000000060
10195  20.859  -58.470  -13.129 0.5000000000
10196  18.194  -59.750  -13.538 0.5000000000
8707  30.458  -61.502  -16.661 0.5000000000
9459  32.360  -60.249  -15.574 0.4000000060
10955  20.155  -58.653  -11.931 0.5000000000
10956  19.591  -57.879  -11.921 0.5000000000
10963  19.736  -57.224  -12.704 0.5000000000
10962  20.331  -57.872  -12.884 0.5000000000
136685  33.261  -59.126  -15.610 0.4000000060
10166  19.582  -59.230  -10.771 0.5000000000
10947  19.167  -58.291  -10.972 0.5000000000
10167  18.985  -58.971  -10.198 0.5000000000
11716  19.069  -57.370  -10.563 0.5000000000
11730  19.234  -57.332  -11.594 0.5000000000
120710  19.569  -55.812  -13.912 0.4000000060
10153  18.782  -59.057  -9.417 0.5000000000
123004  19.198  -56.440  -11.265 0.6000000238
12457  19.218  -55.451  -12.941 0.6000000238
9380  18.811  -59.780  -9.035 0.5000000000
123455  18.743  -59.201  -8.555 0.5000000000
118182  19.587  -56.191  -10.035 0.6000000238
117146  19.428  -55.265  -11.883 0.6000000238
124184  19.161  -54.408  -12.606 0.6000000238
13240  17.781  -53.658  -14.101 0.5000000000
14053  17.304  -53.537  -14.349 0.5000000000
14055  15.650  -53.490  -14.317 0.5000000000
9372  18.716  -60.067  -8.314 0.5000000000
10148  18.709  -59.426  -7.735 0.5000000000
10893  18.883  -58.542  -7.907 0.5000000000
11696  19.356  -57.131  -9.401 0.5000000000
11679  19.424  -56.945  -8.343 0.6000000238
12442  19.632  -55.197  -10.716 0.6000000238
13232  18.520  -53.931  -13.457 0.6000000238
14040  17.129  -52.877  -14.044 0.5000000000
12443  15.239  -56.064  -10.617 0.5000000000
14035  14.625  -53.372  -13.434 0.5000000000
126166  19.201  -60.819  -7.131 0.5000000000
10131  18.789  -59.589  -6.954 0.5000000000
121024  19.129  -57.670  -7.826 0.6000000238
12436  19.639  -55.852  -8.922 0.6000000238
125010  19.697  -55.208  -9.732 0.6000000238
13213  19.491  -54.223  -10.080 0.6000000238
13223  19.470  -53.904  -11.360 0.6000000238
14024  18.730  -52.974  -11.383 0.6000000238
14032  18.717  -53.282  -12.331 0.6000000238
14033  16.866  -52.474  -12.693 0.5000000000
14041  16.167  -52.764  -14.020 0.5000000000
14034  15.742  -52.688  -13.278 0.5000000000
132814  16.030  -52.876  -12.320 0.5000000000
14028  15.031  -53.591  -12.543 0.5000000000
132808  15.142  -54.548  -11.633 0.5000000000
119780  18.708  -58.257  -6.742 0.6000000238
118607  19.085  -56.930  -7.593 0.6000000238
12430  19.000  -55.995  -7.866 0.6000000238
13196  18.302  -54.155  -8.527 0.6000000238
13202  19.333  -54.634  -9.116 0.6000000238
14016  18.803  -53.208  -10.398 0.6000000238
14001  18.568  -53.644  -9.364 0.6000000238
14017  17.807  -52.753  -10.813 0.5000000000
14002  17.611  -53.008  -9.713 0.5000000000
14018  16.738  -53.065  -10.223 0.5000000000
13203  15.849  -54.117  -9.858 0.6000000238
14027  15.723  -53.683  -11.537 0.5000000000
13214  15.549  -54.921  -10.822 0.5000000000
12431  15.595  -56.275  -8.967 0.5000000000
138069  18.403  -55.743  -7.328 0.6000000238
132236  18.162  -54.920  -7.691 0.6000000238
13988  17.385  -53.443  -8.822 0.6000000238
14004  15.826  -53.967  -8.739 0.6000000238
119054  15.660  -54.977  -9.203 0.5000000000
12420  17.814  -55.511  -6.879 0.6000000238
14003  16.610  -53.400  -9.227 0.6000000238
13197  15.475  -54.865  -8.336 0.5000000000
13165  17.174  -55.664  -5.520 0.6000000238
12411  17.612  -56.128  -6.129 0.6000000238
13181  17.081  -55.234  -6.292 0.6000000238
13188  17.038  -54.616  -7.107 0.6000000238
13989  16.410  -53.792  -8.345 0.6000000238
13990  15.667  -54.280  -7.843 0.5000000000
13182  16.320  -54.615  -6.442 0.6000000238
13189  16.163  -54.361  -7.324 0.6000000238
13966  15.608  -54.518  -6.370 0.6000000238
13983  14.871  -54.522  -6.370 0.5000000000
13967  15.239  -54.124  -5.900 0.4000000060
127582  21.630  -65.078  -18.460 0.6000000238
7316  23.519  -63.355  -18.441 0.6999999881
8717  30.003  -61.624  -17.276 0.5000000000
8714  32.461  -61.130  -18.048 0.5000000000
8705  32.175  -61.134  -17.197 0.5000000000
9435  17.742  -60.349  -12.512 0.6000000238
14025  17.874  -52.690  -11.994 0.6000000238
14026  16.753  -52.808  -11.450 0.5000000000
13981  17.180  -53.987  -7.950 0.6000000238
13982  15.348  -54.615  -7.004 0.6000000238
1845  24.666  -73.571  -13.768 0.4000000060
2127  25.783  -72.821  -11.302 0.5000000000
2522  25.639  -72.264  -11.678 0.5000000000
2136  25.437  -72.719  -12.242 0.4000000060
2146  25.430  -72.616  -13.211 0.4000000060
2532  26.040  -72.115  -13.784 0.4000000060
2150  25.702  -72.673  -14.169 0.4000000060
137970  26.905  -71.713  -10.204 0.5000000000
2515  26.399  -72.229  -10.555 0.5000000000
2531  25.782  -71.935  -12.939 0.5000000000
2540  26.662  -71.749  -14.480 0.5000000000
128302  26.284  -72.226  -14.610 0.4000000060
116919  26.478  -71.916  -10.527 0.5000000000
2934  25.783  -71.933  -11.473 0.5000000000
2946  25.965  -71.613  -13.064 0.5000000000
3384  26.415  -71.055  -13.676 0.5000000000
2956  26.956  -71.332  -14.915 0.4000000060
3394  26.745  -70.712  -14.540 0.4000000060
2925  25.989  -71.192  -10.735 0.5000000000
2935  25.657  -71.347  -11.688 0.5000000000
3361  25.560  -69.663  -11.637 0.5000000000
3385  25.691  -70.755  -12.519 0.5000000000
3844  26.208  -69.789  -14.240 0.5000000000
3406  26.101  -70.564  -15.469 0.4000000060
4926  22.412  -68.204  -17.965 0.5000000000
5477  23.375  -66.992  -16.379 0.4000000060
6071  23.886  -66.500  -16.397 0.4000000060
5476  23.936  -66.597  -15.825 0.4000000060
4904  24.164  -67.048  -15.268 0.4000000060
3824  25.490  -69.257  -12.269 0.5000000000
4331  24.774  -67.743  -15.003 0.4000000060
3846  25.292  -68.828  -15.032 0.4000000060
4311  25.508  -68.339  -12.375 0.4000000060
3838  25.744  -68.750  -13.593 0.5000000000
3850  25.801  -69.791  -15.213 0.4000000060
3395  26.421  -70.121  -15.023 0.4000000060
4914  22.970  -67.530  -17.170 0.4000000060
4856  25.785  -68.021  -11.795 0.4000000060
4897  25.056  -67.029  -14.421 0.4000000060
4875  25.646  -67.455  -12.462 0.4000000060
4325  25.495  -67.818  -13.189 0.4000000060
4330  25.365  -67.977  -14.343 0.4000000060
3845  25.938  -69.145  -14.748 0.4000000060
4937  22.956  -68.211  -18.801 0.5000000000
4925  23.348  -67.820  -18.123 0.4000000060
5509  24.284  -67.353  -17.970 0.4000000060
133278  24.759  -66.506  -17.384 0.4000000060
6070  24.405  -65.923  -15.915 0.4000000060
5463  24.519  -66.325  -15.263 0.4000000060
5462  25.114  -66.284  -14.499 0.4000000060
4898  24.682  -66.865  -14.931 0.4000000060
5430  25.867  -66.648  -12.743 0.4000000060
5448  25.626  -66.211  -13.617 0.4000000060
5520  23.331  -67.667  -19.132 0.5000000000
4924  24.003  -67.850  -18.866 0.5000000000
5534  24.094  -67.228  -19.296 0.6000000238
4936  24.929  -67.618  -18.766 0.5000000000
6086  24.893  -65.814  -16.645 0.4000000060
6085  25.741  -65.555  -16.637 0.4000000060
6068  26.276  -65.318  -15.689 0.4000000060
6055  26.553  -65.469  -14.626 0.4000000060
134660  25.422  -67.669  -19.043 0.4000000060
5533  24.971  -67.110  -19.368 0.5000000000
5508  25.724  -67.133  -18.348 0.4000000060
6096  26.187  -66.216  -17.589 0.4000000060
5519  26.272  -67.425  -19.072 0.5000000000
5507  26.511  -67.239  -18.692 0.4000000060
6095  27.135  -66.287  -17.714 0.4000000060
6117  26.035  -66.314  -19.452 0.6000000238
6118  25.238  -66.251  -19.443 0.6000000238
5518  27.380  -67.406  -19.151 0.5000000000
5517  28.378  -67.906  -19.229 0.4000000060
136293  25.627  -63.225  -18.601 0.5000000000
11654  18.393  -57.637  -6.362 0.5000000000
11642  17.915  -57.047  -5.826 0.5000000000
12387  17.762  -56.323  -4.418 0.5000000000
11641  18.319  -57.827  -5.422 0.5000000000
12402  17.577  -56.414  -5.245 0.5000000000
12419  18.392  -56.589  -6.908 0.5000000000
2523  25.564  -72.251  -12.855 0.5000000000
5494  23.626  -66.993  -17.161 0.4000000060
6087  24.257  -66.392  -16.870 0.4000000060
4891  25.430  -66.988  -13.423 0.4000000060
6098  25.120  -67.198  -18.142 0.4000000060
6097  25.379  -66.261  -17.444 0.4000000060
6069  25.255  -65.504  -15.755 0.4000000060
6056  25.689  -65.531  -14.837 0.4000000060
4946  24.866  -67.571  -19.113 0.5000000000
123222  26.684  -65.518  -16.741 0.4000000060
4945  25.369  -67.488  -19.182 0.5000000000
5531  26.448  -67.232  -19.222 0.6000000238
5506  27.653  -67.292  -18.773 0.5000000000
6116  26.973  -66.416  -19.416 0.5000000000
9476  36.307  -60.334  -19.384 0.3000000119
130994  35.293  -60.848  -19.694 0.3000000119
9479  34.457  -60.925  -19.539 0.3000000119
10236  35.644  -59.880  -19.370 0.3000000119
10235  36.409  -59.471  -18.996 0.3000000119
10233  37.716  -58.969  -18.251 0.3000000119
11004  37.669  -58.555  -18.074 0.3000000119
8002  34.620  -62.376  -19.559 0.3000000119
8003  33.676  -62.524  -19.608 0.4000000060
8005  32.160  -62.959  -19.496 0.4000000060
8733  35.831  -61.078  -19.583 0.3000000119
8735  32.572  -62.121  -19.373 0.4000000060
8723  33.484  -61.527  -19.408 0.4000000060
8726  29.973  -62.011  -18.664 0.4000000060
7994  28.548  -62.334  -18.579 0.4000000060
9473  36.749  -60.213  -19.008 0.3000000119
9474  33.587  -60.820  -19.016 0.3000000119
8724  32.622  -61.399  -18.809 0.4000000060
11003  36.621  -58.379  -17.880 0.3000000119
9469  34.605  -60.037  -18.979 0.3000000119
6700  31.381  -64.816  -19.532 0.4000000060
6701  30.314  -64.540  -19.483 0.4000000060
6703  28.360  -64.917  -19.367 0.4000000060
7327  27.801  -63.956  -19.051 0.4000000060
7320  34.261  -63.324  -19.392 0.4000000060
8004  32.962  -62.990  -19.612 0.4000000060
7324  31.009  -63.856  -19.487 0.4000000060
7325  29.614  -63.523  -19.259 0.4000000060
8008  29.056  -62.798  -18.961 0.4000000060
8001  35.401  -62.059  -19.395 0.3000000119
8007  30.016  -62.595  -19.097 0.4000000060
7312  27.243  -63.086  -18.736 0.4000000060
8000  36.101  -61.592  -19.057 0.3000000119
8006  30.830  -62.143  -18.982 0.4000000060
8009  28.161  -62.953  -18.856 0.4000000060
8722  36.740  -60.943  -18.675 0.3000000119
9475  33.034  -60.929  -18.385 0.4000000060
6113  29.779  -66.649  -19.469 0.4000000060
135664  28.907  -65.770  -19.534 0.4000000060
125399  31.626  -65.764  -19.434 0.4000000060
121732  30.672  -65.860  -19.555 0.4000000060
121177  29.724  -65.835  -19.585 0.4000000060
6688  34.937  -63.612  -18.344 0.3000000119
116471  33.198  -64.569  -19.378 0.4000000060
7986  36.347  -62.148  -17.419 0.3000000119
7991  36.285  -61.945  -18.243 0.3000000119
8713  36.800  -61.387  -17.814 0.3000000119
5530  27.684  -67.385  -19.231 0.4000000060
6114  28.985  -66.872  -19.487 0.4000000060
10232  34.272  -59.924  -17.795 0.3000000119
6704  27.411  -65.186  -19.362 0.4000000060
5529  28.322  -67.405  -19.551 0.4000000060
120956  34.257  -61.763  -19.641 0.3000000119
10230  36.361  -59.113  -18.547 0.3000000119
11005  36.983  -58.894  -18.326 0.3000000119
7322  32.738  -63.807  -19.596 0.4000000060
136997  31.658  -62.310  -19.225 0.4000000060
8725  31.645  -61.810  -18.867 0.4000000060
7993  29.330  -62.283  -18.721 0.4000000060
118389  32.368  -64.848  -19.487 0.4000000060
6702  29.276  -64.663  -19.400 0.4000000060
7319  34.940  -63.009  -19.104 0.3000000119
130092  30.399  -63.402  -19.348 0.4000000060
7992  35.560  -62.642  -18.540 0.3000000119
128344  32.830  -65.284  -19.243 0.4000000060
6697  33.993  -64.415  -18.995 0.3000000119
7987  35.828  -62.728  -17.705 0.3000000119
1799  25.632  -73.853  -7.658 0.3000000119
1810  25.334  -74.386  -8.180 0.3000000119
119697  25.697  -73.380  -7.291 0.3000000119
1786  25.090  -73.871  -7.127 0.3000000119
2095  26.223  -73.345  -8.002 0.3000000119
117855  25.158  -74.756  -8.928 0.3000000119
2880  24.564  -72.619  -7.075 0.3000000119
2468  22.936  -74.015  -6.879 0.3000000119
2466  25.168  -73.050  -6.627 0.3000000119
3320  24.129  -71.739  -7.323 0.3000000119
2879  25.622  -72.475  -6.925 0.3000000119
1815  25.477  -74.367  -9.585 0.3000000119
119373  25.460  -73.213  -11.760 0.3000000119
3303  22.706  -71.227  -6.129 0.3000000119
2871  22.631  -72.626  -5.975 0.3000000119
3321  23.205  -71.313  -7.192 0.3000000119
2890  22.317  -72.789  -7.052 0.3000000119
132857  23.675  -73.732  -6.286 0.3000000119
2094  26.861  -72.722  -8.315 0.3000000119
2506  26.866  -72.417  -9.981 0.3000000119
2117  26.287  -73.028  -10.561 0.3000000119
3761  24.123  -70.148  -7.335 0.3000000119
2465  26.444  -72.259  -7.290 0.3000000119
3311  25.717  -71.634  -7.226 0.3000000119
3319  26.841  -70.817  -7.440 0.3000000119
126892  27.439  -72.009  -8.694 0.3000000119
2109  27.042  -72.630  -9.217 0.3000000119
2496  27.388  -71.791  -9.459 0.3000000119
135448  27.112  -70.839  -10.302 0.4000000060
2514  27.448  -71.113  -10.034 0.4000000060
129681  25.149  -75.105  -4.030 0.3000000119
119715  24.435  -75.704  -3.964 0.3000000119
1533  25.003  -74.354  -7.190 0.3000000119
2860  26.436  -71.895  -4.648 0.3000000119
2446  26.404  -72.675  -4.687 0.3000000119
1770  26.059  -73.895  -4.346 0.3000000119
1771  25.459  -74.373  -4.595 0.3000000119
1231  24.118  -75.920  -4.694 0.3000000119
3293  25.131  -70.694  -4.781 0.3000000119
2447  25.692  -72.649  -5.113 0.3000000119
128350  26.023  -73.271  -4.905 0.3000000119
1515  24.254  -75.344  -5.440 0.3000000119
2870  23.701  -72.586  -5.413 0.3000000119
2454  25.549  -73.236  -5.548 0.3000000119
1779  24.947  -74.174  -5.395 0.3000000119
1514  24.265  -74.476  -5.829 0.3000000119
120738  25.007  -74.061  -5.883 0.3000000119
1523  24.222  -74.506  -6.503 0.3000000119
2103  26.500  -73.289  -8.866 0.3000000119
1814  26.093  -73.885  -9.324 0.3000000119
3302  23.391  -71.455  -5.511 0.3000000119
2477  27.119  -72.106  -7.879 0.3000000119
1759  26.059  -74.117  -2.714 0.3000000119
1257  23.950  -75.599  -7.248 0.3000000119
2861  25.159  -72.039  -4.883 0.3000000119
138479  26.628  -72.938  -4.410 0.3000000119
1248  23.784  -75.557  -6.277 0.3000000119
2505  27.224  -71.469  -9.995 0.3000000119
5444  30.498  -66.849  -13.381 0.3000000119
4888  30.456  -67.783  -12.987 0.3000000119
4889  29.607  -67.735  -12.670 0.3000000119
4872  28.289  -67.339  -12.245 0.4000000060
4873  27.157  -67.582  -11.676 0.4000000060
4855  26.398  -67.955  -11.563 0.3000000119
4291  25.615  -68.886  -11.677 0.3000000119
5460  29.656  -66.016  -14.137 0.3000000119
5461  28.832  -66.323  -13.556 0.4000000060
5445  28.008  -66.489  -12.865 0.4000000060
6042  27.843  -65.881  -13.586 0.4000000060
5429  26.429  -66.508  -12.554 0.3000000119
6067  27.087  -65.388  -15.312 0.4000000060
6043  26.825  -65.690  -13.693 0.4000000060
6044  25.964  -65.688  -13.913 0.3000000119
138419  27.116  -65.320  -16.042 0.3000000119
4870  32.187  -67.820  -12.162 0.3000000119
116631  31.307  -67.243  -13.136 0.3000000119
4324  30.470  -68.330  -12.587 0.4000000060
133714  29.067  -68.102  -12.064 0.4000000060
4310  28.143  -68.161  -11.530 0.3000000119
136722  26.958  -68.550  -11.146 0.3000000119
3806  27.044  -69.429  -10.685 0.3000000119
5443  30.859  -66.257  -13.581 0.3000000119
5459  30.182  -65.715  -14.334 0.3000000119
6052  29.965  -65.547  -15.431 0.3000000119
120221  29.332  -65.638  -14.992 0.3000000119
6053  28.682  -65.768  -14.338 0.4000000060
6064  30.607  -65.665  -16.436 0.3000000119
134005  30.153  -65.750  -16.431 0.3000000119
6065  29.485  -65.564  -15.951 0.3000000119
6066  28.640  -65.544  -15.343 0.4000000060
6054  27.644  -65.528  -14.616 0.4000000060
6082  29.856  -66.092  -16.941 0.3000000119
6083  28.750  -65.702  -16.593 0.4000000060
6084  27.646  -65.575  -16.759 0.4000000060
4932  28.955  -67.619  -19.127 0.3000000119
5504  29.579  -67.352  -18.732 0.4000000060
6094  28.217  -66.380  -17.735 0.4000000060
4942  30.097  -67.223  -19.084 0.3000000119
5516  28.815  -67.965  -18.970 0.4000000060
4933  28.535  -67.879  -19.221 0.3000000119
5995  30.576  -65.547  -8.692 0.3000000119
6009  29.881  -65.999  -9.266 0.3000000119
5401  29.334  -66.524  -9.357 0.3000000119
4825  29.714  -67.456  -9.632 0.3000000119
4854  32.734  -67.321  -11.875 0.3000000119
4271  31.987  -68.031  -10.835 0.3000000119
4272  31.594  -68.194  -10.869 0.3000000119
4258  30.564  -68.420  -9.918 0.3000000119
6035  31.957  -66.412  -12.892 0.3000000119
5426  32.643  -66.861  -12.248 0.3000000119
138417  31.923  -68.076  -12.029 0.3000000119
3804  31.128  -68.439  -11.582 0.3000000119
3347  30.918  -68.951  -11.162 0.3000000119
3821  29.880  -68.995  -11.404 0.3000000119
3822  29.246  -69.336  -11.120 0.3000000119
3371  28.751  -69.558  -10.728 0.3000000119
2923  28.607  -70.212  -10.454 0.3000000119
2905  28.309  -69.949  -9.918 0.3000000119
5442  31.139  -65.677  -13.583 0.3000000119
5491  31.051  -66.707  -17.794 0.3000000119
5493  29.310  -66.591  -17.788 0.3000000119
117712  31.036  -66.765  -18.082 0.3000000119
5503  30.517  -66.965  -18.402 0.3000000119
5515  31.066  -66.678  -19.004 0.3000000119
6112  30.693  -66.533  -19.320 0.3000000119
5528  29.004  -67.350  -19.326 0.3000000119
5981  30.770  -65.300  -7.713 0.3000000119
5385  31.451  -65.802  -9.177 0.3000000119
124544  31.326  -66.682  -9.887 0.3000000119
5400  30.293  -66.709  -9.659 0.3000000119
4270  32.509  -67.443  -11.283 0.3000000119
4823  31.604  -67.663  -10.392 0.3000000119
2898  28.022  -70.419  -8.731 0.3000000119
5962  31.464  -65.357  -7.217 0.3000000119
5364  31.963  -65.390  -8.674 0.3000000119
4805  32.223  -65.662  -9.513 0.3000000119
5399  31.809  -66.939  -10.239 0.3000000119
4257  31.925  -67.711  -10.685 0.3000000119
5419  32.926  -66.862  -11.488 0.3000000119
5365  31.716  -65.249  -7.385 0.3000000119
4792  31.907  -65.117  -7.776 0.3000000119
4804  32.555  -65.748  -9.937 0.3000000119
4822  32.384  -66.715  -10.538 0.3000000119
3359  26.507  -70.270  -10.582 0.3000000119
3807  26.029  -69.400  -10.997 0.3000000119
4874  26.245  -67.203  -12.034 0.3000000119
5447  26.186  -66.023  -13.102 0.4000000060
6110  32.591  -65.883  -18.886 0.3000000119
4890  29.721  -66.918  -13.291 0.3000000119
4323  30.946  -68.330  -12.621 0.3000000119
137051  28.899  -66.934  -12.937 0.4000000060
5428  27.161  -66.789  -12.284 0.4000000060
5446  27.028  -66.114  -12.909 0.4000000060
117918  27.834  -65.413  -15.754 0.4000000060
5427  31.915  -67.289  -12.794 0.3000000119
4306  31.158  -68.402  -12.246 0.3000000119
116303  29.952  -68.752  -11.869 0.3000000119
4307  30.686  -68.587  -12.213 0.3000000119
4309  29.202  -68.743  -11.624 0.4000000060
3805  28.122  -69.044  -11.033 0.3000000119
5458  30.524  -65.346  -14.483 0.3000000119
6051  30.407  -65.302  -15.546 0.3000000119
4930  30.644  -66.881  -18.609 0.3000000119
4824  30.772  -67.737  -10.087 0.3000000119
3779  30.978  -68.391  -10.599 0.3000000119
3792  30.532  -68.715  -10.750 0.3000000119
5514  31.852  -66.479  -18.405 0.3000000119
1506  24.592  -75.410  -4.620 0.3000000119
1524  24.212  -74.996  -6.144 0.3000000119
1764  25.790  -74.351  -3.717 0.3000000119
1778  25.683  -73.837  -4.832 0.3000000119
1787  24.218  -74.107  -6.143 0.3000000119
1809  25.999  -73.902  -8.484 0.3000000119
2070  24.825  -73.206  -5.716 0.3000000119
2082  25.035  -73.121  -6.605 0.3000000119
2110  26.514  -73.215  -9.755 0.3000000119
2151  25.141  -73.320  -14.553 0.4000000060
2155  25.895  -72.728  -15.188 0.5000000000
2156  25.609  -73.009  -16.073 0.5000000000
2455  24.209  -72.978  -5.461 0.3000000119
2456  23.073  -73.682  -6.013 0.3000000119
2457  22.352  -73.381  -6.730 0.3000000119
2467  24.032  -73.366  -6.966 0.3000000119
2478  26.218  -72.889  -7.377 0.3000000119
2479  23.311  -73.186  -7.153 0.3000000119
2480  22.529  -73.385  -7.122 0.3000000119
2487  27.634  -71.278  -8.301 0.3000000119
2495  27.782  -71.220  -8.967 0.3000000119
2504  27.967  -70.423  -10.089 0.3000000119
2539  26.320  -71.758  -13.823 0.5000000000
2546  26.644  -72.006  -15.279 0.4000000060
2555  26.315  -71.982  -16.058 0.5000000000
2862  24.303  -71.441  -5.058 0.3000000119
2881  22.271  -72.176  -6.640 0.3000000119
2887  27.260  -71.342  -7.700 0.3000000119
2888  26.780  -71.590  -7.319 0.3000000119
2889  22.798  -72.503  -7.225 0.3000000119
2897  28.318  -69.947  -9.310 0.3000000119
2906  27.978  -70.489  -9.317 0.3000000119
2912  27.724  -70.862  -9.635 0.3000000119
2922  28.751  -69.815  -10.370 0.3000000119
2924  26.845  -71.462  -10.325 0.5000000000
2955  26.651  -71.406  -14.213 0.5000000000
2976  26.223  -71.272  -15.866 0.5000000000
3322  22.499  -71.713  -7.022 0.3000000119
3356  30.443  -68.692  -11.516 0.3000000119
3358  27.952  -69.926  -10.440 0.3000000119
3360  25.577  -70.474  -11.290 0.5000000000
3405  26.712  -70.867  -15.262 0.4000000060
3780  30.048  -68.716  -10.149 0.3000000119
3790  31.634  -68.201  -11.290 0.3000000119
3791  31.062  -68.706  -10.914 0.3000000119
3803  31.260  -68.272  -12.024 0.3000000119
3820  30.854  -68.462  -12.044 0.3000000119
3823  25.448  -70.026  -12.040 0.5000000000
3837  25.802  -69.787  -12.974 0.5000000000
4256  32.526  -67.332  -10.971 0.3000000119
4259  29.873  -68.612  -9.669 0.3000000119
4288  32.487  -67.520  -11.508 0.3000000119
4289  32.108  -67.801  -11.513 0.3000000119
4290  26.091  -68.557  -11.379 0.3000000119
4305  31.696  -68.115  -12.080 0.3000000119
4308  29.989  -68.534  -12.222 0.3000000119
4345  20.277  -68.221  -17.683 0.6999999881
4346  19.751  -68.035  -17.690 0.6999999881
4352  20.081  -68.202  -17.972 0.6999999881
4357  20.231  -68.136  -18.098 0.6999999881
4821  32.560  -66.584  -10.618 0.3000000119
4853  32.797  -67.124  -11.261 0.3000000119
4871  31.501  -68.011  -12.567 0.3000000119
4887  31.008  -67.799  -12.999 0.3000000119
4893  22.019  -67.351  -13.162 0.6000000238
4919  18.458  -67.303  -17.229 0.6999999881
4920  18.232  -67.040  -17.392 0.6999999881
4922  30.569  -66.947  -18.641 0.3000000119
4923  30.041  -67.382  -18.986 0.3000000119
4928  19.188  -67.634  -17.677 0.6999999881
4931  30.081  -67.619  -18.860 0.3000000119
4934  28.397  -67.905  -19.233 0.4000000060
4935  25.774  -67.474  -19.101 0.5000000000
4940  20.046  -67.820  -18.272 0.6000000238
4943  29.202  -67.488  -19.189 0.3000000119
4944  28.598  -67.764  -19.222 0.3000000119
5384  31.938  -66.110  -9.603 0.3000000119
5386  30.702  -66.143  -9.408 0.3000000119
5480  17.745  -66.389  -15.507 0.6999999881
5492  30.319  -66.775  -17.844 0.3000000119
5495  17.802  -66.878  -17.075 0.6999999881
5502  31.302  -66.660  -18.153 0.3000000119
5505  28.671  -67.419  -18.746 0.4000000060
5522  21.480  -67.627  -18.724 0.6999999881
5524  19.831  -67.139  -18.372 0.6999999881
5526  32.015  -66.368  -18.803 0.3000000119
5527  29.698  -67.006  -19.221 0.3000000119
5532  25.625  -67.127  -19.335 0.5000000000
5963  30.769  -65.387  -6.745 0.3000000119
5980  31.520  -65.339  -8.175 0.3000000119
6036  31.703  -65.336  -12.840 0.3000000119
6057  24.994  -65.786  -15.042 0.4000000060
6100  18.943  -65.897  -17.801 0.6000000238
6104  23.915  -65.364  -19.034 0.6999999881
6107  21.195  -66.009  -18.594 0.6000000238
6109  19.777  -66.257  -18.191 0.6999999881
6111  31.783  -66.249  -19.176 0.3000000119
6115  28.103  -66.471  -19.482 0.4000000060
6676  16.930  -64.762  -16.556 0.5000000000
6687  17.494  -65.402  -17.005 0.6000000238
6695  21.580  -64.255  -18.166 0.6999999881
6699  32.324  -65.654  -19.286 0.4000000060
7269  23.892  -63.366  -13.730 0.6000000238
7292  16.393  -63.783  -15.383 0.5000000000
7302  19.022  -63.827  -16.593 0.5000000000
7307  23.228  -62.934  -18.150 0.6999999881
7313  26.355  -63.168  -18.657 0.5000000000
7321  33.516  -63.616  -19.542 0.4000000060
7323  31.841  -63.853  -19.564 0.4000000060
7326  28.708  -63.726  -19.136 0.4000000060
7889  24.838  -62.304  -10.067 0.6999999881
7904  25.169  -62.449  -10.779 0.6999999881
7928  24.381  -62.816  -12.206 0.6000000238
7937  28.377  -62.198  -13.731 0.6999999881
7945  21.326  -62.381  -13.845 0.6999999881
7975  19.092  -62.808  -15.621 0.6999999881
7981  27.164  -62.276  -16.076 0.6000000238
7988  25.212  -62.027  -17.482 0.8000000119
7998  24.350  -62.465  -18.208 0.6999999881
8568  22.054  -61.365  -5.911 0.5000000000
8585  19.808  -61.275  -6.877 0.6000000238
8598  22.903  -61.926  -7.358 0.6999999881
8599  21.996  -61.976  -7.401 0.6999999881
8601  20.161  -61.594  -7.572 0.6000000238
8620  26.032  -61.827  -9.559 0.6000000238
8709  28.173  -61.985  -16.799 0.6000000238
8712  37.230  -60.562  -18.070 0.3000000119
8715  31.628  -61.379  -18.095 0.5000000000
8720  26.582  -61.797  -17.644 0.6000000238
8728  28.031  -61.957  -18.156 0.5000000000
8730  26.373  -61.859  -18.097 0.6000000238
8732  36.405  -60.812  -19.254 0.3000000119
8734  35.016  -61.512  -19.698 0.3000000119
9340  19.933  -60.487  -5.578 0.5000000000
9346  23.514  -60.904  -6.095 0.5000000000
9349  19.523  -60.720  -6.344 0.5000000000
9363  24.837  -60.786  -6.901 0.5000000000
9365  18.797  -60.215  -7.460 0.5000000000
9370  25.917  -60.622  -7.790 0.6999999881
9371  19.264  -60.515  -8.909 0.6000000238
9379  20.507  -60.769  -10.005 0.6000000238
9393  27.862  -60.734  -10.180 0.6000000238
9430  29.473  -60.614  -12.869 0.6000000238
9470  33.656  -60.448  -18.156 0.3000000119
9477  35.797  -60.398  -19.591 0.3000000119
9478  35.146  -60.363  -19.552 0.3000000119
10099  19.301  -59.016  -4.749 0.6000000238
10116  19.267  -60.080  -5.882 0.6000000238
10117  18.930  -59.668  -6.277 0.5000000000
10130  26.011  -59.388  -7.233 0.6000000238
10176  29.400  -59.462  -11.564 0.6000000238
10234  37.128  -59.224  -18.603 0.3000000119
10238  36.215  -59.933  -19.390 0.3000000119
10870  19.072  -58.237  -4.467 0.6000000238
10909  19.027  -58.115  -8.765 0.5000000000
10929  18.938  -58.209  -9.904 0.5000000000
10971  31.649  -58.207  -13.997 0.4000000060
11632  18.725  -57.527  -4.226 0.6000000238
11667  18.813  -57.525  -7.134 0.6000000238
11697  15.379  -56.782  -9.537 0.5000000000
12374  19.675  -56.407  -3.445 0.4000000060
13233  17.751  -52.767  -13.243 0.5000000000
13927  18.265  -54.719  -3.578 0.4000000060
13935  16.425  -54.560  -5.165 0.4000000060
14019  16.015  -53.620  -10.784 0.5000000000
14054  16.724  -53.480  -14.440 0.5000000000
14681  18.553  -53.899  -3.609 0.4000000060
14695  18.280  -53.213  -4.012 0.4000000060
17294  17.773  -49.916  -6.414 0.3000000119
18169  19.588  -49.526  -5.613 0.3000000119
18176  18.349  -49.346  -7.035 0.3000000119
19047  19.302  -48.674  -7.092 0.3000000119
19105  15.488  -47.919  -10.594 0.3000000119
19106  14.639  -48.124  -10.617 0.3000000119
20021  19.100  -47.831  -8.020 0.3000000119
20044  14.127  -46.752  -8.452 0.3000000119
20060  16.782  -47.420  -10.167 0.3000000119
20061  13.482  -46.926  -9.726 0.4000000060
20075  15.268  -46.755  -10.349 0.4000000060
20993  18.154  -46.655  -6.856 0.3000000119
20994  17.235  -46.136  -6.687 0.3000000119
21003  15.663  -46.095  -8.178 0.5000000000
21012  17.302  -46.737  -9.203 0.3000000119
21015  14.504  -46.440  -9.093 0.4000000060
21016  14.134  -46.630  -9.806 0.4000000060
21022  17.181  -47.115  -9.776 0.3000000119
21023  16.543  -46.838  -10.046 0.3000000119
21877  17.934  -45.351  -5.267 0.3000000119
22722  17.829  -44.212  -4.439 0.3000000119
117635  15.972  -46.246  -9.026 0.3000000119
117907  25.739  -62.477  -18.408 0.6999999881
118030  26.125  -62.847  -13.888 0.6999999881
118593  13.177  -47.533  -10.342 0.4000000060
118925  22.774  -63.268  -16.498 0.6999999881
120051  24.921  -74.894  -5.055 0.3000000119
120264  24.742  -72.765  -5.767 0.3000000119
120638  31.114  -62.937  -19.356 0.4000000060
121194  21.916  -61.904  -8.848 0.6000000238
121311  30.454  -68.600  -11.946 0.3000000119
121840  25.802  -67.567  -18.958 0.5000000000
121920  25.449  -65.856  -14.323 0.4000000060
122784  31.354  -67.955  -10.322 0.3000000119
122877  24.184  -75.133  -6.716 0.3000000119
122912  19.509  -48.239  -5.773 0.4000000060
123661  19.366  -56.370  -12.578 0.5000000000
124519  26.393  -73.363  -4.304 0.3000000119
124655  24.167  -61.776  -7.888 0.6999999881
124800  18.788  -58.823  -7.193 0.5000000000
125235  28.121  -70.693  -10.292 0.4000000060
125648  19.030  -55.067  -8.391 0.6000000238
126306  13.506  -47.095  -8.905 0.4000000060
127016  26.238  -70.428  -13.603 0.5000000000
128956  26.813  -59.715  -8.127 0.6000000238
129086  25.627  -74.270  -8.909 0.3000000119
129180  19.611  -55.095  -3.185 0.4000000060
129342  18.899  -58.145  -7.369 0.6000000238
130656  16.604  -63.498  -12.505 0.5000000000
130703  17.361  -55.843  -4.836 0.5000000000
132556  16.492  -54.024  -4.786 0.4000000060
132752  34.517  -63.782  -18.815 0.3000000119
133903  23.458  -76.005  -6.812 0.3000000119
134168  21.689  -66.880  -12.847 0.5000000000
134268  31.498  -66.633  -13.216 0.3000000119
134318  32.133  -67.885  -11.922 0.3000000119
134539  22.763  -62.192  -10.783 0.6999999881
134807  14.922  -49.394  -9.275 0.3000000119
135108  15.504  -46.908  -5.115 0.3000000119
135268  15.626  -47.317  -10.576 0.3000000119
135946  31.577  -68.103  -11.802 0.3000000119
135957  18.015  -55.307  -3.691 0.4000000060
135978  16.760  -52.445  -13.549 0.5000000000
136419  31.481  -68.061  -10.554 0.3000000119
137278  21.049  -60.458  -5.076 0.4000000060
137386  25.356  -66.571  -13.971 0.4000000060
137409  19.147  -64.268  -17.010 0.6000000238
137963  30.317  -66.851  -19.136 0.3000000119
137966  19.799  -48.294  -4.530 0.4000000060
138059  20.862  -67.950  -16.649 0.6999999881
138270  19.528  -61.228  -7.569 0.6000000238
138389  22.289  -63.547  -15.158 0.6000000238
139268  26.080  -73.559  -4.650 0.3000000119
139823  15.930  -46.197  -4.234 0.3000000119
139866  31.698  -67.789  -10.437 0.3000000119
140091  21.089  -66.974  -18.747 0.6000000238
140149  25.441  -67.559  -18.745 0.4000000060
