#!ascii label  , from subject sub-v1s23x0050612_ses-1 vox2ras=TkReg
828
87638  -53.703  -8.300  -7.942 0.0000000000
107704  -43.869  8.371  -14.853 0.0000000000
128785  -44.867  0.467  -7.845 0.0000000000
110405  -52.753  2.610  -11.999 0.0000000000
97686  -49.870  11.311  -15.750 0.0000000000
95938  -49.205  8.364  -10.664 0.0000000000
95378  -49.832  7.011  -12.370 0.0000000000
127669  -48.649  0.424  -12.374 0.0000000000
83097  -50.228  -14.409  -7.255 0.0000000000
126186  -49.424  -9.632  -8.805 0.0000000000
97702  -39.139  9.928  -18.787 0.0000000000
96658  -45.268  8.643  -19.997 0.0000000000
96690  -52.348  8.235  -21.007 0.0000000000
117750  -49.885  -4.076  -9.582 0.0000000000
94232  -44.451  4.867  -11.447 0.0000000000
92504  -50.417  2.157  -8.832 0.0000000000
89827  -54.438  -2.631  -10.552 0.0000000000
89866  -52.795  -2.074  -17.598 0.0000000000
89872  -45.240  -3.230  -17.740 0.0000000000
88223  -51.340  -7.225  -10.326 0.0000000000
96638  -51.325  9.980  -16.835 0.0000000000
96599  -50.181  10.336  -14.193 0.0000000000
95984  -47.941  7.018  -15.066 0.0000000000
94837  -47.455  5.221  -13.825 0.0000000000
124025  -49.788  -12.155  -8.690 0.0000000000
85664  -47.500  -10.681  -9.424 0.0000000000
98588  -36.271  12.340  -16.386 0.0000000000
96670  -48.031  8.915  -20.433 0.0000000000
89299  -46.860  -4.582  -9.666 0.0000000000
90315  -47.061  -2.075  -10.274 0.0000000000
95992  -41.273  7.630  -14.688 0.0000000000
117778  -43.945  7.554  -12.533 0.0000000000
94802  -52.459  6.593  -9.901 0.0000000000
94800  -49.383  5.426  -10.252 0.0000000000
93057  -52.653  2.563  -9.597 0.0000000000
91428  -52.925  -0.518  -9.894 0.0000000000
91435  -54.400  -0.191  -11.357 0.0000000000
89850  -52.862  -2.368  -13.303 0.0000000000
91461  -52.568  -0.484  -13.608 0.0000000000
90359  -47.842  -2.448  -15.167 0.0000000000
97193  -46.536  9.419  -15.460 0.0000000000
96574  -46.061  9.088  -12.439 0.0000000000
97181  -49.037  11.176  -12.878 0.0000000000
96564  -52.411  9.931  -11.008 0.0000000000
94833  -51.697  5.148  -11.868 0.0000000000
92520  -50.890  1.405  -12.379 0.0000000000
93678  -48.879  3.253  -12.449 0.0000000000
93077  -46.838  2.246  -12.688 0.0000000000
109941  -52.955  -13.300  -7.210 0.0000000000
85656  -51.776  -10.416  -8.123 0.0000000000
86984  -52.625  -8.961  -7.775 0.0000000000
97679  -35.152  10.575  -14.903 0.0000000000
96617  -38.578  8.643  -16.823 0.0000000000
126615  -41.824  8.261  -17.023 0.0000000000
96635  -44.609  8.539  -17.729 0.0000000000
96649  -47.594  9.424  -18.522 0.0000000000
97222  -50.927  10.290  -18.379 0.0000000000
96017  -51.386  8.106  -18.961 0.0000000000
94906  -52.546  5.615  -21.480 0.0000000000
87629  -47.544  -7.312  -8.643 0.0000000000
88212  -50.223  -6.562  -8.459 0.0000000000
88801  -53.574  -6.605  -7.682 0.0000000000
93050  -44.271  2.501  -9.665 0.0000000000
95357  -46.596  6.763  -11.530 0.0000000000
93655  -47.496  3.457  -9.970 0.0000000000
91975  -47.540  1.655  -8.594 0.0000000000
90882  -49.927  -1.289  -10.420 0.0000000000
123974  -53.256  -3.152  -9.245 0.0000000000
88811  -54.374  -5.831  -8.670 0.0000000000
89319  -51.376  -4.717  -12.010 0.0000000000
89335  -50.067  -4.921  -14.225 0.0000000000
88850  -49.506  -5.083  -16.683 0.0000000000
90927  -50.408  -1.547  -14.911 0.0000000000
90375  -48.916  -2.409  -18.501 0.0000000000
123169  -46.932  -5.241  -16.912 0.0000000000
86353  -53.110  -9.725  -7.995 0.0000000000
116356  -52.964  -9.342  -8.559 0.0000000000
87641  -52.651  -7.915  -9.138 0.0000000000
113428  -49.275  7.675  -17.037 0.0000000000
96625  -49.597  8.862  -15.674 0.0000000000
95993  -48.025  7.048  -15.944 0.0000000000
95397  -47.503  6.367  -15.607 0.0000000000
91420  -45.897  -0.369  -8.884 0.0000000000
96594  -43.116  8.149  -14.984 0.0000000000
94235  -52.571  4.621  -10.783 0.0000000000
93657  -52.144  4.121  -9.820 0.0000000000
117449  -52.818  3.084  -10.420 0.0000000000
92509  -53.548  1.373  -9.998 0.0000000000
92522  -53.830  1.047  -11.804 0.0000000000
91454  -53.705  -0.015  -12.794 0.0000000000
123153  -52.624  0.680  -12.768 0.0000000000
97194  -47.642  10.103  -15.398 0.0000000000
110835  -47.598  10.258  -13.847 0.0000000000
124244  -48.849  11.193  -14.393 0.0000000000
96576  -50.079  9.233  -12.930 0.0000000000
96577  -51.005  11.100  -12.619 0.0000000000
95955  -50.463  8.415  -12.251 0.0000000000
113139  -52.845  7.974  -11.268 0.0000000000
111923  -50.823  6.907  -12.032 0.0000000000
94246  -50.689  4.280  -12.215 0.0000000000
94831  -49.290  5.167  -12.477 0.0000000000
94254  -47.253  3.828  -13.121 0.0000000000
85654  -49.778  -10.287  -8.767 0.0000000000
84989  -50.772  -11.261  -8.446 0.0000000000
128798  -50.614  -10.056  -8.456 0.0000000000
85655  -51.625  -9.891  -8.082 0.0000000000
86983  -51.200  -8.879  -8.019 0.0000000000
98137  -37.181  11.448  -18.155 0.0000000000
97691  -36.844  10.138  -16.864 0.0000000000
97208  -39.259  9.000  -17.769 0.0000000000
107710  -40.230  8.226  -16.771 0.0000000000
96641  -39.975  8.815  -17.994 0.0000000000
96656  -43.649  8.662  -19.578 0.0000000000
96645  -43.633  8.550  -18.765 0.0000000000
96647  -44.981  8.583  -18.437 0.0000000000
107548  -46.034  8.875  -18.199 0.0000000000
107890  -45.829  8.738  -19.153 0.0000000000
96671  -50.093  9.027  -20.592 0.0000000000
96661  -49.627  9.407  -19.938 0.0000000000
97241  -51.877  9.213  -20.034 0.0000000000
96009  -52.020  9.265  -19.012 0.0000000000
96019  -52.476  7.896  -20.241 0.0000000000
95446  -51.886  6.863  -20.296 0.0000000000
95448  -52.938  6.768  -21.254 0.0000000000
108602  -43.900  -5.831  -8.540 0.0000000000
109660  -43.836  -6.682  -8.183 0.0000000000
123071  -45.283  -6.977  -8.423 0.0000000000
87627  -45.872  -7.585  -8.537 0.0000000000
88797  -46.440  -6.051  -8.890 0.0000000000
89301  -48.379  -4.288  -9.746 0.0000000000
88798  -48.172  -5.789  -9.026 0.0000000000
88810  -49.357  -5.570  -8.919 0.0000000000
88799  -50.892  -5.822  -8.477 0.0000000000
89291  -51.702  -5.154  -8.529 0.0000000000
94231  -42.876  4.279  -11.392 0.0000000000
93650  -42.952  3.559  -10.770 0.0000000000
93651  -44.239  3.844  -10.824 0.0000000000
96561  -47.789  9.488  -11.681 0.0000000000
95935  -46.152  7.821  -11.864 0.0000000000
95937  -48.114  7.900  -11.195 0.0000000000
93636  -49.571  3.443  -9.228 0.0000000000
117705  -48.035  4.154  -10.249 0.0000000000
117605  -48.352  2.360  -8.914 0.0000000000
93053  -47.476  2.153  -8.905 0.0000000000
92489  -48.320  1.820  -8.640 0.0000000000
91423  -48.405  0.428  -9.614 0.0000000000
91986  -50.304  0.512  -9.864 0.0000000000
90314  -54.638  -1.904  -9.940 0.0000000000
90321  -53.225  -1.741  -9.797 0.0000000000
89816  -54.424  -3.131  -9.721 0.0000000000
89808  -54.445  -4.134  -8.985 0.0000000000
112496  -54.324  -4.094  -9.494 0.0000000000
89307  -52.961  -4.971  -10.464 0.0000000000
89320  -52.418  -4.219  -11.482 0.0000000000
89858  -52.677  -2.247  -15.729 0.0000000000
89848  -51.289  -3.717  -14.162 0.0000000000
89349  -51.044  -3.837  -16.253 0.0000000000
89343  -50.143  -4.746  -15.381 0.0000000000
89360  -51.139  -3.446  -17.893 0.0000000000
92004  -49.434  0.238  -12.446 0.0000000000
90913  -50.370  -0.946  -13.317 0.0000000000
90912  -49.264  -1.103  -12.968 0.0000000000
90366  -46.146  -2.714  -16.103 0.0000000000
90368  -48.279  -2.174  -16.745 0.0000000000
90381  -47.045  -3.064  -18.783 0.0000000000
89365  -47.935  -3.393  -19.076 0.0000000000
89364  -46.080  -3.829  -18.440 0.0000000000
88856  -45.715  -4.911  -16.970 0.0000000000
85658  -53.500  -10.645  -8.010 0.0000000000
87650  -50.352  -7.476  -11.033 0.0000000000
97693  -51.122  11.290  -16.204 0.0000000000
97687  -50.330  11.589  -14.998 0.0000000000
96614  -50.445  10.335  -15.137 0.0000000000
96598  -49.184  8.784  -14.136 0.0000000000
95972  -48.892  7.930  -13.617 0.0000000000
94838  -48.071  5.639  -13.339 0.0000000000
95389  -47.737  6.016  -13.980 0.0000000000
83760  -50.235  -13.011  -8.200 0.0000000000
84372  -48.844  -12.434  -8.932 0.0000000000
85653  -48.771  -10.142  -9.106 0.0000000000
98153  -37.789  12.110  -19.084 0.0000000000
108031  -46.261  8.767  -19.949 0.0000000000
96040  -49.823  7.813  -22.135 0.0000000000
96056  -51.602  7.141  -22.199 0.0000000000
118667  -46.076  -4.815  -9.506 0.0000000000
89811  -47.475  -3.043  -10.259 0.0000000000
89812  -48.312  -3.041  -10.300 0.0000000000
95375  -44.024  6.645  -12.272 0.0000000000
95340  -50.848  7.388  -9.958 0.0000000000
114749  -49.535  6.486  -10.355 0.0000000000
94218  -51.560  5.577  -9.744 0.0000000000
94206  -51.176  3.845  -9.210 0.0000000000
92505  -51.529  2.184  -8.937 0.0000000000
91981  -51.136  1.318  -9.330 0.0000000000
91983  -53.210  1.051  -9.746 0.0000000000
124788  -54.341  -0.237  -10.406 0.0000000000
90334  -54.571  -1.820  -10.877 0.0000000000
89840  -53.324  -2.551  -12.315 0.0000000000
90345  -53.660  -1.713  -12.888 0.0000000000
90355  -53.173  -1.396  -14.220 0.0000000000
90929  -52.688  -1.635  -15.787 0.0000000000
90918  -47.906  -2.014  -13.269 0.0000000000
122701  -43.931  0.971  -8.062 0.0000000000
107665  -45.146  8.721  -15.233 0.0000000000
96584  -44.688  8.615  -13.626 0.0000000000
97179  -46.018  9.295  -13.911 0.0000000000
97170  -46.937  9.619  -12.700 0.0000000000
97163  -48.824  10.352  -11.648 0.0000000000
97676  -50.398  11.773  -13.405 0.0000000000
97173  -50.655  11.303  -12.148 0.0000000000
96556  -51.357  9.969  -10.212 0.0000000000
95928  -53.106  8.166  -10.582 0.0000000000
95343  -53.274  6.866  -10.693 0.0000000000
93681  -52.194  3.656  -11.754 0.0000000000
112462  -52.071  1.947  -12.330 0.0000000000
116732  -50.895  2.975  -12.267 0.0000000000
116701  -50.083  2.663  -12.294 0.0000000000
92518  -48.785  1.800  -12.337 0.0000000000
94243  -47.894  4.309  -12.962 0.0000000000
93078  -47.632  2.452  -12.569 0.0000000000
83761  -51.245  -12.891  -7.928 0.0000000000
84362  -52.396  -11.715  -7.944 0.0000000000
84991  -53.055  -10.879  -7.895 0.0000000000
85657  -52.750  -10.142  -7.989 0.0000000000
86345  -52.811  -9.541  -7.852 0.0000000000
87633  -53.384  -8.369  -7.742 0.0000000000
96593  -36.203  8.297  -14.991 0.0000000000
97198  -36.713  9.435  -16.321 0.0000000000
96605  -38.347  8.006  -15.803 0.0000000000
95998  -39.999  7.905  -16.097 0.0000000000
96608  -41.322  7.832  -15.797 0.0000000000
107787  -42.790  8.165  -15.948 0.0000000000
97227  -40.334  9.512  -19.308 0.0000000000
96643  -41.377  8.732  -18.624 0.0000000000
96633  -42.900  8.389  -17.477 0.0000000000
109384  -44.144  8.463  -16.430 0.0000000000
96623  -45.525  8.789  -16.751 0.0000000000
97209  -46.999  9.470  -16.900 0.0000000000
97210  -48.045  9.920  -17.174 0.0000000000
118107  -47.506  9.239  -19.175 0.0000000000
97221  -49.667  10.247  -18.200 0.0000000000
97212  -50.856  10.723  -17.365 0.0000000000
97223  -51.496  10.253  -17.697 0.0000000000
96008  -51.236  8.756  -18.189 0.0000000000
95433  -50.154  6.991  -19.339 0.0000000000
110311  -49.739  5.977  -20.501 0.0000000000
126426  -52.745  5.206  -22.242 0.0000000000
108227  -47.726  -8.842  -8.932 0.0000000000
125687  -48.598  -8.587  -8.772 0.0000000000
88218  -47.264  -5.938  -8.985 0.0000000000
87630  -48.472  -7.240  -8.623 0.0000000000
108280  -49.079  -7.977  -8.573 0.0000000000
111793  -51.016  -7.467  -8.057 0.0000000000
112225  -52.445  -7.778  -7.672 0.0000000000
87634  -53.986  -7.833  -7.738 0.0000000000
92501  -44.354  1.616  -8.830 0.0000000000
95953  -44.659  8.119  -12.474 0.0000000000
95376  -44.706  7.162  -12.177 0.0000000000
94815  -45.444  5.676  -11.540 0.0000000000
95338  -47.872  5.927  -10.885 0.0000000000
94816  -46.618  5.174  -11.015 0.0000000000
94214  -45.522  4.074  -10.707 0.0000000000
93633  -46.100  2.771  -9.694 0.0000000000
93035  -46.292  1.410  -8.538 0.0000000000
122016  -46.123  0.811  -8.246 0.0000000000
126925  -47.333  -0.169  -9.609 0.0000000000
128251  -48.385  -0.967  -10.353 0.0000000000
89814  -50.184  -2.802  -10.176 0.0000000000
91427  -51.712  -0.476  -10.123 0.0000000000
90319  -51.168  -2.421  -10.123 0.0000000000
89806  -52.041  -3.578  -9.261 0.0000000000
89304  -52.654  -4.501  -8.619 0.0000000000
88802  -54.368  -6.157  -7.844 0.0000000000
88219  -53.678  -7.418  -8.531 0.0000000000
88224  -52.458  -6.881  -9.716 0.0000000000
88236  -51.432  -6.445  -10.571 0.0000000000
128842  -50.535  -5.969  -11.585 0.0000000000
89328  -51.596  -4.066  -12.539 0.0000000000
89327  -50.753  -4.731  -12.757 0.0000000000
125322  -49.604  -5.943  -12.877 0.0000000000
128642  -49.421  -5.969  -14.177 0.0000000000
88259  -49.273  -6.209  -15.490 0.0000000000
109962  -51.757  0.224  -12.797 0.0000000000
91460  -51.533  -0.833  -13.753 0.0000000000
90933  -51.922  -1.570  -16.857 0.0000000000
90360  -48.854  -2.068  -15.397 0.0000000000
113919  -49.740  -1.792  -16.955 0.0000000000
90384  -50.902  -2.637  -18.961 0.0000000000
89366  -49.129  -3.380  -19.073 0.0000000000
88858  -48.817  -5.138  -17.083 0.0000000000
86986  -53.202  -8.999  -7.910 0.0000000000
86989  -52.895  -8.875  -8.647 0.0000000000
95402  -48.299  6.944  -16.754 0.0000000000
90872  -45.114  -0.533  -8.362 0.0000000000
91418  -45.627  0.232  -8.243 0.0000000000
96595  -43.477  8.236  -14.088 0.0000000000
116699  -44.090  8.436  -14.091 0.0000000000
129416  -52.843  3.170  -11.112 0.0000000000
93074  -53.075  2.720  -11.223 0.0000000000
92511  -53.335  2.136  -10.307 0.0000000000
92521  -53.393  1.997  -11.644 0.0000000000
92007  -53.443  0.588  -12.607 0.0000000000
108605  -52.971  1.346  -12.530 0.0000000000
97195  -48.645  10.596  -15.809 0.0000000000
97680  -49.074  11.184  -15.008 0.0000000000
112554  -49.235  7.485  -12.801 0.0000000000
126049  -50.536  7.517  -12.135 0.0000000000
113329  -50.005  6.038  -12.316 0.0000000000
125881  -48.909  6.118  -12.709 0.0000000000
83745  -50.892  -13.827  -7.448 0.0000000000
86343  -50.558  -9.555  -8.407 0.0000000000
97701  -38.424  10.313  -18.564 0.0000000000
97697  -38.050  10.015  -17.903 0.0000000000
97215  -38.814  9.608  -18.149 0.0000000000
97216  -39.529  9.332  -18.375 0.0000000000
108032  -44.410  8.675  -20.056 0.0000000000
96667  -43.761  8.881  -20.567 0.0000000000
108033  -44.219  8.561  -18.866 0.0000000000
96657  -44.713  8.606  -19.345 0.0000000000
96689  -51.652  8.615  -20.995 0.0000000000
96672  -51.319  9.024  -20.541 0.0000000000
96673  -52.104  8.779  -20.462 0.0000000000
96662  -52.169  8.846  -19.881 0.0000000000
96674  -52.366  8.307  -20.520 0.0000000000
96029  -52.716  7.497  -20.963 0.0000000000
89290  -43.968  -4.965  -8.931 0.0000000000
88795  -44.675  -5.530  -8.898 0.0000000000
88207  -44.612  -6.396  -8.480 0.0000000000
88796  -45.514  -6.062  -8.787 0.0000000000
89804  -48.902  -3.727  -9.952 0.0000000000
89302  -49.141  -4.586  -9.457 0.0000000000
89303  -50.262  -4.892  -8.998 0.0000000000
114089  -51.093  -4.259  -9.084 0.0000000000
126803  -43.210  5.515  -12.015 0.0000000000
113785  -43.584  4.787  -11.594 0.0000000000
125457  -43.593  4.035  -11.113 0.0000000000
128165  -44.140  4.350  -11.227 0.0000000000
96562  -48.747  9.420  -11.123 0.0000000000
126763  -47.687  8.604  -11.467 0.0000000000
93054  -49.857  2.521  -8.764 0.0000000000
111482  -49.311  2.711  -8.894 0.0000000000
114684  -48.818  2.186  -8.725 0.0000000000
92503  -49.291  2.033  -8.737 0.0000000000
91979  -48.815  1.319  -9.074 0.0000000000
91980  -49.836  1.412  -9.295 0.0000000000
90322  -54.689  -2.233  -10.075 0.0000000000
90313  -54.450  -2.462  -9.731 0.0000000000
89815  -54.292  -3.409  -10.187 0.0000000000
89308  -53.704  -4.115  -10.378 0.0000000000
89826  -53.609  -3.196  -11.262 0.0000000000
129623  -52.764  -2.291  -16.791 0.0000000000
89857  -51.813  -3.187  -15.612 0.0000000000
89865  -52.199  -2.806  -17.313 0.0000000000
91450  -48.703  -0.394  -12.565 0.0000000000
90373  -46.221  -2.788  -17.691 0.0000000000
89873  -46.164  -3.434  -18.336 0.0000000000
113942  -46.992  -3.426  -18.859 0.0000000000
89355  -45.231  -4.109  -17.999 0.0000000000
89363  -45.250  -3.780  -18.026 0.0000000000
85668  -52.815  -10.187  -8.278 0.0000000000
124615  -50.284  -8.236  -11.065 0.0000000000
96627  -51.411  10.971  -16.539 0.0000000000
97204  -50.987  11.343  -15.677 0.0000000000
96626  -50.964  10.213  -15.994 0.0000000000
95994  -48.580  7.843  -15.404 0.0000000000
96613  -49.292  8.912  -14.849 0.0000000000
95985  -48.507  7.839  -14.519 0.0000000000
95971  -48.085  6.911  -14.177 0.0000000000
94845  -47.102  5.731  -15.330 0.0000000000
84359  -48.094  -12.954  -8.953 0.0000000000
86352  -47.800  -9.899  -9.277 0.0000000000
98602  -37.337  12.336  -18.418 0.0000000000
96687  -48.946  8.189  -21.811 0.0000000000
96055  -50.525  7.373  -22.347 0.0000000000
95465  -49.419  7.105  -22.946 0.0000000000
90309  -46.106  -2.177  -9.993 0.0000000000
89810  -46.631  -3.019  -10.119 0.0000000000
90316  -47.871  -2.418  -10.389 0.0000000000
95982  -40.495  7.545  -14.809 0.0000000000
95341  -52.347  7.659  -9.830 0.0000000000
129755  -51.625  6.637  -9.814 0.0000000000
93639  -52.224  3.368  -9.576 0.0000000000
94207  -51.761  3.805  -9.420 0.0000000000
93638  -51.399  3.264  -9.004 0.0000000000
93056  -51.869  2.734  -9.052 0.0000000000
91982  -52.311  1.646  -9.310 0.0000000000
92506  -52.330  2.223  -9.192 0.0000000000
91990  -54.277  0.504  -11.002 0.0000000000
91988  -53.952  0.650  -10.151 0.0000000000
90895  -54.577  -1.002  -10.991 0.0000000000
90346  -54.309  -1.320  -12.096 0.0000000000
126390  -54.181  -0.518  -12.380 0.0000000000
91462  -53.556  -0.443  -13.331 0.0000000000
90923  -53.244  -0.937  -14.184 0.0000000000
90363  -52.894  -1.335  -14.977 0.0000000000
90922  -52.526  -1.122  -14.754 0.0000000000
97192  -45.918  9.147  -14.868 0.0000000000
97674  -48.638  11.048  -13.764 0.0000000000
115777  -47.809  10.368  -13.098 0.0000000000
97171  -48.112  10.264  -12.272 0.0000000000
97172  -49.534  11.137  -12.120 0.0000000000
97196  -50.530  11.394  -14.639 0.0000000000
97682  -50.351  11.766  -14.019 0.0000000000
97188  -50.626  11.530  -13.736 0.0000000000
97174  -51.418  10.989  -11.725 0.0000000000
97165  -51.297  11.092  -11.129 0.0000000000
125272  -51.022  10.805  -10.606 0.0000000000
97159  -51.815  10.646  -10.620 0.0000000000
96557  -52.210  9.699  -10.315 0.0000000000
96565  -52.662  9.127  -10.719 0.0000000000
95359  -52.218  7.059  -11.604 0.0000000000
95360  -53.206  7.365  -11.071 0.0000000000
94818  -52.680  6.175  -11.297 0.0000000000
94234  -52.435  5.029  -11.249 0.0000000000
94247  -51.906  4.306  -11.815 0.0000000000
93680  -51.325  3.598  -12.138 0.0000000000
120039  -49.593  3.787  -12.367 0.0000000000
93679  -50.309  3.400  -12.274 0.0000000000
127322  -49.565  3.117  -12.339 0.0000000000
115658  -49.221  2.518  -12.345 0.0000000000
94830  -48.416  5.039  -12.836 0.0000000000
125063  -47.794  4.938  -13.295 0.0000000000
93676  -47.122  3.051  -12.865 0.0000000000
93677  -47.982  3.370  -12.696 0.0000000000
84990  -51.932  -11.160  -8.118 0.0000000000
84361  -51.684  -12.118  -8.083 0.0000000000
86344  -51.889  -9.358  -7.896 0.0000000000
97678  -34.684  10.357  -14.222 0.0000000000
97185  -34.896  9.646  -14.596 0.0000000000
96592  -35.359  8.777  -14.765 0.0000000000
96602  -35.875  8.915  -15.399 0.0000000000
98581  -36.310  12.600  -15.456 0.0000000000
98131  -35.916  11.490  -16.275 0.0000000000
97200  -37.872  9.009  -16.859 0.0000000000
97199  -37.285  9.423  -16.728 0.0000000000
96616  -37.337  8.851  -16.330 0.0000000000
96604  -37.548  8.260  -15.784 0.0000000000
109294  -38.050  8.478  -16.347 0.0000000000
96606  -39.207  7.879  -15.816 0.0000000000
96618  -39.359  8.312  -16.634 0.0000000000
96631  -40.521  8.479  -17.479 0.0000000000
96619  -41.125  8.162  -16.778 0.0000000000
114870  -41.967  8.065  -16.269 0.0000000000
96620  -42.495  8.269  -16.819 0.0000000000
96654  -42.013  8.761  -19.165 0.0000000000
96646  -44.112  8.526  -18.221 0.0000000000
108034  -43.282  8.490  -18.186 0.0000000000
96634  -43.877  8.458  -17.391 0.0000000000
96622  -44.740  8.555  -17.010 0.0000000000
108815  -44.953  8.617  -16.152 0.0000000000
97219  -47.102  9.357  -17.848 0.0000000000
96637  -46.183  9.048  -17.312 0.0000000000
97220  -48.331  9.849  -18.002 0.0000000000
96669  -46.785  8.696  -20.579 0.0000000000
107995  -47.261  9.019  -19.871 0.0000000000
97232  -50.999  9.861  -19.217 0.0000000000
97231  -49.731  9.915  -19.061 0.0000000000
96651  -51.760  9.768  -18.292 0.0000000000
95420  -49.955  7.405  -18.623 0.0000000000
94895  -52.194  6.157  -20.855 0.0000000000
94894  -50.894  6.057  -20.650 0.0000000000
94905  -51.405  5.464  -21.259 0.0000000000
94904  -49.895  5.417  -21.175 0.0000000000
94347  -50.832  4.820  -21.710 0.0000000000
95467  -52.541  6.580  -22.083 0.0000000000
86979  -45.612  -8.389  -8.674 0.0000000000
87628  -46.703  -7.424  -8.603 0.0000000000
86981  -47.225  -8.064  -8.687 0.0000000000
109090  -48.080  -7.987  -8.691 0.0000000000
88807  -46.682  -5.356  -9.302 0.0000000000
88808  -47.484  -5.189  -9.386 0.0000000000
88211  -48.899  -6.474  -8.692 0.0000000000
87631  -49.614  -7.275  -8.469 0.0000000000
108465  -50.350  -8.099  -8.275 0.0000000000
88800  -52.303  -5.972  -7.993 0.0000000000
113086  -51.985  -6.840  -7.891 0.0000000000
88213  -53.584  -7.577  -7.580 0.0000000000
93069  -43.537  2.991  -10.194 0.0000000000
96585  -45.421  8.942  -13.501 0.0000000000
96573  -45.216  8.739  -12.841 0.0000000000
95377  -45.296  7.691  -12.083 0.0000000000
95356  -45.590  6.721  -11.793 0.0000000000
108907  -46.206  5.870  -11.413 0.0000000000
124101  -48.675  5.916  -10.614 0.0000000000
127967  -47.662  4.686  -10.559 0.0000000000
94216  -47.093  4.385  -10.582 0.0000000000
94215  -46.139  4.559  -10.840 0.0000000000
93654  -46.423  3.610  -10.294 0.0000000000
93036  -46.912  1.618  -8.667 0.0000000000
93052  -46.646  2.091  -9.012 0.0000000000
92488  -47.085  1.557  -8.578 0.0000000000
92487  -46.549  1.182  -8.401 0.0000000000
117453  -46.919  1.154  -8.455 0.0000000000
91421  -46.361  0.466  -8.543 0.0000000000
114158  -47.141  0.531  -8.957 0.0000000000
124448  -49.517  -0.534  -10.304 0.0000000000
90881  -48.931  -1.332  -10.427 0.0000000000
90318  -49.505  -2.119  -10.407 0.0000000000
91987  -52.617  0.236  -9.794 0.0000000000
121167  -51.372  0.342  -9.881 0.0000000000
90312  -53.493  -2.449  -9.563 0.0000000000
90320  -52.195  -2.059  -9.972 0.0000000000
90311  -52.168  -2.764  -9.657 0.0000000000
90310  -51.137  -3.038  -9.845 0.0000000000
89807  -53.820  -3.907  -8.792 0.0000000000
89305  -54.499  -4.915  -8.822 0.0000000000
89294  -54.383  -4.918  -8.508 0.0000000000
88220  -54.375  -6.872  -8.141 0.0000000000
88225  -53.621  -6.444  -9.150 0.0000000000
109521  -51.776  -5.190  -11.275 0.0000000000
88813  -52.331  -5.890  -10.314 0.0000000000
88825  -51.125  -5.881  -11.151 0.0000000000
88824  -50.738  -5.410  -11.922 0.0000000000
89839  -52.528  -3.296  -12.380 0.0000000000
89849  -51.937  -3.283  -13.484 0.0000000000
89336  -50.621  -4.438  -13.700 0.0000000000
89337  -51.190  -4.106  -13.288 0.0000000000
124205  -50.176  -5.015  -13.361 0.0000000000
88833  -50.102  -5.436  -12.722 0.0000000000
88832  -49.693  -5.592  -13.646 0.0000000000
88842  -49.611  -5.416  -15.798 0.0000000000
88270  -49.308  -5.914  -16.038 0.0000000000
88269  -49.110  -6.564  -16.086 0.0000000000
88849  -49.087  -5.820  -16.405 0.0000000000
92006  -51.818  1.035  -12.505 0.0000000000
129179  -50.942  0.703  -12.463 0.0000000000
91452  -51.041  -0.413  -13.029 0.0000000000
90921  -51.080  -1.258  -14.284 0.0000000000
90928  -51.822  -1.400  -15.687 0.0000000000
90932  -50.827  -1.553  -16.235 0.0000000000
90352  -48.385  -2.288  -14.184 0.0000000000
90376  -50.475  -2.113  -18.519 0.0000000000
90383  -49.907  -2.716  -19.255 0.0000000000
89880  -50.077  -2.982  -19.450 0.0000000000
89879  -48.771  -3.002  -19.350 0.0000000000
89356  -47.101  -4.136  -18.324 0.0000000000
89357  -48.359  -4.197  -18.161 0.0000000000
88857  -47.967  -5.122  -17.204 0.0000000000
88274  -47.904  -6.034  -16.665 0.0000000000
86356  -52.184  -9.779  -9.526 0.0000000000
96005  -50.521  8.740  -17.330 0.0000000000
96000  -50.011  8.765  -16.508 0.0000000000
95999  -48.862  7.767  -16.235 0.0000000000
90875  -45.559  -1.348  -9.341 0.0000000000
90876  -46.365  -1.182  -9.767 0.0000000000
129288  -42.195  7.876  -15.136 0.0000000000
95983  -42.732  7.965  -14.105 0.0000000000
95952  -43.850  8.147  -12.850 0.0000000000
94220  -52.372  5.055  -10.254 0.0000000000
115880  -52.277  5.687  -9.956 0.0000000000
93658  -52.424  3.949  -10.309 0.0000000000
92508  -52.963  1.849  -9.615 0.0000000000
92512  -53.880  1.294  -10.686 0.0000000000
92008  -54.049  0.244  -12.059 0.0000000000
91453  -53.033  0.107  -13.078 0.0000000000
97186  -46.919  9.723  -14.483 0.0000000000
97187  -48.072  10.573  -14.487 0.0000000000
96587  -49.701  9.328  -13.615 0.0000000000
96588  -50.583  10.789  -13.358 0.0000000000
119200  -51.045  10.250  -12.186 0.0000000000
95956  -51.782  9.831  -11.510 0.0000000000
95939  -52.659  8.963  -11.139 0.0000000000
95379  -51.626  8.092  -11.720 0.0000000000
94832  -51.327  6.042  -11.912 0.0000000000
108649  -50.407  5.187  -12.232 0.0000000000
94245  -49.684  4.521  -12.362 0.0000000000
94244  -48.781  4.198  -12.578 0.0000000000
120534  -47.281  4.531  -13.525 0.0000000000
83746  -51.958  -13.543  -7.350 0.0000000000
84988  -49.791  -11.154  -8.796 0.0000000000
120809  -50.682  -10.511  -8.461 0.0000000000
98127  -35.361  11.557  -14.645 0.0000000000
98136  -36.700  11.458  -17.574 0.0000000000
97695  -36.593  10.870  -17.188 0.0000000000
97696  -37.228  10.600  -17.634 0.0000000000
97206  -37.622  9.713  -17.252 0.0000000000
97207  -38.467  9.214  -17.439 0.0000000000
96629  -39.074  8.721  -17.214 0.0000000000
96630  -39.732  8.574  -17.322 0.0000000000
96632  -41.412  8.463  -17.704 0.0000000000
96666  -43.048  8.939  -20.270 0.0000000000
96644  -42.895  8.594  -18.962 0.0000000000
96636  -45.337  8.675  -17.578 0.0000000000
96648  -46.778  9.064  -18.735 0.0000000000
116342  -48.980  8.905  -20.679 0.0000000000
97240  -51.105  9.449  -19.955 0.0000000000
120283  -51.680  9.860  -18.640 0.0000000000
97233  -51.811  9.446  -19.400 0.0000000000
96018  -52.103  8.485  -19.583 0.0000000000
95434  -51.559  7.535  -19.675 0.0000000000
95447  -52.738  6.947  -20.799 0.0000000000
94896  -52.892  6.264  -21.254 0.0000000000
89288  -42.537  -4.289  -8.555 0.0000000000
88794  -43.100  -5.203  -8.550 0.0000000000
88206  -43.176  -6.169  -8.224 0.0000000000
88208  -46.141  -6.790  -8.625 0.0000000000
88209  -46.993  -6.670  -8.701 0.0000000000
89300  -47.676  -4.429  -9.736 0.0000000000
88809  -48.339  -4.976  -9.397 0.0000000000
129124  -43.712  3.532  -10.647 0.0000000000
93070  -44.286  3.224  -10.301 0.0000000000
96575  -46.939  9.365  -12.110 0.0000000000
123878  -46.237  8.751  -12.055 0.0000000000
96560  -46.910  8.663  -11.763 0.0000000000
95936  -47.138  7.710  -11.542 0.0000000000
95358  -47.533  6.796  -11.235 0.0000000000
94205  -50.320  4.018  -9.330 0.0000000000
94204  -49.195  4.295  -9.903 0.0000000000
93656  -48.556  3.257  -9.454 0.0000000000
93635  -47.816  2.733  -9.305 0.0000000000
93634  -47.023  2.753  -9.513 0.0000000000
93037  -47.784  1.926  -8.621 0.0000000000
110889  -47.926  1.116  -8.824 0.0000000000
91985  -49.329  0.405  -9.848 0.0000000000
125750  -49.875  -0.023  -10.151 0.0000000000
90885  -53.686  -1.121  -9.870 0.0000000000
90878  -54.208  -1.830  -9.751 0.0000000000
117077  -54.167  -3.218  -9.331 0.0000000000
89309  -54.101  -4.895  -9.528 0.0000000000
88814  -53.527  -5.589  -9.623 0.0000000000
90354  -52.661  -2.252  -14.496 0.0000000000
112587  -52.013  -2.942  -14.620 0.0000000000
89344  -50.739  -4.150  -14.808 0.0000000000
89348  -50.228  -4.460  -16.564 0.0000000000
89359  -50.098  -4.168  -17.535 0.0000000000
116702  -50.068  0.852  -12.367 0.0000000000
92005  -50.462  0.145  -12.568 0.0000000000
91451  -49.822  -0.442  -12.751 0.0000000000
90920  -49.837  -1.493  -13.773 0.0000000000
90367  -47.095  -2.465  -16.467 0.0000000000
90374  -47.483  -2.532  -18.071 0.0000000000
90382  -47.904  -2.870  -19.075 0.0000000000
89878  -47.702  -3.132  -19.149 0.0000000000
112312  -46.153  -4.358  -17.802 0.0000000000
84992  -54.482  -11.099  -7.809 0.0000000000
110719  -50.758  11.442  -15.800 0.0000000000
95390  -48.404  6.646  -13.407 0.0000000000
95393  -47.527  6.242  -14.753 0.0000000000
94841  -47.208  5.485  -14.534 0.0000000000
83744  -49.727  -13.782  -7.841 0.0000000000
107734  -49.118  -13.161  -8.498 0.0000000000
85002  -49.001  -11.706  -9.064 0.0000000000
84371  -48.270  -12.071  -9.241 0.0000000000
85001  -48.423  -11.395  -9.290 0.0000000000
85666  -48.974  -10.920  -9.136 0.0000000000
98589  -36.807  13.013  -16.854 0.0000000000
126599  -36.838  12.077  -17.904 0.0000000000
98144  -37.617  11.528  -18.722 0.0000000000
98145  -38.066  11.031  -18.955 0.0000000000
108313  -48.145  8.484  -21.339 0.0000000000
128240  -49.246  8.618  -21.136 0.0000000000
96688  -50.346  8.491  -21.277 0.0000000000
96041  -51.334  7.947  -21.664 0.0000000000
96042  -52.438  7.413  -21.552 0.0000000000
95466  -50.631  6.723  -22.776 0.0000000000
89802  -47.118  -3.794  -9.999 0.0000000000
89803  -47.961  -3.735  -10.055 0.0000000000
94829  -43.273  6.311  -12.305 0.0000000000
94814  -44.032  5.638  -11.911 0.0000000000
95925  -50.471  8.685  -10.155 0.0000000000
95924  -49.653  7.512  -10.399 0.0000000000
94801  -50.526  6.057  -9.944 0.0000000000
94217  -50.365  4.966  -9.761 0.0000000000
94219  -51.835  4.631  -9.642 0.0000000000
126299  -51.122  4.558  -9.464 0.0000000000
93637  -50.408  3.188  -8.836 0.0000000000
122337  -52.173  0.921  -9.551 0.0000000000
91429  -53.821  -0.131  -9.945 0.0000000000
90886  -54.435  -1.190  -10.071 0.0000000000
90323  -54.668  -1.656  -10.267 0.0000000000
90333  -54.098  -2.177  -11.672 0.0000000000
90914  -53.774  -0.936  -13.307 0.0000000000
90362  -52.837  -1.662  -15.444 0.0000000000
90370  -52.889  -1.855  -16.726 0.0000000000
90911  -48.273  -1.242  -12.830 0.0000000000
91449  -47.697  -0.616  -12.543 0.0000000000
90351  -47.473  -2.571  -13.993 0.0000000000
90358  -46.891  -2.733  -14.965 0.0000000000
89863  -45.269  -2.809  -16.926 0.0000000000
96610  -44.378  8.506  -15.526 0.0000000000
96596  -44.571  8.569  -14.612 0.0000000000
96597  -45.290  8.836  -14.285 0.0000000000
96586  -46.001  9.293  -13.074 0.0000000000
97180  -46.849  9.708  -13.481 0.0000000000
97681  -49.623  11.611  -14.259 0.0000000000
97675  -49.812  11.710  -13.504 0.0000000000
97182  -50.623  11.586  -13.053 0.0000000000
97671  -50.103  11.619  -12.880 0.0000000000
97164  -50.079  10.923  -11.204 0.0000000000
96563  -50.117  9.870  -10.520 0.0000000000
95926  -51.852  8.821  -9.841 0.0000000000
95342  -53.080  7.477  -10.260 0.0000000000
95940  -53.164  8.203  -10.898 0.0000000000
95361  -53.291  7.627  -10.706 0.0000000000
94803  -52.794  6.384  -10.336 0.0000000000
94819  -52.789  5.765  -10.733 0.0000000000
93670  -52.394  4.233  -11.312 0.0000000000
93082  -52.633  3.143  -11.617 0.0000000000
93081  -51.890  2.905  -12.148 0.0000000000
93080  -50.917  2.266  -12.315 0.0000000000
92519  -49.837  1.771  -12.321 0.0000000000
116703  -49.127  1.020  -12.324 0.0000000000
93079  -48.402  2.549  -12.439 0.0000000000
84360  -50.902  -12.126  -8.323 0.0000000000
84350  -52.180  -12.609  -7.746 0.0000000000
84978  -53.924  -11.137  -7.626 0.0000000000
86346  -52.874  -9.782  -7.900 0.0000000000
109034  -52.582  -9.922  -7.904 0.0000000000
97684  -35.628  10.310  -15.707 0.0000000000
97690  -36.218  10.820  -16.657 0.0000000000
97685  -36.180  10.141  -16.290 0.0000000000
97191  -36.043  9.486  -15.845 0.0000000000
96603  -36.655  8.697  -15.738 0.0000000000
95989  -37.918  7.739  -15.172 0.0000000000
95990  -38.739  7.642  -15.163 0.0000000000
109261  -39.944  7.624  -15.355 0.0000000000
95991  -40.625  7.696  -15.525 0.0000000000
96607  -40.659  7.940  -16.226 0.0000000000
96609  -43.605  8.340  -15.754 0.0000000000
97226  -39.759  9.612  -18.908 0.0000000000
97217  -40.182  9.147  -18.614 0.0000000000
96642  -40.696  8.736  -18.227 0.0000000000
107879  -42.277  8.528  -18.245 0.0000000000
123213  -42.169  8.370  -17.472 0.0000000000
96621  -43.309  8.346  -16.655 0.0000000000
96611  -45.779  8.978  -15.868 0.0000000000
96612  -46.315  9.255  -16.002 0.0000000000
96624  -46.242  9.169  -16.510 0.0000000000
97201  -46.886  9.502  -16.111 0.0000000000
97202  -47.798  9.988  -16.338 0.0000000000
97203  -49.011  10.541  -16.495 0.0000000000
96659  -46.717  8.940  -19.396 0.0000000000
96660  -48.415  9.373  -19.565 0.0000000000
97230  -48.498  9.675  -18.780 0.0000000000
97211  -49.404  10.421  -17.309 0.0000000000
97692  -50.527  11.169  -16.478 0.0000000000
97698  -51.250  11.077  -16.641 0.0000000000
97213  -51.405  10.759  -16.977 0.0000000000
96639  -51.470  10.483  -17.116 0.0000000000
96650  -51.610  9.877  -17.617 0.0000000000
96004  -49.683  7.639  -17.854 0.0000000000
95445  -50.501  6.588  -20.027 0.0000000000
95468  -53.068  5.902  -21.962 0.0000000000
94349  -52.926  5.281  -21.961 0.0000000000
86341  -46.953  -9.377  -9.200 0.0000000000
86980  -46.429  -8.175  -8.686 0.0000000000
128546  -46.911  -8.672  -8.904 0.0000000000
86342  -48.626  -9.326  -8.949 0.0000000000
124367  -46.014  -5.500  -9.183 0.0000000000
88210  -47.867  -6.562  -8.757 0.0000000000
86982  -49.646  -8.851  -8.599 0.0000000000
87632  -51.902  -8.323  -7.793 0.0000000000
92500  -43.267  1.595  -8.844 0.0000000000
120408  -45.020  0.748  -8.028 0.0000000000
95954  -45.555  8.417  -12.266 0.0000000000
95355  -44.772  6.189  -11.890 0.0000000000
121340  -44.807  5.418  -11.603 0.0000000000
95339  -48.591  6.928  -10.790 0.0000000000
94817  -47.029  5.905  -11.204 0.0000000000
94799  -48.275  5.054  -10.515 0.0000000000
94798  -47.390  5.180  -10.803 0.0000000000
114171  -45.941  5.208  -11.213 0.0000000000
94233  -45.302  4.855  -11.213 0.0000000000
94213  -44.768  4.281  -11.001 0.0000000000
93652  -44.920  3.621  -10.518 0.0000000000
93632  -45.124  2.815  -9.835 0.0000000000
93051  -45.790  2.061  -9.089 0.0000000000
92502  -45.467  1.365  -8.527 0.0000000000
92486  -45.941  0.846  -8.174 0.0000000000
91974  -45.458  0.596  -8.105 0.0000000000
124506  -46.681  -0.261  -9.346 0.0000000000
90877  -47.192  -0.949  -10.044 0.0000000000
122829  -47.735  0.370  -9.409 0.0000000000
91422  -47.940  -0.450  -10.070 0.0000000000
90880  -47.979  -1.522  -10.380 0.0000000000
90317  -48.610  -2.254  -10.418 0.0000000000
89813  -49.171  -2.917  -10.275 0.0000000000
120594  -49.692  -3.415  -9.975 0.0000000000
91426  -50.479  -0.404  -10.252 0.0000000000
90883  -50.962  -1.215  -10.353 0.0000000000
90884  -52.250  -1.266  -10.120 0.0000000000
123650  -51.325  -1.803  -10.269 0.0000000000
110163  -50.443  -1.968  -10.369 0.0000000000
89805  -50.590  -3.534  -9.708 0.0000000000
89292  -53.414  -5.501  -8.001 0.0000000000
89293  -53.930  -4.769  -8.387 0.0000000000
126340  -54.271  -5.421  -8.138 0.0000000000
88214  -54.310  -7.136  -7.828 0.0000000000
87635  -54.178  -7.600  -7.849 0.0000000000
88235  -50.528  -6.547  -11.200 0.0000000000
88823  -49.986  -6.081  -12.037 0.0000000000
88243  -49.323  -6.555  -12.608 0.0000000000
88249  -49.286  -6.305  -13.640 0.0000000000
88837  -49.581  -5.645  -14.780 0.0000000000
115583  -49.257  -6.357  -14.676 0.0000000000
111897  -52.556  -1.656  -16.696 0.0000000000
90378  -52.410  -1.845  -17.643 0.0000000000
90919  -48.807  -1.738  -13.467 0.0000000000
90361  -49.774  -1.737  -15.511 0.0000000000
90369  -51.299  -1.680  -17.580 0.0000000000
89874  -51.900  -2.417  -18.322 0.0000000000
89881  -51.029  -2.983  -19.026 0.0000000000
89367  -50.203  -3.485  -18.676 0.0000000000
89358  -49.355  -4.248  -17.876 0.0000000000
88215  -54.511  -6.396  -8.030 0.0000000000
88803  -54.374  -5.635  -8.261 0.0000000000
89796  -54.239  -4.454  -8.638 0.0000000000
90377  -51.587  -2.066  -18.404 0.0000000000
91425  -48.737  -0.414  -10.207 0.0000000000
93055  -50.926  2.715  -8.726 0.0000000000
93653  -45.607  3.396  -10.250 0.0000000000
93671  -52.655  3.705  -11.055 0.0000000000
94897  -53.033  6.296  -21.568 0.0000000000
94907  -53.031  5.856  -21.707 0.0000000000
95456  -52.897  6.729  -21.534 0.0000000000
95927  -52.682  8.560  -10.171 0.0000000000
95981  -39.404  7.572  -15.098 0.0000000000
97160  -52.220  10.151  -10.783 0.0000000000
97166  -51.964  10.668  -11.043 0.0000000000
97190  -35.420  9.610  -15.263 0.0000000000
97218  -40.750  9.018  -18.856 0.0000000000
97700  -37.741  10.781  -18.346 0.0000000000
98132  -36.280  11.543  -16.943 0.0000000000
98594  -36.544  12.246  -17.278 0.0000000000
98595  -37.057  12.759  -17.652 0.0000000000
99038  -37.644  13.211  -18.058 0.0000000000
117614  -37.902  11.572  -19.094 0.0000000000
123453  -38.703  8.258  -16.302 0.0000000000
