#!ascii label  , from subject sub-v1s23x0050612_ses-1 vox2ras=TkReg
1159
79852  -46.170  -19.587  -12.216 0.0000000000
78517  -58.552  -21.322  -23.473 0.0000000000
83113  -53.477  -14.855  -7.670 0.0000000000
79193  -53.984  -21.035  -16.266 0.0000000000
76983  -52.660  -23.561  -8.972 0.0000000000
82546  -52.148  -15.067  -19.897 0.0000000000
85095  -53.830  -11.064  -17.996 0.0000000000
87682  -48.357  -7.515  -16.320 0.0000000000
73870  -47.095  -27.542  -4.842 0.0000000000
78441  -49.681  -21.526  -15.384 0.0000000000
110190  -52.052  -19.512  -19.304 0.0000000000
81867  -49.726  -17.012  -15.030 0.0000000000
84979  -54.784  -11.348  -7.235 0.0000000000
128248  -56.496  -11.113  -12.240 0.0000000000
85031  -51.705  -10.929  -12.427 0.0000000000
110505  -49.340  -11.360  -16.011 0.0000000000
88234  -49.659  -6.936  -11.761 0.0000000000
79993  -54.845  -19.223  -26.025 0.0000000000
79828  -44.227  -19.525  -7.432 0.0000000000
81828  -48.278  -16.353  -9.446 0.0000000000
121366  -58.810  -19.393  -11.786 0.0000000000
77748  -52.970  -22.279  -12.440 0.0000000000
76267  -48.255  -24.166  -12.174 0.0000000000
74745  -47.977  -26.088  -9.062 0.0000000000
81323  -55.737  -17.567  -23.893 0.0000000000
83889  -56.694  -12.854  -25.032 0.0000000000
83806  -51.810  -13.678  -13.443 0.0000000000
115231  -56.304  -12.053  -18.904 0.0000000000
85176  -52.418  -10.745  -23.900 0.0000000000
85148  -48.009  -11.026  -21.687 0.0000000000
85090  -46.140  -10.895  -17.806 0.0000000000
79161  -47.329  -20.204  -13.307 0.0000000000
79885  -49.092  -19.269  -15.492 0.0000000000
81240  -47.688  -17.743  -13.065 0.0000000000
86346  -52.874  -9.782  -7.900 0.0000000000
85010  -53.998  -11.379  -10.094 0.0000000000
85670  -51.390  -10.211  -10.640 0.0000000000
85683  -49.947  -9.705  -11.923 0.0000000000
79283  -57.049  -20.232  -24.413 0.0000000000
79108  -44.352  -20.492  -4.697 0.0000000000
79824  -46.535  -19.638  -6.286 0.0000000000
77005  -52.866  -22.762  -10.109 0.0000000000
77021  -51.208  -23.408  -12.693 0.0000000000
114104  -50.556  -24.461  -10.597 0.0000000000
74701  -47.756  -26.967  -7.149 0.0000000000
126708  -42.560  -24.775  -9.601 0.0000000000
78380  -41.484  -21.785  -9.578 0.0000000000
76982  -40.159  -23.725  -8.534 0.0000000000
126546  -55.985  -19.803  -18.548 0.0000000000
81290  -51.272  -17.347  -19.946 0.0000000000
80610  -53.458  -18.401  -21.478 0.0000000000
81924  -53.490  -16.463  -22.510 0.0000000000
81939  -55.922  -15.445  -24.575 0.0000000000
83215  -54.271  -14.592  -22.327 0.0000000000
113647  -51.011  -15.845  -8.361 0.0000000000
113097  -50.387  -14.353  -11.356 0.0000000000
83775  -52.043  -13.634  -11.009 0.0000000000
85732  -55.889  -10.291  -15.084 0.0000000000
84426  -56.017  -11.634  -14.849 0.0000000000
85756  -56.446  -10.412  -18.599 0.0000000000
123922  -55.730  -10.705  -21.385 0.0000000000
85137  -52.955  -10.881  -21.217 0.0000000000
85779  -51.105  -9.712  -23.949 0.0000000000
85121  -51.470  -11.784  -20.165 0.0000000000
107698  -48.888  -9.526  -16.135 0.0000000000
108148  -48.099  -10.779  -17.794 0.0000000000
86402  -47.314  -9.707  -16.576 0.0000000000
85738  -45.804  -10.584  -16.131 0.0000000000
87680  -46.104  -7.872  -15.555 0.0000000000
78443  -51.605  -21.790  -15.896 0.0000000000
79218  -52.899  -20.403  -18.341 0.0000000000
79191  -50.816  -20.625  -17.111 0.0000000000
80582  -50.121  -18.401  -17.622 0.0000000000
82524  -50.884  -15.860  -17.331 0.0000000000
83748  -55.957  -13.522  -6.285 0.0000000000
124575  -55.089  -12.749  -10.171 0.0000000000
85012  -56.245  -11.771  -9.850 0.0000000000
85034  -54.976  -11.130  -12.003 0.0000000000
85057  -52.748  -11.064  -14.616 0.0000000000
84432  -51.703  -12.135  -16.820 0.0000000000
119586  -51.172  -11.290  -14.122 0.0000000000
85695  -49.019  -9.763  -13.201 0.0000000000
88248  -49.038  -7.052  -14.346 0.0000000000
80660  -53.148  -18.154  -26.341 0.0000000000
80541  -44.649  -18.615  -10.235 0.0000000000
81233  -46.319  -17.492  -11.073 0.0000000000
81219  -47.038  -17.721  -8.484 0.0000000000
81214  -48.766  -18.019  -7.415 0.0000000000
81805  -51.999  -17.418  -5.359 0.0000000000
82431  -50.788  -16.393  -5.065 0.0000000000
82441  -53.320  -15.627  -5.356 0.0000000000
79177  -56.395  -19.566  -13.901 0.0000000000
125269  -55.001  -20.568  -12.151 0.0000000000
78431  -53.380  -21.719  -14.580 0.0000000000
108396  -51.141  -22.814  -14.014 0.0000000000
77760  -48.711  -22.622  -13.821 0.0000000000
122824  -53.004  -25.264  -6.664 0.0000000000
74688  -50.466  -26.616  -5.264 0.0000000000
74725  -50.084  -26.180  -7.123 0.0000000000
75489  -50.051  -25.203  -9.189 0.0000000000
75503  -48.017  -25.035  -11.058 0.0000000000
115497  -44.481  -20.808  -11.349 0.0000000000
79246  -59.318  -19.859  -22.113 0.0000000000
79932  -54.371  -19.639  -19.809 0.0000000000
80612  -55.926  -18.971  -21.840 0.0000000000
80634  -58.632  -18.848  -24.004 0.0000000000
81345  -58.821  -17.369  -25.995 0.0000000000
81954  -56.533  -15.825  -26.769 0.0000000000
82595  -53.868  -15.068  -26.041 0.0000000000
81841  -48.225  -16.240  -12.413 0.0000000000
82493  -50.335  -15.122  -13.899 0.0000000000
83169  -51.784  -14.767  -16.403 0.0000000000
84402  -54.229  -12.446  -12.553 0.0000000000
83827  -53.530  -13.364  -16.163 0.0000000000
83183  -53.331  -13.883  -18.979 0.0000000000
125669  -56.532  -12.377  -21.902 0.0000000000
84505  -54.289  -12.285  -24.163 0.0000000000
83885  -51.837  -13.466  -24.830 0.0000000000
85107  -49.576  -11.959  -18.830 0.0000000000
85132  -46.781  -11.345  -20.090 0.0000000000
84459  -44.636  -11.970  -19.829 0.0000000000
84438  -44.438  -12.104  -17.518 0.0000000000
85063  -44.418  -11.631  -15.370 0.0000000000
79151  -46.807  -19.823  -12.689 0.0000000000
79862  -47.760  -19.490  -13.738 0.0000000000
79853  -46.650  -18.974  -12.496 0.0000000000
85667  -52.806  -9.994  -8.645 0.0000000000
86988  -51.757  -9.163  -9.787 0.0000000000
79271  -58.053  -20.371  -24.022 0.0000000000
76993  -52.407  -23.364  -9.716 0.0000000000
77003  -51.621  -23.656  -10.979 0.0000000000
76239  -51.847  -24.054  -9.256 0.0000000000
75481  -42.221  -25.216  -9.209 0.0000000000
76235  -41.360  -24.101  -9.301 0.0000000000
79194  -55.150  -20.394  -16.343 0.0000000000
79207  -55.030  -20.363  -17.319 0.0000000000
81904  -51.274  -16.379  -19.742 0.0000000000
81305  -51.995  -17.062  -21.055 0.0000000000
82562  -52.649  -15.781  -21.569 0.0000000000
82571  -53.863  -15.502  -22.676 0.0000000000
83206  -52.971  -14.939  -21.210 0.0000000000
83112  -52.419  -15.060  -8.392 0.0000000000
83119  -51.725  -14.568  -9.463 0.0000000000
116085  -52.774  -14.365  -9.181 0.0000000000
85083  -54.706  -10.588  -16.719 0.0000000000
85744  -56.708  -10.570  -16.190 0.0000000000
85755  -55.233  -10.459  -18.207 0.0000000000
85124  -54.858  -10.466  -19.808 0.0000000000
85123  -53.750  -10.936  -19.524 0.0000000000
123396  -52.341  -11.453  -20.545 0.0000000000
85122  -52.751  -11.581  -19.172 0.0000000000
125354  -49.007  -8.840  -16.165 0.0000000000
86398  -48.376  -9.367  -16.501 0.0000000000
108476  -48.147  -8.796  -16.405 0.0000000000
86397  -47.155  -9.141  -16.314 0.0000000000
87681  -47.217  -7.659  -16.120 0.0000000000
112972  -50.181  -21.447  -15.775 0.0000000000
78457  -51.246  -21.351  -16.536 0.0000000000
78455  -49.753  -20.955  -15.874 0.0000000000
81260  -49.270  -17.835  -14.963 0.0000000000
80575  -49.585  -18.673  -16.294 0.0000000000
81267  -49.703  -17.936  -16.281 0.0000000000
81276  -50.163  -17.471  -17.510 0.0000000000
81878  -50.277  -16.630  -16.321 0.0000000000
84973  -56.915  -11.910  -6.125 0.0000000000
84363  -58.385  -12.230  -7.570 0.0000000000
85006  -56.643  -11.657  -8.717 0.0000000000
85024  -52.760  -11.136  -11.405 0.0000000000
85025  -53.819  -11.353  -11.169 0.0000000000
85699  -53.338  -10.946  -12.741 0.0000000000
85711  -53.693  -10.771  -13.394 0.0000000000
85046  -52.504  -10.956  -13.161 0.0000000000
85056  -51.818  -11.379  -14.702 0.0000000000
85045  -51.356  -10.976  -13.264 0.0000000000
86997  -49.840  -8.830  -11.625 0.0000000000
85696  -49.558  -10.075  -12.679 0.0000000000
87008  -49.116  -8.414  -12.392 0.0000000000
87017  -48.781  -8.652  -14.209 0.0000000000
88242  -48.996  -6.908  -13.280 0.0000000000
80661  -54.027  -18.220  -26.402 0.0000000000
80531  -44.704  -18.623  -8.709 0.0000000000
80532  -45.405  -18.084  -9.121 0.0000000000
80525  -45.696  -18.780  -7.804 0.0000000000
79819  -48.444  -19.382  -4.829 0.0000000000
80527  -48.133  -18.641  -7.074 0.0000000000
80528  -49.192  -18.622  -6.195 0.0000000000
81216  -50.867  -17.685  -6.194 0.0000000000
81210  -51.318  -17.948  -5.038 0.0000000000
82437  -48.853  -15.804  -6.555 0.0000000000
82440  -52.360  -15.669  -5.236 0.0000000000
122149  -51.365  -14.891  -6.480 0.0000000000
83734  -52.850  -14.209  -6.528 0.0000000000
83745  -50.892  -13.827  -7.448 0.0000000000
79878  -58.349  -19.269  -14.138 0.0000000000
79855  -57.461  -19.252  -12.715 0.0000000000
78391  -55.399  -20.596  -10.755 0.0000000000
78406  -54.344  -21.129  -12.291 0.0000000000
78419  -54.267  -21.171  -13.307 0.0000000000
77765  -53.103  -22.090  -13.441 0.0000000000
121022  -52.702  -22.228  -14.178 0.0000000000
77764  -52.407  -22.555  -13.329 0.0000000000
77019  -49.571  -23.780  -12.783 0.0000000000
77029  -50.007  -23.358  -13.454 0.0000000000
77028  -49.132  -23.299  -13.400 0.0000000000
74676  -48.869  -27.024  -4.843 0.0000000000
74724  -49.288  -26.353  -7.443 0.0000000000
74739  -49.106  -26.153  -8.190 0.0000000000
75461  -50.648  -25.649  -7.615 0.0000000000
75473  -49.589  -25.675  -8.662 0.0000000000
75500  -49.691  -25.157  -9.842 0.0000000000
75487  -48.465  -25.661  -9.632 0.0000000000
79142  -43.718  -20.739  -10.919 0.0000000000
78388  -43.267  -21.646  -10.717 0.0000000000
121229  -59.331  -19.770  -21.373 0.0000000000
79919  -52.452  -19.964  -18.906 0.0000000000
79920  -53.266  -20.006  -18.966 0.0000000000
79930  -52.712  -19.582  -19.504 0.0000000000
124594  -54.762  -18.274  -22.499 0.0000000000
80611  -54.883  -18.715  -21.913 0.0000000000
80622  -55.608  -18.534  -22.557 0.0000000000
80624  -58.425  -18.907  -22.997 0.0000000000
81324  -56.949  -17.933  -24.272 0.0000000000
80644  -58.898  -18.461  -24.996 0.0000000000
81334  -57.803  -17.442  -25.148 0.0000000000
82579  -56.701  -14.001  -24.928 0.0000000000
82588  -57.539  -14.605  -26.048 0.0000000000
83245  -56.830  -14.276  -26.472 0.0000000000
82596  -54.971  -14.492  -26.326 0.0000000000
83239  -55.671  -13.439  -26.157 0.0000000000
81834  -47.596  -16.366  -10.465 0.0000000000
81837  -47.497  -16.492  -11.239 0.0000000000
82475  -48.008  -16.052  -11.015 0.0000000000
83129  -50.921  -13.964  -11.932 0.0000000000
127959  -50.204  -14.561  -12.646 0.0000000000
83150  -50.787  -14.495  -13.564 0.0000000000
83163  -51.071  -14.999  -15.201 0.0000000000
83158  -52.270  -13.985  -15.092 0.0000000000
123007  -55.882  -12.030  -11.636 0.0000000000
84392  -54.678  -12.397  -11.781 0.0000000000
84410  -55.193  -12.080  -12.920 0.0000000000
84444  -56.129  -11.771  -16.745 0.0000000000
116271  -55.184  -12.185  -15.581 0.0000000000
84443  -55.115  -12.403  -17.192 0.0000000000
83835  -53.482  -13.515  -17.067 0.0000000000
84462  -55.246  -12.640  -19.131 0.0000000000
83857  -54.754  -13.246  -20.388 0.0000000000
84469  -55.794  -12.622  -20.464 0.0000000000
107703  -54.158  -10.788  -22.287 0.0000000000
84482  -54.717  -11.548  -22.767 0.0000000000
84491  -53.206  -11.670  -23.906 0.0000000000
113205  -53.287  -12.278  -24.624 0.0000000000
84504  -52.393  -11.440  -24.469 0.0000000000
83884  -51.164  -12.493  -24.776 0.0000000000
85184  -51.103  -10.176  -25.078 0.0000000000
85164  -49.722  -10.719  -22.495 0.0000000000
86429  -48.696  -8.988  -24.985 0.0000000000
128334  -50.415  -12.211  -16.541 0.0000000000
84440  -50.570  -12.325  -17.766 0.0000000000
116240  -49.417  -11.918  -17.469 0.0000000000
85091  -47.119  -10.732  -17.809 0.0000000000
85105  -47.586  -11.043  -18.426 0.0000000000
85104  -46.558  -11.067  -18.527 0.0000000000
85131  -45.572  -11.318  -20.544 0.0000000000
85103  -45.533  -11.243  -18.654 0.0000000000
85115  -44.659  -11.603  -19.015 0.0000000000
85102  -44.994  -11.537  -18.051 0.0000000000
85728  -45.469  -10.393  -15.382 0.0000000000
85064  -45.151  -11.082  -15.691 0.0000000000
85727  -44.880  -10.916  -14.926 0.0000000000
85062  -43.854  -11.871  -14.868 0.0000000000
78427  -48.081  -21.146  -14.140 0.0000000000
79181  -48.944  -20.094  -15.442 0.0000000000
79874  -48.176  -19.733  -14.333 0.0000000000
80563  -48.300  -18.835  -14.200 0.0000000000
81857  -48.673  -17.296  -13.820 0.0000000000
85004  -54.243  -11.171  -8.874 0.0000000000
85003  -53.359  -10.839  -9.082 0.0000000000
85671  -52.164  -10.275  -9.862 0.0000000000
85023  -51.980  -10.927  -11.698 0.0000000000
85685  -51.178  -10.616  -11.632 0.0000000000
86355  -51.050  -9.631  -10.629 0.0000000000
124615  -50.284  -8.236  -11.065 0.0000000000
79994  -56.089  -19.176  -25.832 0.0000000000
79822  -44.505  -19.924  -6.525 0.0000000000
79829  -45.669  -19.312  -7.150 0.0000000000
108166  -46.077  -20.167  -5.189 0.0000000000
77741  -53.199  -22.215  -11.409 0.0000000000
77747  -52.092  -22.990  -12.419 0.0000000000
77012  -52.165  -23.168  -11.409 0.0000000000
76262  -50.838  -24.082  -11.383 0.0000000000
76261  -49.375  -24.601  -11.442 0.0000000000
73895  -47.851  -27.183  -6.336 0.0000000000
74721  -46.393  -26.912  -7.881 0.0000000000
76244  -43.123  -23.960  -10.296 0.0000000000
77727  -42.590  -22.272  -10.386 0.0000000000
76991  -42.106  -23.452  -9.923 0.0000000000
77717  -40.904  -22.663  -9.271 0.0000000000
80593  -51.292  -18.327  -19.670 0.0000000000
80602  -52.479  -18.512  -20.588 0.0000000000
81298  -52.161  -17.824  -20.925 0.0000000000
81307  -53.197  -17.827  -21.840 0.0000000000
81321  -54.116  -16.805  -23.037 0.0000000000
81932  -55.584  -16.600  -24.230 0.0000000000
81931  -54.837  -16.088  -23.677 0.0000000000
82578  -55.689  -14.581  -23.962 0.0000000000
83223  -56.081  -13.584  -23.482 0.0000000000
82470  -49.511  -15.543  -9.610 0.0000000000
82477  -49.128  -15.299  -10.476 0.0000000000
83117  -49.978  -14.914  -10.058 0.0000000000
83125  -51.235  -13.988  -10.993 0.0000000000
83784  -51.732  -13.571  -11.728 0.0000000000
85059  -56.920  -10.879  -13.856 0.0000000000
84418  -56.425  -11.419  -13.815 0.0000000000
85071  -56.856  -10.857  -14.748 0.0000000000
120307  -57.176  -10.892  -16.698 0.0000000000
85111  -57.219  -11.028  -18.137 0.0000000000
84471  -57.158  -11.407  -20.190 0.0000000000
85140  -56.208  -10.466  -20.075 0.0000000000
85154  -54.677  -10.591  -21.554 0.0000000000
108332  -53.219  -10.615  -22.602 0.0000000000
85780  -51.763  -9.856  -24.013 0.0000000000
85166  -51.711  -10.421  -23.194 0.0000000000
85151  -51.323  -10.940  -22.003 0.0000000000
85134  -49.627  -11.600  -20.752 0.0000000000
85065  -49.039  -10.704  -15.978 0.0000000000
85077  -49.010  -10.910  -16.734 0.0000000000
115481  -48.562  -10.258  -16.911 0.0000000000
85740  -47.510  -10.133  -16.930 0.0000000000
85749  -46.845  -10.560  -17.131 0.0000000000
85076  -46.049  -10.781  -16.923 0.0000000000
85729  -46.231  -9.834  -15.923 0.0000000000
86396  -46.102  -9.182  -15.634 0.0000000000
127971  -45.274  -8.676  -15.025 0.0000000000
114783  -52.997  -21.427  -16.388 0.0000000000
79192  -53.855  -20.800  -17.063 0.0000000000
78470  -52.687  -21.116  -17.070 0.0000000000
79203  -51.527  -20.473  -17.799 0.0000000000
79216  -51.367  -20.009  -18.323 0.0000000000
79886  -49.401  -19.777  -16.013 0.0000000000
79906  -50.051  -19.075  -17.245 0.0000000000
80588  -50.459  -18.718  -18.337 0.0000000000
81283  -50.351  -17.820  -18.432 0.0000000000
129494  -50.722  -16.432  -18.331 0.0000000000
82535  -51.493  -15.405  -18.504 0.0000000000
83114  -54.356  -14.534  -6.920 0.0000000000
83120  -53.906  -14.204  -8.481 0.0000000000
83773  -56.494  -12.954  -8.311 0.0000000000
84374  -57.000  -12.165  -9.533 0.0000000000
84404  -55.978  -11.423  -11.860 0.0000000000
85011  -55.151  -11.577  -9.988 0.0000000000
123847  -55.819  -11.449  -11.746 0.0000000000
85035  -56.311  -10.977  -12.168 0.0000000000
85713  -56.342  -10.571  -13.573 0.0000000000
85731  -54.649  -10.422  -15.084 0.0000000000
85082  -53.253  -11.225  -16.252 0.0000000000
84442  -52.315  -11.995  -17.543 0.0000000000
85069  -52.711  -11.403  -15.963 0.0000000000
85068  -51.451  -11.664  -15.378 0.0000000000
85067  -50.522  -11.730  -15.314 0.0000000000
85710  -50.586  -10.747  -12.981 0.0000000000
85043  -49.863  -11.009  -13.945 0.0000000000
85054  -49.591  -11.125  -14.488 0.0000000000
85719  -48.952  -10.245  -14.573 0.0000000000
112693  -48.976  -8.978  -15.163 0.0000000000
87674  -49.065  -7.620  -15.397 0.0000000000
79845  -44.868  -19.127  -11.020 0.0000000000
80545  -46.107  -18.082  -11.595 0.0000000000
81229  -45.759  -17.750  -10.473 0.0000000000
128360  -46.463  -17.224  -9.726 0.0000000000
81820  -47.844  -16.791  -9.161 0.0000000000
80526  -46.431  -18.940  -7.352 0.0000000000
81213  -47.852  -17.880  -7.900 0.0000000000
81821  -48.583  -16.848  -8.682 0.0000000000
81822  -49.616  -16.703  -8.339 0.0000000000
81824  -51.836  -16.442  -7.218 0.0000000000
82455  -53.024  -16.204  -6.293 0.0000000000
81201  -49.999  -17.766  -3.961 0.0000000000
81792  -52.207  -16.876  -4.375 0.0000000000
81818  -53.195  -16.331  -5.238 0.0000000000
83099  -54.028  -15.179  -6.223 0.0000000000
83087  -54.097  -14.611  -5.924 0.0000000000
83736  -54.353  -13.820  -6.261 0.0000000000
84352  -54.231  -11.878  -7.107 0.0000000000
79887  -56.449  -19.621  -15.579 0.0000000000
79184  -55.506  -20.163  -15.325 0.0000000000
79137  -56.307  -20.002  -10.828 0.0000000000
110547  -57.449  -19.284  -11.873 0.0000000000
79163  -55.589  -20.050  -13.411 0.0000000000
79175  -54.834  -20.603  -13.817 0.0000000000
78446  -54.064  -21.237  -15.187 0.0000000000
78430  -52.631  -21.954  -15.003 0.0000000000
77787  -51.118  -22.176  -15.323 0.0000000000
77777  -49.714  -22.124  -14.853 0.0000000000
77030  -50.804  -23.228  -13.396 0.0000000000
77761  -49.640  -22.738  -14.106 0.0000000000
77776  -49.013  -22.114  -14.457 0.0000000000
78417  -48.339  -21.913  -14.059 0.0000000000
74689  -51.339  -26.493  -5.019 0.0000000000
74686  -48.715  -27.029  -5.953 0.0000000000
74704  -50.295  -26.472  -6.260 0.0000000000
74706  -51.996  -26.201  -5.750 0.0000000000
75462  -51.467  -25.456  -7.312 0.0000000000
75475  -51.190  -25.077  -8.114 0.0000000000
76230  -51.668  -24.536  -8.534 0.0000000000
76252  -50.354  -24.797  -9.848 0.0000000000
76251  -49.692  -24.848  -10.585 0.0000000000
76260  -48.545  -24.629  -11.577 0.0000000000
79144  -44.980  -20.058  -11.496 0.0000000000
79143  -44.239  -19.945  -11.004 0.0000000000
128309  -43.833  -19.341  -10.019 0.0000000000
79833  -43.431  -19.328  -8.704 0.0000000000
79821  -43.517  -20.038  -6.853 0.0000000000
77822  -58.724  -21.664  -21.425 0.0000000000
78510  -59.158  -20.703  -22.495 0.0000000000
79259  -59.151  -20.040  -22.868 0.0000000000
79219  -53.790  -20.359  -18.320 0.0000000000
113763  -55.077  -19.791  -19.170 0.0000000000
79945  -53.788  -19.303  -20.416 0.0000000000
79957  -55.128  -19.164  -21.225 0.0000000000
79958  -56.132  -19.309  -21.071 0.0000000000
79965  -58.305  -19.144  -22.135 0.0000000000
80635  -58.912  -19.097  -23.371 0.0000000000
79973  -58.674  -19.789  -23.930 0.0000000000
79284  -58.507  -19.626  -24.590 0.0000000000
80654  -58.272  -18.506  -25.963 0.0000000000
80653  -57.022  -18.585  -26.212 0.0000000000
128887  -58.225  -16.151  -26.025 0.0000000000
81948  -57.992  -16.300  -26.498 0.0000000000
80662  -55.192  -18.093  -26.526 0.0000000000
81351  -54.695  -17.368  -26.495 0.0000000000
81946  -53.543  -16.183  -26.046 0.0000000000
82586  -52.537  -15.515  -25.233 0.0000000000
81237  -47.166  -17.477  -12.319 0.0000000000
81238  -47.851  -16.953  -12.752 0.0000000000
125691  -49.063  -16.751  -13.872 0.0000000000
82484  -49.093  -15.225  -11.907 0.0000000000
82492  -49.702  -15.360  -13.357 0.0000000000
81859  -49.976  -16.230  -14.777 0.0000000000
82506  -50.751  -15.591  -15.585 0.0000000000
82515  -51.314  -15.319  -16.822 0.0000000000
83181  -51.955  -14.832  -18.018 0.0000000000
83770  -53.362  -13.729  -9.685 0.0000000000
83785  -52.601  -13.260  -11.497 0.0000000000
124181  -52.650  -13.281  -13.680 0.0000000000
84417  -55.313  -12.041  -14.339 0.0000000000
83807  -53.260  -13.103  -14.353 0.0000000000
83814  -52.589  -13.533  -14.461 0.0000000000
83826  -52.880  -13.902  -16.516 0.0000000000
83834  -52.842  -14.065  -17.363 0.0000000000
121156  -52.742  -14.438  -19.542 0.0000000000
83201  -53.511  -14.300  -20.872 0.0000000000
83217  -56.413  -12.686  -23.267 0.0000000000
84475  -57.058  -11.746  -21.693 0.0000000000
84483  -56.152  -11.841  -22.752 0.0000000000
84507  -56.292  -12.595  -24.728 0.0000000000
83230  -54.184  -13.089  -25.534 0.0000000000
83229  -53.333  -13.606  -25.485 0.0000000000
85800  -49.693  -9.129  -25.263 0.0000000000
84450  -51.171  -12.250  -18.492 0.0000000000
85120  -50.383  -11.822  -20.013 0.0000000000
109143  -48.644  -11.466  -21.006 0.0000000000
85092  -48.503  -11.223  -18.312 0.0000000000
122953  -48.614  -11.549  -19.520 0.0000000000
85133  -47.614  -11.371  -20.740 0.0000000000
85146  -45.460  -10.905  -21.578 0.0000000000
85130  -44.865  -11.662  -20.783 0.0000000000
83853  -44.695  -12.572  -20.057 0.0000000000
85088  -44.983  -11.655  -17.087 0.0000000000
125075  -44.496  -12.066  -16.761 0.0000000000
88269  -49.110  -6.564  -16.086 0.0000000000
88274  -47.904  -6.034  -16.665 0.0000000000
88267  -47.340  -6.681  -16.365 0.0000000000
87679  -45.213  -7.278  -15.349 0.0000000000
87672  -44.653  -7.811  -14.969 0.0000000000
118041  -57.957  -20.919  -23.670 0.0000000000
76984  -53.370  -23.203  -8.698 0.0000000000
75469  -41.905  -25.704  -8.695 0.0000000000
117883  -54.426  -20.645  -16.931 0.0000000000
82545  -51.579  -15.569  -19.386 0.0000000000
82555  -51.718  -15.837  -20.245 0.0000000000
82556  -52.302  -15.378  -20.750 0.0000000000
120598  -53.678  -11.154  -16.969 0.0000000000
85096  -54.544  -10.696  -17.446 0.0000000000
112851  -54.406  -10.712  -18.915 0.0000000000
85110  -53.483  -11.237  -18.759 0.0000000000
85109  -52.893  -11.654  -18.218 0.0000000000
87035  -48.947  -8.029  -16.044 0.0000000000
87034  -48.291  -8.238  -16.309 0.0000000000
115791  -49.592  -17.672  -15.546 0.0000000000
81877  -49.942  -17.137  -15.880 0.0000000000
84980  -55.709  -11.551  -6.656 0.0000000000
108392  -56.546  -11.454  -6.697 0.0000000000
84993  -55.700  -11.323  -7.493 0.0000000000
85032  -52.589  -11.040  -12.266 0.0000000000
87649  -49.615  -7.851  -11.676 0.0000000000
87658  -49.054  -7.432  -12.555 0.0000000000
79982  -55.300  -19.630  -25.199 0.0000000000
79981  -54.186  -19.616  -25.383 0.0000000000
79992  -53.686  -19.238  -26.102 0.0000000000
80651  -54.398  -18.786  -26.376 0.0000000000
79834  -44.108  -19.132  -8.288 0.0000000000
80524  -44.939  -19.024  -7.835 0.0000000000
80515  -49.219  -18.982  -4.355 0.0000000000
80521  -49.053  -19.108  -5.197 0.0000000000
80522  -49.838  -18.781  -4.949 0.0000000000
81209  -50.316  -18.274  -5.625 0.0000000000
80516  -50.016  -18.491  -4.192 0.0000000000
83097  -50.228  -14.409  -7.255 0.0000000000
83098  -51.945  -14.312  -6.773 0.0000000000
79857  -58.859  -19.445  -12.559 0.0000000000
79864  -58.350  -19.221  -13.119 0.0000000000
79856  -58.347  -19.176  -12.216 0.0000000000
78405  -53.652  -21.658  -12.845 0.0000000000
76268  -49.098  -24.262  -12.171 0.0000000000
77018  -48.702  -23.739  -12.739 0.0000000000
77027  -48.185  -23.108  -13.172 0.0000000000
116783  -47.992  -23.653  -12.598 0.0000000000
73885  -47.898  -27.329  -5.140 0.0000000000
74738  -48.360  -26.322  -8.358 0.0000000000
75472  -48.806  -25.940  -8.898 0.0000000000
77736  -43.802  -22.233  -10.998 0.0000000000
79949  -58.514  -19.375  -20.357 0.0000000000
79918  -51.686  -19.756  -18.828 0.0000000000
80632  -55.185  -17.955  -23.097 0.0000000000
110176  -56.263  -18.282  -23.373 0.0000000000
83231  -57.008  -13.220  -25.210 0.0000000000
83232  -57.148  -13.789  -25.680 0.0000000000
83890  -56.991  -13.221  -25.687 0.0000000000
83240  -56.708  -13.455  -26.160 0.0000000000
83897  -56.417  -12.892  -25.726 0.0000000000
81835  -48.049  -16.125  -10.001 0.0000000000
82476  -48.331  -15.851  -10.510 0.0000000000
83139  -51.233  -14.030  -13.255 0.0000000000
83151  -51.387  -14.198  -13.928 0.0000000000
83157  -51.546  -14.393  -14.744 0.0000000000
83813  -52.021  -13.828  -14.226 0.0000000000
84403  -55.792  -11.815  -12.203 0.0000000000
112676  -56.120  -11.898  -17.531 0.0000000000
84452  -55.374  -12.407  -18.173 0.0000000000
83836  -54.257  -13.058  -17.619 0.0000000000
126166  -55.237  -12.824  -19.844 0.0000000000
84463  -56.400  -12.148  -19.795 0.0000000000
85168  -53.374  -11.042  -23.093 0.0000000000
84503  -51.580  -11.268  -24.830 0.0000000000
85185  -51.806  -10.322  -24.572 0.0000000000
85163  -48.610  -10.505  -22.796 0.0000000000
85777  -47.579  -9.831  -23.631 0.0000000000
85162  -47.162  -10.557  -22.598 0.0000000000
85079  -49.973  -11.976  -16.091 0.0000000000
84430  -50.013  -12.212  -17.048 0.0000000000
85078  -49.388  -11.665  -16.779 0.0000000000
129839  -45.573  -11.208  -18.012 0.0000000000
85718  -45.086  -10.113  -14.832 0.0000000000
79174  -48.456  -20.477  -14.723 0.0000000000
79173  -47.894  -20.349  -14.003 0.0000000000
80552  -47.720  -18.590  -13.430 0.0000000000
81252  -48.754  -17.963  -14.346 0.0000000000
80553  -48.204  -17.942  -13.715 0.0000000000
85668  -52.815  -10.187  -8.278 0.0000000000
86356  -52.184  -9.779  -9.526 0.0000000000
85686  -52.062  -10.735  -10.743 0.0000000000
87640  -51.328  -8.252  -10.147 0.0000000000
86998  -50.658  -8.925  -10.768 0.0000000000
79269  -55.878  -20.610  -23.645 0.0000000000
79983  -56.512  -19.672  -25.100 0.0000000000
79116  -43.979  -20.351  -5.781 0.0000000000
79816  -44.950  -20.270  -5.536 0.0000000000
77730  -53.351  -22.249  -10.546 0.0000000000
77740  -52.733  -22.688  -10.922 0.0000000000
128135  -51.194  -24.088  -10.600 0.0000000000
76269  -50.044  -24.192  -12.055 0.0000000000
120616  -50.095  -24.476  -11.239 0.0000000000
116268  -43.674  -25.475  -9.585 0.0000000000
76238  -43.217  -24.709  -9.957 0.0000000000
76245  -43.789  -24.226  -10.444 0.0000000000
76237  -42.489  -24.090  -9.925 0.0000000000
76989  -40.785  -23.511  -9.104 0.0000000000
80601  -51.753  -18.109  -20.329 0.0000000000
81297  -51.711  -17.420  -20.570 0.0000000000
81917  -52.465  -16.654  -21.550 0.0000000000
81306  -52.564  -17.460  -21.468 0.0000000000
81313  -53.004  -17.042  -22.002 0.0000000000
81314  -53.650  -17.367  -22.418 0.0000000000
81930  -54.064  -16.115  -23.085 0.0000000000
82563  -53.384  -15.211  -21.930 0.0000000000
82577  -54.550  -15.465  -23.312 0.0000000000
82572  -54.853  -14.604  -23.132 0.0000000000
83216  -55.414  -13.708  -22.746 0.0000000000
82464  -50.020  -16.014  -8.806 0.0000000000
82471  -50.422  -15.346  -9.278 0.0000000000
83126  -52.023  -13.976  -10.198 0.0000000000
116504  -51.241  -14.299  -10.189 0.0000000000
85723  -56.613  -10.545  -14.403 0.0000000000
85733  -56.674  -10.589  -15.295 0.0000000000
85751  -56.687  -10.557  -17.114 0.0000000000
85745  -57.111  -10.797  -16.641 0.0000000000
85098  -57.183  -10.903  -17.312 0.0000000000
85757  -57.044  -10.798  -18.853 0.0000000000
85125  -57.096  -10.823  -19.725 0.0000000000
85764  -56.652  -10.511  -19.318 0.0000000000
111100  -54.161  -10.655  -20.283 0.0000000000
85139  -55.200  -10.420  -20.770 0.0000000000
85138  -53.969  -10.641  -21.020 0.0000000000
85153  -53.609  -10.629  -21.864 0.0000000000
85152  -52.522  -10.710  -22.269 0.0000000000
85136  -51.896  -11.291  -21.189 0.0000000000
85135  -50.820  -11.575  -20.981 0.0000000000
85150  -50.227  -11.161  -21.742 0.0000000000
108794  -48.902  -10.220  -15.558 0.0000000000
85730  -48.715  -9.966  -16.366 0.0000000000
124297  -48.180  -9.847  -16.738 0.0000000000
85739  -46.592  -10.261  -16.538 0.0000000000
87033  -46.945  -8.450  -16.050 0.0000000000
124308  -45.613  -9.777  -15.287 0.0000000000
87025  -45.788  -8.616  -15.386 0.0000000000
78458  -52.134  -21.476  -16.508 0.0000000000
78469  -51.802  -21.017  -17.170 0.0000000000
79202  -50.832  -19.981  -17.871 0.0000000000
79182  -49.416  -20.416  -15.829 0.0000000000
80581  -49.831  -18.549  -16.851 0.0000000000
79907  -50.412  -19.266  -17.842 0.0000000000
80592  -50.769  -18.562  -19.008 0.0000000000
111071  -50.429  -16.600  -17.161 0.0000000000
81887  -50.445  -16.916  -18.024 0.0000000000
125300  -50.667  -16.316  -17.800 0.0000000000
81897  -51.039  -16.187  -18.899 0.0000000000
81888  -51.010  -15.895  -18.093 0.0000000000
83101  -55.043  -14.086  -6.374 0.0000000000
83762  -55.127  -13.756  -7.873 0.0000000000
83763  -56.137  -13.557  -6.824 0.0000000000
84381  -57.209  -12.105  -9.446 0.0000000000
122468  -57.512  -12.369  -8.478 0.0000000000
84380  -56.237  -12.247  -10.261 0.0000000000
85026  -54.948  -11.519  -11.021 0.0000000000
85701  -55.862  -10.739  -12.750 0.0000000000
85721  -53.966  -10.563  -14.300 0.0000000000
129284  -54.190  -10.610  -15.640 0.0000000000
120691  -53.420  -10.914  -15.431 0.0000000000
111872  -52.351  -11.391  -15.355 0.0000000000
115599  -51.046  -11.528  -14.782 0.0000000000
85055  -50.273  -11.363  -14.471 0.0000000000
85697  -50.318  -10.385  -12.294 0.0000000000
85709  -49.883  -10.621  -13.240 0.0000000000
115772  -49.328  -10.273  -13.350 0.0000000000
85708  -49.343  -10.663  -14.007 0.0000000000
85707  -49.000  -10.139  -13.793 0.0000000000
86384  -48.804  -9.520  -14.143 0.0000000000
87665  -48.882  -7.877  -14.352 0.0000000000
87026  -49.040  -8.346  -15.377 0.0000000000
79991  -52.589  -19.379  -26.208 0.0000000000
81342  -52.444  -17.841  -26.145 0.0000000000
80542  -45.274  -18.320  -10.677 0.0000000000
80538  -45.166  -18.016  -9.978 0.0000000000
81218  -46.299  -17.608  -9.127 0.0000000000
81224  -45.842  -17.581  -9.802 0.0000000000
81225  -47.116  -17.117  -9.290 0.0000000000
80519  -47.385  -19.161  -6.736 0.0000000000
81220  -48.422  -17.460  -8.121 0.0000000000
81221  -49.224  -17.372  -7.852 0.0000000000
81816  -51.417  -17.109  -6.701 0.0000000000
81817  -52.543  -16.811  -5.807 0.0000000000
81804  -49.562  -16.503  -5.547 0.0000000000
81789  -49.134  -17.329  -4.666 0.0000000000
81790  -50.392  -17.130  -4.416 0.0000000000
81189  -50.862  -17.623  -4.086 0.0000000000
81791  -51.446  -16.896  -4.243 0.0000000000
82433  -52.771  -16.371  -4.784 0.0000000000
82456  -53.611  -15.677  -5.690 0.0000000000
82442  -53.889  -15.120  -5.675 0.0000000000
83086  -53.583  -14.829  -5.725 0.0000000000
109941  -52.955  -13.300  -7.210 0.0000000000
83735  -53.708  -14.048  -6.332 0.0000000000
83747  -53.850  -13.014  -6.928 0.0000000000
84341  -54.716  -12.741  -6.540 0.0000000000
84351  -53.217  -12.012  -7.584 0.0000000000
79879  -58.782  -19.506  -15.113 0.0000000000
79877  -57.264  -19.311  -14.294 0.0000000000
79876  -56.428  -19.586  -14.756 0.0000000000
79176  -55.533  -20.077  -14.324 0.0000000000
79145  -55.542  -20.316  -11.581 0.0000000000
79848  -57.354  -19.466  -10.974 0.0000000000
79146  -56.426  -19.729  -11.694 0.0000000000
79153  -56.652  -19.536  -12.375 0.0000000000
79152  -55.732  -20.040  -12.463 0.0000000000
78418  -53.635  -21.658  -13.744 0.0000000000
78432  -54.183  -21.235  -14.241 0.0000000000
79183  -54.764  -20.668  -14.751 0.0000000000
78445  -53.255  -21.573  -15.559 0.0000000000
111915  -51.937  -22.613  -14.049 0.0000000000
120808  -52.145  -22.318  -14.645 0.0000000000
77779  -51.477  -22.465  -14.667 0.0000000000
77778  -50.548  -22.509  -14.633 0.0000000000
77763  -51.609  -22.955  -13.329 0.0000000000
77762  -50.430  -22.939  -13.928 0.0000000000
75463  -52.891  -24.798  -7.290 0.0000000000
74677  -49.715  -26.755  -4.508 0.0000000000
74678  -50.564  -26.534  -4.059 0.0000000000
74679  -51.448  -26.355  -3.995 0.0000000000
73903  -47.138  -27.204  -6.821 0.0000000000
74702  -48.537  -26.762  -7.017 0.0000000000
74703  -49.428  -26.604  -6.588 0.0000000000
74705  -51.161  -26.373  -5.977 0.0000000000
74726  -50.910  -26.020  -6.819 0.0000000000
75450  -51.740  -25.869  -6.530 0.0000000000
75474  -50.390  -25.370  -8.419 0.0000000000
76229  -50.929  -24.713  -9.013 0.0000000000
75499  -49.025  -25.291  -10.145 0.0000000000
76250  -48.809  -25.019  -10.901 0.0000000000
78395  -44.825  -21.644  -11.510 0.0000000000
78396  -45.468  -21.680  -11.813 0.0000000000
120686  -45.239  -20.940  -11.720 0.0000000000
79135  -43.030  -20.701  -10.372 0.0000000000
79136  -43.599  -19.891  -10.325 0.0000000000
77726  -41.907  -21.954  -10.040 0.0000000000
79125  -41.859  -21.127  -9.577 0.0000000000
79124  -42.066  -20.206  -8.137 0.0000000000
79827  -42.713  -20.021  -7.531 0.0000000000
78498  -59.193  -20.448  -21.602 0.0000000000
78518  -59.059  -20.954  -23.068 0.0000000000
79205  -53.326  -20.736  -17.587 0.0000000000
79206  -54.209  -20.559  -17.604 0.0000000000
79921  -54.139  -19.952  -19.036 0.0000000000
80603  -53.265  -18.748  -20.858 0.0000000000
80613  -57.172  -19.166  -21.622 0.0000000000
79974  -58.926  -19.570  -23.363 0.0000000000
110391  -58.843  -19.142  -24.158 0.0000000000
81336  -58.898  -17.973  -25.724 0.0000000000
80655  -58.793  -18.417  -25.530 0.0000000000
80665  -58.858  -17.859  -26.074 0.0000000000
80664  -57.992  -17.900  -26.448 0.0000000000
81940  -56.567  -16.025  -25.078 0.0000000000
82605  -56.972  -14.995  -26.754 0.0000000000
82606  -57.477  -15.544  -26.642 0.0000000000
81955  -57.234  -16.286  -26.745 0.0000000000
81352  -56.121  -17.005  -26.659 0.0000000000
115914  -55.257  -16.293  -26.584 0.0000000000
82603  -54.531  -15.659  -26.335 0.0000000000
82594  -53.134  -15.630  -25.713 0.0000000000
81236  -46.596  -17.632  -11.764 0.0000000000
81234  -46.976  -17.071  -11.539 0.0000000000
81838  -48.065  -16.104  -11.656 0.0000000000
81840  -47.583  -16.678  -12.007 0.0000000000
81845  -48.566  -16.572  -13.240 0.0000000000
83123  -49.790  -14.730  -10.862 0.0000000000
82480  -49.239  -15.065  -11.224 0.0000000000
83128  -49.716  -14.744  -11.667 0.0000000000
82499  -49.881  -15.809  -14.140 0.0000000000
81868  -50.267  -16.290  -15.532 0.0000000000
82500  -50.477  -15.559  -14.790 0.0000000000
83164  -51.683  -14.592  -15.585 0.0000000000
82507  -51.225  -15.203  -15.997 0.0000000000
83175  -51.860  -14.856  -17.197 0.0000000000
83771  -54.465  -13.442  -9.370 0.0000000000
83777  -54.030  -13.124  -10.380 0.0000000000
83786  -53.675  -12.882  -11.229 0.0000000000
84391  -53.315  -12.799  -12.037 0.0000000000
84401  -53.016  -12.905  -12.840 0.0000000000
83821  -54.304  -12.739  -15.838 0.0000000000
84425  -54.675  -12.370  -15.038 0.0000000000
84424  -53.627  -13.081  -15.196 0.0000000000
107481  -52.883  -13.472  -14.959 0.0000000000
83820  -52.888  -13.694  -15.661 0.0000000000
83840  -53.424  -13.670  -17.985 0.0000000000
83182  -52.656  -14.298  -18.254 0.0000000000
83193  -53.589  -13.951  -20.057 0.0000000000
127167  -55.511  -12.940  -20.838 0.0000000000
83865  -55.309  -13.208  -21.331 0.0000000000
83872  -56.207  -12.869  -22.355 0.0000000000
83873  -56.816  -12.001  -22.640 0.0000000000
109578  -56.458  -10.647  -20.941 0.0000000000
85141  -57.131  -11.196  -21.022 0.0000000000
85155  -56.526  -11.163  -21.516 0.0000000000
84493  -55.254  -12.125  -23.549 0.0000000000
123621  -56.294  -12.593  -23.832 0.0000000000
84506  -55.623  -12.485  -24.503 0.0000000000
83888  -55.997  -12.654  -25.179 0.0000000000
83887  -54.616  -12.670  -25.049 0.0000000000
107985  -52.335  -12.417  -24.886 0.0000000000
83886  -53.387  -12.847  -25.185 0.0000000000
118154  -52.671  -13.288  -25.152 0.0000000000
83228  -52.394  -14.363  -25.033 0.0000000000
112364  -50.774  -9.412  -25.024 0.0000000000
110762  -50.463  -9.222  -24.674 0.0000000000
85798  -47.196  -9.979  -25.390 0.0000000000
85190  -48.088  -9.954  -25.867 0.0000000000
84451  -52.070  -12.073  -18.389 0.0000000000
84441  -51.458  -12.276  -17.662 0.0000000000
128589  -49.691  -12.119  -18.365 0.0000000000
84449  -50.244  -12.202  -18.558 0.0000000000
85108  -50.099  -11.980  -19.275 0.0000000000
85119  -49.411  -11.751  -19.646 0.0000000000
129915  -48.555  -10.622  -17.287 0.0000000000
109293  -48.962  -11.148  -17.530 0.0000000000
85118  -47.158  -11.257  -19.207 0.0000000000
85106  -48.126  -11.341  -19.028 0.0000000000
108416  -47.862  -11.439  -19.799 0.0000000000
110575  -46.390  -11.181  -20.883 0.0000000000
85116  -45.126  -11.528  -19.720 0.0000000000
84468  -44.694  -12.116  -20.526 0.0000000000
126785  -44.401  -12.751  -19.576 0.0000000000
84448  -44.308  -12.088  -18.418 0.0000000000
84437  -43.791  -12.634  -17.864 0.0000000000
85075  -45.408  -11.181  -16.564 0.0000000000
85074  -44.782  -11.652  -16.234 0.0000000000
84423  -44.160  -12.171  -16.155 0.0000000000
84429  -43.440  -12.673  -16.341 0.0000000000
123169  -46.932  -5.241  -16.912 0.0000000000
120963  -45.421  -6.489  -15.785 0.0000000000
79854  -47.248  -19.237  -13.060 0.0000000000
80548  -47.169  -18.350  -12.764 0.0000000000
79101  -43.773  -20.423  -3.794 0.0000000000
79102  -44.633  -20.251  -3.635 0.0000000000
76994  -53.101  -22.971  -9.386 0.0000000000
77004  -52.263  -23.228  -10.521 0.0000000000
76992  -51.719  -23.737  -10.129 0.0000000000
76253  -51.116  -24.318  -9.898 0.0000000000
76236  -41.978  -24.516  -9.460 0.0000000000
79898  -56.182  -19.778  -16.315 0.0000000000
128707  -55.773  -20.016  -16.949 0.0000000000
79908  -55.882  -19.933  -17.674 0.0000000000
81911  -51.580  -16.697  -20.469 0.0000000000
81912  -52.020  -16.213  -20.991 0.0000000000
81923  -52.923  -16.364  -21.978 0.0000000000
82570  -53.191  -15.872  -22.165 0.0000000000
83207  -53.785  -14.487  -21.582 0.0000000000
82472  -51.377  -15.198  -8.893 0.0000000000
127414  -52.674  -13.838  -9.928 0.0000000000
85742  -55.015  -10.404  -15.855 0.0000000000
125915  -56.068  -10.308  -15.796 0.0000000000
85743  -55.854  -10.338  -16.500 0.0000000000
85750  -55.559  -10.414  -17.320 0.0000000000
85763  -55.632  -10.337  -19.180 0.0000000000
108880  -53.150  -11.104  -20.234 0.0000000000
123065  -52.283  -11.681  -19.880 0.0000000000
84461  -51.762  -11.977  -19.231 0.0000000000
78442  -50.803  -21.692  -15.904 0.0000000000
78456  -50.424  -21.093  -16.318 0.0000000000
79190  -49.927  -20.309  -16.476 0.0000000000
80570  -48.899  -18.641  -14.914 0.0000000000
120557  -49.421  -19.108  -16.025 0.0000000000
80571  -49.354  -18.445  -15.639 0.0000000000
81275  -49.909  -17.909  -17.010 0.0000000000
81268  -50.051  -17.271  -16.689 0.0000000000
83738  -56.699  -12.729  -6.071 0.0000000000
83750  -58.059  -12.532  -6.594 0.0000000000
84344  -58.561  -12.012  -6.083 0.0000000000
84995  -58.284  -11.707  -7.309 0.0000000000
85009  -53.019  -11.105  -10.355 0.0000000000
85033  -53.607  -11.179  -12.090 0.0000000000
85700  -54.467  -10.842  -12.729 0.0000000000
85720  -52.968  -10.896  -13.903 0.0000000000
108336  -52.096  -11.151  -13.964 0.0000000000
86375  -49.303  -9.316  -12.445 0.0000000000
87007  -48.767  -8.981  -13.202 0.0000000000
87657  -48.749  -8.127  -13.289 0.0000000000
126699  -48.861  -7.465  -13.514 0.0000000000
80650  -53.323  -18.835  -26.380 0.0000000000
80537  -44.644  -18.472  -9.484 0.0000000000
120907  -45.365  -18.527  -8.369 0.0000000000
80533  -46.170  -18.249  -8.274 0.0000000000
79825  -47.599  -19.591  -5.623 0.0000000000
80520  -48.332  -19.194  -5.985 0.0000000000
81215  -49.789  -17.940  -6.865 0.0000000000
82438  -49.923  -15.784  -6.188 0.0000000000
82439  -51.131  -15.692  -5.709 0.0000000000
83085  -52.726  -14.937  -5.753 0.0000000000
120975  -58.972  -19.585  -14.273 0.0000000000
79865  -58.900  -19.512  -13.486 0.0000000000
79863  -57.409  -19.269  -13.550 0.0000000000
78398  -54.786  -20.850  -11.490 0.0000000000
79162  -54.905  -20.565  -12.902 0.0000000000
122498  -53.209  -21.962  -14.010 0.0000000000
77020  -50.402  -23.645  -12.778 0.0000000000
77759  -48.053  -22.387  -13.564 0.0000000000
74723  -48.014  -26.647  -7.743 0.0000000000
116061  -48.662  -26.459  -7.761 0.0000000000
75460  -49.846  -25.865  -7.896 0.0000000000
75488  -49.282  -25.510  -9.401 0.0000000000
75498  -48.227  -25.365  -10.380 0.0000000000
77008  -44.731  -23.151  -11.271 0.0000000000
77737  -44.434  -22.347  -11.292 0.0000000000
78394  -44.059  -21.570  -11.186 0.0000000000
114342  -59.054  -19.465  -21.731 0.0000000000
79931  -53.523  -19.642  -19.665 0.0000000000
80620  -54.016  -18.232  -22.077 0.0000000000
126701  -54.132  -18.914  -21.252 0.0000000000
80623  -57.057  -18.786  -22.612 0.0000000000
80633  -57.669  -18.554  -23.690 0.0000000000
80643  -58.310  -18.238  -24.667 0.0000000000
81335  -58.685  -17.761  -25.494 0.0000000000
81344  -58.499  -16.932  -25.835 0.0000000000
82587  -56.921  -14.840  -25.444 0.0000000000
82597  -57.409  -14.780  -26.371 0.0000000000
82604  -55.852  -15.067  -26.618 0.0000000000
126922  -56.016  -14.074  -26.436 0.0000000000
83238  -54.308  -13.787  -25.955 0.0000000000
81833  -46.920  -16.889  -10.769 0.0000000000
82483  -48.535  -15.694  -12.011 0.0000000000
113341  -50.254  -14.437  -12.148 0.0000000000
83138  -50.710  -14.233  -12.758 0.0000000000
83156  -50.918  -14.779  -14.372 0.0000000000
84379  -55.150  -12.407  -11.023 0.0000000000
84434  -56.117  -11.675  -15.833 0.0000000000
84433  -55.098  -12.312  -16.322 0.0000000000
83828  -54.229  -12.951  -16.700 0.0000000000
83841  -54.271  -13.193  -18.563 0.0000000000
83847  -54.325  -13.316  -19.485 0.0000000000
83866  -56.251  -12.494  -21.184 0.0000000000
85169  -55.524  -11.197  -22.017 0.0000000000
84492  -54.081  -11.832  -23.435 0.0000000000
85778  -49.849  -9.834  -23.653 0.0000000000
85789  -49.288  -9.014  -24.764 0.0000000000
124836  -48.691  -9.516  -23.875 0.0000000000
85788  -48.165  -9.226  -24.553 0.0000000000
84431  -50.840  -12.336  -16.976 0.0000000000
84439  -49.827  -12.199  -17.886 0.0000000000
85741  -47.754  -10.437  -17.306 0.0000000000
85117  -46.049  -11.243  -19.441 0.0000000000
85052  -44.192  -11.307  -14.630 0.0000000000
125565  -43.794  -11.063  -14.212 0.0000000000
78428  -48.671  -21.391  -14.644 0.0000000000
78440  -49.093  -20.949  -15.327 0.0000000000
79875  -48.607  -19.509  -14.880 0.0000000000
81253  -49.198  -17.243  -14.387 0.0000000000
84992  -54.482  -11.099  -7.809 0.0000000000
85658  -53.500  -10.645  -8.010 0.0000000000
85672  -52.698  -10.563  -9.479 0.0000000000
85684  -50.589  -10.050  -11.356 0.0000000000
86364  -50.363  -9.441  -11.281 0.0000000000
107762  -44.951  -19.519  -7.078 0.0000000000
79823  -45.448  -19.832  -6.335 0.0000000000
79109  -45.289  -20.351  -4.408 0.0000000000
128179  -46.997  -19.904  -5.220 0.0000000000
112340  -52.635  -22.671  -11.716 0.0000000000
77011  -51.464  -23.542  -11.859 0.0000000000
77010  -50.779  -23.779  -12.172 0.0000000000
110952  -46.981  -27.411  -5.768 0.0000000000
73902  -46.617  -27.131  -7.260 0.0000000000
74722  -47.199  -26.880  -7.697 0.0000000000
74736  -46.816  -26.602  -8.459 0.0000000000
77000  -43.529  -23.451  -10.605 0.0000000000
77728  -43.311  -22.632  -10.681 0.0000000000
76999  -42.714  -23.241  -10.312 0.0000000000
77719  -42.017  -22.771  -10.042 0.0000000000
77718  -41.478  -22.417  -9.667 0.0000000000
120584  -41.876  -23.887  -9.654 0.0000000000
76990  -41.489  -23.263  -9.596 0.0000000000
78379  -41.098  -22.030  -9.315 0.0000000000
79929  -51.418  -19.122  -19.257 0.0000000000
80594  -52.064  -18.957  -19.878 0.0000000000
80609  -52.796  -18.177  -21.252 0.0000000000
80621  -54.373  -17.656  -22.784 0.0000000000
81322  -54.839  -17.137  -23.492 0.0000000000
83224  -56.776  -13.082  -24.292 0.0000000000
81829  -49.096  -16.204  -9.157 0.0000000000
82469  -48.682  -15.828  -9.867 0.0000000000
83118  -50.839  -14.737  -9.742 0.0000000000
83124  -50.553  -14.459  -10.533 0.0000000000
83797  -51.530  -13.669  -12.622 0.0000000000
85036  -56.640  -10.942  -12.927 0.0000000000
124560  -56.466  -11.301  -12.879 0.0000000000
85047  -56.931  -10.996  -13.487 0.0000000000
85058  -56.940  -10.943  -14.210 0.0000000000
85070  -56.896  -11.057  -15.230 0.0000000000
85734  -56.951  -10.876  -15.871 0.0000000000
85084  -56.938  -11.159  -16.274 0.0000000000
85097  -57.023  -11.228  -17.283 0.0000000000
84453  -56.628  -11.609  -18.209 0.0000000000
84464  -56.970  -11.348  -19.140 0.0000000000
122277  -56.986  -10.830  -20.456 0.0000000000
85167  -52.415  -10.458  -23.348 0.0000000000
85781  -51.986  -10.076  -24.099 0.0000000000
85165  -50.687  -10.561  -22.853 0.0000000000
85149  -49.158  -11.176  -21.703 0.0000000000
128345  -49.263  -11.158  -15.489 0.0000000000
86391  -45.326  -9.252  -14.991 0.0000000000
78459  -53.376  -21.050  -16.895 0.0000000000
79204  -52.403  -20.700  -17.735 0.0000000000
79217  -52.053  -20.277  -18.362 0.0000000000
79896  -49.749  -19.336  -16.619 0.0000000000
79897  -50.271  -19.797  -17.223 0.0000000000
79917  -50.936  -19.389  -18.551 0.0000000000
81289  -50.770  -17.660  -19.266 0.0000000000
81896  -50.617  -16.961  -18.766 0.0000000000
125149  -50.936  -16.882  -19.351 0.0000000000
83772  -55.721  -12.831  -9.376 0.0000000000
83764  -57.323  -12.863  -7.284 0.0000000000
84373  -56.293  -12.184  -10.502 0.0000000000
84393  -56.024  -11.808  -11.202 0.0000000000
85005  -55.361  -11.444  -8.788 0.0000000000
84394  -55.960  -11.694  -11.027 0.0000000000
85722  -55.553  -10.348  -14.266 0.0000000000
85712  -55.073  -10.531  -13.459 0.0000000000
126383  -53.963  -10.786  -16.160 0.0000000000
123333  -53.052  -11.569  -17.486 0.0000000000
85094  -52.660  -11.659  -16.722 0.0000000000
85081  -51.973  -11.745  -16.050 0.0000000000
85080  -50.963  -12.092  -16.126 0.0000000000
85066  -49.655  -11.427  -15.221 0.0000000000
85698  -50.985  -10.741  -12.508 0.0000000000
85044  -50.493  -11.033  -13.646 0.0000000000
85053  -49.135  -10.919  -14.977 0.0000000000
86392  -48.928  -9.540  -15.382 0.0000000000
79846  -45.528  -19.380  -11.694 0.0000000000
79847  -46.064  -18.777  -11.955 0.0000000000
80544  -45.570  -18.592  -11.353 0.0000000000
81232  -45.780  -18.022  -11.042 0.0000000000
81230  -46.331  -17.245  -10.312 0.0000000000
81826  -46.937  -16.814  -10.046 0.0000000000
81827  -47.589  -16.532  -9.734 0.0000000000
80534  -47.154  -18.425  -7.660 0.0000000000
109395  -47.789  -17.278  -8.620 0.0000000000
81815  -50.269  -17.281  -7.404 0.0000000000
81823  -50.663  -16.563  -7.873 0.0000000000
82465  -52.133  -15.723  -7.752 0.0000000000
82466  -53.255  -15.532  -6.936 0.0000000000
128585  -50.693  -18.122  -4.042 0.0000000000
81190  -51.657  -17.316  -4.276 0.0000000000
81211  -52.014  -17.409  -4.532 0.0000000000
82432  -51.924  -16.336  -4.688 0.0000000000
81806  -52.639  -16.919  -4.796 0.0000000000
83100  -54.380  -14.733  -5.960 0.0000000000
83088  -54.474  -14.330  -6.222 0.0000000000
83737  -55.225  -13.487  -6.310 0.0000000000
84342  -55.720  -12.342  -6.261 0.0000000000
84353  -55.002  -11.875  -6.752 0.0000000000
79888  -57.665  -19.274  -15.107 0.0000000000
128158  -55.771  -19.972  -15.897 0.0000000000
112223  -54.671  -20.721  -15.586 0.0000000000
79164  -56.485  -19.580  -13.075 0.0000000000
78444  -52.427  -21.749  -15.774 0.0000000000
77788  -51.908  -22.111  -15.231 0.0000000000
77786  -50.327  -21.962  -15.346 0.0000000000
78429  -49.211  -21.633  -14.957 0.0000000000
118943  -47.593  -20.912  -13.671 0.0000000000
79160  -46.892  -20.515  -12.817 0.0000000000
76231  -52.340  -24.179  -8.481 0.0000000000
74680  -52.277  -26.057  -4.061 0.0000000000
74690  -52.175  -26.313  -4.929 0.0000000000
74687  -49.590  -26.776  -5.598 0.0000000000
75451  -52.560  -25.703  -6.264 0.0000000000
112389  -52.282  -25.326  -6.980 0.0000000000
75476  -52.053  -24.775  -7.783 0.0000000000
75486  -47.519  -25.752  -9.873 0.0000000000
124276  -47.563  -25.323  -10.578 0.0000000000
76249  -47.205  -24.930  -11.063 0.0000000000
76259  -47.713  -24.518  -11.620 0.0000000000
79149  -45.690  -20.250  -11.980 0.0000000000
79841  -44.194  -19.286  -10.409 0.0000000000
79838  -44.113  -18.936  -9.779 0.0000000000
78387  -42.473  -21.382  -10.242 0.0000000000
79832  -42.773  -19.764  -8.407 0.0000000000
113814  -43.427  -19.568  -7.870 0.0000000000
79114  -42.257  -20.581  -6.083 0.0000000000
79115  -43.082  -20.425  -5.928 0.0000000000
79107  -43.455  -20.574  -4.892 0.0000000000
117739  -59.165  -21.551  -22.372 0.0000000000
77842  -59.401  -22.382  -23.008 0.0000000000
120758  -59.269  -21.523  -22.948 0.0000000000
79272  -58.746  -20.365  -23.476 0.0000000000
79220  -54.858  -20.188  -18.267 0.0000000000
79944  -52.945  -19.196  -20.196 0.0000000000
112541  -55.414  -19.427  -20.635 0.0000000000
79947  -56.255  -19.527  -20.280 0.0000000000
110584  -58.377  -19.318  -21.229 0.0000000000
79966  -59.017  -19.347  -22.639 0.0000000000
79984  -57.698  -19.614  -25.078 0.0000000000
79997  -59.011  -18.948  -24.992 0.0000000000
79996  -58.499  -19.053  -25.341 0.0000000000
79995  -57.395  -19.131  -25.644 0.0000000000
80652  -55.627  -18.683  -26.323 0.0000000000
81333  -56.556  -17.060  -24.703 0.0000000000
110666  -57.549  -16.521  -25.506 0.0000000000
116880  -58.457  -16.543  -26.202 0.0000000000
81941  -57.654  -15.503  -25.840 0.0000000000
81354  -58.479  -17.157  -26.344 0.0000000000
81353  -57.505  -17.101  -26.657 0.0000000000
80663  -56.575  -17.961  -26.570 0.0000000000
81350  -53.784  -17.589  -26.347 0.0000000000
81953  -54.116  -16.753  -26.325 0.0000000000
81343  -53.237  -17.234  -26.185 0.0000000000
113453  -52.674  -16.622  -25.714 0.0000000000
80547  -46.581  -18.184  -12.186 0.0000000000
81241  -48.178  -17.283  -13.328 0.0000000000
82479  -48.592  -15.554  -11.251 0.0000000000
83137  -49.699  -14.916  -12.527 0.0000000000
82491  -48.957  -15.667  -12.750 0.0000000000
81846  -49.262  -16.087  -13.622 0.0000000000
81858  -49.530  -16.523  -14.309 0.0000000000
82514  -50.699  -15.897  -16.401 0.0000000000
82525  -51.410  -15.344  -17.656 0.0000000000
83192  -52.132  -14.804  -18.946 0.0000000000
83776  -52.848  -13.475  -10.587 0.0000000000
83798  -52.349  -13.227  -12.287 0.0000000000
124089  -52.217  -13.306  -12.975 0.0000000000
84409  -53.873  -12.574  -13.480 0.0000000000
84416  -54.226  -12.517  -14.351 0.0000000000
83165  -52.299  -14.239  -16.014 0.0000000000
83170  -52.333  -14.399  -16.829 0.0000000000
83176  -52.328  -14.491  -17.526 0.0000000000
83200  -52.800  -14.651  -20.402 0.0000000000
83856  -54.181  -13.748  -20.774 0.0000000000
84470  -56.938  -12.040  -20.755 0.0000000000
111279  -56.564  -11.629  -22.084 0.0000000000
83896  -55.266  -12.925  -25.704 0.0000000000
83237  -53.206  -14.668  -25.588 0.0000000000
85801  -51.365  -9.738  -24.727 0.0000000000
85808  -49.047  -9.222  -25.428 0.0000000000
85182  -48.722  -10.387  -25.790 0.0000000000
84460  -50.854  -12.099  -19.301 0.0000000000
85093  -49.216  -11.769  -18.188 0.0000000000
119929  -48.904  -11.608  -18.922 0.0000000000
110007  -48.663  -11.562  -20.237 0.0000000000
85147  -46.708  -10.882  -21.615 0.0000000000
129301  -45.064  -11.280  -21.267 0.0000000000
85145  -44.801  -11.300  -21.781 0.0000000000
111681  -44.680  -12.020  -21.255 0.0000000000
111131  -44.260  -12.213  -19.103 0.0000000000
84458  -44.075  -12.952  -19.081 0.0000000000
85089  -45.555  -11.217  -17.425 0.0000000000
88823  -49.986  -6.081  -12.037 0.0000000000
88258  -49.121  -6.915  -15.422 0.0000000000
87683  -49.020  -7.344  -16.056 0.0000000000
88275  -48.593  -5.985  -16.555 0.0000000000
88268  -48.488  -6.788  -16.390 0.0000000000
88848  -46.098  -6.030  -16.288 0.0000000000
88266  -46.232  -7.027  -15.807 0.0000000000
87673  -45.276  -8.155  -15.144 0.0000000000
79154  -59.192  -19.682  -11.834 0.0000000000
80517  -50.663  -18.288  -4.595 0.0000000000
81202  -51.295  -17.814  -4.360 0.0000000000
81947  -57.941  -15.581  -26.275 0.0000000000
83149  -50.206  -14.734  -13.140 0.0000000000
83241  -57.201  -13.908  -26.074 0.0000000000
83739  -57.924  -12.457  -6.049 0.0000000000
83749  -57.007  -13.056  -6.282 0.0000000000
84343  -57.724  -12.142  -5.929 0.0000000000
84345  -58.891  -11.937  -6.446 0.0000000000
84354  -58.796  -12.133  -6.510 0.0000000000
84364  -58.906  -11.946  -6.925 0.0000000000
84375  -57.798  -11.960  -8.728 0.0000000000
84376  -58.255  -11.884  -7.886 0.0000000000
84974  -58.031  -11.872  -5.966 0.0000000000
84981  -57.685  -11.622  -6.477 0.0000000000
84982  -58.682  -11.866  -6.397 0.0000000000
84994  -57.100  -11.507  -7.520 0.0000000000
85007  -57.700  -11.792  -8.422 0.0000000000
85191  -49.026  -9.595  -25.722 0.0000000000
85752  -56.975  -10.720  -18.006 0.0000000000
85790  -51.248  -9.537  -24.510 0.0000000000
85791  -51.610  -9.813  -24.405 0.0000000000
85799  -48.018  -9.580  -25.589 0.0000000000
85807  -48.573  -9.526  -25.631 0.0000000000
86428  -47.854  -9.285  -25.124 0.0000000000
86430  -49.098  -8.986  -25.203 0.0000000000
86434  -48.581  -9.233  -25.341 0.0000000000
120676  -55.291  -12.033  -13.621 0.0000000000
122840  -56.287  -10.406  -17.874 0.0000000000
126876  -52.696  -14.353  -18.936 0.0000000000
