#!ascii label  , from subject sub-v1s23x0050565_ses-1 vox2ras=TkReg
310
49242  -30.395  -14.467  -8.043 0.0000000000
91670  -28.170  -9.006  -9.456 0.0000000000
97870  -28.230  2.916  -8.526 0.0000000000
59966  -30.378  -1.216  -10.045 0.0000000000
56902  -32.075  -5.720  -10.695 0.0000000000
53375  -33.364  -9.552  -8.304 0.0000000000
63822  -26.310  4.482  -8.545 0.0000000000
108295  -30.976  -3.915  -10.073 0.0000000000
56114  -28.946  -5.273  -9.847 0.0000000000
51766  -29.157  -11.709  -8.644 0.0000000000
91200  -31.376  -9.645  -9.519 0.0000000000
51755  -31.921  -11.909  -8.068 0.0000000000
108728  -26.092  -16.602  -5.709 0.0000000000
50086  -27.391  -13.870  -8.262 0.0000000000
100164  -27.244  10.119  -9.478 0.0000000000
65912  -27.871  8.103  -9.094 0.0000000000
65198  -29.447  6.556  -9.725 0.0000000000
63840  -29.929  4.504  -11.097 0.0000000000
99614  -30.140  2.392  -12.239 0.0000000000
102471  -29.909  0.987  -9.390 0.0000000000
60794  -30.078  -0.971  -13.350 0.0000000000
59185  -32.550  -4.915  -13.865 0.0000000000
58369  -34.168  -5.124  -12.069 0.0000000000
56889  -34.076  -4.782  -9.336 0.0000000000
104474  -30.457  -7.152  -10.097 0.0000000000
91214  -33.029  -7.486  -9.899 0.0000000000
56898  -27.787  -4.132  -9.912 0.0000000000
56912  -27.268  -4.693  -10.120 0.0000000000
50965  -29.838  -12.830  -8.490 0.0000000000
51767  -30.888  -12.022  -8.474 0.0000000000
50953  -31.328  -13.280  -8.120 0.0000000000
45206  -25.789  -19.959  -1.909 0.0000000000
45990  -26.583  -18.975  -2.138 0.0000000000
46016  -26.026  -18.040  -3.302 0.0000000000
50962  -26.410  -12.058  -8.481 0.0000000000
50085  -26.391  -13.360  -8.111 0.0000000000
65903  -28.260  7.329  -8.917 0.0000000000
63104  -27.828  3.708  -8.487 0.0000000000
63824  -29.377  4.591  -8.988 0.0000000000
95918  -29.699  3.842  -9.318 0.0000000000
63121  -30.095  3.073  -11.606 0.0000000000
63106  -30.053  3.118  -9.602 0.0000000000
102785  -30.027  -0.335  -9.718 0.0000000000
60782  -30.802  0.084  -11.481 0.0000000000
104184  -30.879  -0.846  -11.212 0.0000000000
59193  -31.443  -3.497  -13.648 0.0000000000
59972  -30.989  -2.588  -11.948 0.0000000000
107258  -31.513  -5.025  -10.543 0.0000000000
58368  -32.839  -5.707  -12.065 0.0000000000
56914  -32.838  -5.827  -11.176 0.0000000000
57638  -34.312  -4.857  -10.525 0.0000000000
56903  -33.126  -5.967  -10.820 0.0000000000
91526  -27.662  -8.334  -9.603 0.0000000000
91986  -28.140  -6.832  -9.992 0.0000000000
91209  -29.329  -8.178  -9.691 0.0000000000
91198  -32.414  -9.524  -9.372 0.0000000000
91207  -32.624  -8.337  -10.008 0.0000000000
91703  -33.251  -8.137  -9.319 0.0000000000
91218  -33.668  -6.547  -8.991 0.0000000000
91760  -34.045  -7.939  -7.728 0.0000000000
46903  -26.993  -16.681  -4.224 0.0000000000
48444  -26.646  -16.118  -6.242 0.0000000000
48445  -27.397  -15.853  -5.993 0.0000000000
95292  -27.970  -15.489  -6.549 0.0000000000
100156  -28.808  -2.184  -9.448 0.0000000000
59176  -30.754  -2.442  -10.379 0.0000000000
58355  -29.171  -2.954  -9.480 0.0000000000
57636  -29.530  -3.781  -9.603 0.0000000000
56901  -30.938  -5.207  -10.020 0.0000000000
52619  -28.929  -10.282  -9.074 0.0000000000
91205  -30.316  -9.424  -9.484 0.0000000000
91199  -30.584  -10.246  -9.200 0.0000000000
52608  -31.967  -10.519  -8.824 0.0000000000
52595  -32.835  -10.755  -8.083 0.0000000000
46894  -26.467  -17.368  -3.634 0.0000000000
91215  -26.967  -10.169  -9.141 0.0000000000
51765  -28.008  -11.598  -8.693 0.0000000000
50964  -28.603  -12.589  -8.538 0.0000000000
103636  -29.488  -14.758  -8.150 0.0000000000
68502  -26.751  11.315  -11.466 0.0000000000
66602  -26.404  9.053  -8.948 0.0000000000
67213  -27.684  9.530  -9.541 0.0000000000
66609  -28.435  8.700  -10.297 0.0000000000
65922  -29.337  6.947  -10.588 0.0000000000
65207  -29.403  6.389  -11.274 0.0000000000
108128  -27.748  5.409  -8.511 0.0000000000
64557  -29.625  5.569  -9.533 0.0000000000
64572  -29.550  5.556  -11.653 0.0000000000
63127  -29.435  3.826  -12.921 0.0000000000
63137  -29.437  2.924  -13.502 0.0000000000
61573  -29.641  0.594  -14.352 0.0000000000
62320  -28.686  2.057  -8.622 0.0000000000
61552  -30.557  1.736  -10.333 0.0000000000
61565  -30.217  0.504  -12.905 0.0000000000
60798  -29.580  -0.722  -15.365 0.0000000000
59990  -31.040  -2.211  -15.486 0.0000000000
59195  -34.767  -3.319  -14.156 0.0000000000
58374  -32.124  -4.975  -12.136 0.0000000000
58375  -33.202  -5.502  -13.099 0.0000000000
55447  -27.345  -6.121  -10.129 0.0000000000
97594  -29.103  -6.197  -9.895 0.0000000000
107744  -30.789  -5.888  -10.034 0.0000000000
91549  -30.898  -8.821  -9.792 0.0000000000
104434  -32.045  -7.166  -10.478 0.0000000000
102237  -32.274  -6.418  -10.504 0.0000000000
91644  -33.625  -5.996  -9.565 0.0000000000
91222  -34.008  -5.498  -8.024 0.0000000000
49238  -26.980  -14.644  -7.743 0.0000000000
49240  -28.541  -15.048  -7.939 0.0000000000
49223  -29.562  -14.799  -6.964 0.0000000000
50087  -30.245  -14.021  -8.287 0.0000000000
50966  -30.828  -13.115  -8.315 0.0000000000
50088  -31.011  -13.930  -8.124 0.0000000000
50089  -31.395  -13.475  -7.872 0.0000000000
50071  -31.016  -14.025  -7.762 0.0000000000
44443  -26.500  -20.106  -1.330 0.0000000000
45225  -25.835  -19.250  -2.477 0.0000000000
45207  -26.319  -19.523  -1.873 0.0000000000
63105  -28.900  3.761  -8.628 0.0000000000
99143  -29.350  3.032  -8.777 0.0000000000
59965  -29.558  -1.030  -9.508 0.0000000000
109573  -29.325  -0.291  -9.332 0.0000000000
103850  -30.579  -0.484  -10.370 0.0000000000
59971  -30.907  -1.713  -10.802 0.0000000000
105612  -28.560  -8.450  -9.581 0.0000000000
91789  -32.856  -9.541  -8.953 0.0000000000
91201  -32.822  -8.953  -9.427 0.0000000000
53382  -33.308  -8.892  -8.810 0.0000000000
91206  -33.656  -8.131  -8.535 0.0000000000
54089  -33.757  -8.803  -8.008 0.0000000000
91221  -34.177  -8.687  -7.118 0.0000000000
53361  -33.844  -9.532  -7.517 0.0000000000
47666  -26.815  -16.364  -5.374 0.0000000000
58354  -28.072  -2.746  -9.580 0.0000000000
58356  -29.805  -2.416  -9.537 0.0000000000
56899  -28.735  -4.394  -9.756 0.0000000000
56900  -29.830  -4.676  -9.723 0.0000000000
52606  -29.709  -10.807  -8.878 0.0000000000
50967  -31.383  -12.441  -8.233 0.0000000000
51768  -31.513  -11.335  -8.550 0.0000000000
51769  -32.223  -11.103  -8.341 0.0000000000
111631  -32.436  -10.492  -8.569 0.0000000000
51756  -32.596  -11.522  -7.653 0.0000000000
44458  -25.207  -20.557  -1.819 0.0000000000
106521  -27.108  -17.117  -3.318 0.0000000000
52604  -27.449  -10.829  -8.919 0.0000000000
50094  -26.856  -12.883  -8.338 0.0000000000
50963  -27.435  -12.305  -8.509 0.0000000000
50095  -27.989  -13.372  -8.432 0.0000000000
50096  -29.152  -13.802  -8.440 0.0000000000
49252  -28.424  -14.410  -8.296 0.0000000000
67858  -27.011  10.837  -9.558 0.0000000000
68490  -26.882  11.399  -9.979 0.0000000000
67866  -27.405  10.684  -10.355 0.0000000000
67859  -27.662  10.101  -9.851 0.0000000000
66603  -27.429  8.914  -9.150 0.0000000000
66608  -28.168  8.804  -9.587 0.0000000000
67214  -28.129  9.448  -10.032 0.0000000000
65197  -29.086  7.044  -9.213 0.0000000000
65914  -29.211  7.285  -9.916 0.0000000000
65202  -29.671  6.142  -10.409 0.0000000000
63823  -27.519  4.600  -8.467 0.0000000000
63833  -29.954  4.638  -9.894 0.0000000000
64564  -29.842  5.383  -10.571 0.0000000000
63846  -29.503  4.665  -12.317 0.0000000000
63128  -29.793  3.082  -12.498 0.0000000000
99242  -29.838  2.407  -13.022 0.0000000000
62344  -29.480  1.881  -13.981 0.0000000000
62337  -30.078  1.609  -13.064 0.0000000000
60775  -28.687  0.116  -9.087 0.0000000000
100317  -28.081  0.656  -8.937 0.0000000000
61545  -29.437  1.544  -8.953 0.0000000000
61546  -30.147  1.708  -9.577 0.0000000000
101497  -30.457  1.048  -10.074 0.0000000000
60788  -30.605  -0.091  -12.273 0.0000000000
61559  -30.695  0.870  -11.744 0.0000000000
60793  -29.805  -0.452  -14.103 0.0000000000
60799  -30.172  -1.421  -14.770 0.0000000000
59989  -30.262  -1.478  -15.980 0.0000000000
59201  -31.793  -3.187  -15.153 0.0000000000
59194  -32.753  -4.194  -14.809 0.0000000000
58389  -33.914  -3.718  -14.833 0.0000000000
58382  -33.861  -4.660  -14.150 0.0000000000
58357  -30.563  -2.901  -9.936 0.0000000000
58367  -31.435  -4.206  -10.900 0.0000000000
58376  -34.712  -4.135  -12.928 0.0000000000
57614  -34.250  -4.150  -8.598 0.0000000000
55438  -29.405  -7.218  -9.884 0.0000000000
55439  -30.136  -6.431  -9.986 0.0000000000
92680  -30.033  -8.687  -9.646 0.0000000000
104533  -31.981  -7.974  -10.386 0.0000000000
104476  -32.527  -7.566  -10.299 0.0000000000
55440  -32.785  -6.893  -10.297 0.0000000000
56118  -33.153  -6.205  -10.343 0.0000000000
55441  -33.291  -6.682  -9.764 0.0000000000
91638  -33.960  -6.343  -8.136 0.0000000000
95841  -33.800  -5.885  -8.749 0.0000000000
49212  -28.715  -15.181  -6.569 0.0000000000
48456  -28.272  -15.281  -7.290 0.0000000000
93723  -29.124  -15.131  -7.637 0.0000000000
49213  -29.347  -14.773  -5.763 0.0000000000
57634  -27.445  -3.327  -9.794 0.0000000000
56913  -28.053  -4.951  -10.000 0.0000000000
96699  -30.160  -11.784  -8.616 0.0000000000
107899  -30.471  -12.439  -8.475 0.0000000000
50954  -31.665  -12.750  -7.907 0.0000000000
50955  -32.101  -12.214  -7.621 0.0000000000
50939  -31.815  -12.732  -7.360 0.0000000000
50072  -31.411  -13.274  -7.040 0.0000000000
44442  -25.820  -20.511  -1.433 0.0000000000
46007  -26.287  -18.521  -2.691 0.0000000000
99606  -26.866  -18.397  -2.329 0.0000000000
51764  -26.832  -11.473  -8.685 0.0000000000
67853  -26.549  10.431  -9.182 0.0000000000
65913  -28.742  7.933  -9.609 0.0000000000
64543  -28.385  6.568  -8.740 0.0000000000
105855  -28.493  4.382  -8.575 0.0000000000
63112  -30.102  3.810  -10.227 0.0000000000
104097  -30.072  3.647  -11.084 0.0000000000
63113  -30.309  3.009  -10.613 0.0000000000
62333  -30.416  2.392  -11.368 0.0000000000
60776  -29.602  0.301  -9.344 0.0000000000
60781  -30.727  0.274  -10.624 0.0000000000
59977  -30.694  -1.468  -12.432 0.0000000000
59983  -30.703  -2.254  -14.168 0.0000000000
59184  -31.867  -4.445  -12.763 0.0000000000
109258  -31.424  -4.624  -10.702 0.0000000000
57646  -32.385  -5.447  -11.272 0.0000000000
57647  -33.777  -5.761  -11.490 0.0000000000
56915  -33.807  -5.625  -10.868 0.0000000000
94188  -34.122  -4.969  -10.158 0.0000000000
91213  -27.623  -7.581  -9.794 0.0000000000
91208  -28.441  -7.754  -9.747 0.0000000000
53381  -31.981  -9.975  -9.306 0.0000000000
92304  -32.061  -9.461  -9.625 0.0000000000
91769  -32.391  -9.054  -9.726 0.0000000000
91770  -33.451  -7.296  -9.237 0.0000000000
109349  -33.548  -7.702  -8.873 0.0000000000
92137  -33.826  -7.272  -8.417 0.0000000000
92252  -34.181  -6.998  -7.483 0.0000000000
47658  -26.235  -16.815  -4.955 0.0000000000
48455  -27.357  -15.541  -6.864 0.0000000000
48446  -28.115  -15.476  -5.681 0.0000000000
59167  -28.594  -1.430  -9.357 0.0000000000
59168  -29.433  -1.744  -9.467 0.0000000000
59169  -30.172  -1.873  -9.729 0.0000000000
98273  -30.158  -3.253  -9.669 0.0000000000
57635  -28.426  -3.552  -9.653 0.0000000000
57637  -30.538  -4.194  -9.826 0.0000000000
91210  -28.612  -9.678  -9.297 0.0000000000
104655  -29.236  -9.051  -9.481 0.0000000000
91203  -29.592  -9.929  -9.248 0.0000000000
52607  -30.758  -11.081  -8.801 0.0000000000
99525  -31.415  -10.443  -9.039 0.0000000000
52609  -32.395  -10.027  -8.972 0.0000000000
53374  -32.888  -10.118  -8.495 0.0000000000
52596  -33.385  -10.215  -7.822 0.0000000000
50940  -32.540  -12.130  -6.924 0.0000000000
44441  -24.633  -21.317  -1.717 0.0000000000
111345  -25.784  -16.901  -5.324 0.0000000000
46893  -25.754  -17.630  -3.999 0.0000000000
46902  -26.207  -17.145  -4.318 0.0000000000
91204  -27.615  -9.582  -9.323 0.0000000000
52618  -28.040  -10.216  -9.117 0.0000000000
52605  -28.567  -10.872  -8.877 0.0000000000
67208  -25.939  9.937  -8.986 0.0000000000
67209  -26.957  9.683  -9.198 0.0000000000
67867  -27.772  9.921  -10.667 0.0000000000
65921  -28.809  7.901  -10.752 0.0000000000
65206  -28.615  7.341  -11.973 0.0000000000
65215  -28.717  6.375  -12.458 0.0000000000
64556  -28.314  5.896  -8.649 0.0000000000
100084  -29.147  6.208  -8.940 0.0000000000
96505  -28.702  5.246  -8.669 0.0000000000
111500  -29.687  5.873  -10.954 0.0000000000
64579  -28.704  5.446  -12.852 0.0000000000
63136  -28.748  3.674  -14.065 0.0000000000
63120  -29.842  3.811  -11.924 0.0000000000
62319  -27.448  2.063  -8.613 0.0000000000
62321  -29.781  2.339  -9.128 0.0000000000
62322  -30.342  2.414  -9.917 0.0000000000
95094  -30.476  1.620  -12.053 0.0000000000
61553  -30.778  1.008  -10.895 0.0000000000
59210  -32.270  -2.512  -15.920 0.0000000000
59991  -33.331  -2.135  -15.391 0.0000000000
59992  -34.299  -1.999  -14.391 0.0000000000
59177  -31.319  -3.468  -11.427 0.0000000000
58358  -34.664  -4.350  -10.802 0.0000000000
106055  -27.529  -5.388  -10.144 0.0000000000
55448  -28.169  -5.809  -10.049 0.0000000000
56115  -29.955  -5.584  -9.853 0.0000000000
56116  -31.627  -5.912  -10.383 0.0000000000
104475  -30.372  -7.976  -9.958 0.0000000000
91202  -31.866  -8.839  -9.978 0.0000000000
91459  -31.303  -8.237  -10.139 0.0000000000
104686  -31.236  -7.517  -10.274 0.0000000000
100845  -31.229  -6.600  -10.268 0.0000000000
56117  -32.491  -6.043  -10.670 0.0000000000
56904  -33.754  -5.543  -10.131 0.0000000000
91438  -33.889  -5.356  -9.044 0.0000000000
108806  -26.928  -14.119  -8.040 0.0000000000
49239  -27.700  -14.642  -8.058 0.0000000000
48466  -27.709  -15.107  -7.565 0.0000000000
49241  -29.814  -14.838  -7.816 0.0000000000
49224  -30.299  -14.393  -7.365 0.0000000000
59203  -34.143  -2.986  -15.122 0.0000000000
60777  -30.276  0.349  -9.891 0.0000000000
61558  -30.693  1.699  -11.149 0.0000000000
62329  -30.526  2.295  -10.645 0.0000000000
100877  -29.102  0.810  -8.923 0.0000000000
