#!ascii label  , from subject sub-v1s23x0050565_ses-1 vox2ras=TkReg
1784
9494  40.875  -64.659  3.647 0.2000000030
107812  40.768  -64.192  4.127 0.2000000030
10083  41.205  -63.492  3.245 0.2000000030
9493  41.047  -64.932  4.253 0.2000000030
10091  42.753  -63.544  2.040 0.1000000015
10073  40.864  -63.409  4.411 0.3000000119
10084  40.828  -63.845  3.728 0.2000000030
10092  41.696  -63.994  2.531 0.1000000015
9506  41.071  -64.365  3.074 0.2000000030
97659  41.784  -63.211  2.766 0.1000000015
10710  44.444  -62.468  2.050 0.1000000015
10090  43.790  -63.070  1.758 0.1000000015
11992  47.253  -60.622  2.406 0.1000000015
10727  44.407  -63.039  1.328 0.1000000015
111350  45.703  -61.974  1.504 0.1000000015
12642  48.280  -59.774  2.860 0.2000000030
11357  46.739  -61.183  1.877 0.1000000015
11994  43.865  -60.934  2.636 0.1000000015
11993  44.936  -60.820  2.625 0.1000000015
10712  42.248  -62.594  2.728 0.2000000030
11359  44.754  -61.636  2.424 0.1000000015
10711  43.295  -62.561  2.353 0.1000000015
98537  45.729  -61.361  2.415 0.1000000015
12643  47.790  -60.130  2.914 0.1000000015
13960  49.797  -57.726  3.789 0.2000000030
13291  48.832  -59.302  3.149 0.2000000030
14651  50.037  -56.999  3.508 0.1000000015
13299  48.252  -59.604  2.442 0.2000000030
15418  50.409  -56.122  3.552 0.2000000030
15419  49.702  -55.970  2.744 0.1000000015
113043  49.969  -54.539  1.605 0.1000000015
12644  46.179  -59.965  3.188 0.1000000015
105223  46.961  -60.476  2.968 0.1000000015
15400  50.596  -56.249  4.108 0.2000000030
15417  50.935  -55.188  3.639 0.2000000030
16932  51.366  -53.541  3.226 0.2000000030
105547  50.516  -54.868  2.736 0.2000000030
16196  50.822  -54.064  1.423 0.1000000015
98282  45.969  -60.674  2.809 0.1000000015
12632  47.324  -59.881  3.401 0.1000000015
13282  48.646  -59.095  3.870 0.2000000030
14624  50.192  -56.515  4.596 0.2000000030
114296  50.162  -57.335  4.108 0.3000000119
102928  50.787  -53.613  1.827 0.3000000119
16944  50.562  -53.927  0.205 0.2000000030
16224  48.573  -54.701  0.293 0.2000000030
15385  50.559  -55.547  4.631 0.3000000119
13948  49.478  -57.992  4.113 0.2000000030
17644  51.138  -52.870  3.105 0.3000000119
17645  50.366  -52.684  2.486 0.3000000119
101942  48.861  -52.620  2.299 0.3000000119
16933  50.020  -53.098  1.454 0.3000000119
109126  50.360  -54.123  -0.396 0.2000000030
101564  49.638  -54.534  -0.636 0.2000000030
18392  48.307  -51.202  3.407 0.4000000060
17633  51.251  -52.318  4.120 0.3000000119
17634  50.551  -52.017  3.467 0.3000000119
16159  51.160  -54.357  4.612 0.2000000030
17643  51.503  -53.026  3.749 0.2000000030
16934  48.353  -53.157  1.547 0.3000000119
16964  50.170  -53.641  -0.110 0.2000000030
16946  49.520  -53.381  0.606 0.2000000030
104517  50.198  -53.826  -0.621 0.2000000030
99636  47.187  -50.964  3.444 0.3000000119
17635  49.252  -52.018  3.086 0.3000000119
17658  46.865  -53.131  1.591 0.2000000030
16966  48.235  -53.468  -0.486 0.2000000030
16947  47.766  -53.440  0.593 0.2000000030
16965  49.060  -53.456  -0.038 0.2000000030
16975  49.078  -53.625  -1.486 0.2000000030
97416  49.535  -53.606  -0.688 0.2000000030
16974  49.905  -53.865  -1.142 0.2000000030
18393  46.198  -51.199  3.341 0.3000000119
18405  45.757  -51.839  2.771 0.3000000119
18404  46.963  -51.814  2.931 0.3000000119
18406  44.921  -51.828  2.660 0.2000000030
17647  46.265  -52.491  2.274 0.3000000119
17648  45.240  -52.342  2.208 0.2000000030
99018  47.464  -52.621  2.298 0.3000000119
16948  46.283  -53.273  0.779 0.1000000015
16976  47.630  -53.341  -1.190 0.1000000015
106065  46.907  -53.358  -0.110 0.1000000015
16967  45.944  -53.175  0.137 0.1000000015
19157  45.657  -50.588  3.692 0.3000000119
18394  45.180  -51.343  3.203 0.2000000030
18395  44.179  -51.444  2.869 0.2000000030
17650  43.707  -51.619  2.198 0.2000000030
19181  42.768  -50.542  1.899 0.1000000015
17649  44.427  -52.026  2.200 0.1000000015
18417  43.559  -51.518  1.652 0.1000000015
17660  44.784  -52.482  1.551 0.1000000015
16949  45.243  -52.901  0.750 0.1000000015
16977  46.351  -53.043  -0.773 0.1000000015
115549  46.303  -52.696  -1.385 0.1000000015
19158  44.604  -50.792  3.570 0.2000000030
19180  43.298  -51.003  1.445 0.1000000015
19190  43.619  -50.720  0.740 0.1000000015
18431  43.864  -51.581  0.966 0.1000000015
18430  44.391  -51.888  0.233 0.1000000015
17676  44.420  -52.351  0.907 0.1000000015
17685  44.983  -52.149  -0.381 0.1000000015
17684  45.743  -52.431  -0.935 0.1000000015
17675  44.817  -52.475  0.280 0.1000000015
19198  44.142  -50.340  0.141 0.1000000015
17691  45.440  -51.747  -1.111 0.1000000015
19928  43.615  -49.837  0.627 0.1000000015
10709  45.432  -62.029  2.015 0.1000000015
11360  43.674  -61.779  2.549 0.1000000015
14652  49.478  -57.404  3.058 0.1000000015
96327  35.955  -52.256  15.283 0.5000000000
18227  36.122  -51.312  16.653 0.5000000000
18235  36.074  -51.783  15.950 0.5000000000
102290  36.181  -50.774  15.848 0.5000000000
96096  36.015  -51.191  15.034 0.5000000000
18205  35.658  -51.356  18.928 0.2000000030
17468  35.904  -51.742  18.297 0.2000000030
18992  35.766  -50.604  18.630 0.3000000119
18218  35.857  -51.072  18.096 0.3000000119
18998  36.076  -50.779  17.309 0.5000000000
96339  36.271  -49.924  17.148 0.5000000000
19007  36.255  -50.398  16.540 0.5000000000
96881  36.626  -49.166  16.929 0.5000000000
19755  36.482  -49.905  15.868 0.5000000000
110394  35.805  -51.970  14.080 0.5000000000
106433  36.410  -50.177  15.096 0.5000000000
16782  35.695  -52.656  13.612 0.5000000000
16069  36.234  -54.611  11.647 0.5000000000
19739  35.747  -49.710  19.608 0.3000000119
106218  35.838  -49.918  18.821 0.3000000119
18999  36.026  -50.164  17.998 0.5000000000
20556  36.820  -49.153  16.084 0.5000000000
18243  36.014  -51.255  14.146 0.5000000000
114919  35.853  -52.074  13.078 0.5000000000
14578  39.287  -56.572  9.306 0.4000000060
14579  38.424  -56.301  9.473 0.5000000000
15314  36.713  -55.107  10.640 0.5000000000
16070  35.860  -54.157  11.477 0.5000000000
95504  40.212  -56.756  9.066 0.4000000060
18986  35.448  -50.356  20.156 0.3000000119
19729  36.206  -48.894  19.886 0.4000000060
110071  36.761  -48.261  19.747 0.4000000060
20538  36.493  -48.800  18.349 0.5000000000
21246  36.973  -47.961  18.307 0.5000000000
20547  36.771  -48.557  17.554 0.5000000000
20546  37.190  -47.916  17.436 0.5000000000
21245  37.657  -47.473  18.683 0.5000000000
103338  37.631  -47.433  17.810 0.5000000000
20555  37.151  -48.353  16.611 0.5000000000
19023  36.387  -50.446  14.289 0.5000000000
99688  35.665  -52.895  11.999 0.6000000238
15334  36.777  -55.226  9.796 0.5000000000
16086  36.218  -54.578  11.003 0.5000000000
16812  35.723  -53.422  11.297 0.5000000000
13902  41.323  -57.389  7.901 0.4000000060
14592  41.264  -56.834  8.843 0.4000000060
14593  38.537  -56.565  8.679 0.5000000000
18942  36.904  -50.991  24.311 0.1000000015
18954  39.396  -50.254  24.221 0.1000000015
96437  41.364  -50.569  23.997 0.1000000015
19691  37.954  -49.773  23.448 0.1000000015
19689  39.856  -50.068  23.530 0.1000000015
103587  41.571  -50.597  23.266 0.1000000015
19702  37.525  -49.449  22.730 0.1000000015
107655  39.371  -49.534  22.818 0.1000000015
18965  41.097  -50.241  22.798 0.1000000015
19715  35.922  -49.677  21.204 0.2000000030
19713  37.012  -49.155  22.017 0.1000000015
99390  36.278  -49.049  20.802 0.3000000119
21233  37.133  -47.870  19.231 0.5000000000
20503  36.876  -48.707  21.242 0.4000000060
20519  37.547  -48.205  20.838 0.4000000060
21232  37.793  -47.586  19.460 0.4000000060
21244  38.229  -47.283  18.998 0.5000000000
21256  38.379  -47.065  18.232 0.5000000000
97869  38.256  -47.081  17.289 0.5000000000
19032  36.402  -50.683  13.482 0.5000000000
15333  37.516  -55.818  9.439 0.5000000000
13903  40.354  -57.248  8.147 0.4000000060
13911  42.995  -57.894  7.536 0.5000000000
18136  40.163  -50.990  26.621 0.1000000015
18926  38.586  -50.866  25.697 0.1000000015
18925  39.562  -50.635  25.512 0.1000000015
18940  38.921  -50.464  24.929 0.1000000015
18938  40.439  -50.431  24.309 0.1000000015
18952  42.102  -50.829  23.734 0.1000000015
18924  40.526  -50.599  25.262 0.1000000015
18937  41.275  -50.612  24.737 0.1000000015
18951  42.779  -51.209  23.407 0.1000000015
18973  43.990  -51.476  21.398 0.2000000030
18199  44.930  -51.882  21.012 0.2000000030
105453  36.842  -49.687  22.595 0.1000000015
19701  38.401  -49.368  22.822 0.1000000015
19699  40.768  -49.751  22.305 0.1000000015
18974  43.147  -51.085  21.702 0.2000000030
20491  37.905  -48.919  22.173 0.2000000030
19712  39.965  -49.242  22.051 0.1000000015
20500  39.296  -48.564  21.454 0.2000000030
19728  41.613  -49.151  21.130 0.2000000030
18198  46.224  -52.167  20.395 0.2000000030
20501  38.302  -48.440  21.438 0.2000000030
113273  38.859  -48.181  20.930 0.3000000119
20517  40.422  -48.134  20.573 0.3000000119
21217  40.618  -47.681  19.938 0.4000000060
21889  38.881  -47.120  18.947 0.5000000000
17513  36.061  -52.083  11.974 0.5000000000
21888  39.676  -47.066  18.898 0.4000000060
17542  36.256  -52.347  10.085 0.5000000000
18302  36.421  -51.767  10.667 0.5000000000
18289  36.385  -51.585  11.363 0.5000000000
16838  36.252  -53.918  9.319 0.5000000000
16839  36.055  -53.138  9.656 0.5000000000
17529  35.992  -52.456  11.110 0.5000000000
20574  37.431  -48.609  15.459 0.5000000000
21268  37.799  -47.831  16.008 0.5000000000
15344  37.462  -55.645  8.384 0.5000000000
16113  36.694  -54.426  8.730 0.5000000000
100599  36.523  -54.687  9.374 0.5000000000
100252  36.440  -50.925  12.589 0.5000000000
13904  39.286  -56.995  8.321 0.5000000000
14580  37.928  -56.199  8.817 0.5000000000
16087  35.830  -53.958  10.698 0.5000000000
18271  36.089  -51.736  12.624 0.6000000238
15345  36.914  -55.183  8.961 0.5000000000
98481  42.158  -57.595  7.621 0.4000000060
18906  41.750  -50.822  26.503 0.1000000015
18923  40.980  -50.753  26.055 0.1000000015
96063  41.844  -50.710  25.699 0.1000000015
18921  43.101  -50.820  25.324 0.1000000015
18902  47.586  -50.582  26.195 0.1000000015
108920  41.351  -50.657  25.357 0.1000000015
18922  42.407  -50.763  25.293 0.1000000015
96484  41.927  -50.734  24.996 0.1000000015
18160  43.353  -51.209  23.993 0.1000000015
18159  44.274  -51.480  23.681 0.1000000015
18169  44.352  -52.139  22.596 0.1000000015
17425  47.477  -54.040  21.901 0.1000000015
18171  43.050  -51.418  22.451 0.1000000015
17426  46.397  -53.657  21.570 0.2000000030
17432  46.514  -53.629  20.905 0.2000000030
18975  42.283  -50.654  22.104 0.1000000015
18186  44.466  -52.429  21.677 0.2000000030
20498  41.050  -48.670  20.926 0.3000000119
20516  41.806  -48.680  20.605 0.3000000119
106662  45.656  -51.038  20.258 0.2000000030
97738  41.223  -48.123  20.309 0.3000000119
19726  43.263  -49.455  20.558 0.2000000030
21230  40.107  -47.357  19.466 0.4000000060
20531  42.029  -48.118  19.990 0.3000000119
21887  40.463  -47.122  18.827 0.4000000060
21216  41.350  -47.666  19.637 0.4000000060
19072  36.771  -50.978  10.726 0.5000000000
19040  36.980  -50.277  12.091 0.5000000000
19058  36.679  -50.878  11.667 0.5000000000
21901  39.257  -46.887  18.259 0.5000000000
19804  38.107  -49.426  11.993 0.5000000000
19791  39.073  -49.233  12.536 0.5000000000
98818  38.133  -49.508  12.973 0.5000000000
19792  37.441  -49.774  12.465 0.5000000000
19793  36.856  -50.177  12.890 0.6000000238
21267  38.335  -47.322  16.448 0.5000000000
21908  38.964  -46.831  17.526 0.5000000000
19780  39.231  -49.303  13.331 0.5000000000
20594  38.127  -49.182  13.903 0.5000000000
109014  37.307  -49.741  13.121 0.6000000238
19782  36.821  -49.958  13.636 0.5000000000
108563  37.414  -49.131  14.557 0.5000000000
19781  37.425  -49.513  13.751 0.5000000000
13247  43.406  -58.649  7.443 0.4000000060
13248  42.699  -58.533  7.074 0.4000000060
13901  42.815  -57.306  8.019 0.4000000060
95703  51.546  -47.825  26.051 0.1000000015
97185  49.115  -50.267  25.992 0.1000000015
19675  50.592  -48.101  25.053 0.1000000015
96389  43.876  -50.981  24.772 0.1000000015
18919  45.452  -50.787  25.512 0.1000000015
18934  45.895  -50.997  24.584 0.1000000015
19676  48.756  -49.301  24.870 0.1000000015
18935  44.873  -51.074  24.634 0.1000000015
18933  46.907  -50.863  24.497 0.1000000015
18932  47.574  -50.190  24.291 0.1000000015
18168  45.784  -52.273  22.986 0.1000000015
18167  47.136  -52.459  22.925 0.1000000015
18175  50.626  -52.881  21.904 0.2000000030
18174  50.972  -52.657  21.067 0.2000000030
18195  50.543  -53.515  19.214 0.2000000030
18197  47.502  -52.818  20.014 0.2000000030
18982  47.814  -51.507  19.355 0.2000000030
21280  45.580  -48.370  15.527 0.2000000030
19725  44.242  -49.874  20.332 0.2000000030
21281  44.731  -48.385  14.987 0.2000000030
21261  44.713  -48.011  16.049 0.2000000030
21262  43.746  -47.664  16.554 0.2000000030
20514  43.354  -48.782  19.987 0.2000000030
20572  44.336  -48.893  13.963 0.2000000030
21282  43.823  -48.146  15.302 0.2000000030
115191  42.979  -48.210  15.094 0.2000000030
21283  42.904  -47.574  16.050 0.2000000030
96936  42.875  -47.381  17.102 0.3000000119
21263  42.066  -47.294  16.686 0.2000000030
21255  42.127  -47.238  17.646 0.4000000060
20590  42.195  -49.282  13.473 0.2000000030
21294  42.621  -48.769  14.250 0.3000000119
21295  41.696  -48.526  14.522 0.3000000119
95929  42.064  -47.766  15.508 0.4000000060
21264  41.183  -47.219  16.424 0.4000000060
21905  41.358  -47.076  17.388 0.5000000000
21899  40.862  -46.998  18.118 0.4000000060
21900  40.056  -46.876  18.190 0.5000000000
19790  40.091  -49.289  12.746 0.5000000000
20612  41.152  -49.368  13.293 0.4000000060
101954  41.391  -49.124  13.800 0.4000000060
21296  40.801  -48.397  14.594 0.4000000060
100820  40.080  -47.716  15.287 0.5000000000
21265  40.239  -47.148  16.227 0.5000000000
21907  39.641  -46.799  17.641 0.5000000000
20613  40.341  -49.317  13.333 0.5000000000
20592  39.693  -48.875  14.042 0.5000000000
20593  38.710  -48.715  14.337 0.5000000000
20573  38.214  -48.172  15.173 0.5000000000
100890  38.502  -47.656  15.706 0.5000000000
20465  47.171  -48.135  26.205 0.1000000015
20453  48.644  -47.955  26.756 0.1000000015
97143  50.015  -47.541  26.086 0.1000000015
21158  46.964  -47.814  25.246 0.1000000015
113217  48.050  -47.576  24.703 0.1000000015
20477  49.642  -47.900  24.486 0.1000000015
21157  48.452  -47.604  24.024 0.1000000015
18948  48.056  -50.418  23.386 0.1000000015
109131  48.589  -48.358  23.447 0.1000000015
18166  48.200  -51.740  23.080 0.1000000015
18963  49.585  -51.439  22.457 0.2000000030
103739  48.547  -49.361  22.056 0.2000000030
18962  50.623  -51.934  21.481 0.2000000030
18196  49.077  -52.898  19.098 0.2000000030
113091  46.580  -51.192  19.888 0.2000000030
20554  46.799  -48.610  16.348 0.1000000015
21252  45.817  -48.383  16.665 0.2000000030
21253  44.723  -47.996  17.083 0.2000000030
19738  44.088  -49.199  19.863 0.2000000030
99672  47.946  -49.052  17.300 0.1000000015
20545  45.934  -48.607  17.502 0.1000000015
21254  43.709  -47.661  17.538 0.1000000015
21228  42.114  -47.639  19.247 0.3000000119
21242  42.877  -47.445  18.011 0.1000000015
21285  39.183  -48.014  14.973 0.5000000000
21906  40.412  -46.879  17.274 0.5000000000
21916  39.538  -46.841  16.914 0.5000000000
21266  39.221  -47.270  16.026 0.5000000000
97045  37.947  -48.693  14.673 0.5000000000
20455  45.228  -48.437  26.740 0.1000000015
20468  43.813  -48.092  25.749 0.1000000015
21159  44.382  -47.777  25.097 0.1000000015
20467  44.819  -48.167  25.830 0.1000000015
103242  45.640  -47.749  24.987 0.1000000015
21169  45.939  -47.327  23.993 0.1000000015
21170  44.778  -47.405  24.335 0.1000000015
21182  48.150  -47.707  23.283 0.1000000015
20482  48.379  -48.413  22.901 0.2000000030
19708  48.554  -49.558  21.003 0.2000000030
18980  49.962  -52.142  18.937 0.2000000030
19707  49.224  -50.952  19.652 0.2000000030
18983  46.794  -50.478  19.392 0.2000000030
19724  45.315  -50.172  19.972 0.2000000030
21251  48.281  -48.930  17.575 0.1000000015
20543  47.992  -49.198  17.687 0.1000000015
21241  44.646  -48.184  17.907 0.1000000015
20528  45.133  -49.124  19.063 0.1000000015
20529  43.872  -48.619  19.376 0.2000000030
19737  44.892  -49.599  19.693 0.2000000030
109951  43.633  -47.846  18.335 0.1000000015
21227  42.868  -47.675  18.793 0.2000000030
20530  42.912  -48.202  19.553 0.2000000030
21149  41.404  -47.714  26.116 0.1000000015
105441  42.915  -47.918  25.633 0.1000000015
21163  39.977  -47.078  25.864 0.1000000015
21160  43.472  -47.674  25.072 0.1000000015
21174  40.912  -46.928  24.951 0.1000000015
21173  41.747  -47.093  24.769 0.1000000015
96526  43.933  -47.459  24.545 0.1000000015
21184  46.110  -47.021  23.116 0.1000000015
99028  47.037  -47.228  22.630 0.1000000015
107019  48.330  -49.698  19.879 0.2000000030
18981  48.955  -51.350  18.907 0.2000000030
19722  48.372  -50.310  19.006 0.2000000030
19723  48.171  -50.415  18.927 0.2000000030
22566  47.004  -46.563  17.886 0.1000000015
21897  47.844  -48.152  18.072 0.1000000015
20535  47.494  -49.154  17.805 0.1000000015
19736  46.097  -49.745  19.193 0.2000000030
21240  48.167  -49.230  17.859 0.1000000015
20536  45.764  -48.839  18.221 0.1000000015
20537  44.382  -48.438  18.650 0.1000000015
21820  39.460  -46.530  25.526 0.1000000015
97529  41.164  -46.636  24.418 0.1000000015
21830  41.747  -46.573  24.052 0.1000000015
21186  43.932  -47.046  23.841 0.1000000015
21839  44.331  -46.589  23.063 0.1000000015
21196  46.147  -46.691  22.322 0.1000000015
21194  47.391  -47.707  21.879 0.2000000030
21195  46.771  -46.998  21.774 0.1000000015
21204  47.100  -47.525  21.087 0.2000000030
20497  47.728  -48.581  20.797 0.2000000030
114352  46.961  -47.295  20.645 0.1000000015
20512  47.989  -49.255  19.351 0.2000000030
22558  45.639  -45.689  19.698 0.1000000015
21886  46.410  -46.477  19.499 0.1000000015
21885  47.076  -47.456  19.202 0.1000000015
21879  46.809  -47.023  20.160 0.1000000015
98457  47.875  -49.162  18.806 0.1000000015
20513  47.370  -48.116  20.032 0.1000000015
21898  47.055  -47.136  18.631 0.1000000015
20526  47.976  -49.410  18.227 0.1000000015
19735  47.632  -49.787  18.736 0.1000000015
101960  47.791  -48.553  18.387 0.1000000015
20527  46.948  -49.381  18.509 0.1000000015
21831  40.438  -46.312  24.495 0.1000000015
21843  41.050  -46.176  23.909 0.1000000015
21841  42.449  -46.495  23.621 0.1000000015
21840  43.324  -46.460  23.216 0.1000000015
100897  43.867  -46.228  22.616 0.1000000015
21848  45.420  -46.287  22.018 0.1000000015
22551  43.842  -44.978  20.707 0.1000000015
22550  44.656  -45.301  20.620 0.1000000015
22535  44.328  -45.499  21.236 0.1000000015
22534  45.086  -45.708  21.089 0.1000000015
21847  46.103  -46.427  21.507 0.1000000015
23234  44.263  -44.496  19.395 0.1000000015
23235  43.759  -44.548  20.081 0.1000000015
22549  45.358  -45.649  20.474 0.1000000015
21862  45.738  -46.037  20.972 0.1000000015
21861  46.685  -46.868  21.048 0.1000000015
22567  45.165  -45.092  19.068 0.1000000015
22559  44.913  -45.158  19.939 0.1000000015
21880  46.038  -46.170  20.324 0.1000000015
113584  46.281  -46.448  20.843 0.1000000015
21851  42.501  -46.026  22.948 0.1000000015
22521  42.519  -45.537  22.306 0.1000000015
21864  43.920  -45.842  21.944 0.1000000015
22520  43.171  -45.511  21.965 0.1000000015
23226  43.065  -44.416  20.446 0.1000000015
23211  43.152  -44.828  21.032 0.1000000015
21863  44.814  -45.940  21.669 0.1000000015
19764  36.858  -49.376  15.217 0.5000000000
102472  36.168  -49.477  18.376 0.4000000060
21219  38.034  -47.759  20.178 0.4000000060
18956  37.465  -50.345  23.956 0.1000000015
102908  42.241  -50.949  22.923 0.1000000015
20502  37.500  -48.648  21.564 0.2000000030
110798  38.900  -47.714  20.308 0.4000000060
21231  38.513  -47.442  19.585 0.4000000060
18905  42.480  -50.728  26.010 0.1000000015
112774  41.892  -50.729  24.396 0.1000000015
19709  42.741  -50.113  21.321 0.3000000119
17444  49.230  -54.464  19.773 0.2000000030
18964  41.464  -50.087  22.185 0.2000000030
19710  41.899  -49.782  21.550 0.2000000030
20499  40.226  -48.641  21.264 0.2000000030
19727  42.314  -49.312  20.917 0.3000000119
20518  39.580  -48.134  20.781 0.3000000119
18984  44.548  -50.777  20.691 0.2000000030
96158  43.885  -50.766  25.755 0.1000000015
115344  46.309  -50.709  26.054 0.1000000015
18918  46.609  -50.744  25.321 0.1000000015
113514  43.231  -50.987  24.644 0.1000000015
18158  45.326  -51.485  23.785 0.1000000015
18177  46.237  -53.278  22.263 0.1000000015
18178  45.201  -52.961  22.205 0.1000000015
18179  44.587  -52.703  22.039 0.1000000015
18176  48.963  -53.334  22.387 0.1000000015
17430  49.422  -54.962  20.715 0.2000000030
20515  42.617  -48.723  20.308 0.3000000119
21229  41.320  -47.285  18.839 0.4000000060
115638  37.447  -49.806  11.786 0.5000000000
19805  37.653  -49.399  11.198 0.5000000000
18916  50.511  -49.281  25.893 0.1000000015
20463  50.604  -47.737  25.462 0.1000000015
18917  47.719  -50.468  25.177 0.1000000015
18949  47.393  -51.234  23.736 0.1000000015
19683  47.947  -48.983  23.815 0.1000000015
18972  50.555  -52.143  20.208 0.2000000030
20571  46.216  -48.502  15.007 0.2000000030
21293  43.496  -48.874  14.069 0.2000000030
110579  41.553  -47.153  18.104 0.4000000060
20589  43.134  -49.400  13.078 0.2000000030
21284  41.009  -47.686  15.437 0.5000000000
21243  42.132  -47.368  18.456 0.3000000119
19779  40.943  -49.335  12.797 0.5000000000
20591  40.583  -49.004  13.937 0.5000000000
21297  40.055  -48.383  14.561 0.5000000000
20466  45.945  -48.179  25.961 0.1000000015
20464  48.357  -47.701  25.513 0.1000000015
104711  49.292  -47.586  24.881 0.1000000015
112402  48.875  -47.961  23.733 0.1000000015
21168  47.018  -47.546  24.393 0.1000000015
19688  48.589  -49.627  22.641 0.1000000015
104072  47.830  -47.770  22.650 0.2000000030
20544  47.059  -48.902  17.155 0.1000000015
20456  44.184  -48.391  26.555 0.1000000015
21148  42.340  -48.092  26.231 0.1000000015
21172  42.638  -47.435  24.936 0.1000000015
21183  47.217  -47.388  23.473 0.1000000015
115195  47.604  -47.460  23.026 0.2000000030
20489  47.960  -48.565  21.982 0.2000000030
111104  43.522  -48.105  18.971 0.1000000015
21161  42.064  -47.625  25.504 0.1000000015
21150  40.499  -47.509  26.332 0.1000000015
21162  40.713  -47.221  25.632 0.1000000015
21819  40.211  -46.709  25.232 0.1000000015
114179  41.356  -47.328  25.379 0.1000000015
21171  43.234  -47.256  24.421 0.1000000015
21829  42.468  -46.959  24.277 0.1000000015
21185  45.043  -46.998  23.524 0.1000000015
21838  45.271  -46.626  22.740 0.1000000015
19734  48.009  -49.711  18.606 0.1000000015
21904  47.809  -47.582  17.601 0.1000000015
21832  39.774  -46.253  24.916 0.1000000015
115367  43.064  -46.861  23.876 0.1000000015
111615  46.014  -45.724  18.604 0.1000000015
21226  47.448  -48.292  19.139 0.1000000015
21842  41.681  -46.013  23.354 0.1000000015
21849  44.598  -46.257  22.340 0.1000000015
23225  44.299  -44.892  20.167 0.1000000015
22536  43.526  -45.284  21.402 0.1000000015
114097  45.443  -46.070  21.450 0.1000000015
112521  41.911  -45.635  22.701 0.1000000015
21850  43.218  -45.917  22.517 0.1000000015
22537  42.638  -45.047  21.590 0.1000000015
114203  42.473  -44.202  20.592 0.1000000015
23850  42.371  -43.768  20.189 0.1000000015
23212  42.531  -44.515  20.974 0.1000000015
16008  38.045  -54.053  16.891 0.1000000015
95497  38.190  -54.515  16.019 0.1000000015
16761  37.222  -53.613  16.865 0.1000000015
16762  36.615  -53.080  16.826 0.1000000015
112932  36.842  -53.213  17.906 0.1000000015
17467  36.200  -52.378  18.248 0.1000000015
16019  39.196  -54.659  15.891 0.2000000030
15230  38.504  -54.994  15.231 0.2000000030
15240  39.095  -55.275  14.337 0.2000000030
16769  37.286  -54.102  16.057 0.1000000015
18217  36.105  -51.774  17.552 0.1000000015
15250  40.259  -55.311  13.722 0.2000000030
16770  36.658  -53.496  16.072 0.2000000030
16020  37.326  -54.723  15.174 0.2000000030
17475  36.251  -52.286  16.779 0.3000000119
17484  36.260  -52.740  16.050 0.3000000119
15241  37.914  -55.135  14.553 0.2000000030
96792  41.213  -55.279  13.226 0.2000000030
16021  36.545  -54.037  15.323 0.2000000030
97518  39.839  -55.412  12.983 0.2000000030
15283  45.108  -55.879  12.085 0.1000000015
95465  36.125  -53.186  15.331 0.3000000119
101460  43.472  -55.238  12.783 0.1000000015
15266  41.887  -55.242  12.800 0.1000000015
15252  37.940  -55.286  13.731 0.2000000030
16029  37.078  -54.987  14.189 0.2000000030
14538  44.534  -55.846  12.571 0.1000000015
15251  38.940  -55.400  13.311 0.2000000030
101547  42.190  -55.199  12.303 0.2000000030
15307  45.606  -55.664  11.705 0.1000000015
15329  45.497  -55.383  10.987 0.2000000030
15284  44.603  -55.671  12.497 0.1000000015
15308  44.827  -55.476  11.673 0.1000000015
15267  40.231  -55.399  12.338 0.2000000030
15268  39.008  -55.455  12.472 0.2000000030
15253  37.028  -55.148  13.249 0.2000000030
15285  43.289  -55.217  11.906 0.1000000015
17492  35.810  -52.598  14.589 0.4000000060
103178  41.040  -55.309  12.010 0.3000000119
15286  42.210  -55.223  11.595 0.2000000030
16043  36.285  -54.553  13.644 0.4000000060
15311  40.143  -55.716  10.737 0.4000000060
15287  41.099  -55.373  11.398 0.3000000119
20553  48.459  -48.835  16.587 0.1000000015
16790  35.775  -53.770  13.621 0.4000000060
105862  38.309  -55.493  11.948 0.4000000060
103402  36.392  -54.758  12.739 0.5000000000
97851  39.132  -55.733  10.915 0.4000000060
108096  40.090  -55.497  11.467 0.3000000119
15288  39.117  -55.529  11.688 0.4000000060
15289  38.118  -55.611  11.158 0.4000000060
20570  46.999  -48.581  15.660 0.1000000015
112757  47.597  -48.680  15.387 0.1000000015
16044  35.839  -54.152  12.872 0.4000000060
16057  36.011  -54.408  12.158 0.5000000000
16056  36.449  -54.817  12.087 0.5000000000
106349  35.642  -53.293  12.833 0.5000000000
20587  45.311  -48.784  13.954 0.1000000015
20608  45.510  -49.057  12.807 0.1000000015
20586  46.103  -48.768  13.727 0.1000000015
16757  36.518  -52.760  17.601 0.1000000015
16743  36.593  -53.159  18.391 0.1000000015
18200  35.335  -51.231  19.875 0.1000000015
114686  35.864  -51.845  14.630 0.4000000060
16018  40.488  -54.530  16.122 0.1000000015
16030  36.458  -54.423  14.533 0.3000000119
110758  36.018  -54.138  14.107 0.4000000060
15269  37.915  -55.393  12.695 0.3000000119
15270  36.961  -55.168  12.357 0.4000000060
112662  46.716  -48.573  14.734 0.1000000015
11313  35.504  -61.962  6.915 0.1000000015
10663  35.175  -62.617  6.529 0.1000000015
10045  36.973  -63.355  6.047 0.1000000015
10664  34.295  -62.742  6.641 0.1000000015
10661  37.556  -62.679  6.543 0.1000000015
114614  34.106  -62.263  7.062 0.1000000015
10665  33.643  -62.458  7.113 0.1000000015
9464  31.461  -64.276  7.435 0.1000000015
109406  33.479  -63.788  6.318 0.1000000015
7224  36.958  -69.499  12.693 0.1000000015
9426  30.741  -64.611  11.170 0.1000000015
9435  30.424  -64.291  10.567 0.1000000015
11300  36.609  -61.331  7.429 0.1000000015
10016  30.607  -63.907  9.503 0.1000000015
11312  36.314  -61.918  6.908 0.1000000015
10022  31.528  -63.289  8.649 0.1000000015
11299  37.810  -61.525  7.453 0.1000000015
9451  31.093  -63.907  8.132 0.1000000015
7689  37.067  -67.486  13.955 0.1000000015
6799  36.387  -69.731  12.289 0.1000000015
6815  37.427  -70.033  11.786 0.1000000015
8253  38.090  -66.510  15.130 0.1000000015
8270  37.570  -66.917  14.510 0.1000000015
7704  37.508  -68.739  13.314 0.1000000015
7223  37.995  -70.135  12.395 0.1000000015
7254  37.485  -69.757  11.617 0.1000000015
8309  33.386  -66.398  11.541 0.1000000015
8874  32.058  -65.274  11.506 0.1000000015
100482  35.808  -61.381  7.398 0.1000000015
107229  35.107  -61.497  7.401 0.1000000015
10648  33.915  -61.918  7.469 0.1000000015
11290  37.839  -60.923  7.996 0.1000000015
10645  39.111  -62.386  7.274 0.1000000015
10660  38.465  -62.861  6.666 0.1000000015
6814  38.381  -70.307  11.798 0.1000000015
8820  38.557  -66.275  15.887 0.1000000015
8269  38.442  -67.501  14.622 0.1000000015
7688  38.010  -67.943  13.898 0.1000000015
7703  38.511  -69.343  13.252 0.1000000015
6798  38.950  -70.309  12.019 0.1000000015
6826  38.573  -70.446  11.838 0.1000000015
7735  37.825  -68.787  11.568 0.1000000015
8306  35.851  -67.215  11.372 0.1000000015
8307  35.090  -66.897  11.363 0.1000000015
104492  35.671  -66.324  11.388 0.1000000015
104467  34.883  -66.046  11.332 0.1000000015
109380  34.614  -65.329  11.359 0.1000000015
9423  33.806  -64.754  11.328 0.1000000015
9424  32.605  -64.563  11.317 0.1000000015
10001  32.092  -63.856  10.964 0.1000000015
113517  33.032  -61.892  9.311 0.1000000015
11943  36.937  -60.770  7.912 0.1000000015
11301  35.207  -60.875  7.993 0.1000000015
11302  34.436  -61.391  7.771 0.1000000015
10637  32.923  -62.022  8.664 0.1000000015
10638  32.234  -62.670  8.722 0.1000000015
11289  38.651  -60.902  8.314 0.1000000015
10646  38.127  -62.100  7.063 0.1000000015
7702  40.208  -69.312  12.984 0.1000000015
8810  38.783  -66.182  16.783 0.1000000015
8252  38.907  -67.375  15.483 0.1000000015
7687  38.981  -68.691  14.069 0.1000000015
7221  39.581  -69.698  12.835 0.1000000015
7237  39.396  -69.833  12.267 0.1000000015
7734  38.634  -69.122  11.686 0.1000000015
8292  38.323  -67.001  12.148 0.1000000015
8870  36.276  -65.857  11.549 0.1000000015
9420  36.158  -65.040  11.808 0.1000000015
8238  39.253  -67.368  16.444 0.1000000015
99008  39.751  -68.645  15.985 0.1000000015
99072  39.283  -68.379  14.998 0.1000000015
7686  39.892  -69.350  14.779 0.1000000015
7210  40.193  -69.610  13.902 0.1000000015
8871  35.424  -65.382  11.457 0.1000000015
9422  34.762  -64.638  11.440 0.1000000015
115477  34.462  -63.294  11.530 0.1000000015
10000  33.140  -63.697  11.154 0.1000000015
10611  33.824  -63.066  11.219 0.1000000015
10616  32.855  -62.530  10.305 0.1000000015
10004  33.161  -62.911  10.852 0.1000000015
103140  34.026  -60.842  9.635 0.1000000015
10626  33.170  -61.901  9.914 0.1000000015
10617  32.245  -62.818  10.051 0.1000000015
111954  35.756  -60.463  8.411 0.1000000015
11275  34.302  -60.857  8.695 0.1000000015
11931  37.334  -60.333  8.558 0.1000000015
11930  38.249  -60.414  8.710 0.1000000015
11297  39.707  -61.903  7.943 0.1000000015
11298  38.668  -61.523  7.734 0.1000000015
11287  40.339  -61.544  8.597 0.1000000015
11288  39.436  -61.201  8.394 0.1000000015
8267  40.895  -68.339  13.473 0.1000000015
7714  39.520  -68.729  12.396 0.1000000015
8224  39.356  -67.236  17.351 0.1000000015
8223  39.632  -67.512  17.572 0.1000000015
8237  39.741  -68.121  16.831 0.1000000015
98070  39.892  -68.524  16.138 0.1000000015
7197  40.578  -69.507  14.747 0.1000000015
98187  40.360  -69.474  13.538 0.1000000015
8291  39.140  -67.374  12.551 0.1000000015
8861  37.658  -65.987  12.199 0.1000000015
9413  36.725  -64.765  12.367 0.1000000015
111409  36.685  -63.946  12.881 0.1000000015
9414  36.077  -64.267  12.201 0.1000000015
9999  34.902  -63.888  11.632 0.1000000015
9993  35.466  -63.745  11.999 0.1000000015
9994  34.920  -63.186  11.841 0.1000000015
103541  35.309  -63.042  12.340 0.1000000015
10607  34.869  -62.538  12.074 0.1000000015
11888  34.651  -60.795  11.591 0.1000000015
11260  34.149  -61.486  11.174 0.1000000015
11912  36.767  -59.913  9.128 0.1000000015
12568  37.043  -59.660  9.952 0.1000000015
12569  36.144  -59.739  9.747 0.1000000015
11913  35.373  -60.034  9.610 0.1000000015
11898  34.360  -60.676  10.528 0.1000000015
11267  33.709  -61.342  10.242 0.1000000015
106129  37.799  -59.613  10.140 0.1000000015
11914  34.645  -60.415  9.574 0.1000000015
11911  37.783  -59.909  9.376 0.1000000015
12567  38.519  -59.680  10.033 0.1000000015
11929  39.145  -60.586  8.851 0.1000000015
11274  40.890  -61.145  9.187 0.1000000015
103196  38.827  -67.516  20.032 0.1000000015
97342  38.945  -67.349  19.158 0.1000000015
8207  38.860  -67.012  18.561 0.1000000015
8222  40.209  -67.459  17.547 0.1000000015
7651  39.789  -68.122  16.715 0.1000000015
8283  39.991  -67.857  12.975 0.1000000015
8206  39.344  -67.304  18.332 0.1000000015
7663  40.218  -68.636  16.029 0.1000000015
7684  41.517  -68.774  14.335 0.1000000015
8284  39.439  -66.716  13.182 0.1000000015
8852  39.333  -65.773  13.598 0.1000000015
8854  37.922  -65.223  12.869 0.1000000015
8839  41.116  -66.160  14.276 0.1000000015
9403  38.112  -64.441  13.534 0.1000000015
9985  37.411  -63.961  13.372 0.1000000015
108780  36.271  -63.210  13.156 0.1000000015
10597  37.016  -63.221  13.629 0.1000000015
10605  35.674  -62.779  12.944 0.1000000015
10599  35.507  -62.048  13.152 0.1000000015
11258  34.704  -61.656  12.052 0.1000000015
11884  34.990  -60.879  12.373 0.1000000015
12553  36.383  -59.590  10.625 0.1000000015
11887  34.997  -60.171  11.063 0.1000000015
12552  37.399  -59.447  10.823 0.1000000015
104831  38.212  -59.441  10.593 0.1000000015
11910  38.798  -60.081  9.394 0.1000000015
11928  40.050  -60.826  8.976 0.1000000015
111397  42.299  -67.200  15.613 0.1000000015
8249  43.426  -65.923  15.377 0.1000000015
110709  39.311  -67.398  19.969 0.1000000015
100760  39.542  -67.272  18.314 0.1000000015
8251  42.060  -67.907  14.906 0.1000000015
8837  43.131  -66.061  14.938 0.1000000015
8838  42.348  -66.057  14.598 0.1000000015
7662  41.287  -68.003  15.805 0.1000000015
8266  41.884  -68.018  14.336 0.1000000015
9976  40.828  -64.020  14.680 0.1000000015
9978  38.583  -63.933  14.205 0.1000000015
8840  40.134  -65.485  14.201 0.1000000015
9397  39.138  -64.718  14.060 0.1000000015
10591  37.623  -62.953  14.245 0.1000000015
10598  36.190  -62.389  13.591 0.1000000015
11254  35.714  -61.394  13.521 0.1000000015
11255  35.202  -61.429  12.828 0.1000000015
12530  35.841  -59.782  12.857 0.1000000015
11876  35.478  -60.552  13.081 0.1000000015
12535  36.589  -59.462  11.525 0.1000000015
100475  35.938  -59.651  12.102 0.1000000015
12534  37.449  -59.171  11.738 0.1000000015
12533  38.215  -59.169  11.238 0.1000000015
12551  39.045  -59.298  10.746 0.1000000015
8204  41.781  -66.022  18.641 0.1000000015
8179  39.976  -66.923  20.111 0.1000000015
8188  41.108  -66.261  19.472 0.1000000015
8203  42.249  -66.185  17.517 0.1000000015
98223  42.356  -66.454  16.857 0.1000000015
8234  43.899  -65.354  15.679 0.1000000015
8180  39.060  -67.565  20.600 0.1000000015
8170  39.827  -66.880  21.049 0.1000000015
8205  40.525  -66.921  18.553 0.1000000015
8221  41.341  -66.962  17.181 0.1000000015
8236  41.800  -67.121  16.381 0.1000000015
8836  43.659  -65.376  15.225 0.1000000015
9394  43.405  -65.217  14.899 0.1000000015
9975  42.312  -64.216  14.712 0.1000000015
9395  42.698  -64.987  14.670 0.1000000015
108095  39.595  -62.799  14.999 0.1000000015
10590  38.493  -63.098  14.582 0.1000000015
11242  37.827  -62.329  14.691 0.1000000015
11244  36.422  -61.486  14.189 0.1000000015
11867  36.912  -60.548  14.604 0.1000000015
11875  36.055  -60.593  13.916 0.1000000015
12514  36.511  -59.824  14.115 0.1000000015
13190  37.607  -58.773  12.539 0.1000000015
12529  36.685  -59.284  12.514 0.1000000015
13196  38.954  -58.735  11.644 0.1000000015
13212  39.814  -58.887  11.157 0.1000000015
8782  42.680  -65.251  18.378 0.1000000015
8809  43.779  -65.318  16.365 0.1000000015
8795  43.033  -65.759  16.998 0.1000000015
9380  44.064  -64.691  15.311 0.1000000015
9958  44.229  -63.771  15.080 0.1000000015
9959  43.506  -63.515  14.785 0.1000000015
9960  41.814  -63.368  14.879 0.1000000015
10579  40.959  -62.612  15.130 0.1000000015
11233  38.675  -61.264  15.319 0.1000000015
99756  38.008  -61.660  15.076 0.1000000015
11860  37.616  -60.110  15.056 0.1000000015
11234  37.753  -60.903  15.136 0.1000000015
12522  37.047  -59.094  14.106 0.1000000015
12513  37.278  -59.571  14.647 0.1000000015
13185  37.549  -58.523  14.039 0.1000000015
12523  36.460  -59.443  13.453 0.1000000015
13184  38.191  -58.094  14.310 0.1000000015
96836  37.998  -58.280  13.382 0.1000000015
13186  37.167  -58.852  13.362 0.1000000015
13189  38.415  -58.439  12.452 0.1000000015
13195  39.868  -58.381  11.834 0.1000000015
13194  41.160  -58.322  11.408 0.1000000015
8757  42.200  -65.374  19.947 0.1000000015
8768  42.396  -65.326  19.240 0.1000000015
9355  43.267  -65.126  17.319 0.1000000015
9369  43.967  -64.765  16.329 0.1000000015
9948  44.262  -64.252  15.623 0.1000000015
8750  41.914  -65.331  20.691 0.1000000015
11231  41.524  -61.838  15.276 0.1000000015
11232  39.918  -61.789  15.329 0.1000000015
104155  39.583  -60.726  15.513 0.1000000015
13181  38.457  -58.156  14.875 0.1000000015
12504  37.986  -59.403  15.170 0.1000000015
13182  37.787  -58.695  14.713 0.1000000015
13847  38.792  -57.759  13.783 0.1000000015
111320  39.483  -57.675  13.212 0.1000000015
13852  40.155  -57.755  12.570 0.1000000015
13851  41.338  -57.153  12.749 0.1000000015
13857  43.232  -56.562  12.342 0.1000000015
9321  42.578  -64.752  20.272 0.1000000015
99088  42.721  -64.982  19.013 0.1000000015
9342  42.883  -64.971  18.253 0.1000000015
9936  42.675  -63.903  16.949 0.1000000015
9949  44.035  -63.868  16.152 0.1000000015
9356  43.288  -64.694  17.133 0.1000000015
100299  44.432  -62.719  14.969 0.1000000015
104635  44.632  -61.709  15.059 0.1000000015
104876  41.070  -60.982  15.534 0.1000000015
11857  40.581  -59.960  15.672 0.1000000015
12503  38.732  -59.487  15.399 0.1000000015
15199  42.834  -55.322  16.876 0.1000000015
110097  43.701  -55.285  16.375 0.1000000015
13827  43.518  -56.113  16.160 0.1000000015
13828  42.655  -56.988  15.846 0.1000000015
13830  39.995  -57.737  15.067 0.1000000015
13177  38.657  -58.690  15.215 0.1000000015
15225  44.179  -55.112  16.056 0.1000000015
14507  44.202  -55.259  15.801 0.1000000015
115005  42.325  -56.856  15.430 0.1000000015
13831  39.037  -58.054  15.095 0.1000000015
15213  43.639  -54.914  16.294 0.1000000015
15226  44.211  -54.907  15.675 0.1000000015
108204  44.508  -55.123  15.201 0.1000000015
13845  41.258  -56.777  14.153 0.1000000015
13846  39.812  -57.349  13.975 0.1000000015
13840  39.111  -57.726  14.601 0.1000000015
16004  42.959  -54.602  16.081 0.1000000015
15237  44.089  -54.819  15.142 0.1000000015
14523  42.612  -56.411  13.745 0.1000000015
100987  40.638  -57.170  13.405 0.1000000015
15248  44.161  -54.911  14.580 0.1000000015
13850  42.859  -56.470  13.058 0.1000000015
13849  44.199  -55.814  13.512 0.1000000015
9891  42.479  -63.844  20.476 0.1000000015
9898  42.535  -64.431  20.113 0.1000000015
9909  41.952  -64.244  19.369 0.1000000015
9924  42.186  -64.340  17.897 0.1000000015
9343  42.464  -64.672  18.887 0.1000000015
9925  41.277  -63.913  18.557 0.1000000015
10565  43.546  -63.231  16.340 0.1000000015
10564  44.760  -62.360  16.028 0.1000000015
10577  45.077  -61.641  15.526 0.1000000015
11230  43.177  -61.192  15.257 0.1000000015
12501  41.852  -58.553  15.897 0.1000000015
12502  39.648  -59.186  15.553 0.1000000015
14498  43.615  -55.777  16.324 0.1000000015
13819  43.145  -56.981  16.724 0.1000000015
13175  41.249  -57.878  15.547 0.1000000015
97108  40.525  -58.649  15.592 0.1000000015
14488  43.257  -55.828  16.699 0.1000000015
16017  41.942  -54.471  15.913 0.1000000015
15227  43.089  -54.584  15.438 0.1000000015
10513  41.970  -63.128  21.097 0.1000000015
10520  41.077  -63.424  20.311 0.1000000015
9899  41.783  -63.885  19.844 0.1000000015
9900  40.540  -63.437  19.404 0.1000000015
10540  40.319  -63.164  18.455 0.1000000015
9937  41.242  -63.417  17.600 0.1000000015
10552  42.148  -63.102  16.784 0.1000000015
11222  43.230  -62.289  16.478 0.1000000015
10563  45.754  -61.123  16.018 0.1000000015
106778  45.006  -60.940  15.379 0.1000000015
12500  43.538  -59.429  15.931 0.1000000015
103546  44.188  -60.213  15.658 0.1000000015
101901  43.896  -58.604  16.877 0.1000000015
12490  43.457  -58.703  16.295 0.1000000015
98528  42.065  -59.300  15.857 0.1000000015
14489  42.595  -56.266  17.227 0.1000000015
13809  42.556  -57.226  17.408 0.1000000015
13166  43.127  -57.808  16.429 0.1000000015
105326  40.813  -59.166  15.719 0.1000000015
14490  40.855  -55.753  17.846 0.1000000015
15201  40.356  -54.956  17.770 0.1000000015
15200  41.539  -55.014  17.274 0.1000000015
10521  40.006  -62.977  20.182 0.1000000015
10553  40.459  -62.637  17.787 0.1000000015
103308  41.492  -62.230  17.019 0.1000000015
11204  43.395  -61.031  16.751 0.1000000015
113463  44.783  -60.704  16.528 0.1000000015
11855  45.425  -60.456  15.872 0.1000000015
99864  43.442  -59.028  17.368 0.1000000015
12489  44.450  -59.659  16.412 0.1000000015
13165  43.558  -57.926  16.991 0.1000000015
103313  41.864  -55.793  17.436 0.1000000015
15989  40.838  -54.585  17.203 0.1000000015
10522  39.324  -62.200  20.487 0.1000000015
107343  39.718  -62.824  18.976 0.1000000015
10528  38.929  -61.988  19.692 0.1000000015
10541  39.784  -62.377  18.302 0.1000000015
10554  40.380  -61.755  17.611 0.1000000015
11205  41.703  -60.876  17.263 0.1000000015
11826  44.697  -60.236  16.655 0.1000000015
99792  44.273  -59.375  16.840 0.1000000015
12478  43.589  -58.436  17.178 0.1000000015
13152  43.323  -57.654  17.089 0.1000000015
13153  42.690  -58.006  17.536 0.1000000015
99389  41.496  -56.683  17.775 0.1000000015
16006  40.361  -54.427  16.868 0.1000000015
16007  39.239  -54.348  16.754 0.1000000015
11166  38.695  -61.344  19.268 0.1000000015
11165  39.144  -62.079  18.924 0.1000000015
11184  39.551  -61.496  18.159 0.1000000015
11809  39.395  -60.659  18.176 0.1000000015
11206  40.350  -60.758  17.663 0.1000000015
11827  43.507  -59.864  17.252 0.1000000015
12479  42.424  -58.759  17.596 0.1000000015
15969  39.068  -54.451  18.038 0.1000000015
13810  41.602  -57.643  17.864 0.1000000015
15970  38.350  -54.326  18.163 0.1000000015
11185  38.993  -61.250  18.637 0.1000000015
97275  39.228  -59.917  18.303 0.1000000015
11810  38.670  -60.538  18.805 0.1000000015
12463  39.192  -59.167  18.343 0.1000000015
12464  38.536  -59.655  18.769 0.1000000015
11828  40.149  -59.955  17.843 0.1000000015
13141  39.407  -58.360  18.346 0.1000000015
12480  40.912  -59.184  17.804 0.1000000015
15187  38.763  -55.019  18.431 0.1000000015
99913  37.998  -55.599  18.649 0.1000000015
14476  39.652  -55.674  18.276 0.1000000015
106226  40.269  -56.629  18.203 0.1000000015
13796  40.721  -57.330  18.112 0.1000000015
15971  37.567  -54.155  18.395 0.1000000015
13799  37.864  -57.946  18.899 0.1000000015
113508  39.850  -59.417  18.043 0.1000000015
13798  38.724  -57.777  18.551 0.1000000015
12462  40.158  -58.778  18.083 0.1000000015
103411  39.151  -56.811  18.456 0.1000000015
13797  39.772  -57.518  18.329 0.1000000015
13140  40.501  -58.027  18.143 0.1000000015
110200  31.721  -65.691  11.672 0.1000000015
9425  31.619  -64.576  11.256 0.1000000015
10005  32.494  -63.159  10.621 0.1000000015
9434  31.194  -64.044  10.749 0.1000000015
10006  31.644  -63.364  10.242 0.1000000015
10046  35.697  -63.185  6.130 0.1000000015
10628  31.867  -62.952  9.445 0.1000000015
106215  36.727  -62.560  6.504 0.1000000015
10650  32.550  -62.550  7.978 0.1000000015
10032  32.955  -62.774  7.242 0.1000000015
10049  32.814  -63.607  6.747 0.1000000015
10021  32.043  -63.004  8.126 0.1000000015
7705  36.532  -68.279  13.531 0.1000000015
9427  30.052  -64.677  11.012 0.1000000015
8875  31.159  -65.290  11.589 0.1000000015
10023  30.816  -63.822  8.881 0.1000000015
7253  38.368  -70.053  11.702 0.1000000015
8872  34.043  -65.767  11.346 0.1000000015
11944  36.121  -60.802  7.879 0.1000000015
11291  33.650  -61.533  8.228 0.1000000015
7222  38.883  -70.150  12.424 0.1000000015
7211  39.518  -69.561  13.398 0.1000000015
7238  38.950  -70.110  11.832 0.1000000015
8304  37.209  -67.433  11.526 0.1000000015
101726  36.504  -67.528  11.435 0.1000000015
7716  38.113  -67.825  11.685 0.1000000015
8294  37.024  -66.334  11.645 0.1000000015
9421  35.489  -64.497  11.701 0.1000000015
101057  34.164  -63.882  11.380 0.1000000015
11276  33.476  -61.395  9.221 0.1000000015
10627  32.600  -62.366  9.494 0.1000000015
11932  36.464  -60.357  8.456 0.1000000015
11933  35.169  -60.375  8.835 0.1000000015
8853  38.608  -66.119  12.849 0.1000000015
9412  37.287  -65.205  12.451 0.1000000015
8862  36.853  -65.514  11.960 0.1000000015
7674  40.166  -69.234  15.477 0.1000000015
10615  33.571  -62.202  10.814 0.1000000015
10610  34.351  -62.488  11.559 0.1000000015
11897  34.943  -60.171  10.240 0.1000000015
7685  41.487  -68.640  13.904 0.1000000015
110448  39.300  -67.271  18.062 0.1000000015
7196  40.995  -68.982  15.126 0.1000000015
7208  41.094  -69.390  14.399 0.1000000015
9404  37.357  -64.582  12.899 0.1000000015
10606  35.140  -62.254  12.602 0.1000000015
12536  35.700  -59.732  11.331 0.1000000015
7650  40.587  -67.873  16.665 0.1000000015
8268  40.356  -66.760  13.684 0.1000000015
99753  41.592  -67.390  14.129 0.1000000015
101285  38.592  -65.212  13.397 0.1000000015
9977  39.521  -63.772  14.616 0.1000000015
9979  37.854  -63.618  13.954 0.1000000015
100797  35.249  -60.161  12.116 0.1000000015
12566  39.419  -59.735  10.012 0.1000000015
11909  39.729  -60.264  9.468 0.1000000015
8235  43.175  -66.294  16.045 0.1000000015
8265  42.379  -67.073  14.684 0.1000000015
8189  39.645  -67.252  19.335 0.1000000015
97468  41.362  -66.575  17.941 0.1000000015
104426  41.288  -65.069  14.556 0.1000000015
10592  37.023  -62.358  14.215 0.1000000015
12524  35.969  -59.995  13.538 0.1000000015
13197  38.122  -58.836  11.891 0.1000000015
9368  44.249  -64.883  15.838 0.1000000015
9381  43.591  -64.383  14.821 0.1000000015
9961  40.438  -63.301  14.904 0.1000000015
10580  38.698  -62.173  15.095 0.1000000015
13188  39.246  -58.175  12.423 0.1000000015
106211  44.414  -63.063  15.466 0.1000000015
10578  43.065  -62.486  14.915 0.1000000015
11859  38.454  -60.255  15.366 0.1000000015
100420  40.408  -58.537  11.430 0.1000000015
13859  40.723  -57.929  11.976 0.1000000015
13858  41.799  -57.329  12.085 0.1000000015
9332  42.694  -64.891  19.601 0.1000000015
115606  45.242  -61.195  15.389 0.1000000015
11856  42.391  -60.159  15.664 0.1000000015
14508  43.249  -56.316  15.383 0.1000000015
13839  40.395  -57.262  14.616 0.1000000015
14517  43.513  -56.111  14.641 0.1000000015
13838  41.788  -56.748  14.749 0.1000000015
112554  41.587  -54.611  16.972 0.1000000015
16005  41.531  -54.527  16.579 0.1000000015
14522  44.409  -55.287  14.450 0.1000000015
14528  44.704  -55.329  13.790 0.1000000015
14529  44.368  -55.570  13.777 0.1000000015
13808  43.110  -56.694  16.794 0.1000000015
10562  45.885  -60.613  15.958 0.1000000015
15186  39.532  -54.816  18.091 0.1000000015
15990  39.729  -54.465  17.514 0.1000000015
13154  41.402  -58.402  17.859 0.1000000015
110833  41.762  -59.741  17.532 0.1000000015
15290  37.517  -55.387  11.790 0.4000000060
102626  41.196  -55.608  10.561 0.3000000119
113317  37.267  -55.377  11.092 0.4000000060
14554  39.208  -56.175  10.159 0.3000000119
15313  37.391  -55.585  10.403 0.4000000060
10038  44.232  -64.421  6.950 0.1000000015
10657  43.941  -63.276  7.172 0.1000000015
10643  43.432  -62.045  7.205 0.2000000030
11942  43.087  -60.142  7.249 0.3000000119
16112  37.075  -54.891  8.207 0.4000000060
15310  42.282  -55.334  10.762 0.3000000119
13249  42.069  -58.176  6.974 0.4000000060
11941  43.824  -60.492  7.707 0.2000000030
13912  41.499  -57.705  7.215 0.4000000060
13914  39.625  -57.244  7.362 0.4000000060
14600  37.979  -56.267  8.115 0.4000000060
9469  44.458  -65.358  6.874 0.1000000015
109920  43.111  -60.992  7.302 0.3000000119
13913  40.635  -57.520  7.133 0.4000000060
14598  38.781  -56.882  7.381 0.4000000060
14599  38.173  -56.330  7.385 0.4000000060
9470  43.553  -64.776  6.353 0.1000000015
16847  36.719  -53.612  8.597 0.5000000000
11296  42.401  -61.450  6.737 0.2000000030
14604  39.055  -56.937  6.569 0.4000000060
17555  36.511  -52.552  9.277 0.4000000060
107931  36.657  -51.500  10.035 0.4000000060
13917  41.308  -57.869  6.563 0.4000000060
13919  39.822  -57.310  6.428 0.4000000060
14605  38.441  -56.385  6.621 0.4000000060
15365  38.024  -55.676  6.778 0.4000000060
105349  37.399  -55.199  7.726 0.5000000000
10039  43.088  -63.673  6.559 0.2000000030
10658  42.664  -62.540  6.697 0.2000000030
11956  42.400  -60.344  6.669 0.2000000030
103067  42.280  -58.783  6.487 0.3000000119
13256  41.678  -58.408  6.108 0.3000000119
8914  43.912  -65.818  6.306 0.1000000015
12592  42.813  -59.337  6.950 0.3000000119
13918  40.595  -57.618  6.169 0.4000000060
114468  38.784  -56.423  5.980 0.4000000060
16122  37.052  -54.101  8.074 0.5000000000
16859  37.194  -53.321  8.014 0.5000000000
18315  36.685  -51.929  9.515 0.4000000060
14612  39.312  -56.847  5.747 0.4000000060
105712  38.512  -55.626  5.931 0.4000000060
16136  37.800  -54.227  6.914 0.5000000000
100044  37.638  -53.087  7.525 0.5000000000
18330  36.962  -52.012  8.884 0.4000000060
10040  41.958  -62.997  6.101 0.2000000030
12602  42.260  -59.483  6.336 0.4000000060
11957  41.845  -60.072  5.970 0.2000000030
12603  41.958  -59.124  5.680 0.4000000060
106035  38.129  -54.837  6.400 0.5000000000
17567  37.322  -52.171  8.336 0.5000000000
18314  37.074  -51.271  9.297 0.4000000060
19080  36.967  -50.860  9.946 0.4000000060
13927  40.011  -57.270  5.580 0.4000000060
16872  38.077  -53.294  6.940 0.5000000000
103472  41.766  -61.969  6.182 0.2000000030
10055  42.344  -64.057  5.942 0.2000000030
19071  37.241  -50.251  10.233 0.4000000060
11310  41.755  -60.986  6.128 0.2000000030
13257  41.159  -57.968  5.866 0.3000000119
14626  39.708  -56.673  4.875 0.4000000060
9479  42.825  -65.178  5.658 0.2000000030
11326  41.352  -61.551  5.445 0.2000000030
109309  41.660  -59.850  5.333 0.3000000119
12607  41.600  -59.323  4.883 0.4000000060
19057  37.189  -50.155  11.170 0.4000000060
13261  41.403  -58.396  5.127 0.3000000119
16151  38.701  -54.608  5.726 0.5000000000
17579  38.051  -52.443  7.319 0.5000000000
106700  41.820  -64.364  5.365 0.2000000030
15375  39.038  -56.140  5.308 0.4000000060
96461  37.762  -51.976  7.835 0.5000000000
19079  37.328  -50.446  9.445 0.4000000060
111168  41.791  -49.428  13.148 0.4000000060
9480  41.789  -65.085  4.959 0.2000000030
10676  41.328  -62.457  5.504 0.2000000030
97694  41.484  -60.627  5.363 0.2000000030
13925  40.851  -57.645  4.511 0.4000000060
16870  38.989  -53.086  6.158 0.5000000000
13938  40.283  -57.250  4.919 0.3000000119
16871  38.428  -53.839  6.276 0.5000000000
18329  37.486  -51.449  8.407 0.5000000000
20626  40.627  -48.982  12.435 0.4000000060
19778  41.666  -49.319  12.760 0.2000000030
20628  38.765  -48.899  11.899 0.4000000060
19815  37.544  -49.477  10.421 0.4000000060
10056  41.352  -63.439  5.338 0.2000000030
110773  37.483  -50.763  8.805 0.4000000060
11966  41.480  -60.162  4.633 0.2000000030
10677  40.971  -62.793  4.918 0.2000000030
20647  37.859  -48.739  10.555 0.4000000060
20651  37.770  -48.802  9.765 0.4000000060
15388  39.569  -55.739  4.619 0.3000000119
17592  38.728  -52.558  6.672 0.5000000000
113507  38.168  -51.864  7.446 0.5000000000
19820  37.540  -49.629  9.589 0.4000000060
13271  41.307  -58.333  4.180 0.4000000060
13937  40.365  -56.919  4.306 0.4000000060
14625  40.130  -56.197  4.132 0.3000000119
101682  39.278  -54.392  5.244 0.4000000060
13951  40.808  -57.194  3.856 0.4000000060
17591  39.508  -52.397  6.258 0.5000000000
11327  41.099  -62.136  4.792 0.2000000030
105498  38.473  -48.170  11.391 0.4000000060
19093  37.850  -50.677  8.184 0.5000000000
19103  38.430  -50.539  7.687 0.5000000000
16164  39.841  -54.650  4.653 0.4000000060
111292  39.106  -53.754  5.665 0.5000000000
18342  38.668  -51.761  7.062 0.5000000000
17609  39.699  -52.986  5.728 0.5000000000
101735  39.833  -53.713  5.172 0.5000000000
15312  38.248  -55.991  10.298 0.4000000060
95657  38.503  -56.690  7.984 0.4000000060
20627  39.682  -48.919  12.306 0.4000000060
20638  38.097  -48.811  11.275 0.4000000060
111821  39.265  -51.942  6.623 0.5000000000
14590  44.155  -56.589  8.627 0.3000000119
14576  42.262  -56.439  9.104 0.3000000119
111875  41.706  -56.216  9.507 0.2000000030
14553  40.170  -56.238  9.959 0.2000000030
102297  46.810  -57.611  8.776 0.2000000030
13899  44.857  -57.142  8.359 0.3000000119
13900  43.660  -57.260  8.131 0.3000000119
98497  42.144  -57.082  8.362 0.3000000119
96949  45.383  -58.160  8.282 0.2000000030
13235  44.089  -57.941  7.851 0.2000000030
11295  44.251  -61.526  7.722 0.2000000030
104167  41.541  -66.392  3.695 0.1000000015
8391  41.777  -67.275  3.291 0.1000000015
96560  44.496  -58.311  2.633 0.1000000015
15330  44.525  -55.320  10.474 0.1000000015
105331  42.478  -55.663  9.899 0.2000000030
15332  41.698  -55.757  10.055 0.2000000030
14574  44.108  -55.835  9.368 0.2000000030
14575  43.064  -55.957  9.389 0.2000000030
14550  47.682  -56.074  10.788 0.1000000015
13898  47.537  -56.655  9.357 0.1000000015
104190  46.687  -55.814  9.578 0.2000000030
13870  48.481  -57.475  10.152 0.1000000015
103700  48.558  -57.982  9.916 0.1000000015
8924  42.591  -65.840  5.139 0.1000000015
8939  41.788  -65.922  4.421 0.1000000015
11347  41.800  -61.233  3.340 0.1000000015
11984  42.097  -60.375  3.141 0.1000000015
111899  42.255  -59.666  2.995 0.1000000015
13294  42.802  -58.037  2.709 0.1000000015
11362  41.841  -62.000  3.198 0.1000000015
12647  42.988  -60.191  2.789 0.1000000015
96597  42.955  -59.065  2.733 0.1000000015
95970  44.197  -59.120  2.647 0.1000000015
107006  44.407  -56.112  2.631 0.1000000015
16198  43.573  -55.078  2.759 0.1000000015
16197  44.435  -55.322  2.740 0.1000000015
16182  44.220  -54.475  3.002 0.1000000015
14573  45.403  -55.441  9.871 0.2000000030
14571  47.920  -56.172  9.929 0.1000000015
97683  41.572  -58.953  3.779 0.1000000015
15406  40.713  -55.814  3.602 0.3000000119
10687  40.946  -62.691  4.395 0.1000000015
10686  41.123  -62.244  4.092 0.1000000015
11334  41.284  -61.244  4.390 0.1000000015
99359  41.652  -57.712  3.215 0.2000000030
14641  41.150  -56.247  3.266 0.3000000119
16162  41.275  -54.163  3.929 0.3000000119
16886  41.364  -52.890  5.083 0.3000000119
8940  41.114  -65.571  3.642 0.1000000015
10696  40.927  -63.019  3.850 0.1000000015
12633  41.927  -58.992  3.158 0.1000000015
98578  42.210  -57.296  2.803 0.1000000015
15405  41.506  -55.509  3.172 0.2000000030
16906  41.722  -53.411  4.423 0.3000000119
10695  41.415  -62.600  3.375 0.1000000015
14656  42.884  -56.394  2.643 0.1000000015
16924  43.023  -53.783  3.643 0.2000000030
17624  42.282  -52.767  4.990 0.3000000119
16923  43.973  -53.773  3.508 0.1000000015
16904  43.606  -53.210  4.240 0.2000000030
17607  42.824  -52.187  5.516 0.4000000060
107675  45.042  -54.756  2.971 0.1000000015
16903  44.605  -53.263  4.188 0.1000000015
17605  44.732  -52.152  5.462 0.3000000119
15229  39.845  -54.981  15.250 0.1000000015
15249  42.212  -54.994  14.075 0.1000000015
18341  38.887  -50.993  7.237 0.4000000060
97708  39.938  -51.752  6.435 0.4000000060
16907  40.699  -53.720  4.612 0.3000000119
16887  40.506  -52.961  5.346 0.4000000060
17590  40.401  -52.238  5.968 0.4000000060
17608  41.905  -52.283  5.582 0.4000000060
18355  42.029  -51.193  6.393 0.4000000060
18354  42.926  -51.155  6.321 0.5000000000
17606  43.766  -52.161  5.499 0.3000000119
18353  43.840  -51.131  6.299 0.5000000000
16902  45.686  -53.366  4.219 0.2000000030
18370  44.287  -51.642  5.934 0.4000000060
16180  46.657  -54.897  3.542 0.1000000015
16901  46.885  -53.497  4.374 0.1000000015
17620  46.279  -52.761  4.841 0.2000000030
17621  45.193  -52.683  4.823 0.2000000030
14653  46.832  -57.149  3.615 0.1000000015
16179  47.796  -55.364  4.126 0.1000000015
107843  46.871  -52.215  5.411 0.2000000030
14640  48.046  -57.429  4.293 0.1000000015
16178  48.937  -55.904  4.801 0.1000000015
19852  38.099  -50.050  8.047 0.4000000060
19837  37.721  -49.968  8.727 0.3000000119
19851  38.654  -49.806  7.726 0.4000000060
99081  40.299  -51.048  6.644 0.4000000060
19102  39.589  -50.622  7.028 0.4000000060
98310  41.176  -51.151  6.463 0.4000000060
19101  40.340  -50.235  6.914 0.4000000060
18372  42.412  -51.700  5.999 0.4000000060
19114  42.506  -50.548  6.569 0.4000000060
19113  43.394  -50.512  6.533 0.5000000000
19112  44.317  -50.459  6.513 0.4000000060
17604  45.771  -52.155  5.435 0.3000000119
18369  45.272  -51.607  5.880 0.4000000060
18352  44.783  -51.103  6.285 0.4000000060
16899  50.131  -53.570  5.341 0.2000000030
16900  48.434  -53.601  4.776 0.2000000030
102410  46.420  -51.514  5.826 0.2000000030
98212  49.730  -54.531  5.089 0.1000000015
16161  48.690  -54.855  4.666 0.2000000030
11991  47.780  -60.137  2.238 0.1000000015
20668  38.379  -48.494  8.418 0.4000000060
19836  38.156  -49.328  8.201 0.4000000060
20684  39.859  -48.610  7.594 0.4000000060
19848  41.481  -49.259  7.099 0.4000000060
19849  40.550  -49.410  7.192 0.4000000060
19862  42.036  -49.869  6.770 0.4000000060
19861  42.941  -49.811  6.761 0.4000000060
19860  43.866  -49.752  6.720 0.3000000119
19111  45.305  -50.356  6.502 0.4000000060
19859  44.837  -49.611  6.707 0.4000000060
106125  47.357  -50.977  6.025 0.3000000119
18350  46.575  -50.901  6.167 0.3000000119
18351  45.764  -51.019  6.231 0.4000000060
16885  50.222  -52.673  5.500 0.2000000030
17602  48.784  -51.769  5.648 0.2000000030
17603  47.605  -51.645  5.698 0.2000000030
15386  49.931  -55.684  4.995 0.2000000030
112996  46.824  -60.158  0.721 0.1000000015
12663  47.348  -60.241  1.371 0.1000000015
13975  48.572  -58.883  2.458 0.1000000015
98094  38.181  -48.036  10.745 0.3000000119
20650  38.114  -48.185  9.173 0.3000000119
20667  39.081  -48.080  8.038 0.4000000060
21383  40.583  -47.875  7.703 0.4000000060
108286  41.738  -48.604  7.326 0.4000000060
20683  40.944  -48.620  7.396 0.4000000060
20681  43.173  -48.216  7.365 0.4000000060
19847  42.441  -49.004  7.108 0.4000000060
20691  44.389  -48.878  6.933 0.4000000060
19846  43.446  -49.005  6.981 0.3000000119
20687  48.313  -47.954  5.796 0.3000000119
20688  47.806  -47.860  6.210 0.3000000119
20689  46.717  -47.966  6.715 0.3000000119
19858  45.928  -49.346  6.672 0.3000000119
20690  45.442  -48.567  6.926 0.3000000119
18389  51.135  -51.709  4.812 0.2000000030
18367  50.617  -51.230  5.281 0.2000000030
19869  49.592  -49.102  5.102 0.3000000119
19870  48.941  -49.131  5.575 0.2000000030
19109  47.397  -49.732  6.321 0.3000000119
16883  51.156  -52.693  5.139 0.2000000030
19123  49.312  -49.948  5.553 0.2000000030
16898  51.015  -53.593  5.133 0.2000000030
21975  39.220  -47.331  12.011 0.3000000119
21342  38.464  -47.337  11.030 0.3000000119
21349  38.349  -47.276  10.259 0.4000000060
20646  38.046  -48.027  9.991 0.3000000119
22678  39.650  -46.057  9.007 0.3000000119
22015  39.025  -46.727  8.910 0.4000000060
22013  41.247  -46.369  8.444 0.4000000060
22014  39.988  -46.504  8.563 0.4000000060
21384  39.798  -47.775  7.903 0.4000000060
22029  42.035  -46.710  8.162 0.4000000060
21367  41.299  -47.228  7.908 0.4000000060
21381  43.087  -47.352  7.721 0.3000000119
20682  42.336  -48.094  7.456 0.4000000060
21382  42.184  -47.332  7.793 0.4000000060
110922  46.933  -46.544  6.356 0.3000000119
21377  46.506  -46.083  6.698 0.2000000030
21378  46.376  -46.301  7.077 0.2000000030
103850  44.697  -46.730  7.727 0.2000000030
20680  44.033  -48.195  7.290 0.3000000119
21403  47.999  -47.506  5.641 0.3000000119
21386  47.420  -47.029  6.238 0.3000000119
20678  46.020  -47.360  7.126 0.2000000030
20679  44.967  -47.911  7.273 0.2000000030
18390  50.777  -51.334  4.431 0.2000000030
19135  48.993  -49.071  4.551 0.3000000119
20703  49.031  -48.547  5.084 0.3000000119
19855  48.736  -48.335  5.356 0.3000000119
21331  39.979  -48.201  12.343 0.3000000119
21332  39.106  -48.250  11.918 0.3000000119
22012  42.546  -45.905  8.547 0.3000000119
22688  45.345  -44.853  7.533 0.2000000030
22010  44.838  -45.020  8.186 0.2000000030
22011  43.749  -45.507  8.479 0.2000000030
104772  45.798  -45.375  6.747 0.2000000030
22026  45.311  -45.665  7.753 0.2000000030
22027  44.157  -46.319  8.066 0.2000000030
19789  41.423  -49.047  12.495 0.2000000030
14639  49.174  -57.565  4.542 0.1000000015
15401  49.555  -56.725  4.761 0.1000000015
19154  49.324  -50.114  4.164 0.3000000119
17617  51.329  -52.449  4.784 0.2000000030
12616  41.504  -59.572  4.108 0.1000000015
105251  41.045  -48.578  12.521 0.3000000119
12634  41.748  -59.658  3.503 0.1000000015
20669  37.790  -48.997  8.919 0.3000000119
96254  41.209  -57.709  3.737 0.3000000119
16163  40.582  -54.557  4.144 0.2000000030
100137  41.313  -57.007  3.291 0.2000000030
14589  45.207  -56.208  9.050 0.2000000030
14591  43.137  -56.634  8.658 0.3000000119
114702  45.717  -57.394  8.467 0.1000000015
13965  43.938  -57.653  2.570 0.1000000015
15331  43.510  -55.394  10.073 0.2000000030
101387  41.432  -61.847  3.717 0.1000000015
11969  41.555  -60.379  3.817 0.1000000015
13967  42.144  -58.243  2.929 0.1000000015
13966  43.186  -57.387  2.613 0.1000000015
15423  43.667  -55.850  2.632 0.1000000015
16199  42.811  -54.982  2.863 0.1000000015
13284  41.590  -58.319  3.490 0.2000000030
16186  40.956  -54.984  3.645 0.3000000119
15425  42.344  -55.617  2.816 0.2000000030
16185  41.733  -54.641  3.417 0.3000000119
18373  41.394  -51.782  6.069 0.4000000060
15404  42.161  -55.015  3.052 0.3000000119
16925  42.132  -53.895  3.756 0.3000000119
17623  43.217  -52.667  4.909 0.3000000119
19850  39.545  -49.720  7.362 0.4000000060
19115  41.657  -50.584  6.614 0.4000000060
16920  47.406  -54.324  4.093 0.2000000030
17619  47.414  -52.838  4.924 0.2000000030
20685  38.849  -48.948  7.780 0.4000000060
112723  40.931  -50.614  6.674 0.4000000060
17618  49.077  -52.695  5.404 0.2000000030
107124  48.481  -50.920  5.865 0.2000000030
18368  49.696  -50.922  5.609 0.2000000030
21370  38.670  -47.648  8.656 0.4000000060
21352  38.395  -47.363  9.412 0.4000000060
21369  39.420  -47.292  8.323 0.4000000060
21391  47.944  -47.420  5.811 0.3000000119
19153  50.349  -50.330  4.668 0.2000000030
19868  50.024  -49.495  4.965 0.2000000030
21995  38.686  -46.479  10.633 0.4000000060
22044  46.198  -45.941  6.302 0.2000000030
22035  46.275  -45.687  6.810 0.2000000030
22025  46.061  -45.571  7.144 0.2000000030
21379  45.512  -46.689  7.485 0.2000000030
21998  38.678  -46.600  9.721 0.3000000119
21988  38.826  -46.790  11.482 0.2000000030
22639  39.007  -45.942  11.320 0.3000000119
103495  39.730  -46.970  12.516 0.2000000030
12581  45.600  -59.402  8.331 0.1000000015
11927  45.875  -60.623  8.409 0.1000000015
12590  44.592  -59.959  8.041 0.1000000015
15309  43.238  -55.238  10.913 0.1000000015
13246  44.378  -58.916  7.926 0.1000000015
111745  45.132  -62.267  7.937 0.1000000015
12591  43.624  -59.564  7.581 0.1000000015
11940  44.721  -60.820  8.053 0.1000000015
20611  42.385  -49.288  12.740 0.1000000015
20625  41.993  -49.065  12.535 0.1000000015
21314  43.487  -49.002  12.424 0.1000000015
21315  42.455  -48.832  12.510 0.1000000015
21316  41.463  -48.202  12.621 0.1000000015
21973  40.521  -47.597  12.659 0.1000000015
21953  41.915  -47.635  12.982 0.1000000015
21954  40.902  -46.899  13.308 0.1000000015
21987  39.221  -46.289  12.101 0.1000000015
21955  40.097  -46.472  13.061 0.1000000015
22609  40.296  -45.915  13.572 0.2000000030
21997  39.187  -46.154  9.406 0.2000000030
22610  39.771  -45.546  13.205 0.2000000030
110929  39.360  -45.720  12.336 0.2000000030
22638  39.293  -45.362  11.910 0.2000000030
22663  39.017  -45.909  9.977 0.2000000030
23288  39.525  -44.701  13.103 0.2000000030
22652  39.424  -45.127  10.984 0.2000000030
105615  40.664  -45.623  9.014 0.2000000030
105273  42.001  -45.293  8.939 0.1000000015
23287  40.049  -44.961  13.813 0.2000000030
22662  39.784  -45.517  9.592 0.2000000030
23319  40.091  -44.733  10.225 0.2000000030
22661  40.782  -44.815  9.633 0.1000000015
22677  41.571  -44.797  9.372 0.1000000015
21330  41.750  -48.816  12.504 0.1000000015
99772  43.152  -49.180  12.601 0.1000000015
21952  42.893  -48.100  12.793 0.1000000015
21974  39.570  -46.029  12.689 0.2000000030
23301  39.540  -44.644  11.630 0.2000000030
19136  47.556  -49.238  4.148 0.2000000030
99325  47.926  -47.594  5.147 0.2000000030
19879  48.218  -48.162  4.745 0.2000000030
19155  48.023  -50.084  3.799 0.2000000030
19137  46.261  -49.652  4.084 0.2000000030
21404  47.507  -47.205  5.511 0.2000000030
19880  46.889  -48.590  4.380 0.2000000030
20705  47.339  -47.674  4.844 0.2000000030
19156  46.777  -50.298  3.730 0.2000000030
21392  47.470  -46.843  6.020 0.2000000030
20706  46.195  -48.082  4.613 0.1000000015
19881  45.667  -49.071  4.374 0.2000000030
21406  45.649  -47.660  4.881 0.2000000030
21394  45.726  -46.781  5.429 0.2000000030
19882  44.584  -49.409  4.385 0.1000000015
20707  45.114  -48.493  4.631 0.1000000015
20695  44.683  -47.825  4.966 0.1000000015
19140  43.105  -50.206  3.823 0.1000000015
19169  43.291  -51.108  2.718 0.1000000015
22595  40.798  -45.798  14.004 0.1000000015
22045  45.265  -45.923  5.964 0.1000000015
20696  43.374  -48.195  5.014 0.1000000015
19883  43.586  -49.596  4.323 0.1000000015
112560  43.195  -49.038  4.575 0.1000000015
19160  42.806  -50.546  3.184 0.1000000015
112091  42.331  -49.937  3.568 0.1000000015
19920  42.425  -49.718  1.800 0.1000000015
102418  40.054  -44.138  14.146 0.1000000015
23271  41.909  -44.827  14.519 0.1000000015
23272  40.822  -44.715  14.372 0.1000000015
22696  45.193  -44.812  7.278 0.1000000015
21395  44.318  -47.043  5.424 0.1000000015
22046  43.919  -46.240  5.866 0.1000000015
20709  42.403  -48.858  4.543 0.1000000015
19912  41.936  -49.615  2.523 0.1000000015
19899  41.693  -49.549  3.231 0.1000000015
23907  41.417  -43.885  14.564 0.1000000015
23294  39.446  -44.600  12.322 0.1000000015
22037  43.458  -45.582  6.311 0.1000000015
22047  42.636  -46.521  5.822 0.1000000015
22036  44.761  -45.306  6.494 0.1000000015
21397  41.835  -47.351  5.391 0.1000000015
21407  40.683  -47.610  4.435 0.1000000015
20698  41.236  -47.918  4.792 0.1000000015
20697  42.168  -48.136  5.049 0.1000000015
21396  43.006  -47.294  5.450 0.1000000015
21422  40.730  -47.308  3.178 0.1000000015
20711  40.829  -48.200  4.044 0.1000000015
20710  41.530  -48.620  4.378 0.1000000015
20722  40.875  -48.144  3.306 0.1000000015
23908  40.507  -43.675  14.369 0.1000000015
23273  39.643  -44.027  13.583 0.1000000015
23355  44.511  -44.300  7.666 0.1000000015
104218  40.161  -46.226  4.322 0.1000000015
21398  40.853  -47.170  5.128 0.1000000015
22063  40.421  -46.751  3.729 0.1000000015
23342  44.468  -44.101  7.962 0.1000000015
19138  45.121  -50.007  4.071 0.1000000015
19139  44.067  -50.217  3.997 0.1000000015
19884  41.854  -49.344  3.999 0.1000000015
105162  41.363  -48.847  2.733 0.1000000015
22697  44.206  -44.699  6.897 0.1000000015
15456  44.780  -55.572  -0.127 0.1000000015
16240  46.021  -54.842  -0.846 0.1000000015
15471  44.523  -55.351  -0.790 0.1000000015
14700  44.064  -55.989  -0.305 0.1000000015
14001  42.410  -57.460  -0.676 0.1000000015
13335  41.704  -58.651  -0.630 0.1000000015
12686  40.815  -59.640  -0.818 0.1000000015
15454  46.537  -55.249  0.590 0.1000000015
16226  46.217  -54.895  -0.126 0.1000000015
14701  43.294  -56.309  -0.722 0.1000000015
14690  43.629  -56.639  -0.249 0.1000000015
16239  47.216  -54.777  -1.013 0.1000000015
16238  48.523  -54.734  -0.790 0.1000000015
16207  48.688  -54.921  1.199 0.1000000015
16208  47.509  -55.040  0.929 0.1000000015
108671  44.847  -56.141  0.290 0.1000000015
16248  45.363  -55.033  -1.279 0.1000000015
114123  50.542  -54.130  0.428 0.1000000015
16247  46.529  -54.997  -1.726 0.1000000015
99429  49.228  -54.721  -1.463 0.1000000015
16255  49.609  -54.275  -1.701 0.1000000015
16246  47.813  -55.187  -2.188 0.1000000015
16245  48.514  -54.994  -1.817 0.1000000015
101831  48.998  -54.926  -2.287 0.1000000015
12687  40.299  -60.070  -1.001 0.1000000015
6827  38.009  -70.215  11.764 0.1000000015
7198  40.351  -69.571  14.672 0.1000000015
7209  40.751  -69.630  14.086 0.1000000015
7220  41.286  -69.298  13.988 0.1000000015
7255  36.558  -69.219  11.644 0.1000000015
7701  40.931  -69.292  13.636 0.1000000015
7715  38.868  -68.225  11.967 0.1000000015
8250  42.860  -66.732  15.161 0.1000000015
8293  37.660  -66.842  11.789 0.1000000015
8305  36.425  -66.729  11.449 0.1000000015
8781  42.755  -65.560  17.696 0.1000000015
9396  40.095  -64.585  14.482 0.1000000015
9463  32.075  -63.909  7.097 0.1000000015
9890  42.847  -64.184  20.771 0.1000000015
9992  35.907  -63.529  12.587 0.1000000015
10007  30.804  -63.793  10.092 0.1000000015
10015  31.167  -63.460  9.465 0.1000000015
10033  32.334  -63.197  7.482 0.1000000015
10034  31.711  -63.539  7.792 0.1000000015
10047  34.926  -63.341  6.131 0.1000000015
10048  33.525  -63.119  6.667 0.1000000015
10072  41.163  -64.206  4.747 0.3000000119
10514  40.356  -62.724  20.911 0.1000000015
10527  39.502  -62.656  19.636 0.1000000015
10647  34.630  -62.012  7.065 0.1000000015
10649  33.222  -62.146  7.755 0.1000000015
10662  35.968  -62.542  6.502 0.1000000015
11221  45.542  -60.643  16.196 0.1000000015
11229  45.682  -60.867  15.768 0.1000000015
11243  37.276  -61.570  14.697 0.1000000015
11311  37.202  -61.877  7.008 0.1000000015
11358  46.156  -61.596  1.985 0.1000000015
11843  45.967  -60.617  15.984 0.1000000015
11844  45.173  -60.443  16.275 0.1000000015
11858  39.317  -59.949  15.548 0.1000000015
12005  47.168  -60.701  1.658 0.1000000015
12542  48.546  -58.441  10.057 0.1000000015
12554  35.541  -59.821  10.428 0.1000000015
12631  48.267  -59.675  3.391 0.1000000015
12696  40.683  -59.384  -1.267 0.1000000015
13176  39.706  -58.345  15.335 0.1000000015
13281  49.267  -58.606  3.722 0.2000000030
13300  47.765  -59.832  1.783 0.1000000015
13314  47.075  -59.527  1.045 0.1000000015
13829  41.471  -57.096  15.210 0.1000000015
13871  48.000  -56.673  10.520 0.1000000015
13885  48.462  -56.950  9.904 0.1000000015
13926  40.722  -57.657  5.381 0.3000000119
13949  48.904  -58.357  4.250 0.1000000015
14000  43.065  -57.001  -0.457 0.1000000015
14537  46.867  -55.879  11.430 0.1000000015
14549  48.181  -56.618  10.261 0.1000000015
14572  46.402  -55.471  10.558 0.2000000030
14577  41.010  -56.257  9.662 0.2000000030
14623  50.469  -56.222  4.375 0.3000000119
14637  50.298  -56.891  4.274 0.3000000119
14638  49.918  -57.333  4.339 0.2000000030
14642  40.702  -56.567  3.716 0.3000000119
14650  50.315  -57.053  3.949 0.1000000015
14657  41.837  -56.336  2.883 0.2000000030
15214  42.419  -54.732  16.688 0.1000000015
15282  45.966  -55.820  11.723 0.1000000015
15291  36.742  -55.050  11.515 0.5000000000
15305  46.989  -55.718  11.042 0.1000000015
15306  46.275  -55.644  11.411 0.1000000015
15356  37.727  -55.716  7.546 0.5000000000
15366  37.660  -55.055  7.100 0.4000000060
15387  40.259  -55.337  4.092 0.2000000030
15399  50.928  -55.395  4.278 0.2000000030
15402  48.418  -56.570  4.514 0.1000000015
15424  43.069  -55.591  2.681 0.1000000015
15436  46.935  -55.759  1.241 0.1000000015
15455  45.563  -55.527  0.308 0.1000000015
15470  45.319  -55.152  -0.419 0.1000000015
16100  36.200  -54.510  10.097 0.5000000000
16101  35.894  -53.747  10.011 0.5000000000
16121  37.389  -54.542  7.565 0.5000000000
16150  39.101  -55.220  5.204 0.4000000060
16160  50.569  -54.606  5.033 0.2000000030
16177  51.363  -54.366  3.811 0.2000000030
16183  43.341  -54.385  3.120 0.1000000015
16184  42.521  -54.434  3.278 0.3000000119
16195  51.156  -54.169  2.739 0.2000000030
16222  50.378  -53.846  -0.374 0.2000000030
16223  49.902  -54.461  0.314 0.1000000015
16225  47.326  -54.770  0.089 0.1000000015
16236  50.272  -54.051  -0.732 0.2000000030
16237  49.908  -54.333  -1.076 0.2000000030
16244  49.523  -54.485  -1.683 0.1000000015
16756  36.988  -53.386  17.524 0.1000000015
16781  35.926  -53.600  14.496 0.4000000060
16798  35.687  -53.756  12.109 0.5000000000
16827  35.817  -53.179  10.443 0.5000000000
16858  37.494  -53.759  7.482 0.5000000000
16884  50.775  -52.944  5.366 0.2000000030
16897  51.371  -53.261  4.739 0.2000000030
16905  42.657  -53.261  4.322 0.3000000119
16919  51.550  -53.565  4.125 0.2000000030
16922  45.057  -53.952  3.438 0.1000000015
16945  50.388  -53.566  0.664 0.2000000030
16963  50.587  -53.941  -0.411 0.2000000030
16979  49.846  -54.177  -1.327 0.2000000030
16980  49.622  -53.962  -1.710 0.2000000030
17423  50.792  -53.521  21.090 0.2000000030
17424  50.017  -54.314  21.564 0.2000000030
17427  45.346  -53.119  21.611 0.2000000030
17429  50.341  -54.370  20.767 0.2000000030
17431  47.960  -54.487  20.936 0.2000000030
17442  50.657  -53.801  20.301 0.2000000030
17443  50.154  -54.521  19.994 0.2000000030
17445  48.047  -53.896  20.129 0.2000000030
17501  35.781  -52.439  12.694 0.5000000000
17568  36.908  -52.771  8.562 0.5000000000
17580  37.459  -52.625  7.922 0.5000000000
17600  50.797  -52.187  5.385 0.2000000030
17601  49.951  -51.908  5.614 0.2000000030
17622  44.180  -52.651  4.856 0.3000000119
17646  48.072  -52.074  2.791 0.3000000119
17659  45.697  -52.860  1.559 0.2000000030
17661  44.051  -52.027  1.601 0.1000000015
17674  45.425  -52.769  -0.146 0.1000000015
18170  43.544  -51.642  23.008 0.1000000015
18180  43.936  -52.063  22.225 0.1000000015
18184  50.954  -53.085  20.367 0.2000000030
18185  45.336  -52.911  21.182 0.2000000030
18187  43.667  -51.804  21.911 0.1000000015
18256  36.005  -51.582  13.371 0.5000000000
18343  38.161  -51.316  7.646 0.5000000000
18356  40.651  -51.590  6.322 0.4000000060
18357  39.440  -51.343  6.798 0.5000000000
18366  51.085  -51.809  5.100 0.2000000030
18371  43.351  -51.656  5.955 0.5000000000
18381  50.803  -50.809  4.997 0.2000000030
18391  49.812  -51.118  3.810 0.2000000030
18407  43.124  -51.171  2.073 0.1000000015
18915  51.785  -48.382  26.246 0.1000000015
18920  44.532  -50.817  25.369 0.1000000015
18936  42.611  -50.913  24.468 0.1000000015
18939  39.782  -50.461  24.858 0.1000000015
18950  46.380  -51.447  23.731 0.1000000015
18953  40.771  -50.326  23.473 0.1000000015
18955  38.413  -50.210  24.180 0.1000000015
18985  43.617  -50.439  21.025 0.2000000030
18989  35.573  -50.515  19.334 0.2000000030
19110  46.416  -50.198  6.436 0.3000000119
19122  50.289  -50.056  5.098 0.2000000030
19124  47.141  -50.438  6.233 0.3000000119
19133  50.338  -49.936  4.946 0.2000000030
19134  49.963  -49.502  4.838 0.2000000030
19159  43.607  -50.796  3.377 0.1000000015
19161  42.203  -50.174  2.931 0.1000000015
19682  49.345  -48.179  24.103 0.1000000015
19690  38.894  -49.809  23.524 0.1000000015
19698  49.611  -50.661  21.382 0.2000000030
19700  40.302  -49.883  22.834 0.1000000015
19703  36.220  -49.783  22.057 0.1000000015
19711  41.003  -49.323  21.639 0.2000000030
19714  36.438  -49.251  21.483 0.2000000030
19730  35.789  -49.621  20.417 0.3000000119
19741  36.131  -49.177  19.026 0.3000000119
19749  36.387  -49.349  17.719 0.5000000000
19770  36.841  -49.678  14.398 0.5000000000
19856  48.242  -48.748  6.071 0.3000000119
19857  47.095  -49.001  6.486 0.3000000119
19863  41.167  -49.998  6.843 0.4000000060
19878  49.642  -49.093  4.942 0.3000000119
19911  42.364  -50.168  2.335 0.1000000015
20452  51.740  -47.484  26.889 0.1000000015
20490  38.866  -48.958  22.151 0.2000000030
20520  36.773  -48.433  20.452 0.4000000060
20532  36.584  -48.442  19.099 0.5000000000
20694  48.294  -47.772  5.563 0.3000000119
20704  48.419  -47.925  5.311 0.2000000030
20708  44.071  -48.795  4.672 0.1000000015
20721  41.210  -48.857  3.593 0.1000000015
21218  39.820  -47.676  20.134 0.3000000119
21220  37.300  -47.942  20.010 0.4000000060
21368  40.344  -47.161  8.100 0.4000000060
21380  43.904  -47.414  7.600 0.3000000119
21387  46.801  -46.766  6.679 0.2000000030
21393  46.858  -46.564  5.817 0.2000000030
21405  46.603  -47.242  5.135 0.2000000030
21415  40.575  -47.532  3.811 0.1000000015
22028  42.957  -46.567  8.166 0.3000000119
22034  46.687  -46.276  6.392 0.3000000119
22048  41.514  -46.626  5.716 0.1000000015
22054  40.390  -46.996  4.382 0.1000000015
22625  39.457  -45.300  12.601 0.2000000030
22653  39.077  -45.753  10.620 0.2000000030
22674  44.769  -44.355  7.991 0.2000000030
22687  45.849  -45.258  7.080 0.2000000030
23333  44.348  -44.062  8.150 0.1000000015
23354  44.822  -44.499  7.743 0.1000000015
95529  37.668  -47.579  16.919 0.5000000000
95781  40.139  -50.734  25.953 0.1000000015
97441  35.918  -60.039  8.981 0.1000000015
98115  43.563  -58.263  2.611 0.1000000015
98218  44.841  -61.329  16.336 0.1000000015
99310  41.520  -58.906  4.412 0.4000000060
99546  43.923  -56.788  2.582 0.1000000015
100156  41.114  -52.403  5.616 0.4000000060
101340  47.370  -56.161  11.084 0.1000000015
101973  41.500  -47.960  7.560 0.4000000060
102776  39.449  -45.397  10.238 0.2000000030
103435  39.310  -47.364  19.570 0.5000000000
104557  44.584  -47.442  7.505 0.2000000030
105153  46.148  -56.702  8.780 0.2000000030
105475  48.159  -50.008  6.044 0.3000000119
106771  44.161  -55.321  11.980 0.1000000015
107983  48.758  -54.660  21.522 0.1000000015
107986  36.340  -51.425  12.041 0.5000000000
108038  51.520  -52.932  4.334 0.2000000030
109411  48.064  -57.463  9.512 0.1000000015
109658  38.304  -48.033  20.739 0.3000000119
109797  46.559  -61.021  2.455 0.1000000015
110702  42.664  -49.582  4.191 0.1000000015
110988  36.431  -53.184  9.052 0.4000000060
111389  37.274  -61.274  7.547 0.1000000015
111524  47.292  -55.721  10.443 0.1000000015
111796  48.527  -55.170  -2.405 0.1000000015
111903  39.025  -50.352  7.401 0.4000000060
112019  44.017  -55.253  11.029 0.1000000015
112142  47.956  -52.335  5.386 0.2000000030
112148  44.920  -52.033  23.006 0.1000000015
112429  38.771  -47.553  11.554 0.3000000119
112434  41.742  -50.545  22.668 0.1000000015
112499  39.173  -69.378  11.919 0.1000000015
112673  42.268  -65.876  18.075 0.1000000015
113373  40.767  -47.400  19.352 0.4000000060
113491  38.561  -53.175  6.505 0.5000000000
114664  48.183  -52.850  5.095 0.2000000030
114841  36.479  -49.705  16.503 0.5000000000
115031  38.837  -46.941  16.832 0.5000000000
115227  38.722  -57.997  13.038 0.1000000015
