#!ascii label  , from subject sub-v1s23x0050628_ses-1 vox2ras=TkReg
674
40402  23.049  -41.568  79.967 0.0000000000
50582  43.216  -29.100  63.966 0.0000000000
49740  53.003  -30.450  62.109 0.0000000000
44501  41.743  -36.343  73.449 0.0000000000
39625  29.044  -42.817  74.461 0.0000000000
38733  27.433  -43.438  78.413 0.0000000000
52269  48.244  -27.524  64.617 0.0000000000
49653  46.883  -29.918  68.126 0.0000000000
44466  35.812  -36.480  76.297 0.0000000000
37011  32.750  -45.880  75.690 0.0000000000
55585  56.021  -22.573  55.424 0.0000000000
117898  50.867  -25.812  60.262 0.0000000000
45454  38.842  -35.593  71.413 0.0000000000
115484  43.390  -30.461  71.754 0.0000000000
103630  26.379  -41.694  77.248 0.0000000000
39569  25.182  -42.011  79.517 0.0000000000
51422  45.414  -27.631  63.934 0.0000000000
51392  47.988  -27.945  66.575 0.0000000000
51382  45.968  -27.607  67.358 0.0000000000
38775  38.736  -43.717  74.474 0.0000000000
36998  29.852  -45.706  77.569 0.0000000000
37024  30.804  -45.893  74.547 0.0000000000
35265  31.395  -47.983  77.701 0.0000000000
111948  53.638  -22.864  56.706 0.0000000000
54747  55.207  -24.150  56.431 0.0000000000
55561  53.902  -23.633  58.465 0.0000000000
49759  49.616  -30.426  61.118 0.0000000000
52312  48.622  -27.409  59.508 0.0000000000
109529  52.999  -29.383  60.840 0.0000000000
51501  53.561  -29.059  59.498 0.0000000000
49778  53.187  -30.488  60.056 0.0000000000
44479  39.230  -35.472  76.041 0.0000000000
46350  36.804  -34.782  74.526 0.0000000000
101395  40.153  -33.375  74.952 0.0000000000
47185  40.681  -33.030  71.758 0.0000000000
47173  42.784  -32.661  73.471 0.0000000000
47986  45.159  -32.717  71.468 0.0000000000
45442  44.202  -36.074  72.507 0.0000000000
38752  28.865  -43.118  77.197 0.0000000000
49728  47.428  -30.374  62.368 0.0000000000
111182  50.805  -29.306  63.919 0.0000000000
49683  50.872  -29.804  65.353 0.0000000000
120249  47.628  -32.160  64.961 0.0000000000
40432  33.686  -41.492  76.634 0.0000000000
112141  35.246  -40.226  76.534 0.0000000000
42010  37.985  -39.519  74.811 0.0000000000
113904  40.385  -39.294  73.098 0.0000000000
42808  42.919  -38.962  72.255 0.0000000000
39624  32.820  -42.767  75.172 0.0000000000
37914  34.443  -44.972  76.073 0.0000000000
55627  54.142  -23.084  52.929 0.0000000000
54712  50.354  -24.524  59.022 0.0000000000
53051  53.394  -25.879  59.085 0.0000000000
52327  51.389  -27.905  57.268 0.0000000000
49642  43.237  -29.886  68.245 0.0000000000
50481  45.945  -29.404  70.759 0.0000000000
47198  46.632  -33.488  69.462 0.0000000000
40393  23.545  -42.013  80.579 0.0000000000
40410  24.587  -41.714  79.499 0.0000000000
39570  24.576  -42.244  79.963 0.0000000000
51423  44.836  -28.238  64.622 0.0000000000
51393  45.788  -27.622  66.180 0.0000000000
51408  44.983  -28.281  65.667 0.0000000000
36144  31.000  -47.009  77.452 0.0000000000
102851  52.593  -23.337  56.838 0.0000000000
55575  54.236  -22.941  57.483 0.0000000000
54734  51.825  -23.721  57.638 0.0000000000
49741  51.978  -30.059  62.134 0.0000000000
50623  51.315  -29.534  60.853 0.0000000000
50609  53.458  -30.067  61.138 0.0000000000
49758  53.700  -30.126  60.499 0.0000000000
102912  40.269  -35.289  75.064 0.0000000000
46320  39.429  -34.488  76.214 0.0000000000
45424  41.136  -34.485  74.528 0.0000000000
47159  41.319  -33.050  74.515 0.0000000000
46346  41.768  -33.984  74.126 0.0000000000
46356  43.080  -34.656  72.944 0.0000000000
45432  42.418  -36.021  73.158 0.0000000000
39601  28.080  -42.082  77.315 0.0000000000
38732  28.029  -42.959  78.117 0.0000000000
37883  28.849  -44.508  78.322 0.0000000000
51435  46.778  -27.695  63.530 0.0000000000
50598  45.397  -29.451  61.982 0.0000000000
50596  48.000  -29.532  63.107 0.0000000000
50595  49.231  -29.854  63.074 0.0000000000
51434  49.525  -28.358  64.552 0.0000000000
50565  50.934  -29.116  64.689 0.0000000000
51405  49.659  -28.393  65.339 0.0000000000
50531  47.596  -28.536  67.142 0.0000000000
49667  48.423  -29.164  66.391 0.0000000000
49687  46.883  -30.650  66.161 0.0000000000
47226  46.701  -33.459  65.396 0.0000000000
113340  46.142  -31.915  67.058 0.0000000000
39597  34.967  -42.170  76.496 0.0000000000
41222  34.727  -40.870  76.722 0.0000000000
40441  35.993  -42.000  76.184 0.0000000000
40456  38.315  -41.078  75.099 0.0000000000
42801  38.942  -38.830  73.959 0.0000000000
37023  31.526  -45.824  74.474 0.0000000000
37034  32.210  -45.009  74.296 0.0000000000
37931  32.793  -44.216  75.252 0.0000000000
38765  33.058  -43.445  75.775 0.0000000000
112651  33.523  -45.442  76.062 0.0000000000
56483  54.790  -21.792  54.896 0.0000000000
107148  56.176  -22.987  54.590 0.0000000000
53868  53.046  -25.323  56.101 0.0000000000
52311  49.603  -27.123  59.825 0.0000000000
53047  48.005  -26.661  59.173 0.0000000000
53826  49.349  -25.520  59.494 0.0000000000
53837  48.782  -25.266  58.880 0.0000000000
53825  50.519  -25.082  60.024 0.0000000000
54700  52.251  -24.185  59.969 0.0000000000
53043  52.548  -25.670  60.187 0.0000000000
50668  52.060  -29.114  58.163 0.0000000000
51514  52.486  -28.404  57.988 0.0000000000
111801  34.826  -37.199  76.131 0.0000000000
45427  34.698  -35.800  74.940 0.0000000000
46360  37.973  -35.152  72.728 0.0000000000
101119  36.356  -35.840  71.926 0.0000000000
48782  42.229  -30.995  72.201 0.0000000000
105874  41.649  -33.096  70.161 0.0000000000
48807  42.399  -31.007  70.009 0.0000000000
49643  42.796  -30.547  68.700 0.0000000000
49611  43.566  -29.764  70.384 0.0000000000
50495  45.119  -28.781  70.447 0.0000000000
49596  44.779  -29.905  71.632 0.0000000000
46363  45.734  -35.191  71.248 0.0000000000
47190  45.874  -33.413  70.653 0.0000000000
46370  46.537  -35.120  69.985 0.0000000000
46388  47.216  -35.036  68.741 0.0000000000
40421  25.825  -41.640  78.280 0.0000000000
39578  25.888  -42.380  79.038 0.0000000000
38735  25.692  -43.239  79.138 0.0000000000
38723  25.183  -42.570  79.546 0.0000000000
52271  46.570  -27.412  63.845 0.0000000000
51406  48.892  -27.942  65.588 0.0000000000
52254  47.610  -27.192  65.470 0.0000000000
52246  47.418  -27.705  67.054 0.0000000000
50519  47.247  -28.261  68.261 0.0000000000
37917  29.553  -44.690  75.822 0.0000000000
37934  29.705  -44.600  74.612 0.0000000000
37012  30.096  -45.637  75.224 0.0000000000
36160  31.221  -46.560  76.272 0.0000000000
36159  31.968  -46.653  76.067 0.0000000000
36141  33.325  -47.179  76.464 0.0000000000
34405  32.570  -48.636  76.999 0.0000000000
55587  55.464  -22.822  56.557 0.0000000000
54761  55.627  -23.562  55.958 0.0000000000
55574  55.124  -23.033  57.254 0.0000000000
54733  55.083  -23.825  57.353 0.0000000000
53842  54.310  -24.821  58.130 0.0000000000
50626  47.809  -30.245  60.212 0.0000000000
51477  48.984  -29.310  60.028 0.0000000000
52303  50.477  -27.991  60.123 0.0000000000
52302  51.830  -27.724  60.295 0.0000000000
52301  53.006  -27.605  60.179 0.0000000000
51488  53.567  -28.763  59.927 0.0000000000
50651  53.402  -29.677  59.380 0.0000000000
44464  37.764  -35.825  76.663 0.0000000000
45415  36.815  -35.046  76.325 0.0000000000
46321  38.655  -34.632  76.627 0.0000000000
47147  39.015  -33.707  75.416 0.0000000000
46347  39.000  -33.720  73.428 0.0000000000
46365  40.483  -33.938  71.451 0.0000000000
47174  39.954  -32.508  73.455 0.0000000000
47974  41.260  -31.675  73.375 0.0000000000
48768  43.295  -31.279  72.970 0.0000000000
48780  44.492  -30.907  72.216 0.0000000000
115039  43.609  -33.206  72.754 0.0000000000
46354  44.562  -35.198  72.239 0.0000000000
121274  45.464  -36.439  71.708 0.0000000000
40458  27.392  -41.838  75.651 0.0000000000
39627  28.198  -41.994  75.340 0.0000000000
38767  28.947  -42.859  76.241 0.0000000000
37899  29.217  -44.043  77.731 0.0000000000
36986  29.300  -45.134  78.081 0.0000000000
49743  49.057  -30.572  61.591 0.0000000000
49725  51.031  -30.039  62.613 0.0000000000
49724  52.090  -30.270  62.855 0.0000000000
49710  52.018  -30.595  63.986 0.0000000000
48861  51.380  -31.775  64.725 0.0000000000
48862  50.509  -31.947  65.001 0.0000000000
49666  49.518  -29.000  66.048 0.0000000000
112952  49.717  -31.134  65.416 0.0000000000
41231  32.920  -40.345  75.750 0.0000000000
41224  33.305  -39.881  76.304 0.0000000000
41993  34.156  -39.178  76.691 0.0000000000
42775  35.635  -38.751  76.310 0.0000000000
39609  37.154  -42.277  75.631 0.0000000000
42000  37.154  -39.681  75.466 0.0000000000
119028  37.034  -38.117  75.754 0.0000000000
43584  38.517  -37.400  74.971 0.0000000000
43583  39.424  -37.071  74.583 0.0000000000
101665  40.871  -37.647  73.414 0.0000000000
43597  41.825  -37.514  73.062 0.0000000000
112858  41.797  -39.376  72.526 0.0000000000
39612  33.045  -42.426  75.992 0.0000000000
38764  33.899  -43.846  76.243 0.0000000000
37913  35.614  -45.113  75.685 0.0000000000
36156  34.815  -46.794  76.001 0.0000000000
36155  35.696  -46.731  75.438 0.0000000000
56503  55.006  -22.519  52.647 0.0000000000
54735  50.540  -24.193  57.164 0.0000000000
54721  52.410  -23.743  58.885 0.0000000000
53833  53.376  -24.747  59.171 0.0000000000
53059  53.427  -26.448  58.077 0.0000000000
52318  53.410  -27.265  59.002 0.0000000000
52325  53.075  -27.597  58.136 0.0000000000
52337  51.605  -27.179  56.948 0.0000000000
45435  35.672  -35.545  73.738 0.0000000000
49671  42.932  -31.003  66.774 0.0000000000
50534  43.807  -29.507  66.772 0.0000000000
50521  44.424  -28.527  68.447 0.0000000000
51354  46.635  -28.471  69.856 0.0000000000
101753  46.908  -29.210  69.729 0.0000000000
109515  45.160  -31.446  71.609 0.0000000000
48795  46.317  -31.479  70.163 0.0000000000
103993  46.629  -31.669  69.298 0.0000000000
109502  46.860  -33.457  68.221 0.0000000000
44519  43.365  -37.427  72.620 0.0000000000
43628  44.465  -37.853  71.704 0.0000000000
40394  22.688  -41.878  80.766 0.0000000000
40411  23.779  -41.452  79.287 0.0000000000
40401  24.019  -41.810  80.042 0.0000000000
51424  44.007  -28.746  64.312 0.0000000000
50566  44.240  -29.005  65.225 0.0000000000
55576  51.056  -23.772  56.476 0.0000000000
50610  52.788  -29.833  61.583 0.0000000000
48889  53.242  -30.649  61.489 0.0000000000
44502  40.993  -35.534  74.291 0.0000000000
45425  40.505  -34.640  75.031 0.0000000000
45433  41.747  -35.234  73.819 0.0000000000
103064  42.429  -34.931  73.398 0.0000000000
39576  27.329  -42.594  78.362 0.0000000000
39587  27.844  -42.237  78.021 0.0000000000
51446  47.142  -28.557  63.216 0.0000000000
50581  47.870  -27.963  63.826 0.0000000000
50580  48.917  -28.757  63.792 0.0000000000
117819  48.718  -27.943  64.414 0.0000000000
51420  49.741  -28.345  65.074 0.0000000000
51421  49.015  -27.858  64.930 0.0000000000
50532  47.163  -29.390  67.470 0.0000000000
49668  47.397  -29.657  66.684 0.0000000000
49669  46.596  -30.221  66.979 0.0000000000
48839  46.266  -31.254  66.544 0.0000000000
48829  46.332  -31.007  67.525 0.0000000000
38763  35.820  -43.508  75.902 0.0000000000
39611  35.601  -42.728  76.177 0.0000000000
39610  36.500  -42.894  75.757 0.0000000000
36173  32.093  -46.193  75.252 0.0000000000
37035  31.752  -45.232  73.951 0.0000000000
37022  32.148  -45.584  74.719 0.0000000000
37932  32.514  -44.433  74.428 0.0000000000
37916  32.659  -45.053  75.195 0.0000000000
56482  55.808  -22.130  55.386 0.0000000000
55597  56.337  -22.454  54.778 0.0000000000
55598  56.047  -23.143  55.352 0.0000000000
53037  50.710  -26.838  60.148 0.0000000000
53045  49.922  -26.026  59.922 0.0000000000
53044  51.604  -25.202  60.296 0.0000000000
53036  51.940  -26.461  60.283 0.0000000000
50669  51.070  -29.541  57.960 0.0000000000
108618  35.256  -36.993  76.214 0.0000000000
44490  34.578  -36.374  75.565 0.0000000000
45402  35.747  -36.065  76.232 0.0000000000
101164  38.472  -35.452  72.021 0.0000000000
45455  38.148  -35.872  71.307 0.0000000000
49598  42.673  -30.730  71.599 0.0000000000
48797  42.027  -31.281  71.183 0.0000000000
118497  42.388  -30.953  70.781 0.0000000000
49628  42.820  -30.374  69.720 0.0000000000
49612  42.976  -30.378  70.846 0.0000000000
49597  43.880  -29.950  71.388 0.0000000000
106456  44.047  -30.417  72.116 0.0000000000
45452  45.805  -36.143  71.295 0.0000000000
46371  46.077  -34.615  70.627 0.0000000000
45465  46.173  -35.656  70.644 0.0000000000
45464  46.511  -35.797  69.961 0.0000000000
101280  25.246  -41.661  78.956 0.0000000000
113611  25.034  -41.434  78.192 0.0000000000
40409  25.975  -41.958  78.887 0.0000000000
52273  44.970  -27.773  63.220 0.0000000000
118211  44.543  -27.951  62.748 0.0000000000
52272  45.792  -27.627  63.505 0.0000000000
52262  46.271  -27.277  64.260 0.0000000000
52261  47.126  -27.117  64.570 0.0000000000
52255  46.654  -27.200  65.443 0.0000000000
52247  46.659  -27.433  66.685 0.0000000000
52239  46.810  -27.557  67.628 0.0000000000
51381  47.193  -27.863  68.082 0.0000000000
108077  46.486  -27.645  68.369 0.0000000000
119671  29.839  -45.457  76.433 0.0000000000
36143  31.785  -47.264  77.023 0.0000000000
36142  32.605  -47.282  76.673 0.0000000000
110738  52.659  -23.113  56.022 0.0000000000
55588  53.644  -22.689  56.023 0.0000000000
56472  55.006  -22.401  55.987 0.0000000000
105701  54.725  -22.721  56.820 0.0000000000
55567  53.445  -23.378  58.202 0.0000000000
55566  54.442  -23.435  57.787 0.0000000000
54708  54.375  -23.991  58.186 0.0000000000
53853  54.532  -24.720  57.602 0.0000000000
49760  48.593  -30.556  60.807 0.0000000000
50625  48.602  -30.069  60.286 0.0000000000
50624  49.660  -30.050  60.622 0.0000000000
51476  50.153  -29.130  60.274 0.0000000000
51475  51.623  -28.830  60.432 0.0000000000
51474  53.046  -28.690  60.281 0.0000000000
49792  53.707  -30.060  59.864 0.0000000000
49793  52.596  -30.229  59.186 0.0000000000
44480  38.608  -35.642  76.486 0.0000000000
45401  38.328  -35.257  76.866 0.0000000000
45414  39.153  -35.049  76.747 0.0000000000
47146  39.717  -33.868  75.644 0.0000000000
47139  39.147  -34.132  76.115 0.0000000000
112078  39.508  -33.422  74.991 0.0000000000
47162  38.921  -33.503  74.473 0.0000000000
47161  39.592  -32.965  74.199 0.0000000000
47175  39.503  -33.231  73.203 0.0000000000
47158  41.991  -32.859  74.089 0.0000000000
47960  41.298  -32.215  74.160 0.0000000000
47959  42.082  -31.967  73.862 0.0000000000
116820  42.085  -31.463  73.392 0.0000000000
47973  42.724  -31.678  73.373 0.0000000000
47972  43.455  -32.043  73.030 0.0000000000
46355  43.743  -35.228  72.584 0.0000000000
47172  43.732  -34.330  72.594 0.0000000000
45453  45.393  -35.710  71.794 0.0000000000
45441  45.011  -36.275  72.130 0.0000000000
40444  26.477  -41.721  75.958 0.0000000000
40459  26.528  -41.704  74.961 0.0000000000
39615  28.173  -42.002  76.326 0.0000000000
39600  28.542  -42.431  76.802 0.0000000000
39614  28.592  -42.376  75.876 0.0000000000
38751  29.301  -43.743  76.631 0.0000000000
50597  46.433  -30.066  62.302 0.0000000000
49745  46.925  -30.690  61.572 0.0000000000
49744  47.972  -30.702  61.558 0.0000000000
50594  50.364  -29.823  63.190 0.0000000000
49726  49.681  -30.312  62.373 0.0000000000
50593  51.286  -29.847  63.441 0.0000000000
50577  51.745  -30.182  63.660 0.0000000000
49682  51.011  -29.318  65.027 0.0000000000
49697  51.466  -30.420  64.819 0.0000000000
48849  50.829  -30.831  65.302 0.0000000000
52245  48.371  -27.760  66.007 0.0000000000
116776  49.339  -28.344  65.774 0.0000000000
50530  48.614  -28.325  66.276 0.0000000000
49686  47.901  -30.238  65.984 0.0000000000
49685  49.140  -30.016  65.906 0.0000000000
48850  48.553  -30.941  65.536 0.0000000000
48034  49.678  -32.197  64.899 0.0000000000
48035  48.551  -31.988  64.975 0.0000000000
105352  33.358  -40.753  76.405 0.0000000000
42002  32.970  -39.629  75.810 0.0000000000
112093  34.395  -40.086  76.753 0.0000000000
41992  34.891  -39.379  76.615 0.0000000000
42776  34.758  -38.477  76.556 0.0000000000
41991  35.661  -39.618  76.345 0.0000000000
38761  37.532  -43.154  75.368 0.0000000000
39608  38.164  -42.578  75.233 0.0000000000
41238  37.901  -40.286  75.102 0.0000000000
41229  37.385  -40.738  75.481 0.0000000000
42783  36.648  -38.767  75.814 0.0000000000
42792  37.444  -38.740  75.216 0.0000000000
43585  37.669  -37.789  75.361 0.0000000000
42791  38.259  -38.536  74.554 0.0000000000
42800  39.698  -38.790  73.500 0.0000000000
42790  39.076  -38.037  74.090 0.0000000000
43599  39.940  -37.790  73.696 0.0000000000
43598  40.255  -36.860  74.145 0.0000000000
42799  40.567  -38.549  73.166 0.0000000000
42798  41.446  -38.505  72.887 0.0000000000
42016  41.047  -39.326  72.814 0.0000000000
37933  30.361  -45.243  74.025 0.0000000000
37952  29.934  -44.192  73.574 0.0000000000
114796  32.966  -43.089  74.225 0.0000000000
40476  33.307  -42.172  74.144 0.0000000000
40457  32.949  -41.838  75.400 0.0000000000
101957  35.097  -44.151  75.989 0.0000000000
35279  34.055  -47.461  76.337 0.0000000000
55626  55.505  -22.977  53.684 0.0000000000
56504  53.557  -22.813  52.217 0.0000000000
51490  48.374  -28.513  59.535 0.0000000000
52314  46.941  -28.006  58.932 0.0000000000
52313  47.755  -27.704  59.205 0.0000000000
54713  49.251  -24.840  58.502 0.0000000000
54723  49.877  -24.524  57.858 0.0000000000
54722  51.069  -24.135  58.382 0.0000000000
54711  51.625  -24.132  59.612 0.0000000000
53822  52.980  -25.148  59.851 0.0000000000
53834  52.825  -24.302  59.712 0.0000000000
117267  53.850  -25.359  58.440 0.0000000000
105349  53.477  -28.303  59.478 0.0000000000
52309  53.325  -27.542  59.765 0.0000000000
52326  52.280  -27.625  57.560 0.0000000000
53060  52.623  -26.921  57.438 0.0000000000
110351  36.769  -34.726  75.481 0.0000000000
46337  36.041  -35.091  74.721 0.0000000000
47199  42.062  -32.998  68.955 0.0000000000
49655  42.893  -30.773  67.746 0.0000000000
49654  43.357  -30.162  67.243 0.0000000000
49670  43.360  -30.314  66.308 0.0000000000
50522  43.753  -29.262  67.798 0.0000000000
50533  44.361  -28.653  67.362 0.0000000000
50482  45.390  -29.298  71.033 0.0000000000
51355  45.732  -28.277  69.931 0.0000000000
50494  45.999  -28.782  70.548 0.0000000000
50493  46.469  -29.285  70.235 0.0000000000
47987  44.631  -31.792  72.104 0.0000000000
47998  46.267  -32.843  70.066 0.0000000000
48006  46.497  -32.476  69.562 0.0000000000
102407  46.763  -32.885  68.989 0.0000000000
48012  46.521  -32.070  68.118 0.0000000000
47204  47.020  -33.994  68.903 0.0000000000
45495  47.280  -35.847  68.447 0.0000000000
42809  42.378  -38.584  72.602 0.0000000000
43615  42.680  -37.779  72.733 0.0000000000
103378  43.162  -38.271  72.456 0.0000000000
101130  24.437  -41.408  78.680 0.0000000000
40400  24.519  -42.006  79.962 0.0000000000
39559  24.094  -42.132  80.312 0.0000000000
51436  44.548  -28.005  63.682 0.0000000000
51407  45.678  -27.646  64.988 0.0000000000
51394  45.063  -28.115  66.843 0.0000000000
36145  30.178  -46.622  77.919 0.0000000000
35266  30.452  -47.543  77.943 0.0000000000
111007  50.884  -29.940  61.360 0.0000000000
50622  53.646  -29.586  60.335 0.0000000000
44488  39.788  -35.996  75.141 0.0000000000
45413  39.718  -34.939  75.919 0.0000000000
46319  40.083  -34.261  75.678 0.0000000000
46334  40.564  -33.888  75.053 0.0000000000
47145  40.764  -33.300  74.736 0.0000000000
46333  41.127  -33.711  74.641 0.0000000000
46345  42.526  -33.787  73.527 0.0000000000
120763  43.133  -33.725  73.050 0.0000000000
45443  43.202  -35.801  72.803 0.0000000000
40443  27.369  -41.839  76.751 0.0000000000
40419  27.370  -41.920  77.784 0.0000000000
39586  28.356  -42.637  77.574 0.0000000000
38743  28.673  -43.464  77.960 0.0000000000
51448  45.240  -28.180  62.551 0.0000000000
51447  46.205  -28.561  62.784 0.0000000000
104333  47.011  -29.593  62.823 0.0000000000
49727  48.513  -30.444  62.351 0.0000000000
50579  49.949  -29.142  63.886 0.0000000000
50578  51.172  -29.413  64.172 0.0000000000
51419  50.477  -28.851  64.621 0.0000000000
51404  50.418  -28.766  65.050 0.0000000000
50548  50.257  -28.946  65.465 0.0000000000
48851  47.508  -31.378  65.461 0.0000000000
48037  46.880  -32.312  65.236 0.0000000000
48852  46.577  -31.544  65.815 0.0000000000
48025  46.248  -32.414  66.144 0.0000000000
47216  46.404  -33.582  66.314 0.0000000000
39598  34.075  -42.203  76.631 0.0000000000
40431  34.398  -41.501  76.718 0.0000000000
40430  35.134  -41.520  76.540 0.0000000000
40429  35.690  -41.056  76.359 0.0000000000
39623  38.907  -42.945  74.718 0.0000000000
41237  38.655  -40.412  74.556 0.0000000000
42009  38.684  -39.461  74.209 0.0000000000
41246  39.340  -40.129  73.976 0.0000000000
41245  39.999  -40.653  73.717 0.0000000000
37036  31.086  -45.397  73.802 0.0000000000
37949  32.144  -44.643  73.683 0.0000000000
38782  32.613  -43.827  73.684 0.0000000000
38776  32.753  -43.637  74.819 0.0000000000
37915  33.310  -44.508  75.863 0.0000000000
37010  34.407  -45.901  76.166 0.0000000000
55612  56.760  -21.774  54.178 0.0000000000
117315  56.454  -22.460  54.203 0.0000000000
53867  54.462  -24.766  56.827 0.0000000000
53046  48.895  -26.337  59.552 0.0000000000
53052  48.352  -25.833  59.090 0.0000000000
53836  49.813  -24.940  59.374 0.0000000000
53835  50.775  -24.577  59.778 0.0000000000
53824  51.539  -24.503  60.096 0.0000000000
53823  52.321  -24.681  60.128 0.0000000000
51502  53.064  -29.106  58.732 0.0000000000
51513  53.364  -28.376  58.800 0.0000000000
51515  51.242  -28.721  57.570 0.0000000000
43571  33.651  -37.538  75.892 0.0000000000
46349  37.435  -34.768  73.776 0.0000000000
45434  36.533  -35.303  73.676 0.0000000000
109102  37.103  -35.586  72.658 0.0000000000
116909  37.279  -35.880  71.623 0.0000000000
48783  41.584  -31.671  71.644 0.0000000000
47191  41.270  -32.855  71.019 0.0000000000
48001  41.708  -32.215  70.595 0.0000000000
48000  42.065  -31.626  70.246 0.0000000000
113774  42.243  -31.768  69.513 0.0000000000
48819  42.584  -31.466  68.238 0.0000000000
104919  42.475  -31.236  69.121 0.0000000000
49627  43.296  -29.730  69.305 0.0000000000
50511  43.809  -29.099  68.861 0.0000000000
50496  44.110  -29.122  69.953 0.0000000000
50483  44.515  -29.409  70.902 0.0000000000
49610  45.556  -29.969  71.193 0.0000000000
47183  45.499  -34.048  71.225 0.0000000000
47189  46.417  -34.034  70.019 0.0000000000
46379  46.828  -34.569  69.391 0.0000000000
45480  46.880  -35.569  69.253 0.0000000000
103251  25.480  -41.583  76.098 0.0000000000
40433  25.259  -41.514  77.292 0.0000000000
40420  26.658  -41.917  78.315 0.0000000000
39577  26.657  -42.241  78.631 0.0000000000
38734  26.588  -43.097  78.708 0.0000000000
52282  45.928  -27.760  63.204 0.0000000000
52270  47.395  -27.329  64.202 0.0000000000
52259  48.617  -27.629  65.158 0.0000000000
52260  47.925  -27.260  64.883 0.0000000000
52253  48.276  -27.513  65.570 0.0000000000
101505  47.928  -27.517  66.206 0.0000000000
109707  47.315  -27.325  66.218 0.0000000000
51380  47.498  -28.017  67.475 0.0000000000
50520  47.234  -28.949  68.272 0.0000000000
116521  47.142  -29.336  68.736 0.0000000000
38762  36.862  -43.785  75.442 0.0000000000
38766  29.294  -43.509  75.348 0.0000000000
38777  29.433  -43.685  74.299 0.0000000000
36997  30.449  -46.206  76.664 0.0000000000
120744  30.733  -46.177  75.441 0.0000000000
36174  31.343  -46.283  75.197 0.0000000000
36158  32.753  -46.553  76.131 0.0000000000
35280  33.242  -48.023  76.809 0.0000000000
34404  33.237  -48.667  76.552 0.0000000000
56471  55.728  -22.618  55.982 0.0000000000
55586  55.856  -23.002  56.073 0.0000000000
54746  55.463  -23.320  56.619 0.0000000000
53854  53.735  -25.484  56.963 0.0000000000
50641  48.085  -29.497  59.766 0.0000000000
51489  49.321  -28.259  59.837 0.0000000000
50640  53.816  -29.648  59.994 0.0000000000
50652  52.384  -29.683  58.600 0.0000000000
102644  51.517  -30.060  58.489 0.0000000000
44465  36.436  -36.348  76.487 0.0000000000
102974  36.597  -35.766  76.491 0.0000000000
121559  37.080  -35.903  76.661 0.0000000000
46309  37.686  -35.012  76.770 0.0000000000
46322  37.635  -34.552  76.097 0.0000000000
111546  38.383  -34.127  75.786 0.0000000000
46336  37.490  -34.369  75.076 0.0000000000
46348  38.313  -34.269  73.580 0.0000000000
46359  38.708  -34.681  72.636 0.0000000000
45444  39.159  -35.069  71.891 0.0000000000
46366  39.924  -34.633  71.535 0.0000000000
46358  39.407  -34.152  72.497 0.0000000000
46357  40.021  -33.360  72.367 0.0000000000
47975  40.420  -32.211  72.809 0.0000000000
47160  40.457  -32.593  74.352 0.0000000000
47961  40.552  -32.039  73.662 0.0000000000
47988  41.005  -31.917  72.192 0.0000000000
48770  41.744  -31.336  72.728 0.0000000000
48769  42.540  -31.166  72.986 0.0000000000
48781  43.155  -30.799  72.437 0.0000000000
110057  43.801  -30.920  72.573 0.0000000000
48767  43.991  -31.492  72.637 0.0000000000
47971  44.302  -32.650  72.301 0.0000000000
47171  44.369  -33.927  72.212 0.0000000000
47184  44.902  -33.583  71.779 0.0000000000
46364  45.131  -34.636  71.766 0.0000000000
39626  28.588  -42.360  74.956 0.0000000000
39613  28.876  -42.704  75.396 0.0000000000
37898  29.517  -44.774  77.119 0.0000000000
49742  50.319  -30.289  61.773 0.0000000000
48881  53.069  -30.946  62.331 0.0000000000
103641  52.546  -30.788  63.017 0.0000000000
48873  52.329  -31.381  63.611 0.0000000000
50564  51.359  -29.770  64.400 0.0000000000
48860  51.952  -31.261  64.306 0.0000000000
52252  49.168  -28.027  65.242 0.0000000000
49684  50.212  -29.907  65.699 0.0000000000
42011  32.851  -39.806  75.061 0.0000000000
42784  33.291  -38.402  76.101 0.0000000000
111511  33.762  -40.014  76.678 0.0000000000
41994  33.648  -39.399  76.505 0.0000000000
109152  33.834  -38.116  76.354 0.0000000000
42777  34.253  -38.285  76.484 0.0000000000
43554  34.869  -37.618  76.337 0.0000000000
43553  35.686  -37.064  76.368 0.0000000000
40440  36.732  -41.346  75.824 0.0000000000
40439  37.824  -41.692  75.410 0.0000000000
107280  36.337  -40.305  76.028 0.0000000000
42001  36.315  -39.425  76.010 0.0000000000
43570  36.206  -37.799  76.216 0.0000000000
43552  36.447  -36.899  76.405 0.0000000000
43569  37.073  -37.285  76.111 0.0000000000
43568  37.944  -36.646  75.981 0.0000000000
44489  38.923  -36.364  75.567 0.0000000000
105730  41.044  -36.675  73.768 0.0000000000
109541  42.415  -39.481  72.215 0.0000000000
42025  41.259  -40.200  72.543 0.0000000000
115455  41.900  -39.993  72.200 0.0000000000
37951  30.732  -44.725  73.247 0.0000000000
41240  33.090  -40.856  74.705 0.0000000000
41230  32.917  -41.095  75.773 0.0000000000
39599  33.462  -42.088  76.376 0.0000000000
38750  33.583  -42.838  76.338 0.0000000000
38749  34.677  -43.082  76.374 0.0000000000
37912  36.194  -44.423  75.578 0.0000000000
36157  33.739  -46.444  76.304 0.0000000000
37009  35.231  -45.924  75.823 0.0000000000
114669  22.206  -41.397  79.367 0.0000000000
56516  54.347  -22.292  51.696 0.0000000000
54720  53.282  -23.734  58.900 0.0000000000
54710  52.702  -23.921  59.526 0.0000000000
54709  53.516  -23.965  59.004 0.0000000000
53832  53.941  -24.509  58.592 0.0000000000
53843  53.947  -25.488  57.720 0.0000000000
53070  53.133  -26.167  57.201 0.0000000000
52310  52.928  -26.690  60.090 0.0000000000
53042  53.110  -26.341  59.742 0.0000000000
53072  50.958  -26.739  56.324 0.0000000000
50568  42.773  -29.866  64.292 0.0000000000
45416  35.996  -35.530  76.099 0.0000000000
111923  35.315  -35.530  74.515 0.0000000000
48830  42.618  -31.584  67.389 0.0000000000
108746  42.893  -30.826  65.959 0.0000000000
49688  43.145  -30.337  65.476 0.0000000000
50550  43.760  -29.699  65.781 0.0000000000
50549  44.343  -28.893  66.253 0.0000000000
51383  45.294  -27.921  68.132 0.0000000000
50510  44.686  -28.549  69.499 0.0000000000
51368  45.229  -28.117  69.097 0.0000000000
51367  46.174  -27.853  69.243 0.0000000000
51366  47.013  -27.987  69.042 0.0000000000
50509  47.091  -28.761  69.137 0.0000000000
49641  47.002  -29.697  69.113 0.0000000000
112751  44.595  -30.385  71.964 0.0000000000
49595  45.084  -30.498  71.736 0.0000000000
48796  45.721  -30.893  71.061 0.0000000000
47999  45.756  -32.119  70.793 0.0000000000
119723  46.169  -30.162  70.555 0.0000000000
49626  46.703  -30.276  69.766 0.0000000000
48818  46.753  -30.794  68.699 0.0000000000
48018  46.384  -32.960  67.188 0.0000000000
47209  46.874  -34.301  67.236 0.0000000000
104436  47.177  -34.452  68.278 0.0000000000
46396  47.423  -35.375  67.882 0.0000000000
43596  42.518  -36.985  72.935 0.0000000000
119779  43.052  -36.638  72.803 0.0000000000
44518  43.790  -36.735  72.616 0.0000000000
42807  43.433  -38.720  72.047 0.0000000000
109560  43.969  -37.996  72.208 0.0000000000
44517  44.574  -36.845  72.340 0.0000000000
44533  45.184  -36.900  71.888 0.0000000000
40442  33.134  -41.622  76.183 0.0000000000
41223  33.965  -40.791  76.874 0.0000000000
41995  33.257  -39.166  76.200 0.0000000000
42018  39.310  -39.391  73.777 0.0000000000
43551  37.100  -36.410  76.511 0.0000000000
43555  34.328  -37.641  76.224 0.0000000000
43614  44.674  -37.430  72.049 0.0000000000
44467  35.148  -36.607  76.043 0.0000000000
44468  34.428  -37.023  75.940 0.0000000000
44487  40.483  -36.074  74.474 0.0000000000
45417  35.241  -35.942  75.807 0.0000000000
45426  35.530  -35.462  75.385 0.0000000000
46335  38.223  -34.007  74.727 0.0000000000
48007  41.974  -32.535  69.630 0.0000000000
50567  43.481  -29.683  64.822 0.0000000000
51391  48.655  -27.985  66.034 0.0000000000
102159  39.400  -35.373  71.230 0.0000000000
108630  35.316  -37.878  76.413 0.0000000000
108673  37.452  -35.502  76.708 0.0000000000
110193  33.740  -38.760  76.460 0.0000000000
114393  36.166  -35.078  75.700 0.0000000000
119432  46.699  -35.889  69.406 0.0000000000
119513  44.128  -37.319  72.410 0.0000000000
120360  40.174  -33.823  75.422 0.0000000000
120380  40.138  -34.729  75.509 0.0000000000
121202  37.193  -35.371  76.621 0.0000000000
