#!ascii label  , from subject sub-v1s23x0050614_ses-1 vox2ras=TkReg
492
14419  -43.319  -69.383  -34.065 0.0000000000
19215  -44.467  -63.302  -43.112 0.0000000000
17182  -39.829  -66.707  -30.266 0.0000000000
17257  -45.481  -67.147  -39.035 0.0000000000
17224  -37.928  -66.235  -34.951 0.0000000000
14343  -41.326  -69.533  -28.460 0.0000000000
21673  -37.847  -61.565  -25.303 0.0000000000
24399  -31.961  -59.054  -25.919 0.0000000000
18172  -37.394  -64.674  -29.128 0.0000000000
17198  -38.700  -66.873  -32.616 0.0000000000
19084  -35.246  -64.824  -31.173 0.0000000000
18115  -40.112  -64.728  -25.858 0.0000000000
18958  -36.289  -63.920  -25.240 0.0000000000
28252  -32.663  -54.835  -26.024 0.0000000000
25364  -33.557  -57.174  -27.491 0.0000000000
16305  -40.909  -67.519  -38.858 0.0000000000
18289  -45.521  -64.993  -41.931 0.0000000000
16380  -44.162  -66.862  -45.001 0.0000000000
17388  -44.368  -65.460  -47.749 0.0000000000
106984  -43.844  -67.630  -31.636 0.0000000000
15350  -45.314  -68.232  -36.721 0.0000000000
102181  -41.211  -66.293  -36.185 0.0000000000
18256  -40.995  -65.043  -38.728 0.0000000000
112827  -42.547  -66.256  -28.074 0.0000000000
18999  -39.867  -63.529  -27.022 0.0000000000
20809  -37.361  -61.706  -27.283 0.0000000000
115823  -33.598  -62.490  -25.388 0.0000000000
22569  -34.404  -60.631  -25.261 0.0000000000
23518  -35.879  -59.376  -26.203 0.0000000000
23535  -36.671  -59.044  -28.093 0.0000000000
16341  -41.972  -67.400  -41.852 0.0000000000
21857  -40.559  -61.539  -40.594 0.0000000000
18302  -41.838  -65.143  -42.829 0.0000000000
16392  -37.990  -67.561  -44.283 0.0000000000
19928  -35.818  -63.072  -28.579 0.0000000000
19066  -36.293  -64.922  -30.131 0.0000000000
15348  -42.103  -68.525  -36.432 0.0000000000
19216  -45.358  -63.587  -43.126 0.0000000000
18318  -45.537  -64.665  -44.668 0.0000000000
18332  -44.728  -64.721  -46.079 0.0000000000
17373  -42.417  -66.115  -47.794 0.0000000000
18330  -42.753  -65.345  -44.941 0.0000000000
16235  -41.643  -67.351  -31.118 0.0000000000
16234  -40.926  -67.359  -31.933 0.0000000000
17205  -38.421  -66.725  -33.429 0.0000000000
16265  -40.046  -66.879  -34.255 0.0000000000
17225  -39.453  -66.370  -35.369 0.0000000000
17245  -41.537  -65.742  -37.580 0.0000000000
18226  -39.545  -65.660  -36.852 0.0000000000
15287  -43.675  -68.500  -28.840 0.0000000000
15269  -42.694  -67.728  -27.818 0.0000000000
19869  -39.125  -63.007  -25.465 0.0000000000
18981  -40.585  -64.217  -26.330 0.0000000000
20811  -38.838  -62.166  -26.265 0.0000000000
19910  -38.481  -62.674  -27.144 0.0000000000
20810  -38.217  -61.538  -26.470 0.0000000000
21668  -32.823  -61.159  -25.346 0.0000000000
20761  -34.118  -62.056  -24.877 0.0000000000
111578  -33.381  -59.702  -25.829 0.0000000000
25365  -34.440  -57.444  -27.677 0.0000000000
24412  -34.592  -58.613  -26.766 0.0000000000
24420  -35.648  -58.397  -27.256 0.0000000000
23527  -36.660  -59.119  -27.317 0.0000000000
16309  -45.539  -67.874  -38.316 0.0000000000
16316  -43.404  -67.640  -39.418 0.0000000000
16327  -44.057  -67.069  -40.682 0.0000000000
15447  -42.714  -68.666  -45.117 0.0000000000
21841  -39.124  -61.265  -40.568 0.0000000000
19198  -40.874  -63.927  -41.921 0.0000000000
17323  -38.236  -66.999  -42.834 0.0000000000
103522  -38.323  -65.489  -29.480 0.0000000000
16233  -39.928  -67.244  -31.840 0.0000000000
17180  -37.503  -66.026  -30.958 0.0000000000
17192  -36.658  -65.787  -31.599 0.0000000000
18192  -36.326  -65.911  -33.061 0.0000000000
16186  -41.233  -67.102  -27.060 0.0000000000
18113  -38.537  -64.579  -25.496 0.0000000000
19867  -37.150  -63.079  -24.858 0.0000000000
25355  -31.759  -57.532  -26.169 0.0000000000
110677  -32.764  -58.217  -26.598 0.0000000000
26339  -32.662  -56.374  -27.018 0.0000000000
26355  -33.987  -55.990  -28.143 0.0000000000
115512  -35.240  -55.748  -28.889 0.0000000000
18258  -44.766  -66.200  -40.484 0.0000000000
17327  -44.278  -66.588  -42.097 0.0000000000
17328  -45.322  -65.973  -42.815 0.0000000000
16409  -44.379  -66.413  -47.474 0.0000000000
15496  -42.164  -68.092  -48.152 0.0000000000
16438  -41.756  -67.799  -48.130 0.0000000000
15476  -39.599  -68.687  -47.155 0.0000000000
14515  -38.720  -68.354  -46.100 0.0000000000
14407  -45.193  -68.791  -32.954 0.0000000000
15331  -45.088  -68.698  -34.991 0.0000000000
16278  -45.023  -67.676  -35.752 0.0000000000
17236  -44.603  -66.920  -37.083 0.0000000000
16256  -40.606  -67.196  -33.506 0.0000000000
17228  -42.456  -66.574  -35.916 0.0000000000
17246  -43.393  -66.297  -37.502 0.0000000000
18242  -43.025  -65.656  -38.982 0.0000000000
19163  -42.903  -64.947  -39.968 0.0000000000
20052  -43.407  -62.982  -40.966 0.0000000000
15307  -44.817  -68.278  -31.033 0.0000000000
16223  -43.385  -67.576  -29.865 0.0000000000
17169  -41.554  -66.211  -28.816 0.0000000000
18150  -41.741  -65.407  -26.902 0.0000000000
18162  -41.484  -65.062  -27.415 0.0000000000
17168  -39.905  -65.483  -28.823 0.0000000000
19024  -37.971  -64.151  -28.345 0.0000000000
19929  -36.683  -63.304  -28.215 0.0000000000
20808  -36.225  -61.653  -27.762 0.0000000000
19887  -34.484  -63.567  -25.704 0.0000000000
20763  -35.621  -62.395  -24.710 0.0000000000
21671  -36.151  -61.476  -24.812 0.0000000000
23516  -33.890  -59.210  -26.214 0.0000000000
23501  -35.175  -59.955  -25.632 0.0000000000
22590  -37.134  -60.204  -26.026 0.0000000000
22597  -37.345  -60.204  -26.965 0.0000000000
22606  -36.651  -59.648  -27.666 0.0000000000
16295  -42.452  -68.112  -37.939 0.0000000000
103220  -41.534  -67.423  -40.366 0.0000000000
16378  -42.794  -67.622  -43.507 0.0000000000
14488  -41.846  -69.855  -43.482 0.0000000000
18233  -38.710  -64.960  -37.720 0.0000000000
20024  -40.991  -63.479  -39.409 0.0000000000
20955  -43.109  -62.621  -41.476 0.0000000000
108436  -42.054  -62.547  -41.711 0.0000000000
18303  -42.778  -64.472  -43.325 0.0000000000
101160  -41.687  -66.034  -44.426 0.0000000000
16394  -39.621  -67.095  -45.072 0.0000000000
20820  -35.555  -62.245  -28.319 0.0000000000
19938  -35.450  -63.571  -29.352 0.0000000000
101166  -42.117  -68.791  -35.656 0.0000000000
19232  -45.047  -63.849  -43.896 0.0000000000
19243  -45.232  -64.525  -44.844 0.0000000000
18317  -44.466  -64.370  -44.694 0.0000000000
119450  -43.797  -64.754  -45.272 0.0000000000
18316  -43.292  -64.788  -44.220 0.0000000000
16221  -41.164  -67.127  -30.425 0.0000000000
116937  -40.580  -67.225  -31.171 0.0000000000
17214  -38.159  -66.521  -34.226 0.0000000000
101923  -38.761  -66.440  -34.862 0.0000000000
17234  -39.494  -66.061  -36.120 0.0000000000
18217  -38.583  -66.055  -35.688 0.0000000000
14359  -41.884  -70.426  -28.888 0.0000000000
14344  -42.392  -69.347  -28.510 0.0000000000
120001  -42.772  -68.522  -28.248 0.0000000000
15285  -41.991  -68.642  -28.035 0.0000000000
20766  -38.756  -62.411  -25.616 0.0000000000
19889  -39.426  -62.772  -25.938 0.0000000000
20789  -38.387  -61.767  -25.742 0.0000000000
24398  -31.459  -58.280  -25.848 0.0000000000
102353  -31.156  -58.996  -25.543 0.0000000000
23498  -31.718  -59.750  -25.606 0.0000000000
22567  -32.333  -60.461  -25.565 0.0000000000
23499  -32.614  -59.775  -25.737 0.0000000000
22568  -33.355  -60.474  -25.469 0.0000000000
25370  -34.971  -57.022  -28.165 0.0000000000
25366  -35.338  -57.724  -27.789 0.0000000000
24430  -36.143  -58.014  -27.988 0.0000000000
25371  -35.815  -57.354  -28.357 0.0000000000
16318  -45.423  -67.548  -38.849 0.0000000000
113838  -44.577  -67.379  -39.907 0.0000000000
16328  -45.263  -67.208  -39.408 0.0000000000
19197  -39.946  -64.341  -41.485 0.0000000000
17324  -39.653  -66.531  -42.386 0.0000000000
107285  -38.843  -66.702  -42.115 0.0000000000
118744  -37.664  -65.198  -29.485 0.0000000000
17181  -38.390  -66.124  -30.295 0.0000000000
103573  -37.582  -65.622  -30.105 0.0000000000
18179  -36.016  -65.233  -30.919 0.0000000000
17191  -36.938  -66.163  -32.660 0.0000000000
100972  -36.148  -65.725  -32.424 0.0000000000
18959  -37.339  -63.895  -25.185 0.0000000000
26331  -31.528  -56.742  -25.745 0.0000000000
27299  -32.052  -56.077  -26.071 0.0000000000
26338  -32.195  -56.772  -26.532 0.0000000000
118461  -32.401  -56.102  -26.642 0.0000000000
27318  -34.454  -55.372  -28.482 0.0000000000
16325  -40.429  -67.850  -40.691 0.0000000000
104268  -45.062  -65.733  -41.252 0.0000000000
17303  -45.261  -66.050  -41.684 0.0000000000
17304  -45.634  -65.361  -42.449 0.0000000000
17375  -45.157  -65.100  -46.575 0.0000000000
17359  -44.890  -65.897  -46.288 0.0000000000
17374  -44.705  -65.471  -47.385 0.0000000000
16439  -42.925  -67.276  -48.369 0.0000000000
119981  -42.374  -67.545  -48.327 0.0000000000
102791  -41.281  -66.350  -46.552 0.0000000000
17372  -41.526  -66.671  -47.588 0.0000000000
16407  -40.679  -66.902  -46.772 0.0000000000
15462  -39.653  -67.881  -46.644 0.0000000000
16406  -39.936  -67.277  -46.062 0.0000000000
16238  -45.083  -68.016  -32.296 0.0000000000
15323  -45.258  -68.421  -33.507 0.0000000000
16277  -44.109  -67.259  -35.405 0.0000000000
121285  -43.213  -66.952  -35.467 0.0000000000
17199  -39.425  -67.140  -32.444 0.0000000000
16248  -40.222  -67.299  -32.646 0.0000000000
16255  -39.462  -67.055  -33.310 0.0000000000
17217  -41.251  -66.659  -35.181 0.0000000000
17235  -43.290  -66.528  -36.667 0.0000000000
106365  -42.121  -66.182  -36.867 0.0000000000
17255  -43.991  -66.206  -38.463 0.0000000000
107983  -40.888  -65.393  -38.098 0.0000000000
18241  -41.743  -65.443  -38.463 0.0000000000
18257  -41.983  -65.062  -39.285 0.0000000000
19182  -43.898  -63.849  -40.987 0.0000000000
103189  -42.031  -63.912  -39.850 0.0000000000
16203  -43.208  -67.501  -28.363 0.0000000000
16224  -44.045  -67.983  -29.567 0.0000000000
17160  -42.939  -66.984  -28.461 0.0000000000
16209  -42.732  -67.163  -29.297 0.0000000000
17170  -42.406  -66.651  -28.810 0.0000000000
17128  -40.374  -65.634  -26.291 0.0000000000
17144  -41.735  -66.158  -26.840 0.0000000000
17129  -41.202  -65.493  -26.559 0.0000000000
19000  -40.647  -64.065  -26.827 0.0000000000
18148  -41.172  -64.569  -27.119 0.0000000000
103029  -40.697  -64.477  -27.447 0.0000000000
17158  -40.952  -65.424  -28.299 0.0000000000
19026  -40.048  -64.301  -27.654 0.0000000000
18160  -39.233  -65.033  -28.649 0.0000000000
19025  -39.003  -64.225  -28.003 0.0000000000
104947  -38.165  -62.061  -26.980 0.0000000000
19930  -37.669  -63.422  -27.881 0.0000000000
19909  -37.387  -62.651  -27.544 0.0000000000
20821  -36.377  -62.478  -27.869 0.0000000000
20788  -34.225  -62.846  -25.220 0.0000000000
21670  -34.680  -61.282  -24.892 0.0000000000
20762  -34.765  -62.485  -24.841 0.0000000000
113952  -35.103  -61.831  -24.719 0.0000000000
117350  -35.531  -61.168  -24.896 0.0000000000
25357  -33.093  -57.735  -27.037 0.0000000000
24411  -33.499  -58.464  -26.679 0.0000000000
24413  -35.518  -58.905  -26.620 0.0000000000
23517  -34.876  -59.331  -26.145 0.0000000000
22589  -36.228  -59.962  -25.738 0.0000000000
21691  -37.661  -60.605  -26.224 0.0000000000
23519  -36.775  -59.519  -26.664 0.0000000000
21701  -36.244  -60.785  -27.884 0.0000000000
118423  -44.596  -68.584  -36.543 0.0000000000
15349  -43.573  -68.576  -36.857 0.0000000000
15361  -43.709  -68.409  -37.691 0.0000000000
16326  -42.452  -67.223  -40.982 0.0000000000
115543  -41.248  -67.617  -41.218 0.0000000000
16340  -41.105  -68.133  -41.846 0.0000000000
15409  -41.407  -68.804  -42.434 0.0000000000
110210  -43.654  -67.020  -43.954 0.0000000000
17342  -43.824  -66.698  -43.111 0.0000000000
16379  -43.322  -67.635  -44.386 0.0000000000
14517  -41.675  -69.825  -45.392 0.0000000000
15446  -42.320  -69.200  -44.310 0.0000000000
121441  -38.440  -65.421  -36.740 0.0000000000
18232  -38.011  -65.047  -37.097 0.0000000000
20051  -42.517  -62.806  -40.453 0.0000000000
20025  -41.733  -62.524  -39.860 0.0000000000
18288  -41.327  -64.593  -42.273 0.0000000000
20068  -41.431  -62.925  -41.951 0.0000000000
122169  -41.620  -63.563  -42.260 0.0000000000
20082  -42.433  -62.934  -42.307 0.0000000000
18315  -42.255  -65.428  -43.735 0.0000000000
17326  -41.358  -66.036  -43.212 0.0000000000
16377  -39.428  -66.840  -44.062 0.0000000000
16393  -38.823  -67.350  -44.610 0.0000000000
19022  -36.208  -63.854  -28.974 0.0000000000
18171  -37.019  -65.135  -29.796 0.0000000000
19048  -35.875  -64.288  -29.696 0.0000000000
19047  -35.250  -64.015  -29.966 0.0000000000
19065  -35.569  -64.604  -30.403 0.0000000000
27301  -32.987  -54.885  -26.810 0.0000000000
29190  -33.826  -53.646  -26.455 0.0000000000
16294  -41.169  -67.762  -38.065 0.0000000000
18290  -45.745  -64.452  -42.774 0.0000000000
18304  -45.729  -64.420  -43.656 0.0000000000
19233  -45.452  -64.220  -43.962 0.0000000000
18333  -45.261  -64.906  -45.886 0.0000000000
18347  -44.398  -65.024  -47.211 0.0000000000
17358  -43.538  -65.410  -47.619 0.0000000000
18331  -43.587  -64.992  -46.327 0.0000000000
107274  -42.230  -65.674  -46.223 0.0000000000
16236  -43.008  -67.523  -30.874 0.0000000000
109055  -42.278  -67.463  -31.978 0.0000000000
115211  -42.281  -67.431  -32.882 0.0000000000
16257  -41.814  -67.291  -33.652 0.0000000000
17215  -39.040  -66.721  -34.146 0.0000000000
17216  -40.174  -66.600  -35.003 0.0000000000
17226  -40.293  -66.355  -35.742 0.0000000000
17244  -41.082  -65.952  -36.893 0.0000000000
18227  -40.319  -65.998  -36.529 0.0000000000
18235  -40.385  -65.601  -37.398 0.0000000000
18234  -39.444  -65.288  -37.600 0.0000000000
15286  -43.287  -68.071  -28.331 0.0000000000
16188  -42.924  -66.870  -27.801 0.0000000000
18961  -39.300  -63.700  -25.469 0.0000000000
18962  -40.032  -63.752  -25.804 0.0000000000
19870  -39.698  -63.207  -25.792 0.0000000000
19890  -40.060  -63.387  -26.206 0.0000000000
19911  -39.397  -62.861  -26.533 0.0000000000
18998  -38.778  -63.435  -27.481 0.0000000000
21702  -37.776  -60.914  -26.704 0.0000000000
21667  -31.900  -61.053  -25.621 0.0000000000
21690  -33.228  -61.880  -25.260 0.0000000000
21669  -33.739  -61.295  -25.082 0.0000000000
24419  -33.961  -57.935  -27.204 0.0000000000
103302  -34.794  -58.034  -27.337 0.0000000000
23526  -36.262  -58.953  -26.877 0.0000000000
24421  -36.372  -58.678  -27.645 0.0000000000
24431  -36.687  -58.404  -28.510 0.0000000000
15363  -45.486  -68.085  -37.528 0.0000000000
16307  -43.914  -68.116  -38.627 0.0000000000
16308  -45.192  -68.031  -38.725 0.0000000000
16342  -43.324  -66.930  -41.559 0.0000000000
20952  -39.663  -62.399  -41.314 0.0000000000
113923  -40.294  -62.561  -41.498 0.0000000000
20953  -40.505  -61.916  -41.156 0.0000000000
111475  -40.526  -63.161  -41.728 0.0000000000
18287  -40.559  -65.068  -41.792 0.0000000000
18301  -41.001  -65.647  -42.358 0.0000000000
17325  -40.471  -66.349  -42.735 0.0000000000
17340  -39.043  -66.821  -43.077 0.0000000000
16376  -38.500  -67.140  -43.748 0.0000000000
111232  -39.252  -66.346  -30.025 0.0000000000
16220  -39.745  -67.015  -31.066 0.0000000000
102165  -39.027  -66.653  -30.778 0.0000000000
17193  -38.248  -66.486  -31.289 0.0000000000
118890  -38.244  -66.644  -32.051 0.0000000000
18180  -36.816  -65.498  -30.582 0.0000000000
109600  -37.553  -66.301  -31.882 0.0000000000
17197  -37.861  -66.546  -32.697 0.0000000000
17204  -37.468  -66.400  -33.553 0.0000000000
17212  -36.858  -66.109  -34.109 0.0000000000
15284  -40.874  -68.764  -28.031 0.0000000000
17127  -39.295  -65.871  -26.221 0.0000000000
18131  -38.903  -65.229  -25.769 0.0000000000
18960  -38.386  -63.805  -25.227 0.0000000000
19868  -38.247  -62.991  -25.066 0.0000000000
20765  -38.026  -62.216  -25.082 0.0000000000
24410  -32.154  -58.283  -26.275 0.0000000000
25356  -32.431  -57.576  -26.641 0.0000000000
25363  -32.801  -56.982  -27.127 0.0000000000
27310  -33.213  -55.399  -27.416 0.0000000000
26347  -33.284  -56.223  -27.582 0.0000000000
26348  -34.099  -56.693  -27.980 0.0000000000
26356  -34.676  -56.236  -28.422 0.0000000000
119061  -35.501  -56.588  -28.652 0.0000000000
17264  -45.130  -66.731  -39.587 0.0000000000
17280  -44.786  -66.551  -40.420 0.0000000000
17343  -44.674  -66.317  -43.938 0.0000000000
16397  -44.201  -67.021  -46.296 0.0000000000
15480  -42.943  -67.969  -47.732 0.0000000000
16423  -42.339  -67.034  -48.288 0.0000000000
15477  -40.619  -68.149  -47.633 0.0000000000
15494  -39.573  -69.309  -47.331 0.0000000000
14535  -38.695  -69.248  -46.884 0.0000000000
120585  -37.828  -69.513  -46.532 0.0000000000
14406  -44.390  -69.245  -33.231 0.0000000000
15330  -44.308  -69.062  -35.078 0.0000000000
14420  -44.833  -69.043  -34.305 0.0000000000
16270  -45.257  -68.199  -35.210 0.0000000000
16269  -44.728  -67.644  -34.905 0.0000000000
16279  -45.426  -68.090  -36.224 0.0000000000
16289  -45.259  -67.646  -36.645 0.0000000000
16296  -45.488  -67.641  -37.668 0.0000000000
17247  -45.073  -66.785  -38.073 0.0000000000
16249  -41.296  -67.358  -32.774 0.0000000000
16266  -41.035  -66.988  -34.312 0.0000000000
17256  -45.285  -66.773  -38.919 0.0000000000
17263  -44.499  -66.219  -39.244 0.0000000000
105454  -44.038  -65.805  -39.864 0.0000000000
103303  -42.902  -65.309  -39.489 0.0000000000
18272  -44.117  -65.050  -40.664 0.0000000000
19199  -44.742  -64.282  -41.454 0.0000000000
121211  -44.731  -63.432  -41.814 0.0000000000
20084  -44.609  -63.128  -42.504 0.0000000000
14392  -44.756  -69.137  -32.250 0.0000000000
14385  -45.147  -68.272  -31.891 0.0000000000
106183  -44.351  -67.864  -30.584 0.0000000000
15297  -44.059  -68.473  -29.376 0.0000000000
16222  -42.239  -67.309  -30.206 0.0000000000
16208  -41.776  -66.884  -29.576 0.0000000000
17183  -40.745  -66.730  -29.830 0.0000000000
15268  -41.657  -67.866  -27.523 0.0000000000
16187  -42.216  -66.876  -27.325 0.0000000000
17145  -42.313  -65.979  -27.325 0.0000000000
114608  -40.940  -64.640  -26.531 0.0000000000
18149  -41.534  -64.911  -26.949 0.0000000000
17159  -41.946  -65.621  -27.773 0.0000000000
111187  -40.142  -66.149  -29.370 0.0000000000
17167  -39.148  -65.821  -29.449 0.0000000000
18159  -38.212  -64.847  -28.859 0.0000000000
19023  -37.054  -64.030  -28.669 0.0000000000
19865  -35.006  -63.110  -25.027 0.0000000000
19866  -35.997  -63.153  -24.875 0.0000000000
20764  -36.922  -62.077  -24.745 0.0000000000
23515  -32.877  -58.991  -26.170 0.0000000000
23500  -34.174  -59.907  -25.713 0.0000000000
22570  -35.401  -60.612  -25.206 0.0000000000
22571  -36.359  -60.666  -25.258 0.0000000000
21672  -37.291  -60.977  -25.364 0.0000000000
21692  -38.027  -61.126  -25.965 0.0000000000
118552  -37.098  -60.935  -27.330 0.0000000000
15339  -43.603  -68.866  -35.947 0.0000000000
101058  -42.604  -68.367  -37.231 0.0000000000
16306  -42.208  -67.667  -38.716 0.0000000000
16315  -41.873  -67.447  -39.508 0.0000000000
16314  -40.652  -67.549  -39.709 0.0000000000
120668  -40.705  -68.021  -41.311 0.0000000000
17302  -44.581  -66.624  -41.222 0.0000000000
16359  -42.848  -67.101  -42.495 0.0000000000
15427  -42.752  -68.402  -44.325 0.0000000000
15410  -42.066  -68.847  -43.375 0.0000000000
19937  -34.618  -63.328  -29.854 0.0000000000
114147  -35.537  -65.351  -32.445 0.0000000000
18199  -36.124  -65.795  -33.772 0.0000000000
18216  -37.583  -65.782  -35.632 0.0000000000
109982  -38.094  -65.550  -36.340 0.0000000000
115880  -38.819  -65.364  -37.081 0.0000000000
18240  -40.107  -65.093  -38.258 0.0000000000
19135  -38.109  -64.528  -37.811 0.0000000000
18239  -39.310  -64.859  -38.146 0.0000000000
19162  -41.220  -64.473  -39.263 0.0000000000
20937  -43.641  -62.841  -41.513 0.0000000000
20069  -43.804  -62.767  -41.960 0.0000000000
113314  -41.221  -62.295  -41.457 0.0000000000
20935  -41.899  -62.116  -40.333 0.0000000000
20968  -42.912  -62.599  -41.825 0.0000000000
19214  -43.292  -63.425  -42.938 0.0000000000
19231  -43.957  -63.995  -43.685 0.0000000000
17357  -41.007  -66.395  -45.171 0.0000000000
17356  -40.144  -66.725  -44.741 0.0000000000
16395  -40.383  -66.774  -45.673 0.0000000000
16405  -39.155  -67.607  -45.558 0.0000000000
14393  -45.186  -68.626  -32.248 0.0000000000
14421  -45.168  -68.853  -33.726 0.0000000000
14549  -38.207  -69.994  -47.205 0.0000000000
15270  -43.123  -67.501  -28.031 0.0000000000
15300  -44.466  -68.360  -30.120 0.0000000000
15315  -45.274  -68.302  -32.669 0.0000000000
15332  -45.204  -68.561  -34.343 0.0000000000
15340  -45.004  -68.569  -35.851 0.0000000000
15351  -45.577  -68.011  -36.963 0.0000000000
15362  -44.767  -68.428  -37.250 0.0000000000
15373  -44.955  -68.277  -38.081 0.0000000000
15444  -37.563  -68.119  -44.716 0.0000000000
15479  -42.212  -68.572  -47.465 0.0000000000
16210  -43.397  -67.553  -29.007 0.0000000000
16211  -43.690  -67.996  -28.865 0.0000000000
16237  -44.870  -67.926  -31.612 0.0000000000
16288  -44.070  -66.999  -36.110 0.0000000000
16317  -44.903  -67.753  -39.239 0.0000000000
16358  -41.866  -67.893  -42.646 0.0000000000
16421  -40.328  -67.464  -47.021 0.0000000000
16422  -41.167  -67.308  -47.738 0.0000000000
16425  -44.286  -66.019  -48.054 0.0000000000
17143  -40.776  -66.390  -26.638 0.0000000000
17194  -38.998  -66.921  -31.731 0.0000000000
17203  -36.727  -66.117  -33.426 0.0000000000
17213  -37.488  -66.291  -34.346 0.0000000000
17248  -45.531  -67.332  -38.563 0.0000000000
17329  -45.833  -65.098  -43.118 0.0000000000
17360  -45.465  -65.091  -45.514 0.0000000000
18114  -39.430  -64.370  -25.576 0.0000000000
18132  -40.846  -64.835  -26.358 0.0000000000
18133  -41.252  -64.925  -26.649 0.0000000000
18161  -40.291  -64.901  -28.127 0.0000000000
18163  -41.877  -65.354  -27.201 0.0000000000
18185  -35.759  -65.351  -31.752 0.0000000000
18191  -35.753  -65.570  -33.055 0.0000000000
18209  -37.127  -65.994  -34.877 0.0000000000
18225  -38.830  -65.702  -36.469 0.0000000000
18348  -44.883  -65.051  -46.995 0.0000000000
19001  -41.040  -64.585  -26.710 0.0000000000
19049  -36.622  -64.509  -29.421 0.0000000000
19146  -40.473  -64.426  -38.917 0.0000000000
19181  -43.085  -63.951  -40.474 0.0000000000
19200  -45.254  -63.686  -42.258 0.0000000000
19213  -42.197  -63.970  -42.669 0.0000000000
20053  -44.172  -63.264  -41.503 0.0000000000
20070  -44.552  -63.063  -42.044 0.0000000000
20071  -45.029  -63.289  -42.525 0.0000000000
20083  -43.640  -62.917  -42.444 0.0000000000
20936  -42.822  -62.541  -40.973 0.0000000000
20954  -42.256  -62.289  -41.132 0.0000000000
21858  -41.303  -61.805  -40.584 0.0000000000
27291  -31.726  -56.008  -25.404 0.0000000000
27300  -32.481  -55.496  -26.371 0.0000000000
27309  -32.766  -55.745  -27.034 0.0000000000
102065  -42.990  -67.328  -40.152 0.0000000000
108972  -39.484  -66.600  -34.735 0.0000000000
112709  -40.961  -64.847  -27.666 0.0000000000
121874  -40.364  -67.009  -30.560 0.0000000000
121897  -40.619  -66.771  -34.689 0.0000000000
