#!ascii label  , from subject sub-v1s23x0050614_ses-1 vox2ras=TkReg
828
64550  13.009  -8.848  -46.734 0.2500000000
65406  13.131  -8.221  -47.439 0.2500000000
64558  13.542  -8.985  -47.491 0.7500000000
67895  10.812  -4.926  -47.483 0.2500000000
67078  11.446  -6.020  -47.137 0.1250000000
67904  11.251  -5.156  -47.919 0.3750000000
117211  12.027  -6.684  -47.351 0.2500000000
65407  12.651  -8.059  -46.880 0.2500000000
66267  13.297  -7.565  -48.219 0.7500000000
66259  12.604  -7.510  -47.413 0.3750000000
64568  14.029  -9.088  -48.131 0.8750000000
65418  13.730  -8.416  -48.165 0.8750000000
64567  14.496  -9.527  -48.556 0.8750000000
67894  11.677  -5.841  -47.661 0.3750000000
67086  12.400  -6.295  -48.115 0.3750000000
67085  13.121  -6.711  -48.567 0.8750000000
66268  12.664  -6.971  -47.943 0.7500000000
65436  14.928  -7.654  -49.938 1.0000000000
66277  13.839  -7.134  -49.019 1.0000000000
65426  14.653  -8.212  -49.342 1.0000000000
65427  14.088  -7.909  -48.804 0.8750000000
105835  15.154  -8.404  -49.730 1.0000000000
68659  10.926  -4.431  -48.055 0.2500000000
67903  12.195  -5.464  -48.454 0.7500000000
67912  13.059  -5.476  -49.167 0.8750000000
67096  13.623  -6.247  -49.293 0.8750000000
116825  12.897  -6.033  -48.707 0.7500000000
66289  14.968  -6.948  -50.307 1.0000000000
66276  14.395  -6.845  -49.778 1.0000000000
105708  14.194  -6.057  -49.972 1.0000000000
66287  16.215  -7.716  -50.482 1.0000000000
66288  15.526  -7.316  -50.454 1.0000000000
65435  15.637  -8.162  -50.185 1.0000000000
68640  10.987  -4.022  -46.904 0.1250000000
68671  11.740  -4.626  -48.536 0.6250000000
118148  13.228  -4.891  -49.641 1.0000000000
112949  12.572  -4.794  -49.125 0.8750000000
67922  13.717  -5.456  -49.826 1.0000000000
67920  16.447  -5.716  -50.979 1.0000000000
67114  15.780  -6.030  -50.915 1.0000000000
67108  14.750  -6.281  -50.395 1.0000000000
67921  14.414  -5.413  -50.496 1.0000000000
67106  16.211  -6.742  -50.750 1.0000000000
67095  17.624  -6.554  -50.231 1.0000000000
66286  17.065  -7.346  -50.430 1.0000000000
72695  13.190  -0.336  -50.349 0.2500000000
69483  10.838  -3.575  -47.996 0.2500000000
109803  11.458  -3.043  -48.538 0.3750000000
68680  11.618  -3.718  -48.666 0.5000000000
69511  13.145  -3.306  -50.108 1.0000000000
69501  12.478  -3.452  -49.429 0.6250000000
68693  12.982  -4.140  -49.756 1.0000000000
117606  14.707  -4.024  -51.214 1.0000000000
68703  13.945  -3.958  -50.823 1.0000000000
67930  15.674  -5.336  -51.142 1.0000000000
68702  15.531  -4.484  -51.323 1.0000000000
68690  17.020  -4.911  -51.016 1.0000000000
118860  17.467  -6.092  -50.421 1.0000000000
67918  17.732  -4.898  -50.485 1.0000000000
102582  18.565  -4.861  -49.865 1.0000000000
71905  13.346  -0.226  -50.839 0.5000000000
72696  13.120  -1.252  -49.795 0.3750000000
71894  13.021  -1.623  -49.672 0.3750000000
70333  12.443  -2.439  -49.238 0.5000000000
71108  12.948  -2.016  -49.712 0.5000000000
70358  13.703  -1.899  -51.017 0.8750000000
110149  13.798  -2.662  -50.922 1.0000000000
71121  15.104  -1.122  -51.886 1.0000000000
69519  15.530  -3.479  -51.473 1.0000000000
69521  14.161  -3.242  -51.069 1.0000000000
69517  17.132  -3.292  -51.293 1.0000000000
69518  16.382  -3.370  -51.514 1.0000000000
69508  18.364  -3.214  -50.235 1.0000000000
68688  18.141  -4.062  -50.372 1.0000000000
72703  13.444  0.434  -50.918 0.5000000000
109746  13.243  -1.191  -50.311 0.5000000000
71915  13.724  -0.187  -51.367 0.6250000000
119981  14.120  -0.071  -51.671 0.6250000000
71122  14.188  -1.053  -51.595 1.0000000000
108752  14.883  -1.769  -51.696 1.0000000000
71903  17.879  -1.043  -50.893 1.0000000000
70354  16.597  -2.575  -51.588 1.0000000000
114806  16.152  -2.005  -51.784 1.0000000000
71114  18.214  -1.743  -50.562 1.0000000000
119802  17.490  -2.917  -51.025 1.0000000000
70343  17.218  -2.464  -51.290 1.0000000000
71107  18.866  -1.634  -50.052 0.8750000000
70342  17.871  -2.544  -50.716 1.0000000000
69500  19.026  -3.050  -49.763 0.8750000000
108918  13.880  0.449  -51.487 0.5000000000
111179  14.311  0.436  -51.786 0.8750000000
109315  15.912  0.070  -52.110 1.0000000000
72711  16.801  -0.083  -51.768 1.0000000000
71120  15.883  -1.313  -51.849 1.0000000000
99303  18.158  0.347  -50.672 1.0000000000
71893  19.083  -0.797  -50.035 1.0000000000
114956  18.500  -1.134  -50.437 1.0000000000
72715  13.723  0.826  -51.238 0.5000000000
72713  14.496  1.006  -51.929 0.8750000000
112890  15.430  0.848  -52.182 1.0000000000
113381  17.255  2.075  -51.677 1.0000000000
72712  16.436  0.722  -52.031 1.0000000000
99486  18.658  2.927  -50.178 1.0000000000
113434  18.446  2.136  -50.350 1.0000000000
113235  19.116  2.340  -49.698 1.0000000000
99422  18.133  1.276  -50.683 1.0000000000
72693  19.338  0.575  -49.795 1.0000000000
114474  19.027  1.419  -49.899 1.0000000000
99496  15.735  5.283  -52.589 1.0000000000
99607  14.436  4.216  -51.495 0.3750000000
113318  15.282  4.495  -52.293 0.8750000000
113271  16.438  2.953  -52.111 1.0000000000
113333  18.256  3.507  -50.664 1.0000000000
99730  17.685  3.366  -51.299 1.0000000000
113370  14.733  6.251  -52.182 0.8750000000
99462  16.385  4.912  -52.447 1.0000000000
113337  16.474  5.792  -52.628 1.0000000000
113379  17.137  3.835  -51.794 1.0000000000
103833  18.394  4.114  -50.443 1.0000000000
99332  17.833  4.195  -51.154 1.0000000000
99760  17.154  6.191  -52.122 1.0000000000
102549  17.935  6.462  -50.731 1.0000000000
99326  17.550  5.904  -51.340 1.0000000000
99598  17.676  5.099  -51.266 1.0000000000
77130  16.249  6.567  -52.980 1.0000000000
105230  15.362  10.847  -49.090 0.1250000000
80642  16.009  11.572  -48.616 0.1250000000
79897  14.436  10.967  -50.463 0.2500000000
80660  14.829  11.625  -50.192 0.1250000000
80670  13.722  11.370  -51.773 0.3750000000
81317  14.681  12.390  -50.648 0.2500000000
80671  13.638  11.974  -52.287 0.5000000000
81329  13.995  12.408  -51.460 0.2500000000
81316  15.292  12.401  -49.950 0.2500000000
81962  14.481  13.270  -51.098 0.2500000000
81970  14.857  14.055  -50.949 0.2500000000
81344  13.469  12.923  -52.241 0.2500000000
81979  13.624  14.082  -52.362 0.2500000000
81980  13.063  13.393  -53.057 0.3750000000
107007  13.868  13.415  -51.692 0.2500000000
81989  12.935  13.723  -54.196 0.3750000000
81988  13.378  14.217  -53.251 0.2500000000
65394  12.645  -8.337  -46.599 0.1250000000
67066  11.686  -6.605  -46.978 0.1250000000
65434  16.737  -8.360  -50.342 1.0000000000
109374  15.001  0.264  -52.090 0.8750000000
113243  17.381  0.700  -51.414 1.0000000000
64536  13.260  -9.972  -46.115 0.1250000000
63734  13.965  -9.816  -47.654 0.6250000000
63733  14.584  -10.457  -48.323 0.7500000000
67067  11.421  -6.082  -47.047 0.1250000000
63745  15.094  -10.006  -49.056 1.0000000000
118676  12.428  -7.790  -45.728 0.1250000000
107124  15.511  -9.574  -49.536 1.0000000000
109400  17.529  -8.185  -50.036 1.0000000000
70311  10.816  -3.344  -47.982 0.3750000000
71868  12.312  -1.533  -48.207 0.2500000000
71098  11.979  -2.374  -48.741 0.2500000000
70331  19.274  -2.282  -49.644 0.8750000000
68678  18.818  -3.858  -49.817 0.8750000000
119251  19.669  -0.798  -49.489 0.8750000000
99699  14.288  3.500  -51.146 0.1250000000
99312  13.884  1.304  -51.323 0.3750000000
99304  15.356  2.223  -52.171 0.6250000000
71892  19.498  -0.159  -49.658 0.8750000000
99489  14.592  5.018  -51.674 0.5000000000
99507  14.991  5.441  -52.219 0.8750000000
99301  14.347  3.232  -51.346 0.3750000000
99333  14.833  3.681  -51.935 0.8750000000
99520  18.766  3.670  -50.003 1.0000000000
99331  18.784  4.427  -49.859 1.0000000000
99328  18.804  5.361  -49.724 1.0000000000
113276  15.602  5.936  -52.699 1.0000000000
99738  18.095  5.676  -50.535 1.0000000000
77749  15.144  7.300  -53.115 0.8750000000
77748  16.003  7.218  -53.432 1.0000000000
77746  17.071  7.239  -53.004 1.0000000000
102048  17.534  6.557  -51.440 1.0000000000
79882  16.429  10.968  -47.786 0.1250000000
110343  14.791  10.155  -49.432 0.1250000000
109556  13.463  9.906  -51.831 0.6250000000
120204  13.432  11.455  -53.276 0.5000000000
80650  15.312  11.644  -49.422 0.2500000000
80707  13.474  11.842  -53.822 0.5000000000
81955  15.697  13.227  -49.781 0.2500000000
81961  15.168  13.175  -50.468 0.2500000000
81359  12.994  12.771  -53.745 0.5000000000
81377  12.825  12.699  -54.870 0.5000000000
103178  15.398  13.847  -50.300 0.1250000000
81971  14.216  14.197  -51.654 0.2500000000
82625  13.870  14.723  -52.884 0.2500000000
81992  12.142  13.447  -55.651 0.3750000000
82636  13.489  14.636  -53.943 0.2500000000
116029  13.451  -9.514  -46.938 0.5000000000
66248  12.203  -7.457  -46.919 0.1250000000
65417  14.348  -8.697  -48.731 0.8750000000
64579  14.972  -9.057  -49.287 1.0000000000
64588  16.141  -8.750  -50.213 1.0000000000
118895  16.161  -8.261  -50.342 1.0000000000
68679  12.276  -4.140  -49.099 0.8750000000
68691  14.345  -4.611  -50.818 1.0000000000
67105  17.016  -6.372  -50.641 1.0000000000
118347  15.178  -5.778  -50.834 1.0000000000
67931  14.951  -4.987  -51.085 1.0000000000
70334  11.888  -2.565  -48.760 0.3750000000
69502  12.073  -2.910  -49.063 0.5000000000
70344  13.404  -2.596  -50.498 0.8750000000
108437  13.475  -3.843  -50.366 1.0000000000
67919  17.281  -5.641  -50.645 1.0000000000
68701  16.266  -4.804  -51.271 1.0000000000
115890  16.769  -4.119  -51.320 1.0000000000
68689  17.461  -4.131  -50.946 1.0000000000
71116  13.310  -1.866  -50.395 0.6250000000
71123  13.523  -1.024  -51.004 0.6250000000
70357  14.357  -2.327  -51.349 1.0000000000
70355  15.941  -2.627  -51.695 1.0000000000
107570  15.569  -1.865  -51.780 1.0000000000
69509  17.748  -3.364  -50.765 1.0000000000
70332  18.601  -2.406  -50.137 0.8750000000
68677  19.420  -4.389  -49.331 0.8750000000
71914  14.667  -0.312  -51.895 1.0000000000
71912  16.302  -0.743  -51.847 1.0000000000
71902  18.352  -0.468  -50.559 1.0000000000
71115  17.495  -1.734  -51.119 1.0000000000
71119  16.679  -1.687  -51.640 1.0000000000
71911  17.119  -0.929  -51.459 1.0000000000
71106  19.497  -1.482  -49.558 0.8750000000
113357  17.514  1.506  -51.363 1.0000000000
71910  17.573  -0.246  -51.105 1.0000000000
114924  18.731  0.741  -50.256 1.0000000000
71901  18.885  0.050  -50.178 1.0000000000
99615  14.852  1.617  -52.099 0.6250000000
99556  15.944  1.491  -52.210 1.0000000000
99298  16.431  2.204  -52.108 1.0000000000
99505  16.895  1.432  -51.900 1.0000000000
99789  16.995  2.611  -51.890 1.0000000000
99313  17.509  2.677  -51.436 1.0000000000
113359  18.078  2.782  -50.831 1.0000000000
99516  17.085  3.166  -51.810 1.0000000000
113419  15.753  2.750  -52.204 1.0000000000
117724  16.541  3.519  -52.088 1.0000000000
77131  15.386  6.694  -52.855 0.8750000000
99504  16.363  4.132  -52.246 1.0000000000
113293  17.130  4.594  -51.903 1.0000000000
99622  18.260  4.806  -50.490 1.0000000000
77129  16.813  6.633  -52.818 1.0000000000
113319  17.127  5.395  -52.057 1.0000000000
77747  16.656  7.250  -53.393 1.0000000000
116164  15.830  10.742  -48.488 0.1250000000
79888  14.887  10.873  -49.843 0.1250000000
108585  15.359  10.149  -48.782 0.1250000000
81309  15.802  12.458  -49.157 0.2500000000
80661  14.241  11.559  -50.905 0.2500000000
79889  14.155  10.192  -50.235 0.3750000000
79898  13.816  10.653  -51.151 0.5000000000
80695  13.270  12.168  -53.034 0.5000000000
80683  13.383  11.148  -52.812 0.7500000000
64549  13.241  -9.670  -46.310 0.2500000000
64527  13.792  -9.924  -45.348 0.1250000000
63712  13.516  -10.416  -45.998 0.1250000000
63721  13.667  -10.195  -46.749 0.6250000000
113264  14.117  1.706  -51.536 0.6250000000
99437  14.480  2.292  -51.728 0.7500000000
118798  14.376  2.730  -51.506 0.8750000000
99642  14.989  3.017  -51.969 1.0000000000
99593  15.689  3.491  -52.239 1.0000000000
78435  17.121  7.721  -53.611 1.0000000000
77737  17.309  7.056  -52.055 1.0000000000
79099  14.293  9.435  -49.740 0.3750000000
105578  13.644  9.510  -52.880 0.7500000000
79906  13.460  10.450  -52.281 0.7500000000
109570  13.627  9.844  -51.055 0.5000000000
79914  13.819  10.203  -53.352 0.7500000000
99980  13.420  14.759  -54.957 0.2500000000
99369  11.784  14.327  -57.261 0.3750000000
60441  16.673  -14.550  -47.962 0.7500000000
61261  17.922  -13.893  -48.136 0.7500000000
60442  15.627  -14.211  -47.710 0.7500000000
61263  15.594  -13.451  -48.069 0.7500000000
61270  17.372  -13.456  -48.448 0.7500000000
61262  16.448  -13.676  -48.312 0.7500000000
62118  17.714  -12.794  -48.588 0.7500000000
62119  16.839  -12.880  -48.702 0.7500000000
62919  14.674  -11.388  -48.115 0.7500000000
62917  16.344  -12.073  -48.987 0.7500000000
119898  15.806  -11.588  -48.985 0.8750000000
62918  15.362  -12.029  -48.536 0.8750000000
115806  18.077  -12.193  -48.618 0.7500000000
106135  17.353  -12.212  -48.945 0.7500000000
62916  17.100  -11.512  -49.324 0.7500000000
62928  16.258  -11.132  -49.350 0.8750000000
63744  15.811  -10.290  -49.456 0.8750000000
63731  17.697  -10.863  -49.348 0.7500000000
62927  16.989  -10.860  -49.578 0.8750000000
64578  16.182  -9.546  -49.923 0.8750000000
63741  18.095  -10.090  -49.377 0.7500000000
63742  17.342  -10.253  -49.702 0.8750000000
64577  16.969  -9.671  -50.046 0.8750000000
65424  18.250  -8.233  -49.517 0.8750000000
114136  17.812  -8.825  -49.761 0.8750000000
66275  18.039  -7.282  -49.824 0.8750000000
67083  20.133  -5.962  -48.582 0.3750000000
67093  19.355  -6.020  -49.054 0.6250000000
67084  18.731  -6.661  -49.394 0.7500000000
67094  18.203  -6.420  -49.827 0.7500000000
67901  20.508  -5.104  -48.538 0.5000000000
67902  19.796  -5.174  -48.933 0.5000000000
67910  19.179  -5.252  -49.367 0.7500000000
69490  21.500  -3.844  -48.249 0.1250000000
68669  20.936  -4.402  -48.421 0.3750000000
68670  20.207  -4.369  -48.804 0.6250000000
109475  19.374  -3.576  -49.455 0.6250000000
69476  22.692  -3.482  -47.401 0.1250000000
69489  22.024  -3.466  -47.924 0.1250000000
70319  21.479  -2.926  -48.251 0.1250000000
70305  21.799  -2.073  -47.821 0.1250000000
71092  20.681  -1.746  -48.702 0.6250000000
71105  20.128  -1.240  -49.116 0.7500000000
107495  22.658  -1.974  -47.125 0.1250000000
71862  22.737  -0.307  -46.721 0.1250000000
71874  21.298  -0.563  -48.047 0.1250000000
111394  20.735  -0.917  -48.670 0.5000000000
71891  20.159  -0.367  -49.125 0.7500000000
72680  21.083  0.388  -48.000 0.5000000000
72681  20.370  0.382  -48.825 0.6250000000
72692  19.843  0.303  -49.340 0.7500000000
77738  14.429  7.147  -52.298 0.6250000000
77727  13.909  7.561  -51.260 0.5000000000
117410  20.642  1.752  -48.236 0.6250000000
113432  19.867  2.586  -49.078 0.6250000000
99311  20.891  2.812  -47.818 0.5000000000
99734  20.484  2.364  -48.385 0.6250000000
99640  20.403  3.117  -48.469 0.6250000000
99327  19.890  3.489  -49.031 0.7500000000
78438  14.592  7.763  -52.953 0.7500000000
113358  19.283  3.153  -49.579 0.8750000000
113371  19.915  4.253  -48.952 0.7500000000
113338  19.536  5.398  -49.154 0.8750000000
99630  18.596  6.424  -49.895 0.8750000000
99324  18.273  7.046  -50.372 0.8750000000
113272  21.470  3.243  -47.458 0.3750000000
99477  20.887  3.553  -47.915 0.5000000000
115984  20.933  4.385  -47.899 0.5000000000
99503  19.993  4.975  -48.805 0.6250000000
113417  22.696  4.414  -47.423 0.2500000000
99322  21.811  4.474  -47.476 0.3750000000
113372  20.594  5.133  -48.209 0.5000000000
78426  13.915  8.022  -52.155 0.6250000000
79130  14.267  8.475  -53.341 0.7500000000
78436  16.491  7.758  -54.054 0.8750000000
78415  17.698  7.853  -51.437 0.7500000000
99739  18.273  7.759  -50.565 0.8750000000
99675  19.362  6.112  -49.236 0.7500000000
99678  21.377  5.181  -47.715 0.3750000000
99318  20.948  5.863  -48.114 0.5000000000
77707  19.606  7.538  -49.148 0.7500000000
99605  22.338  5.182  -47.529 0.2500000000
79117  13.491  9.006  -51.858 0.6250000000
78437  15.358  7.768  -53.747 0.8750000000
105258  16.999  8.379  -54.170 0.7500000000
79107  17.644  8.583  -51.862 0.8750000000
78403  18.893  8.360  -50.102 0.7500000000
99310  19.946  6.797  -48.763 0.5000000000
117032  22.245  7.567  -48.332 0.2500000000
77705  21.527  7.303  -48.294 0.5000000000
100035  20.587  6.436  -48.396 0.5000000000
77086  22.842  5.893  -47.778 0.2500000000
79143  14.416  9.338  -54.035 0.7500000000
79128  16.556  9.264  -54.321 0.7500000000
79142  15.441  9.577  -54.531 0.7500000000
79127  17.280  9.294  -53.396 0.7500000000
79920  16.210  10.115  -54.465 0.7500000000
79116  17.638  9.293  -52.258 0.7500000000
119399  18.087  9.209  -51.496 0.7500000000
79905  18.224  9.882  -51.729 0.7500000000
78402  19.641  8.967  -49.701 0.5000000000
79105  19.515  9.815  -50.408 0.3750000000
78413  18.995  9.098  -50.372 0.6250000000
78392  21.694  8.090  -48.547 0.2500000000
78401  20.569  9.036  -49.159 0.3750000000
79097  20.314  9.703  -49.772 0.3750000000
79921  15.328  10.264  -54.548 0.7500000000
80682  16.605  10.868  -53.910 0.7500000000
80681  17.424  11.052  -52.930 0.7500000000
79911  18.284  10.665  -52.104 0.6250000000
79895  19.853  10.564  -50.799 0.3750000000
79896  19.023  10.376  -51.273 0.3750000000
78399  22.544  8.973  -48.898 0.1250000000
79886  21.820  10.235  -49.861 0.1250000000
79887  20.907  10.254  -50.000 0.2500000000
79922  14.477  10.116  -54.243 0.6250000000
80693  14.529  10.841  -54.330 0.7500000000
110901  15.959  10.551  -54.604 0.6250000000
80669  19.033  11.130  -51.801 0.3750000000
79912  17.626  10.114  -52.585 0.7500000000
79903  20.357  11.146  -51.199 0.2500000000
79904  19.585  10.959  -51.320 0.3750000000
79901  23.716  10.676  -51.294 0.1250000000
79892  22.374  10.727  -50.497 0.1250000000
79094  23.172  9.470  -49.388 0.1250000000
80694  13.850  10.939  -53.614 0.6250000000
80704  15.575  11.508  -54.799 0.3750000000
107526  15.366  10.773  -54.616 0.3750000000
80691  16.993  11.558  -53.792 0.3750000000
110746  19.375  12.397  -53.459 0.2500000000
80680  18.421  11.443  -52.464 0.3750000000
80677  21.448  11.751  -52.144 0.1250000000
80678  20.574  11.655  -51.891 0.3750000000
106055  19.793  11.441  -51.753 0.3750000000
109733  24.284  10.193  -51.744 0.1250000000
80668  21.186  11.395  -51.423 0.1250000000
104221  12.804  12.427  -55.881 0.3750000000
119452  13.947  11.299  -54.008 0.3750000000
80705  14.751  11.445  -54.736 0.3750000000
81375  15.125  12.151  -55.494 0.3750000000
81372  17.863  12.556  -54.647 0.3750000000
81358  16.496  11.933  -54.459 0.3750000000
81356  18.509  12.461  -53.886 0.3750000000
81343  18.876  12.063  -52.960 0.3750000000
81357  17.427  12.210  -54.083 0.3750000000
80689  22.806  11.994  -53.143 0.1250000000
81341  20.692  12.147  -52.703 0.1250000000
81355  20.158  12.490  -53.541 0.2500000000
80675  23.415  11.458  -52.566 0.1250000000
81403  14.109  13.146  -56.953 0.2500000000
81388  16.195  12.463  -56.161 0.2500000000
81385  18.756  12.802  -56.077 0.1250000000
81387  16.840  12.395  -55.788 0.3750000000
81374  16.133  12.142  -55.239 0.3750000000
81371  19.480  12.655  -54.273 0.1250000000
102978  18.671  12.730  -54.973 0.2500000000
81383  21.222  12.892  -55.345 0.1250000000
81404  12.337  14.037  -57.280 0.3750000000
81390  13.071  12.506  -56.622 0.3750000000
81402  15.289  12.810  -56.496 0.2500000000
81400  18.022  13.035  -56.840 0.1250000000
81382  22.759  12.809  -55.580 0.1250000000
118680  20.085  13.090  -56.662 0.1250000000
82012  17.302  14.041  -57.826 0.1250000000
82000  20.203  13.238  -57.423 0.1250000000
82002  18.252  13.512  -57.715 0.1250000000
108987  21.796  13.151  -56.919 0.1250000000
81397  22.801  13.003  -56.636 0.1250000000
63743  16.586  -10.317  -49.714 0.8750000000
66266  18.782  -7.527  -49.207 0.6250000000
73481  20.509  1.118  -48.459 0.6250000000
99559  19.397  4.720  -49.329 0.8750000000
99726  21.846  5.947  -47.784 0.3750000000
79129  15.655  8.538  -54.447 0.8750000000
77706  20.319  7.625  -48.718 0.5000000000
78394  20.020  8.300  -49.081 0.5000000000
111749  19.398  8.134  -49.532 0.7500000000
78393  20.834  8.301  -48.745 0.5000000000
81369  21.422  12.669  -54.438 0.1250000000
81401  17.131  12.803  -56.587 0.2500000000
82001  18.896  13.385  -57.734 0.1250000000
119068  20.945  13.091  -56.525 0.1250000000
70320  20.704  -2.583  -48.664 0.5000000000
69498  20.193  -2.975  -48.951 0.6250000000
69499  19.651  -2.952  -49.344 0.7500000000
73480  21.122  1.384  -47.627 0.3750000000
119655  21.378  1.913  -47.387 0.3750000000
100127  22.194  3.720  -47.325 0.2500000000
99319  18.870  7.450  -49.801 0.7500000000
81370  20.477  12.750  -54.618 0.1250000000
59616  17.084  -15.434  -47.619 0.7500000000
59618  16.021  -15.092  -47.485 0.7500000000
60432  15.243  -14.758  -47.117 0.7500000000
60433  14.661  -14.169  -46.934 0.7500000000
59615  18.069  -15.167  -47.516 0.7500000000
60439  18.398  -14.342  -47.619 0.7500000000
62122  14.638  -12.186  -47.780 0.6250000000
62121  15.130  -12.849  -48.012 0.7500000000
62109  18.439  -12.641  -48.211 0.6250000000
62915  17.957  -11.559  -48.939 0.7500000000
63730  18.537  -10.709  -48.766 0.6250000000
108594  18.671  -9.849  -48.921 0.6250000000
65416  18.890  -8.395  -48.943 0.5000000000
66264  20.021  -6.951  -48.462 0.3750000000
66265  19.421  -7.697  -48.671 0.5000000000
118176  20.791  -5.666  -48.252 0.1250000000
68668  21.555  -4.518  -48.153 0.1250000000
68667  22.205  -4.225  -47.813 0.1250000000
69475  23.613  -3.431  -46.873 0.1250000000
108271  23.740  -1.899  -46.686 0.1250000000
71073  24.241  -1.098  -46.711 0.1250000000
71861  23.752  -0.302  -46.682 0.1250000000
72669  21.825  0.811  -47.089 0.1250000000
73472  22.021  1.724  -47.063 0.2500000000
99599  21.583  2.473  -47.317 0.2500000000
78416  13.691  8.410  -50.995 0.5000000000
76400  23.500  5.749  -48.071 0.1250000000
99582  23.179  5.072  -47.660 0.2500000000
78389  24.117  7.639  -48.951 0.1250000000
78398  23.428  8.747  -49.011 0.1250000000
79101  24.265  9.404  -50.264 0.1250000000
79115  24.372  9.452  -51.070 0.1250000000
79909  24.207  10.576  -52.511 0.1250000000
79126  24.337  9.385  -51.990 0.1250000000
80703  24.012  11.832  -54.053 0.1250000000
80714  24.474  11.481  -55.172 0.1250000000
81302  16.586  12.470  -48.468 0.1250000000
99370  14.734  14.001  -56.816 0.2500000000
82014  15.984  14.137  -57.270 0.1250000000
82660  15.968  14.441  -56.969 0.1250000000
104525  19.462  13.459  -57.973 0.1250000000
102130  17.960  13.999  -58.084 0.1250000000
81999  21.061  13.239  -57.671 0.1250000000
81396  23.667  12.616  -56.743 0.1250000000
67911  17.938  -5.760  -50.143 0.7500000000
113435  19.592  1.837  -49.339 0.7500000000
72682  19.817  1.057  -49.205 0.7500000000
113363  14.357  5.804  -51.380 0.3750000000
64586  17.249  -8.979  -50.127 0.8750000000
63732  15.341  -11.013  -48.884 0.8750000000
107103  18.662  -5.829  -49.594 0.7500000000
70330  20.001  -2.178  -49.109 0.6250000000
99811  19.331  3.944  -49.449 0.8750000000
78425  17.362  7.800  -52.540 0.8750000000
77726  17.786  7.135  -51.047 0.8750000000
114178  11.806  12.808  -56.182 0.3750000000
99371  12.932  14.418  -56.051 0.1250000000
99365  12.742  14.243  -57.026 0.2500000000
60451  17.206  -14.074  -48.246 0.7500000000
60440  17.571  -14.609  -47.924 0.7500000000
61269  18.067  -13.264  -48.294 0.7500000000
61264  14.956  -13.523  -47.529 0.7500000000
62120  15.921  -12.863  -48.512 0.7500000000
62908  14.345  -11.610  -47.381 0.6250000000
64575  18.362  -9.169  -49.292 0.7500000000
64576  17.648  -9.520  -49.763 0.8750000000
120001  19.700  -6.460  -48.741 0.5000000000
104081  19.331  -6.889  -48.916 0.6250000000
67900  21.183  -5.087  -48.200 0.1250000000
69491  20.706  -3.530  -48.636 0.3750000000
69492  19.913  -3.629  -49.055 0.6250000000
70304  22.265  -2.790  -47.589 0.1250000000
70303  23.162  -2.717  -46.992 0.1250000000
106912  21.191  -2.155  -48.353 0.5000000000
71091  21.289  -1.428  -48.192 0.1250000000
71090  22.072  -1.102  -47.374 0.1250000000
71074  23.193  -1.126  -46.683 0.1250000000
71863  21.842  -0.086  -47.214 0.1250000000
71875  20.739  -0.214  -48.578 0.6250000000
99297  20.134  1.786  -48.788 0.6250000000
113346  20.394  3.887  -48.461 0.6250000000
99758  19.260  6.863  -49.338 0.7500000000
113312  20.121  5.825  -48.650 0.5000000000
78414  18.281  8.658  -50.904 0.7500000000
99309  21.304  6.584  -48.128 0.3750000000
111005  17.367  8.509  -52.987 0.7500000000
117754  20.739  7.080  -48.414 0.5000000000
78391  22.681  8.213  -48.603 0.1250000000
116939  23.038  7.407  -48.312 0.1250000000
77095  22.322  6.782  -48.019 0.2500000000
77085  23.325  6.575  -48.130 0.1250000000
79913  17.060  10.205  -53.652 0.7500000000
79106  18.670  9.546  -50.964 0.6250000000
78400  21.584  8.950  -48.854 0.1250000000
79096  21.222  9.663  -49.439 0.3750000000
80692  16.139  11.140  -54.422 0.3750000000
79894  20.607  10.683  -50.573 0.3750000000
79095  22.202  9.607  -49.324 0.1250000000
79893  21.396  10.707  -50.435 0.1250000000
79103  22.824  10.145  -49.846 0.1250000000
80679  19.313  11.706  -52.304 0.3750000000
80690  17.870  11.869  -53.232 0.3750000000
80667  23.050  11.256  -51.679 0.1250000000
79910  23.922  10.931  -52.089 0.1250000000
79891  24.129  10.082  -50.767 0.1250000000
114663  22.453  11.151  -51.127 0.1250000000
80706  13.819  11.793  -54.652 0.3750000000
117781  20.024  11.858  -52.266 0.2500000000
80676  22.438  11.674  -52.351 0.1250000000
81340  21.776  12.115  -52.935 0.1250000000
81376  13.962  12.154  -55.511 0.3750000000
81386  17.784  12.597  -55.741 0.3750000000
81353  22.101  12.446  -53.794 0.1250000000
101175  22.241  12.706  -54.841 0.1250000000
81368  23.145  12.553  -54.935 0.1250000000
81354  21.107  12.492  -53.632 0.1250000000
80674  24.138  11.114  -52.888 0.1250000000
80688  23.735  11.651  -53.391 0.1250000000
82004  15.305  13.677  -56.921 0.2500000000
99367  13.347  13.415  -57.482 0.2500000000
104862  16.415  13.278  -56.909 0.2500000000
102252  19.553  12.819  -55.345 0.1250000000
104168  21.965  13.016  -55.940 0.1250000000
82013  16.620  13.904  -57.490 0.1250000000
82003  17.367  13.594  -57.538 0.1250000000
81384  19.505  12.971  -56.364 0.1250000000
81381  23.602  12.534  -55.718 0.1250000000
116343  20.305  12.921  -55.815 0.1250000000
82659  16.941  14.590  -57.092 0.1250000000
82666  16.844  14.218  -57.470 0.1250000000
58803  17.028  -16.351  -47.150 0.7500000000
59609  17.846  -15.958  -47.225 0.7500000000
59617  16.222  -15.887  -47.164 0.7500000000
62110  14.545  -12.860  -47.278 0.5000000000
64566  19.054  -9.219  -48.686 0.5000000000
72667  23.315  0.470  -46.704 0.1250000000
72666  24.204  0.539  -46.955 0.1250000000
72668  22.478  0.398  -46.782 0.1250000000
78390  23.610  7.953  -48.738 0.1250000000
80702  24.304  11.634  -54.594 0.1250000000
81367  23.800  12.180  -54.737 0.1250000000
59610  15.261  -15.412  -46.692 0.7500000000
58798  17.740  -16.727  -46.791 0.6250000000
60431  18.793  -14.844  -47.069 0.3750000000
60438  19.133  -14.069  -47.120 0.2500000000
65415  19.524  -8.539  -48.415 0.3750000000
79108  13.746  9.286  -50.562 0.2500000000
62108  19.163  -12.445  -47.632 0.5000000000
62907  18.718  -11.702  -48.245 0.5000000000
63720  19.271  -10.827  -48.022 0.3750000000
59607  19.243  -15.394  -46.542 0.5000000000
59608  18.511  -15.524  -47.004 0.6250000000
57975  17.726  -17.449  -46.368 0.6250000000
100999  14.313  -14.433  -46.030 0.3750000000
57976  16.860  -17.182  -46.612 0.6250000000
118019  15.583  -16.112  -46.559 0.6250000000
58789  18.991  -16.861  -46.043 0.3750000000
58797  18.604  -16.245  -46.616 0.5000000000
61254  14.255  -13.703  -46.180 0.2500000000
59598  19.995  -15.583  -46.001 0.3750000000
61253  19.644  -13.188  -47.001 0.2500000000
60430  19.388  -14.625  -46.717 0.2500000000
112807  14.163  -10.824  -47.336 0.3750000000
62906  19.521  -11.570  -47.579 0.3750000000
64565  19.641  -9.323  -48.132 0.2500000000
104555  12.005  -1.625  -46.718 0.1250000000
73493  13.604  0.809  -51.108 0.2500000000
101675  20.680  -7.289  -47.894 0.2500000000
99434  14.167  2.448  -51.274 0.3750000000
72685  13.437  -1.171  -49.263 0.1250000000
71082  11.673  -1.708  -47.436 0.2500000000
108662  13.821  -10.821  -46.514 0.2500000000
115282  14.755  -14.779  -46.537 0.5000000000
61260  18.694  -13.405  -47.724 0.5000000000
66258  20.059  -7.886  -48.157 0.2500000000
117431  14.464  -13.440  -46.869 0.3750000000
62909  14.074  -11.428  -46.679 0.2500000000
58799  16.217  -16.576  -46.721 0.6250000000
62101  14.266  -12.839  -46.334 0.3750000000
63729  19.200  -10.015  -48.404 0.2500000000
60429  19.830  -14.047  -46.594 0.2500000000
58796  19.436  -16.188  -46.102 0.3750000000
59611  14.471  -15.131  -45.898 0.3750000000
57974  18.331  -16.995  -46.383 0.5000000000
63719  19.854  -10.095  -47.703 0.2500000000
71062  12.127  -1.714  -45.984 0.1250000000
57190  16.351  -18.545  -45.689 0.5000000000
57965  18.541  -17.629  -45.921 0.2500000000
57188  18.307  -18.450  -45.619 0.3750000000
107209  17.818  -18.037  -45.999 0.5000000000
57967  16.197  -17.725  -46.055 0.5000000000
57191  15.284  -18.634  -45.226 0.3750000000
57968  15.260  -17.318  -45.688 0.5000000000
57977  16.002  -17.128  -46.320 0.5000000000
58800  15.422  -16.637  -46.146 0.3750000000
118484  14.552  -19.897  -44.532 0.1250000000
114144  14.743  -16.648  -45.516 0.2500000000
54812  15.267  -21.427  -44.434 0.1250000000
56414  15.434  -20.072  -44.923 0.2500000000
56413  16.524  -20.074  -45.125 0.3750000000
57179  18.828  -18.947  -45.070 0.2500000000
56423  16.972  -19.326  -45.466 0.3750000000
57189  17.420  -18.611  -45.761 0.5000000000
55592  14.748  -20.669  -44.415 0.1250000000
118786  15.912  -19.354  -45.278 0.3750000000
57181  14.443  -18.570  -44.614 0.1250000000
100084  14.398  -17.090  -44.983 0.1250000000
74233  22.519  2.497  -47.064 0.1250000000
58801  14.780  -15.958  -45.854 0.3750000000
57966  17.065  -17.967  -46.160 0.5000000000
57964  19.409  -17.400  -45.546 0.2500000000
107485  15.555  -18.031  -45.563 0.5000000000
56422  17.961  -19.221  -45.392 0.3750000000
57192  14.760  -17.893  -45.070 0.1250000000
55581  13.907  -20.037  -43.931 0.1250000000
57180  14.909  -19.321  -44.873 0.2500000000
56415  14.130  -19.285  -44.234 0.1250000000
55580  14.443  -21.372  -43.983 0.1250000000
113615  14.203  -17.703  -44.361 0.1250000000
55591  16.023  -20.936  -44.823 0.2500000000
107256  17.208  -20.702  -44.870 0.2500000000
62111  14.258  -12.167  -46.932 0.2500000000
56412  17.554  -19.948  -45.112 0.2500000000
112205  14.260  -12.496  -45.685 0.1250000000
77122  14.155  6.696  -51.374 0.1250000000
106599  13.930  7.134  -50.825 0.1250000000
77717  14.172  7.385  -49.688 0.1250000000
118244  14.141  8.417  -49.740 0.1250000000
77709  14.788  7.058  -49.127 0.1250000000
113409  14.199  5.769  -50.936 0.1250000000
78404  14.502  8.842  -49.482 0.1250000000
78387  16.172  8.588  -48.588 0.1250000000
99540  14.320  5.185  -51.162 0.1250000000
99305  13.998  0.980  -50.367 0.1250000000
60422  14.170  -14.786  -45.314 0.1250000000
62091  14.285  -13.242  -45.588 0.1250000000
99458  14.009  1.967  -51.190 0.1250000000
99329  14.134  4.446  -49.819 0.1250000000
99564  14.233  5.384  -49.714 0.1250000000
104611  14.583  5.701  -49.237 0.1250000000
77096  14.901  6.273  -48.975 0.1250000000
77700  16.383  7.675  -48.331 0.1250000000
79090  15.486  9.664  -48.619 0.1250000000
114877  13.816  7.998  -50.429 0.1250000000
78405  13.925  8.696  -50.046 0.1250000000
61245  14.211  -14.039  -45.442 0.1250000000
62898  13.852  -11.170  -46.061 0.1250000000
62102  14.110  -11.966  -46.172 0.1250000000
62078  14.339  -12.521  -45.469 0.1250000000
77113  14.112  6.347  -50.930 0.1250000000
77103  14.210  6.369  -49.642 0.1250000000
77716  14.584  8.582  -49.410 0.1250000000
77708  15.489  6.881  -48.614 0.1250000000
78395  14.959  9.010  -49.177 0.1250000000
108393  15.608  7.739  -48.914 0.1250000000
76392  15.474  6.167  -48.540 0.1250000000
78385  16.776  8.800  -48.037 0.1250000000
107815  19.638  -16.762  -45.714 0.1250000000
60421  19.955  -14.812  -46.311 0.1250000000
61252  20.306  -13.467  -46.419 0.1250000000
62897  19.950  -12.201  -47.055 0.1250000000
64548  21.149  -10.128  -46.703 0.1250000000
63718  20.446  -10.546  -47.091 0.1250000000
62905  19.842  -10.882  -47.480 0.1250000000
64555  21.219  -9.304  -46.899 0.1250000000
64557  20.157  -9.358  -47.672 0.1250000000
65403  21.332  -8.500  -47.159 0.1250000000
65404  20.671  -8.949  -47.405 0.1250000000
104389  20.699  -8.144  -47.644 0.1250000000
56411  18.512  -19.790  -44.775 0.1250000000
57956  19.888  -17.885  -44.958 0.1250000000
58787  20.826  -16.446  -45.210 0.1250000000
57963  20.254  -17.100  -45.222 0.1250000000
108424  20.631  -15.057  -45.862 0.1250000000
61244  20.640  -14.151  -46.078 0.1250000000
62099  21.168  -12.444  -46.057 0.1250000000
104361  20.700  -11.925  -46.540 0.1250000000
106987  21.071  -11.078  -46.516 0.1250000000
65393  21.892  -8.935  -46.717 0.1250000000
116507  21.181  -6.846  -47.717 0.1250000000
66257  21.440  -7.549  -47.417 0.1250000000
65402  22.065  -8.140  -46.909 0.1250000000
67077  20.766  -6.408  -48.066 0.1250000000
58788  20.126  -16.305  -45.646 0.1250000000
65405  20.104  -8.697  -47.892 0.1250000000
64556  20.578  -9.726  -47.219 0.1250000000
57187  19.120  -18.172  -45.343 0.1250000000
57178  19.634  -18.626  -44.702 0.1250000000
62100  20.457  -12.734  -46.491 0.1250000000
61243  20.952  -13.247  -46.013 0.1250000000
62896  20.239  -11.371  -47.047 0.1250000000
55589  19.160  -20.020  -44.217 0.1250000000
56410  19.384  -19.386  -44.443 0.1250000000
106980  21.290  -15.362  -45.462 0.1250000000
66256  22.328  -7.308  -47.099 0.1250000000
64587  16.672  -9.089  -50.204 1.0000000000
65425  15.577  -8.932  -49.856 1.0000000000
67107  15.409  -6.523  -50.647 1.0000000000
67879  11.068  -5.466  -47.251 0.2500000000
67896  10.691  -4.936  -47.580 0.1250000000
68641  10.834  -3.859  -47.172 0.2500000000
68660  10.606  -4.348  -47.806 0.1250000000
68692  13.727  -4.615  -50.281 1.0000000000
69484  10.649  -3.719  -47.921 0.2500000000
69510  13.626  -3.269  -50.656 1.0000000000
69520  14.779  -3.133  -51.345 1.0000000000
70296  10.847  -2.976  -47.009 0.3750000000
70345  12.856  -2.633  -49.772 0.5000000000
70356  15.198  -2.529  -51.576 1.0000000000
71063  11.515  -1.856  -46.491 0.2500000000
71064  11.071  -2.251  -47.105 0.3750000000
71109  12.467  -2.194  -49.122 0.5000000000
71882  13.038  -1.212  -48.308 0.1250000000
71883  12.643  -1.968  -49.200 0.2500000000
71904  13.575  0.331  -51.211 0.5000000000
71913  15.470  -0.513  -51.988 1.0000000000
72672  12.985  -1.478  -48.797 0.1250000000
72704  13.282  0.054  -50.498 0.5000000000
72714  13.998  1.012  -51.528 0.5000000000
73487  13.798  0.681  -50.462 0.2500000000
73498  13.767  1.054  -51.135 0.2500000000
77704  23.778  7.167  -48.558 0.1250000000
79093  23.971  9.165  -49.603 0.1250000000
79102  23.755  9.894  -49.976 0.1250000000
79104  20.214  10.231  -50.275 0.3750000000
79902  23.033  10.951  -50.982 0.1250000000
80658  21.732  11.124  -50.964 0.1250000000
80659  21.037  11.063  -50.880 0.1250000000
81342  19.749  12.167  -52.828 0.2500000000
81352  23.174  12.283  -54.064 0.1250000000
81373  17.043  12.389  -54.861 0.3750000000
81378  11.401  13.585  -56.908 0.3750000000
81389  14.106  12.516  -56.450 0.3750000000
81391  11.819  12.721  -57.202 0.3750000000
81392  11.861  13.956  -56.979 0.3750000000
81398  19.475  13.195  -57.238 0.1250000000
81399  18.811  13.108  -57.047 0.1250000000
81409  12.479  13.384  -58.154 0.2500000000
82011  18.729  13.762  -58.096 0.1250000000
82637  12.806  14.276  -55.134 0.2500000000
99302  20.977  2.112  -47.777 0.3750000000
99316  22.812  3.178  -47.189 0.1250000000
99368  13.317  13.960  -57.157 0.2500000000
99414  17.812  2.073  -51.030 1.0000000000
99495  20.359  4.528  -48.459 0.5000000000
99545  11.805  14.182  -57.149 0.3750000000
99583  22.122  3.028  -47.186 0.2500000000
99625  12.330  14.100  -57.931 0.2500000000
101600  12.050  14.053  -56.222 0.3750000000
106495  16.116  -4.072  -51.423 1.0000000000
107479  22.056  11.439  -51.597 0.1250000000
108100  13.207  -0.660  -50.184 0.3750000000
108201  20.993  7.681  -48.511 0.5000000000
108246  23.368  10.467  -50.522 0.1250000000
108839  14.043  14.670  -55.533 0.1250000000
109326  11.278  -2.874  -48.323 0.3750000000
111993  24.157  8.335  -49.334 0.1250000000
114137  14.393  -7.549  -49.394 1.0000000000
115202  12.873  12.746  -57.751 0.2500000000
115970  11.135  -5.488  -47.420 0.1250000000
118291  15.903  6.075  -48.250 0.1250000000
118650  21.433  3.876  -47.578 0.3750000000
118718  22.122  8.578  -48.687 0.2500000000
