#!ascii label  , from subject sub-v1s23x0050562_ses-1 vox2ras=TkReg
1326
67775  -27.530  -8.184  -6.993 0.5555555820
67776  -28.316  -8.185  -7.266 0.6666666865
67778  -30.013  -8.536  -7.947 0.7777777910
67026  -30.402  -9.581  -7.961 0.7777777910
67780  -33.400  -9.268  -8.430 0.8888888955
67005  -33.214  -10.017  -6.958 0.8888888955
69436  -26.266  -6.284  -7.771 0.5555555820
69437  -27.323  -6.403  -7.875 0.5555555820
68599  -28.798  -7.322  -7.613 0.6666666865
68600  -29.704  -7.467  -7.859 0.8888888955
67027  -31.473  -9.849  -8.145 0.8888888955
132719  -33.052  -9.946  -8.231 0.8888888955
67766  -35.933  -8.626  -7.808 1.0000000000
67007  -34.433  -9.286  -6.231 0.8888888955
67723  -36.400  -8.021  -5.452 1.0000000000
123573  -29.178  -5.493  -8.665 0.7777777910
68606  -33.044  -7.086  -8.576 1.0000000000
134732  -35.102  -6.333  -8.613 1.0000000000
119251  -34.844  -7.929  -8.478 1.0000000000
67744  -37.217  -6.982  -8.325 1.0000000000
118796  -35.463  -7.233  -8.561 1.0000000000
68568  -37.506  -7.050  -7.465 1.0000000000
134976  -37.280  -7.252  -7.616 1.0000000000
134636  -37.453  -7.004  -6.618 1.0000000000
135001  -37.871  -6.371  -5.670 1.0000000000
121500  -38.034  -6.369  -5.262 1.0000000000
135492  -38.208  -6.009  -5.095 1.0000000000
134668  -38.464  -5.708  -4.286 1.0000000000
134522  -38.590  -6.290  -4.373 1.0000000000
118812  -36.117  -3.116  -0.124 1.0000000000
118470  -37.262  -4.029  -0.843 0.7777777910
135217  -35.837  -6.379  -8.081 0.8888888955
134941  -36.410  -7.183  -8.332 1.0000000000
135432  -38.185  -6.291  -4.073 1.0000000000
134723  -36.778  -6.490  -4.910 1.0000000000
135435  -37.950  -4.692  -2.917 1.0000000000
135481  -37.351  -4.059  -1.508 1.0000000000
119041  -37.409  -1.346  -2.202 1.0000000000
117787  -36.999  -1.399  -1.033 1.0000000000
135499  -37.529  -1.046  -2.160 0.8888888955
117811  -37.810  -0.292  -3.196 1.0000000000
134852  -37.643  1.239  -3.768 0.7777777910
134599  -36.961  -4.030  -2.557 0.5555555820
135285  -37.900  -1.425  -4.032 0.7777777910
134721  -36.245  -1.677  -0.857 0.8888888955
118612  -36.089  -2.094  -0.292 1.0000000000
135078  -36.460  -3.779  -0.642 1.0000000000
117815  -37.900  -1.151  -3.670 0.8888888955
117818  -37.784  -1.272  -3.246 1.0000000000
118817  -37.941  -0.580  -4.508 1.0000000000
119068  -37.915  -0.081  -4.132 0.8888888955
117831  -37.899  0.371  -5.182 1.0000000000
76693  -37.795  2.174  -6.347 0.7777777910
118856  -37.723  2.687  -4.709 0.6666666865
135847  -37.748  2.843  -5.569 0.6666666865
135382  -34.947  -1.328  -4.668 0.4444444478
118838  -37.853  -1.323  -3.907 0.7777777910
134552  -37.135  -5.614  -5.521 0.6666666865
135410  -38.031  -4.503  -5.513 0.7777777910
117807  -38.047  -2.042  -4.259 0.8888888955
118967  -38.228  -2.621  -4.714 0.8888888955
117843  -37.886  -0.880  -3.782 1.0000000000
117806  -38.559  -2.410  -6.379 1.0000000000
117823  -38.382  -1.142  -7.371 1.0000000000
117836  -38.212  -0.337  -6.701 1.0000000000
75836  -38.001  0.068  -7.685 0.8888888955
131151  -37.870  1.294  -7.195 0.7777777910
77490  -37.769  2.755  -7.238 0.7777777910
77504  -37.880  3.365  -8.193 0.6666666865
135129  -35.724  -5.581  -8.752 0.6666666865
118662  -36.997  -5.590  -7.168 0.7777777910
117857  -37.239  -4.447  -9.196 0.7777777910
119044  -38.462  -4.116  -7.639 0.8888888955
118929  -38.419  -2.066  -7.895 0.8888888955
117847  -37.999  -2.540  -8.997 1.0000000000
133736  -37.972  -1.219  -8.505 1.0000000000
76720  -37.600  1.588  -8.931 0.8888888955
76711  -37.724  2.159  -8.163 0.7777777910
123859  -36.786  1.257  -9.399 0.8888888955
76719  -37.336  1.947  -9.484 0.7777777910
77516  -37.858  2.461  -9.854 0.7777777910
78383  -38.134  4.214  -8.616 0.6666666865
138500  -34.558  -4.157  -9.029 0.6666666865
134868  -35.421  -5.972  -7.215 0.5555555820
119810  -35.729  -4.090  -9.299 0.7777777910
74149  -36.274  -2.672  -9.545 0.8888888955
74150  -37.358  -2.602  -9.536 0.8888888955
74951  -36.588  -1.175  -9.362 1.0000000000
74952  -37.347  -1.424  -9.196 1.0000000000
75850  -37.292  0.771  -8.999 0.8888888955
77515  -37.216  2.435  -10.077 0.7777777910
142961  -37.287  2.628  -10.444 0.7777777910
78398  -38.162  2.548  -10.268 0.6666666865
78406  -38.381  2.943  -10.411 0.5555555820
78399  -38.388  3.597  -9.709 0.5555555820
74148  -34.944  -2.554  -9.250 0.7777777910
74147  -33.493  -2.546  -9.109 0.6666666865
74949  -34.427  -0.010  -9.333 1.0000000000
74950  -35.685  0.290  -9.307 1.0000000000
76717  -35.273  2.473  -9.602 0.8888888955
76718  -36.397  2.096  -9.673 0.8888888955
77514  -35.052  3.243  -9.711 0.8888888955
78397  -36.232  3.318  -10.402 0.7777777910
78404  -36.524  3.334  -10.694 0.7777777910
130944  -34.339  4.945  -9.856 0.7777777910
79183  -37.594  2.863  -11.423 0.5555555820
79184  -38.478  3.238  -11.154 0.5555555820
79182  -35.766  4.299  -10.945 0.6666666865
119036  -31.073  -2.444  -10.018 0.4444444478
74146  -32.403  -1.884  -9.770 0.5555555820
74947  -32.324  -0.530  -10.100 0.7777777910
130283  -33.603  0.791  -9.510 1.0000000000
74948  -33.255  -0.623  -9.507 0.8888888955
139767  -33.154  1.289  -9.632 1.0000000000
75847  -33.694  1.825  -9.559 0.8888888955
76715  -33.119  2.587  -9.623 0.8888888955
76716  -34.177  2.818  -9.544 0.8888888955
122784  -33.446  3.332  -9.577 0.8888888955
77513  -34.117  3.754  -9.613 0.8888888955
79174  -35.114  4.495  -10.292 0.6666666865
79190  -36.910  3.163  -12.062 0.5555555820
75863  -29.328  1.146  -11.810 0.6666666865
74158  -30.671  -0.570  -11.158 0.6666666865
75865  -30.864  1.659  -11.511 0.7777777910
76723  -31.408  2.200  -10.716 0.8888888955
76722  -30.797  2.481  -11.575 0.7777777910
77520  -31.637  3.159  -10.001 0.7777777910
76724  -32.174  2.367  -9.943 0.8888888955
77519  -30.843  3.291  -10.954 0.7777777910
77521  -32.611  3.256  -9.662 0.8888888955
78402  -31.241  4.034  -10.064 0.7777777910
78403  -32.235  4.022  -9.661 0.7777777910
78394  -32.936  4.813  -9.561 0.6666666865
129495  -30.517  5.289  -10.449 0.6666666865
79959  -33.034  6.381  -9.605 0.6666666865
79172  -33.590  5.549  -9.664 0.6666666865
79173  -34.283  5.628  -9.974 0.5555555820
133536  -32.606  6.991  -9.623 0.6666666865
125626  -33.218  7.089  -9.747 0.5555555820
80815  -34.265  6.901  -10.745 0.5555555820
79972  -35.538  5.025  -11.619 0.4444444478
80800  -33.741  7.054  -10.063 0.5555555820
76727  -25.548  1.725  -11.416 0.3333333433
76728  -26.368  1.698  -11.613 0.3333333433
75866  -28.011  1.848  -12.029 0.5555555820
75867  -28.825  1.906  -12.174 0.6666666865
76734  -27.728  2.740  -12.360 0.5555555820
76736  -29.115  2.683  -12.410 0.7777777910
77527  -30.380  3.055  -11.987 0.7777777910
78417  -29.065  3.844  -12.589 0.6666666865
78412  -30.172  3.901  -11.657 0.6666666865
78411  -29.483  4.274  -12.166 0.6666666865
79179  -29.905  4.917  -11.357 0.6666666865
132329  -30.083  5.765  -10.922 0.6666666865
79968  -29.843  6.495  -10.873 0.6666666865
80813  -30.988  6.979  -9.820 0.6666666865
80799  -33.268  7.789  -9.907 0.5555555820
81592  -33.324  8.453  -10.206 0.5555555820
80798  -32.619  7.767  -9.666 0.6666666865
136435  -25.291  2.511  -11.620 0.4444444478
75858  -24.626  1.818  -11.211 0.4444444478
76732  -26.030  2.573  -11.841 0.4444444478
77525  -25.453  3.355  -11.957 0.5555555820
76733  -26.847  2.621  -12.085 0.5555555820
77529  -27.211  3.437  -12.434 0.6666666865
77531  -28.555  3.276  -12.558 0.6666666865
78416  -28.291  4.094  -12.652 0.6666666865
79178  -29.512  5.810  -11.483 0.6666666865
81578  -31.462  8.601  -9.572 0.6666666865
81580  -32.907  8.537  -9.815 0.6666666865
77524  -24.405  3.967  -11.895 0.4444444478
143742  -27.171  4.690  -12.574 0.6666666865
129490  -27.750  4.703  -12.566 0.6666666865
79196  -27.242  5.378  -12.626 0.6666666865
79189  -29.137  5.079  -11.963 0.6666666865
79198  -28.496  5.237  -12.308 0.6666666865
80811  -29.519  7.330  -10.870 0.6666666865
142666  -31.729  -9.026  -8.432 0.8888888955
68603  -30.347  -6.568  -8.271 1.0000000000
67784  -33.184  -8.092  -8.532 1.0000000000
67786  -35.075  -8.809  -8.319 1.0000000000
128395  -36.967  -7.959  -6.978 1.0000000000
134530  -34.987  -1.682  -4.922 0.5555555820
75843  -37.717  0.113  -8.501 0.8888888955
117894  -30.484  -1.822  -10.590 0.5555555820
130787  -34.279  -1.254  -9.220 0.7777777910
75848  -34.579  1.166  -9.420 1.0000000000
118840  -30.032  -2.763  -9.948 0.2222222239
79181  -34.722  5.446  -10.433 0.6666666865
80816  -34.834  6.266  -11.396 0.4444444478
78414  -26.683  4.181  -12.471 0.6666666865
128257  -25.796  4.617  -12.345 0.6666666865
135387  -34.041  -2.618  -5.584 0.4444444478
137154  -34.435  -4.937  -8.496 0.4444444478
131982  -33.399  8.959  -10.613 0.5555555820
81606  -33.955  7.956  -11.902 0.5555555820
76725  -23.762  2.323  -11.181 0.2222222239
76726  -24.546  2.897  -11.584 0.3333333433
82455  -33.021  9.277  -10.079 0.5555555820
67017  -26.426  -9.863  -6.609 0.5555555820
122935  -27.238  -10.120  -6.860 0.5555555820
67023  -27.935  -8.906  -7.103 0.6666666865
66217  -28.975  -10.076  -7.425 0.5555555820
132124  -29.428  -10.947  -7.292 0.5555555820
66215  -31.806  -10.933  -7.005 0.7777777910
66216  -32.485  -10.473  -6.886 0.8888888955
67763  -25.721  -8.472  -6.303 0.5555555820
66218  -29.882  -10.296  -7.629 0.6666666865
66219  -30.828  -10.564  -7.733 0.6666666865
66220  -31.666  -10.684  -7.684 0.8888888955
67006  -33.557  -9.681  -6.089 0.7777777910
66983  -34.827  -9.219  -5.291 0.7777777910
70271  -24.295  -5.494  -7.859 0.4444444478
70276  -26.855  -4.336  -9.352 0.5555555820
67724  -36.873  -7.773  -4.921 1.0000000000
118638  -29.521  -4.281  -9.345 0.2222222239
69444  -31.015  -5.716  -8.531 0.6666666865
135433  -38.765  -5.823  -3.880 0.8888888955
134569  -38.283  -5.047  -2.525 0.6666666865
134800  -37.312  -1.126  -1.208 0.7777777910
117775  -37.020  -1.645  -0.226 0.6666666865
134977  -33.511  -5.645  -8.614 0.5555555820
139328  -37.469  0.611  -2.432 0.6666666865
135434  -36.467  -6.291  -6.199 0.4444444478
118469  -37.565  2.515  -3.921 0.5555555820
78355  -37.711  4.064  -5.865 0.5555555820
118999  -35.690  -2.035  -3.038 0.2222222239
78361  -37.799  4.354  -6.658 0.5555555820
134539  -34.615  -0.599  -4.920 0.4444444478
118313  -33.053  -3.478  -6.147 0.3333333433
79159  -38.122  4.960  -8.989 0.5555555820
118546  -32.153  -2.507  -9.683 0.4444444478
79973  -38.579  4.989  -10.552 0.4444444478
117797  -31.045  -2.582  -8.778 0.3333333433
79191  -38.350  2.951  -12.368 0.5555555820
79978  -36.292  4.129  -12.652 0.4444444478
75859  -25.710  0.681  -11.087 0.3333333433
75860  -26.621  0.652  -11.372 0.3333333433
74957  -28.007  -0.001  -11.388 0.4444444478
80823  -35.264  5.868  -12.355 0.4444444478
82496  -33.609  8.697  -12.270 0.2222222239
77523  -23.547  3.244  -11.455 0.3333333433
137818  -25.306  4.131  -12.169 0.6666666865
79195  -26.431  5.241  -12.556 0.6666666865
137475  -28.295  5.962  -12.343 0.6666666865
79985  -28.431  6.794  -12.153 0.6666666865
80830  -28.247  7.678  -12.117 0.6666666865
81605  -29.179  8.150  -10.898 0.6666666865
81591  -30.068  8.092  -10.279 0.6666666865
81577  -30.726  8.532  -9.726 0.6666666865
131029  -32.518  9.861  -9.820 0.4444444478
82483  -33.285  9.480  -11.923 0.3333333433
78413  -25.400  5.453  -12.456 0.5555555820
68598  -27.858  -7.292  -7.434 0.6666666865
68586  -26.844  -7.364  -7.193 0.5555555820
67018  -27.225  -9.135  -6.777 0.6666666865
67019  -28.009  -9.881  -7.168 0.6666666865
67777  -29.144  -8.316  -7.561 0.7777777910
67025  -29.472  -9.328  -7.692 0.7777777910
130689  -30.925  -8.807  -8.272 0.8888888955
123431  -34.386  -9.273  -8.299 1.0000000000
67785  -34.168  -8.562  -8.463 1.0000000000
67779  -32.430  -9.590  -8.383 0.8888888955
67783  -32.401  -8.633  -8.537 1.0000000000
67021  -34.088  -9.621  -7.311 1.0000000000
143953  -33.530  -10.011  -7.718 0.8888888955
66221  -32.250  -10.577  -7.555 0.8888888955
68585  -26.216  -7.931  -6.629 0.5555555820
68597  -25.853  -7.144  -7.066 0.4444444478
70272  -25.329  -5.692  -8.051 0.4444444478
70273  -26.194  -5.362  -8.530 0.5555555820
69440  -26.985  -5.503  -8.529 0.5555555820
69441  -27.760  -5.629  -8.509 0.6666666865
69438  -28.382  -6.255  -8.115 0.6666666865
69439  -29.400  -6.416  -8.143 0.8888888955
68601  -30.632  -7.726  -8.232 0.8888888955
67028  -32.345  -10.250  -8.033 0.8888888955
67781  -34.973  -9.268  -8.069 1.0000000000
67743  -35.461  -8.809  -6.509 1.0000000000
131632  -35.686  -8.680  -8.143 1.0000000000
67767  -36.700  -7.864  -8.052 1.0000000000
67722  -35.731  -8.579  -5.477 1.0000000000
68553  -37.084  -7.348  -5.910 1.0000000000
135484  -28.666  -4.071  -9.567 0.5555555820
69443  -30.121  -5.312  -8.736 0.6666666865
70277  -27.791  -4.683  -9.192 0.6666666865
68605  -32.278  -7.570  -8.553 1.0000000000
117863  -32.289  -6.699  -8.533 0.8888888955
135264  -33.862  -6.894  -8.519 0.8888888955
68604  -31.397  -6.888  -8.458 1.0000000000
68607  -33.892  -7.522  -8.506 1.0000000000
118411  -34.026  -6.144  -8.533 0.8888888955
134978  -35.543  -6.323  -8.601 1.0000000000
119316  -36.642  -7.493  -8.378 1.0000000000
67768  -36.782  -7.578  -8.279 1.0000000000
118362  -36.906  -6.660  -7.007 1.0000000000
118297  -37.830  -6.392  -5.773 1.0000000000
68554  -37.716  -6.636  -5.713 1.0000000000
68548  -37.979  -6.863  -4.693 0.8888888955
134579  -38.125  -5.050  -3.700 1.0000000000
118731  -38.382  -5.205  -3.291 1.0000000000
134682  -37.661  -4.310  -1.370 0.8888888955
118548  -34.739  -6.011  -8.259 0.6666666865
134521  -36.036  -6.245  -7.170 0.5555555820
134669  -37.345  -4.324  -3.116 1.0000000000
135374  -37.320  -5.217  -3.523 0.8888888955
117769  -37.349  -4.166  -2.130 1.0000000000
135504  -36.523  -1.593  -1.081 1.0000000000
134901  -37.931  -1.315  -3.343 1.0000000000
118527  -37.813  -1.157  -2.810 1.0000000000
135718  -37.824  0.180  -3.674 0.8888888955
117834  -37.759  1.156  -4.503 0.7777777910
134779  -36.355  -2.621  -0.699 0.5555555820
135459  -36.958  -4.166  -3.301 0.5555555820
118846  -36.687  -4.040  -1.060 0.6666666865
120575  -37.820  -1.305  -3.435 0.7777777910
135398  -35.819  -1.504  -4.608 0.6666666865
135409  -38.004  -4.039  -4.221 0.8888888955
135077  -37.224  -1.580  -2.286 0.8888888955
119054  -37.897  -1.335  -3.895 0.8888888955
135046  -37.808  -1.130  -4.135 1.0000000000
118936  -38.254  -0.896  -5.579 1.0000000000
117832  -37.940  0.754  -6.105 0.8888888955
117833  -37.822  1.647  -5.643 0.8888888955
136917  -37.821  1.796  -5.101 0.7777777910
77484  -37.760  3.379  -6.454 0.6666666865
135780  -35.281  -1.788  -3.767 0.3333333433
117813  -38.199  -1.331  -4.854 1.0000000000
122215  -37.777  1.094  -8.146 0.7777777910
135787  -37.790  2.533  -9.104 0.7777777910
129778  -37.842  3.746  -7.199 0.5555555820
74946  -37.542  -0.723  -8.907 1.0000000000
123597  -38.117  3.130  -9.368 0.7777777910
129739  -35.353  -1.094  -9.277 0.8888888955
75849  -36.921  0.029  -9.254 1.0000000000
122500  -35.643  1.534  -9.454 0.8888888955
125354  -36.050  3.060  -10.103 0.7777777910
78405  -37.841  2.656  -10.756 0.6666666865
79175  -38.574  4.083  -10.098 0.5555555820
134945  -32.618  -2.862  -9.440 0.5555555820
123117  -34.645  2.032  -9.510 1.0000000000
135621  -35.950  2.682  -9.875 0.8888888955
78396  -34.907  4.014  -9.898 0.8888888955
132728  -33.224  4.008  -9.587 0.8888888955
117887  -31.377  -2.014  -10.247 0.5555555820
74152  -31.841  -1.286  -10.206 0.5555555820
140287  -32.733  0.663  -9.875 1.0000000000
74955  -31.969  0.331  -10.536 0.7777777910
74954  -31.374  -0.041  -11.026 0.7777777910
124778  -32.772  1.723  -9.775 0.8888888955
75856  -32.066  1.395  -10.310 0.7777777910
79199  -37.455  3.144  -12.814 0.5555555820
74958  -28.884  0.180  -11.487 0.5555555820
74959  -29.897  0.117  -11.510 0.5555555820
75862  -28.415  1.036  -11.706 0.4444444478
75864  -30.217  1.331  -11.818 0.6666666865
76730  -29.679  2.064  -12.195 0.6666666865
74960  -30.784  0.587  -11.409 0.7777777910
74151  -31.295  -1.033  -10.714 0.7777777910
74157  -29.909  -1.087  -11.035 0.6666666865
76731  -30.378  2.276  -12.018 0.7777777910
75855  -31.415  1.014  -10.959 0.7777777910
78401  -30.569  4.360  -10.723 0.6666666865
133463  -31.015  4.815  -10.007 0.6666666865
79970  -31.380  6.511  -9.733 0.6666666865
79958  -32.150  6.414  -9.616 0.6666666865
79960  -33.736  6.390  -9.830 0.5555555820
79961  -34.251  6.303  -10.239 0.5555555820
122870  -34.524  7.034  -11.660 0.4444444478
79987  -35.877  4.888  -13.328 0.4444444478
126436  -34.009  7.614  -11.110 0.5555555820
75861  -27.536  0.823  -11.567 0.4444444478
76729  -27.197  1.771  -11.829 0.5555555820
76735  -28.425  2.526  -12.369 0.6666666865
77532  -29.291  3.282  -12.475 0.7777777910
80812  -30.323  7.161  -10.290 0.6666666865
130607  -31.861  7.997  -9.578 0.6666666865
77528  -26.393  3.351  -12.225 0.5555555820
143955  -25.948  3.921  -12.272 0.6666666865
79986  -28.849  5.919  -12.003 0.6666666865
79977  -29.168  6.649  -11.513 0.6666666865
80821  -28.821  7.505  -11.539 0.6666666865
134869  -33.658  -3.646  -9.020 0.4444444478
73370  -29.798  -1.788  -10.713 0.3333333433
81616  -33.907  7.926  -13.203 0.3333333433
82470  -33.202  9.702  -10.848 0.3333333433
66206  -32.013  -10.760  -5.856 0.6666666865
69422  -24.990  -7.014  -6.922 0.4444444478
69434  -24.634  -6.278  -7.356 0.3333333433
118528  -36.238  -3.623  0.026 0.6666666865
134731  -32.996  -6.199  -8.503 0.7777777910
118431  -35.976  -1.369  -1.314 0.3333333433
117777  -35.887  -1.331  -0.882 0.1111111119
135130  -32.758  -1.985  -7.520 0.3333333433
118479  -32.442  -2.707  -9.501 0.3333333433
74154  -27.832  -0.865  -10.973 0.3333333433
82468  -30.181  8.970  -9.920 0.6666666865
82453  -30.961  9.246  -9.580 0.4444444478
61150  -28.426  -16.555  -3.346 0.4444444478
58562  -30.037  -19.714  -4.577 0.2222222239
63608  -26.785  -13.502  -5.463 0.4444444478
122587  -26.981  -14.656  -4.526 0.4444444478
64461  -27.710  -12.644  -6.470 0.4444444478
63609  -28.200  -13.476  -5.225 0.4444444478
62817  -28.561  -14.633  -4.090 0.4444444478
62818  -29.243  -14.309  -4.102 0.4444444478
61152  -30.202  -15.995  -3.040 0.2222222239
64463  -29.181  -12.099  -6.644 0.4444444478
64457  -29.276  -12.695  -5.904 0.4444444478
136932  -29.606  -13.031  -5.083 0.4444444478
61956  -30.847  -15.891  -2.835 0.1111111119
61140  -31.228  -16.558  -2.636 0.1111111119
64458  -30.139  -12.420  -5.241 0.4444444478
63596  -30.592  -13.571  -3.847 0.3333333433
65334  -29.777  -11.637  -6.938 0.4444444478
65327  -29.930  -12.073  -6.268 0.4444444478
63604  -30.189  -13.139  -4.450 0.3333333433
64438  -30.900  -12.976  -3.971 0.3333333433
61968  -31.171  -15.094  -2.914 0.2222222239
65328  -30.650  -11.746  -5.764 0.4444444478
64448  -30.659  -12.531  -4.488 0.3333333433
66213  -30.292  -11.139  -7.330 0.5555555820
65335  -30.504  -11.553  -6.708 0.4444444478
65302  -32.717  -11.778  -3.725 0.2222222239
64440  -32.445  -12.618  -3.394 0.1111111119
143024  -33.986  -12.114  -2.992 0.1111111119
65316  -32.411  -11.296  -4.350 0.3333333433
65317  -33.146  -11.028  -4.125 0.3333333433
66982  -33.974  -9.726  -5.243 0.4444444478
66181  -35.458  -9.421  -4.500 0.6666666865
66972  -36.283  -9.571  -3.940 0.4444444478
66984  -36.242  -8.714  -4.677 0.6666666865
66963  -38.786  -8.555  -3.185 0.3333333433
67715  -37.709  -7.631  -4.406 0.6666666865
134201  -39.099  -6.758  -3.264 0.5555555820
118407  -38.735  -5.832  -3.085 0.5555555820
134855  -38.396  -6.163  -2.004 0.5555555820
118322  -38.909  -6.970  -2.425 0.4444444478
117756  -37.750  -4.853  -1.004 0.3333333433
133544  -37.404  -0.621  -0.563 0.4444444478
135944  -37.474  0.336  -1.805 0.5555555820
117779  -37.298  -1.191  -0.383 0.4444444478
124085  -27.380  6.047  -12.694 0.5555555820
79984  -27.251  6.767  -12.884 0.5555555820
80829  -27.706  7.363  -12.646 0.5555555820
81615  -27.805  8.249  -12.408 0.5555555820
81590  -28.905  8.948  -10.765 0.5555555820
82466  -28.701  9.757  -10.478 0.5555555820
61964  -27.750  -16.009  -3.614 0.4444444478
60260  -29.443  -17.444  -3.114 0.2222222239
66211  -27.702  -10.892  -6.960 0.4444444478
62811  -30.700  -14.342  -3.462 0.2222222239
64439  -31.634  -12.840  -3.639 0.2222222239
63598  -32.157  -13.519  -3.157 0.1111111119
66153  -33.886  -10.760  -3.982 0.4444444478
66154  -34.544  -10.860  -3.602 0.3333333433
66179  -33.579  -10.400  -4.622 0.4444444478
66973  -37.122  -8.753  -4.158 0.6666666865
117773  -37.019  -2.227  0.404 0.3333333433
134741  -37.277  1.784  -2.268 0.4444444478
81620  -26.566  7.866  -13.184 0.5555555820
81619  -25.719  8.379  -13.149 0.5555555820
66212  -28.580  -10.856  -7.126 0.4444444478
124076  -36.265  -10.424  -3.359 0.2222222239
82467  -29.497  9.433  -10.144 0.5555555820
117614  -26.604  -17.763  -4.688 0.4444444478
119605  -27.260  -17.784  -3.914 0.4444444478
58560  -28.181  -19.229  -4.491 0.4444444478
58561  -29.149  -19.500  -4.470 0.2222222239
126371  -29.945  -20.510  -5.757 0.2222222239
57673  -30.418  -20.746  -6.117 0.1111111119
64454  -26.087  -13.016  -5.979 0.4444444478
61972  -26.539  -15.435  -4.385 0.4444444478
60261  -30.158  -17.355  -2.915 0.1111111119
127956  -30.943  -17.248  -2.713 0.1111111119
58574  -30.339  -20.112  -5.309 0.1111111119
137362  -31.558  -17.114  -2.580 0.1111111119
62804  -31.988  -15.050  -2.640 0.1111111119
127933  -33.042  -14.296  -2.544 0.1111111119
64426  -34.639  -12.367  -2.691 0.1111111119
64442  -34.596  -11.609  -3.102 0.1111111119
66135  -36.974  -10.654  -2.974 0.2222222239
141208  -39.162  -7.601  -2.740 0.1111111119
66156  -37.329  -9.788  -3.424 0.2222222239
122657  -37.867  -5.538  -0.843 0.2222222239
119027  -37.352  -1.122  -0.062 0.2222222239
134798  -37.455  0.731  -1.060 0.3333333433
78352  -37.628  3.826  -5.056 0.4444444478
139411  -37.728  4.860  -6.137 0.3333333433
78366  -37.945  4.453  -7.546 0.4444444478
79138  -37.830  5.282  -6.838 0.3333333433
74156  -29.190  -0.717  -11.170 0.4444444478
79979  -38.926  4.356  -11.956 0.4444444478
80832  -35.315  6.053  -13.508 0.3333333433
79188  -23.867  5.046  -12.040 0.4444444478
125098  -31.168  10.122  -9.530 0.5555555820
79981  -24.877  6.355  -12.527 0.5555555820
80827  -24.766  7.215  -12.636 0.5555555820
126810  -27.243  8.837  -12.653 0.5555555820
82481  -27.708  9.632  -11.605 0.5555555820
122055  -24.296  7.790  -12.586 0.5555555820
65331  -26.373  -11.608  -6.675 0.4444444478
66210  -26.820  -10.858  -6.810 0.4444444478
65332  -27.268  -11.744  -6.795 0.4444444478
66214  -31.092  -11.140  -7.207 0.5555555820
65336  -31.222  -11.269  -6.315 0.5555555820
66207  -32.801  -10.136  -5.941 0.6666666865
135424  -38.027  -4.646  -1.848 0.5555555820
120011  -37.225  -4.310  -0.547 0.5555555820
118441  -37.459  -0.355  -1.424 0.4444444478
79146  -37.992  5.279  -7.882 0.4444444478
80822  -34.609  7.035  -12.764 0.3333333433
65333  -28.307  -11.814  -6.877 0.4444444478
66177  -32.019  -11.077  -4.939 0.3333333433
65329  -31.391  -11.353  -5.307 0.3333333433
61974  -28.147  -15.262  -3.832 0.4444444478
119602  -28.852  -17.188  -3.205 0.4444444478
58545  -28.988  -18.714  -3.809 0.3333333433
62809  -29.001  -15.171  -3.680 0.4444444478
60272  -28.109  -17.445  -3.418 0.4444444478
58546  -29.872  -19.101  -3.851 0.1111111119
141406  -26.642  -14.059  -4.931 0.4444444478
129378  -27.597  -13.294  -5.703 0.4444444478
61963  -26.948  -16.180  -3.881 0.4444444478
61973  -27.340  -15.360  -4.015 0.4444444478
64462  -28.595  -12.525  -6.457 0.4444444478
62816  -27.847  -14.612  -4.301 0.4444444478
63610  -28.934  -13.311  -5.221 0.4444444478
61151  -29.532  -16.589  -3.096 0.4444444478
61966  -29.683  -15.613  -3.338 0.4444444478
123426  -30.005  -13.920  -3.987 0.4444444478
61139  -30.489  -16.611  -2.822 0.1111111119
61967  -30.415  -15.269  -3.208 0.2222222239
61957  -31.598  -15.835  -2.610 0.1111111119
60262  -31.502  -17.803  -2.807 0.1111111119
65301  -31.958  -12.113  -3.835 0.3333333433
65315  -31.700  -11.639  -4.438 0.3333333433
63597  -31.258  -13.594  -3.533 0.2222222239
62812  -31.606  -14.313  -3.079 0.2222222239
65303  -33.720  -11.496  -3.496 0.1111111119
64441  -33.271  -12.332  -3.196 0.1111111119
64425  -33.821  -12.819  -2.745 0.1111111119
66178  -32.726  -10.628  -4.976 0.3333333433
66180  -34.499  -10.111  -4.377 0.4444444478
66155  -35.372  -10.239  -3.775 0.4444444478
122114  -39.011  -8.378  -2.616 0.1111111119
66974  -38.038  -8.684  -3.654 0.4444444478
136860  -38.967  -6.770  -3.759 0.5555555820
67716  -38.591  -7.497  -3.886 0.5555555820
136014  -37.276  2.404  -2.997 0.4444444478
80837  -27.110  7.452  -13.039 0.5555555820
79989  -26.116  6.816  -12.945 0.5555555820
81603  -27.828  9.022  -12.022 0.5555555820
61149  -27.455  -16.843  -3.555 0.4444444478
59431  -28.102  -18.313  -3.789 0.4444444478
63587  -32.825  -13.796  -2.767 0.1111111119
81618  -24.826  8.667  -12.918 0.5555555820
65304  -35.378  -11.018  -3.212 0.2222222239
118904  -26.937  -18.367  -4.695 0.4444444478
61148  -26.687  -16.992  -4.009 0.4444444478
57650  -28.506  -19.919  -4.977 0.4444444478
138240  -29.168  -20.661  -5.773 0.2222222239
63607  -25.994  -13.757  -5.325 0.4444444478
63606  -25.345  -13.366  -5.645 0.4444444478
59432  -30.763  -18.685  -3.453 0.1111111119
58547  -30.590  -19.373  -4.046 0.1111111119
61141  -31.935  -16.570  -2.500 0.1111111119
57640  -27.205  -21.062  -3.545 0.1111111119
59443  -20.921  -19.395  -4.688 0.3333333433
134831  -24.532  -20.886  -4.578 0.2222222239
118835  -26.115  -21.022  -3.917 0.2222222239
134187  -27.291  -21.836  -3.985 0.1111111119
62819  -22.016  -14.574  -5.140 0.3333333433
61969  -20.673  -16.201  -5.115 0.3333333433
60274  -20.500  -18.267  -4.693 0.3333333433
117618  -23.453  -20.783  -4.958 0.3333333433
118508  -24.356  -21.011  -5.024 0.3333333433
57648  -25.058  -21.304  -4.631 0.2222222239
56702  -25.145  -21.455  -4.861 0.2222222239
56704  -26.067  -22.579  -4.706 0.2222222239
138535  -27.386  -23.374  -4.462 0.1111111119
64451  -23.507  -12.316  -5.423 0.2222222239
62820  -22.836  -13.826  -5.248 0.2222222239
61160  -21.182  -16.330  -5.534 0.3333333433
59447  -21.715  -18.846  -5.435 0.3333333433
58571  -22.122  -20.122  -5.265 0.3333333433
55734  -25.920  -23.144  -4.974 0.1111111119
121011  -24.089  -10.833  -5.581 0.2222222239
126125  -23.573  -13.199  -5.449 0.3333333433
64452  -24.320  -12.060  -5.979 0.3333333433
61977  -23.667  -15.003  -5.546 0.3333333433
62814  -24.877  -14.765  -5.225 0.3333333433
61157  -24.572  -15.771  -5.457 0.3333333433
121462  -23.424  -15.719  -5.775 0.3333333433
61162  -24.649  -16.788  -5.641 0.3333333433
135226  -25.424  -19.004  -5.611 0.3333333433
118913  -25.222  -18.215  -5.603 0.3333333433
57660  -25.652  -21.549  -5.338 0.3333333433
58572  -26.441  -20.246  -5.569 0.3333333433
55743  -26.555  -23.222  -5.595 0.3333333433
54810  -26.592  -24.236  -5.341 0.1111111119
140017  -27.051  -23.589  -6.008 0.2222222239
67741  -24.636  -8.771  -5.613 0.2222222239
66204  -24.642  -10.339  -5.822 0.2222222239
67004  -24.909  -9.532  -5.775 0.3333333433
61971  -25.649  -15.510  -4.839 0.3333333433
135114  -25.436  -17.339  -5.465 0.3333333433
60277  -26.164  -17.083  -4.913 0.3333333433
119190  -26.397  -18.586  -5.297 0.3333333433
58559  -26.858  -19.094  -5.214 0.3333333433
56720  -26.899  -22.289  -5.917 0.3333333433
68582  -23.764  -7.199  -5.955 0.3333333433
67762  -25.017  -8.204  -5.994 0.3333333433
66209  -25.980  -10.817  -6.615 0.3333333433
61159  -26.246  -16.261  -4.429 0.3333333433
142438  -27.405  -19.388  -5.036 0.3333333433
59445  -27.472  -18.686  -4.480 0.3333333433
57662  -28.256  -20.555  -5.607 0.3333333433
135500  -37.407  1.274  -1.607 0.2222222239
78351  -37.422  3.769  -4.170 0.2222222239
134742  -37.384  3.541  -3.297 0.2222222239
79962  -38.115  5.743  -9.389 0.2222222239
118459  -22.735  -20.650  -4.840 0.3333333433
56689  -26.360  -21.710  -4.237 0.2222222239
54805  -26.762  -24.051  -4.724 0.1111111119
65324  -23.868  -11.504  -5.592 0.3333333433
133754  -22.885  -14.508  -5.445 0.3333333433
117616  -24.352  -19.150  -5.562 0.3333333433
117617  -24.415  -20.434  -5.342 0.3333333433
133447  -25.929  -22.880  -5.165 0.3333333433
62821  -23.910  -14.035  -5.415 0.3333333433
66205  -25.217  -10.972  -6.338 0.3333333433
56715  -27.515  -21.332  -6.011 0.3333333433
135111  -26.460  -20.040  -3.052 0.1111111119
58544  -27.050  -20.426  -3.125 0.1111111119
61156  -21.683  -15.797  -4.294 0.3333333433
60275  -21.501  -17.396  -3.964 0.3333333433
60276  -22.236  -18.846  -3.852 0.3333333433
134854  -24.247  -19.612  -3.846 0.3333333433
118676  -25.436  -20.535  -3.849 0.3333333433
57641  -28.390  -21.061  -3.207 0.1111111119
55724  -28.448  -22.023  -3.782 0.1111111119
61975  -21.225  -15.445  -5.167 0.3333333433
55736  -28.471  -22.906  -4.177 0.1111111119
137220  -23.301  -11.578  -5.114 0.2222222239
53919  -28.112  -25.238  -4.650 0.1111111119
125011  -23.500  -10.833  -5.079 0.2222222239
53918  -27.135  -25.428  -5.041 0.1111111119
52936  -27.729  -25.684  -6.249 0.1111111119
67003  -24.291  -9.460  -5.389 0.2222222239
53931  -27.910  -24.615  -6.399 0.1111111119
54816  -28.096  -23.460  -6.400 0.1111111119
56716  -28.635  -21.080  -6.052 0.1111111119
138301  -23.021  -5.630  -6.866 0.1111111119
79124  -37.612  4.862  -5.385 0.2222222239
70274  -24.887  -4.906  -8.451 0.2222222239
117878  -31.929  -5.951  -8.494 0.5555555820
70275  -25.731  -4.693  -8.846 0.3333333433
68583  -24.593  -7.474  -6.250 0.3333333433
67742  -25.325  -9.030  -5.981 0.4444444478
65330  -25.692  -11.492  -6.522 0.4444444478
69421  -24.157  -6.730  -6.639 0.2222222239
120821  -20.886  -18.859  -4.133 0.3333333433
58558  -21.685  -20.153  -4.923 0.3333333433
59442  -20.585  -18.813  -4.919 0.3333333433
134907  -22.941  -19.986  -4.218 0.3333333433
118507  -23.814  -20.508  -4.504 0.3333333433
61976  -22.327  -15.339  -5.625 0.3333333433
62813  -22.363  -13.858  -4.874 0.2222222239
123046  -21.490  -14.956  -4.970 0.2222222239
61155  -20.441  -16.901  -4.832 0.3333333433
134836  -22.570  -20.599  -5.073 0.3333333433
139274  -24.482  -21.193  -4.904 0.3333333433
134792  -23.197  -20.353  -5.296 0.3333333433
56703  -25.499  -21.946  -4.755 0.2222222239
56713  -25.616  -22.358  -4.911 0.2222222239
60280  -22.209  -17.427  -5.708 0.3333333433
61161  -22.686  -16.299  -5.876 0.3333333433
125959  -27.220  -24.703  -4.766 0.1111111119
54804  -26.196  -23.830  -4.950 0.1111111119
140012  -24.174  -12.720  -5.755 0.3333333433
66203  -23.901  -10.149  -5.266 0.2222222239
64453  -25.030  -12.658  -6.037 0.3333333433
136747  -23.823  -16.321  -5.791 0.3333333433
117620  -23.549  -17.171  -5.810 0.3333333433
135677  -23.164  -18.702  -5.556 0.3333333433
117619  -25.771  -19.782  -5.555 0.3333333433
118686  -25.065  -21.064  -5.261 0.3333333433
118641  -25.989  -17.936  -5.366 0.3333333433
57661  -26.914  -20.865  -5.795 0.3333333433
52935  -27.349  -25.908  -5.855 0.1111111119
61158  -25.524  -16.433  -5.146 0.3333333433
55749  -28.641  -22.402  -6.394 0.1111111119
143103  -26.005  -18.610  -2.752 0.1111111119
118608  -24.817  -20.145  -3.863 0.2222222239
60271  -23.522  -17.276  -3.615 0.3333333433
119003  -23.858  -18.582  -3.735 0.3333333433
122942  -22.053  -14.173  -4.513 0.2222222239
132332  -37.493  4.536  -4.669 0.1111111119
134898  -37.376  3.524  -2.452 0.1111111119
119289  -37.404  5.020  -3.367 0.1111111119
119555  -37.399  4.339  -3.507 0.1111111119
79130  -37.536  5.681  -5.293 0.1111111119
80752  -37.464  6.392  -5.778 0.1111111119
79918  -37.469  6.696  -6.704 0.1111111119
79931  -37.792  6.091  -7.268 0.1111111119
79930  -37.522  6.884  -7.544 0.1111111119
79201  -38.694  4.403  -13.904 0.2222222239
79944  -37.874  6.192  -8.272 0.1111111119
80781  -37.785  6.782  -8.850 0.1111111119
79992  -37.006  5.291  -14.659 0.1111111119
80839  -35.308  6.219  -14.431 0.1111111119
79204  -38.007  5.221  -14.402 0.1111111119
79994  -36.273  6.066  -14.794 0.1111111119
79982  -25.831  6.181  -12.703 0.4444444478
80831  -34.564  6.832  -14.014 0.1111111119
79975  -22.644  6.529  -11.630 0.4444444478
79980  -24.166  6.992  -12.372 0.4444444478
81622  -33.982  7.409  -14.556 0.1111111119
81613  -26.556  8.608  -13.078 0.4444444478
83301  -31.962  10.435  -9.648 0.3333333433
83314  -32.780  10.646  -10.666 0.2222222239
83337  -32.897  10.019  -12.551 0.1111111119
81621  -33.568  8.270  -13.997 0.1111111119
82501  -33.137  8.815  -14.264 0.1111111119
82500  -25.900  9.007  -13.111 0.4444444478
82491  -24.501  9.285  -12.831 0.4444444478
83334  -25.091  10.140  -12.778 0.4444444478
82493  -26.470  9.407  -12.725 0.4444444478
83323  -27.238  10.275  -11.559 0.4444444478
82465  -27.972  10.033  -10.971 0.4444444478
83312  -28.379  10.541  -10.204 0.4444444478
84107  -29.881  11.486  -9.447 0.4444444478
84108  -30.761  11.465  -9.504 0.2222222239
84891  -32.102  11.831  -10.225 0.2222222239
84124  -32.408  11.262  -10.325 0.2222222239
84150  -32.398  11.637  -11.807 0.2222222239
84151  -32.684  10.892  -12.184 0.2222222239
87142  -30.258  15.488  -13.378 0.1111111119
86372  -30.785  14.058  -12.741 0.1111111119
84169  -31.969  10.871  -14.559 0.1111111119
139327  -22.068  7.503  -11.482 0.4444444478
81610  -22.638  9.026  -12.115 0.4444444478
80825  -23.110  8.375  -12.161 0.4444444478
81611  -23.309  8.999  -12.476 0.3333333433
83343  -24.351  9.958  -12.803 0.4444444478
84149  -25.361  10.881  -12.468 0.4444444478
84122  -27.240  11.423  -10.504 0.4444444478
83310  -27.016  11.014  -11.197 0.4444444478
83311  -27.623  10.745  -10.722 0.4444444478
84106  -28.840  11.242  -9.655 0.4444444478
85620  -27.010  12.706  -9.754 0.3333333433
84888  -29.921  12.441  -9.412 0.3333333433
139634  -31.391  13.154  -9.937 0.1111111119
85634  -31.744  12.950  -11.106 0.1111111119
84922  -32.048  12.337  -11.407 0.2222222239
85643  -31.650  12.877  -11.931 0.1111111119
84934  -31.378  12.682  -12.964 0.1111111119
80819  -21.648  8.221  -11.396 0.2222222239
82490  -23.642  9.650  -12.678 0.3333333433
131382  -23.634  10.485  -12.741 0.3333333433
84121  -26.456  11.656  -11.067 0.3333333433
84905  -28.451  11.977  -9.613 0.4444444478
137156  -28.776  13.523  -9.121 0.2222222239
84886  -28.097  12.710  -9.431 0.2222222239
86339  -31.015  13.921  -9.736 0.2222222239
86355  -31.229  14.173  -10.837 0.1111111119
86337  -29.406  14.337  -9.052 0.1111111119
86338  -30.378  14.311  -9.429 0.1111111119
87116  -30.782  15.326  -10.378 0.1111111119
128793  -30.955  14.275  -11.890 0.1111111119
87107  -30.426  15.169  -9.685 0.1111111119
87123  -30.718  15.674  -11.834 0.1111111119
87133  -30.772  15.003  -12.033 0.1111111119
82489  -22.795  9.659  -12.397 0.3333333433
83333  -22.931  10.343  -12.591 0.3333333433
133819  -21.309  11.010  -11.934 0.3333333433
84146  -22.648  11.441  -12.642 0.3333333433
84148  -24.613  11.506  -12.493 0.3333333433
84921  -25.812  12.209  -11.173 0.3333333433
84903  -26.296  12.408  -10.520 0.2222222239
85605  -27.728  13.509  -9.240 0.2222222239
86336  -28.383  14.333  -8.976 0.1111111119
87979  -30.489  16.146  -10.699 0.1111111119
87997  -30.459  16.297  -12.585 0.1111111119
88894  -28.873  17.497  -14.467 0.1111111119
84104  -19.599  11.692  -10.302 0.1111111119
84105  -19.896  11.848  -10.751 0.1111111119
128776  -21.591  12.406  -12.159 0.2222222239
85630  -22.979  13.215  -11.664 0.2222222239
84918  -23.415  12.630  -12.147 0.3333333433
85617  -24.395  13.578  -10.882 0.2222222239
84920  -25.145  12.423  -11.521 0.3333333433
85631  -23.922  13.154  -11.474 0.3333333433
85618  -25.197  13.626  -10.390 0.2222222239
133635  -26.556  14.302  -9.203 0.1111111119
86334  -26.799  14.965  -8.865 0.1111111119
87104  -27.874  15.209  -8.792 0.1111111119
87105  -28.598  15.884  -8.893 0.1111111119
87106  -29.816  15.738  -9.598 0.1111111119
87978  -29.833  16.511  -10.112 0.1111111119
88862  -29.854  17.570  -11.334 0.1111111119
87989  -30.559  16.377  -11.544 0.1111111119
87141  -29.662  15.779  -14.188 0.1111111119
87149  -29.464  15.180  -14.875 0.1111111119
84885  -20.064  12.568  -10.627 0.1111111119
85602  -21.010  13.875  -10.287 0.1111111119
84901  -21.067  12.869  -11.583 0.1111111119
86346  -22.136  14.430  -10.459 0.1111111119
87102  -24.266  15.679  -9.625 0.1111111119
86332  -24.309  15.078  -9.934 0.1111111119
86333  -25.146  14.525  -9.778 0.2222222239
87103  -25.125  15.510  -9.412 0.1111111119
87090  -26.143  15.561  -8.917 0.1111111119
88848  -27.551  17.836  -8.628 0.1111111119
87962  -28.328  16.935  -8.747 0.1111111119
88852  -28.346  17.908  -9.084 0.1111111119
88853  -29.074  17.202  -9.543 0.1111111119
140906  -21.746  15.327  -9.554 0.1111111119
87088  -22.137  15.705  -9.006 0.1111111119
87966  -22.902  15.887  -9.367 0.1111111119
87967  -23.760  16.114  -9.462 0.1111111119
87958  -24.108  16.867  -9.542 0.1111111119
87968  -25.030  16.411  -9.637 0.1111111119
123714  -25.745  17.593  -9.815 0.1111111119
88847  -26.620  17.832  -8.902 0.1111111119
88845  -23.413  17.493  -8.933 0.1111111119
88836  -23.042  17.866  -7.928 0.1111111119
88846  -24.222  17.804  -9.469 0.1111111119
135132  -37.445  3.507  -1.764 0.1111111119
79118  -37.330  4.775  -4.046 0.1111111119
79123  -37.447  5.305  -4.661 0.1111111119
133637  -37.275  5.567  -3.939 0.1111111119
80817  -38.549  6.338  -10.961 0.1111111119
80802  -37.972  6.842  -9.764 0.1111111119
80824  -38.561  6.273  -11.888 0.1111111119
79976  -23.427  6.764  -12.015 0.4444444478
83299  -30.463  10.715  -9.488 0.4444444478
83300  -31.323  11.012  -9.566 0.3333333433
84137  -32.687  11.118  -11.307 0.2222222239
83324  -32.945  10.335  -11.579 0.1111111119
137391  -25.577  9.544  -12.894 0.4444444478
84935  -31.928  12.138  -12.348 0.2222222239
85633  -31.377  13.538  -11.432 0.1111111119
85642  -31.157  13.491  -12.383 0.1111111119
84943  -30.994  12.766  -13.897 0.1111111119
84135  -25.535  11.701  -11.877 0.3333333433
87132  -30.607  15.382  -12.609 0.1111111119
85616  -23.598  13.755  -10.930 0.2222222239
123312  -25.915  14.764  -9.152 0.1111111119
87101  -22.248  15.455  -9.749 0.1111111119
87959  -25.690  16.801  -9.594 0.1111111119
89747  -28.291  18.743  -9.647 0.1111111119
127955  -24.990  18.118  -9.932 0.1111111119
88837  -23.647  18.287  -8.477 0.1111111119
136257  -37.383  5.256  -2.764 0.1111111119
79203  -37.485  4.386  -14.199 0.2222222239
79187  -23.185  5.809  -11.848 0.4444444478
126274  -23.779  8.399  -12.504 0.4444444478
83322  -26.363  10.862  -11.924 0.4444444478
122296  -24.419  10.712  -12.721 0.4444444478
84123  -27.958  11.262  -9.983 0.4444444478
84887  -29.155  12.730  -9.318 0.2222222239
86331  -21.406  14.881  -9.821 0.1111111119
129285  -21.641  15.480  -8.913 0.1111111119
87950  -22.790  17.086  -8.361 0.1111111119
119021  -37.508  3.862  -1.247 0.1111111119
134899  -37.499  2.197  -1.412 0.1111111119
117812  -37.573  1.604  -0.823 0.1111111119
117846  -37.392  4.188  -1.964 0.1111111119
118863  -37.337  5.556  -2.112 0.1111111119
117830  -37.689  3.820  -0.877 0.1111111119
133574  -37.231  7.197  -5.184 0.1111111119
137065  -37.196  7.348  -6.138 0.1111111119
80759  -37.173  7.478  -7.024 0.1111111119
79943  -37.577  7.074  -8.227 0.1111111119
81595  -38.292  7.716  -11.258 0.1111111119
81582  -38.038  7.840  -10.448 0.1111111119
80801  -37.516  7.697  -8.721 0.1111111119
80834  -38.425  6.308  -12.772 0.1111111119
80840  -37.728  7.248  -14.088 0.1111111119
79996  -36.634  6.719  -15.434 0.1111111119
79194  -24.594  5.542  -12.324 0.4444444478
80846  -36.121  7.056  -15.946 0.1111111119
80838  -34.697  6.760  -15.113 0.1111111119
83350  -32.640  9.358  -14.674 0.1111111119
81628  -33.783  7.575  -16.370 0.1111111119
142954  -22.358  7.017  -11.540 0.4444444478
80820  -22.831  7.498  -11.807 0.4444444478
83354  -32.029  9.336  -16.337 0.1111111119
84168  -31.506  11.367  -14.851 0.1111111119
81589  -20.810  8.105  -10.877 0.2222222239
81602  -21.970  8.988  -11.746 0.3333333433
82479  -21.588  9.596  -11.711 0.2222222239
83321  -21.603  10.333  -11.916 0.2222222239
84954  -30.590  12.678  -14.918 0.1111111119
83309  -19.410  10.550  -10.372 0.1111111119
84134  -21.004  11.475  -11.831 0.2222222239
86378  -29.732  14.545  -14.864 0.1111111119
87162  -29.058  15.366  -15.615 0.1111111119
83296  -19.289  10.915  -10.120 0.1111111119
84092  -19.115  11.414  -8.520 0.1111111119
85595  -20.583  13.916  -9.304 0.1111111119
86324  -21.090  14.362  -8.602 0.1111111119
88021  -28.596  16.712  -15.172 0.1111111119
120599  -21.668  15.610  -8.029 0.1111111119
87948  -21.553  16.473  -7.443 0.1111111119
90518  -28.518  19.874  -11.009 0.1111111119
89753  -29.102  19.032  -11.662 0.1111111119
89765  -28.712  18.787  -13.686 0.1111111119
89774  -27.263  18.763  -15.043 0.1111111119
87949  -22.186  16.688  -7.806 0.1111111119
88835  -22.404  17.512  -7.459 0.1111111119
89736  -25.845  18.487  -9.774 0.1111111119
90505  -27.161  19.874  -9.886 0.1111111119
89734  -24.290  18.648  -9.103 0.1111111119
79192  -39.055  3.907  -13.151 0.1111111119
82495  -33.283  9.022  -13.068 0.1111111119
83298  -29.401  10.401  -9.737 0.4444444478
79131  -37.653  5.533  -5.988 0.1111111119
79991  -36.087  5.073  -14.186 0.2222222239
81612  -24.077  8.903  -12.719 0.4444444478
79919  -37.666  6.008  -6.510 0.1111111119
79905  -37.370  6.253  -4.663 0.1111111119
79988  -39.010  5.023  -13.580 0.1111111119
79995  -37.265  6.147  -14.783 0.1111111119
80845  -37.960  6.186  -14.381 0.1111111119
83345  -32.768  9.705  -13.571 0.1111111119
82505  -33.044  8.322  -15.511 0.1111111119
131566  -30.690  12.199  -9.513 0.2222222239
84890  -31.717  12.225  -9.957 0.2222222239
84906  -31.879  12.525  -10.492 0.1111111119
132376  -32.264  11.390  -12.712 0.2222222239
84159  -32.505  10.585  -13.097 0.1111111119
87150  -29.931  14.914  -14.189 0.1111111119
88007  -29.955  16.507  -13.529 0.1111111119
85649  -30.884  13.488  -13.274 0.1111111119
86365  -30.671  14.682  -12.650 0.1111111119
86379  -30.128  14.137  -14.455 0.1111111119
85655  -30.554  13.501  -14.134 0.1111111119
84174  -31.635  10.514  -15.721 0.1111111119
83349  -32.154  9.890  -15.137 0.1111111119
84956  -31.607  11.577  -14.024 0.2222222239
84904  -27.579  11.986  -9.902 0.3333333433
135927  -31.345  12.168  -13.690 0.2222222239
84147  -23.580  11.329  -12.697 0.3333333433
85606  -29.769  13.541  -9.221 0.2222222239
87117  -31.072  14.643  -10.374 0.1111111119
139059  -30.775  15.752  -11.109 0.1111111119
82480  -22.163  9.677  -12.028 0.3333333433
131798  -22.395  10.927  -12.552 0.3333333433
83320  -20.662  10.881  -11.537 0.1111111119
84930  -22.130  11.936  -12.508 0.3333333433
84932  -23.936  12.077  -12.457 0.3333333433
85619  -26.127  13.185  -10.094 0.2222222239
85604  -26.766  13.623  -9.444 0.1111111119
86335  -27.366  14.299  -9.048 0.1111111119
138749  -29.270  15.616  -9.192 0.1111111119
88872  -30.185  17.187  -12.030 0.1111111119
88884  -30.079  17.102  -12.938 0.1111111119
88871  -29.765  17.787  -12.719 0.1111111119
88014  -29.312  16.670  -14.317 0.1111111119
89776  -29.048  18.155  -13.971 0.1111111119
84119  -19.510  11.270  -10.379 0.1111111119
84133  -20.449  11.664  -11.426 0.1111111119
84917  -22.460  12.592  -12.253 0.3333333433
85615  -22.608  13.735  -10.904 0.1111111119
84919  -24.329  12.580  -11.840 0.3333333433
87091  -27.028  15.839  -8.672 0.1111111119
87092  -27.842  16.139  -8.636 0.1111111119
88856  -29.585  17.425  -10.547 0.1111111119
89766  -29.334  18.352  -13.249 0.1111111119
143844  -29.448  18.448  -11.769 0.1111111119
85613  -20.652  13.140  -10.781 0.1111111119
141837  -19.632  12.541  -9.320 0.1111111119
87100  -21.771  15.052  -10.063 0.1111111119
84879  -20.139  12.940  -9.148 0.1111111119
85614  -21.526  13.612  -10.748 0.1111111119
132875  -23.212  14.759  -10.437 0.1111111119
87114  -22.394  15.119  -10.207 0.1111111119
87089  -25.681  16.104  -9.199 0.1111111119
86347  -24.340  14.258  -10.436 0.1111111119
87960  -26.346  16.370  -8.897 0.1111111119
87961  -27.171  16.876  -8.604 0.1111111119
88851  -27.721  18.479  -8.932 0.1111111119
88855  -28.903  18.055  -10.143 0.1111111119
89751  -28.860  19.097  -10.598 0.1111111119
89754  -29.449  18.295  -11.128 0.1111111119
87081  -21.908  15.920  -8.078 0.1111111119
87956  -22.524  16.274  -8.596 0.1111111119
87957  -23.193  16.671  -9.122 0.1111111119
120647  -24.969  17.261  -9.926 0.1111111119
89737  -26.941  18.586  -8.916 0.1111111119
89746  -27.483  19.150  -9.389 0.1111111119
119646  -37.714  2.384  -0.701 0.1111111119
141224  -37.274  5.641  -3.301 0.1111111119
130962  -39.036  4.956  -12.788 0.1111111119
83344  -32.327  10.273  -14.060 0.1111111119
84955  -31.133  12.021  -14.448 0.1111111119
89750  -28.093  19.612  -10.148 0.1111111119
89735  -25.028  18.923  -9.458 0.1111111119
79898  -37.195  6.342  -3.626 0.1111111119
80844  -37.397  7.027  -15.007 0.1111111119
84963  -30.980  11.580  -15.632 0.1111111119
124149  -30.066  13.152  -15.701 0.1111111119
84120  -19.890  11.107  -10.924 0.1111111119
123707  -19.195  10.068  -10.100 0.1111111119
86390  -29.815  13.930  -15.285 0.1111111119
84093  -19.505  12.271  -8.840 0.1111111119
90528  -28.438  19.604  -12.080 0.1111111119
89757  -28.966  19.001  -12.745 0.1111111119
89745  -26.513  19.299  -9.477 0.1111111119
90511  -26.570  20.396  -10.261 0.1111111119
90512  -27.594  20.268  -10.616 0.1111111119
118883  -24.205  -16.517  -3.183 0.2222222239
117762  -33.480  -6.409  -7.728 0.2222222239
118345  -35.454  -5.322  -4.106 0.2222222239
117906  -32.574  -5.470  -8.531 0.3333333433
134979  -33.849  -5.957  -8.240 0.4444444478
134670  -34.474  -5.320  -5.911 0.3333333433
78408  -22.198  4.377  -11.152 0.2222222239
79967  -20.969  6.413  -10.706 0.1111111119
80809  -20.349  7.172  -10.578 0.1111111119
80810  -21.292  7.326  -11.036 0.2222222239
74153  -27.036  -0.406  -11.042 0.2222222239
73368  -28.630  -1.299  -10.885 0.1111111119
117911  -30.919  -4.815  -8.858 0.2222222239
117916  -27.260  -1.161  -10.659 0.1111111119
75853  -24.228  0.779  -10.536 0.1111111119
139844  -23.164  1.803  -10.642 0.1111111119
135674  -21.506  4.217  -10.565 0.1111111119
79966  -20.185  6.310  -10.332 0.1111111119
80808  -19.624  7.067  -10.300 0.1111111119
81588  -19.733  8.033  -10.419 0.1111111119
78409  -23.211  4.184  -11.607 0.2222222239
77522  -22.882  2.605  -10.948 0.1111111119
71074  -26.164  -3.660  -9.541 0.2222222239
134989  -30.529  -4.077  -9.305 0.2222222239
125777  -22.525  3.436  -11.141 0.1111111119
135385  -34.588  -0.686  -4.651 0.1111111119
135381  -34.039  -0.718  -5.284 0.3333333433
129260  -22.930  4.988  -11.624 0.3333333433
79186  -22.229  5.524  -11.333 0.3333333433
137068  -32.271  -4.664  -8.646 0.2222222239
78407  -21.814  3.628  -10.727 0.1111111119
79177  -20.851  5.561  -10.475 0.1111111119
143456  -22.528  2.086  -10.530 0.1111111119
79185  -21.493  4.859  -10.772 0.1111111119
123757  -21.631  3.934  -10.597 0.1111111119
78400  -21.182  4.843  -10.438 0.1111111119
77518  -22.170  2.754  -10.683 0.1111111119
66134  -36.216  -11.194  -2.880 0.1111111119
61147  -23.858  -15.929  -2.916 0.1111111119
119147  -24.745  -17.267  -3.210 0.1111111119
117613  -25.384  -17.618  -2.899 0.1111111119
61941  -23.355  -15.594  -2.154 0.1111111119
61955  -23.204  -15.400  -2.723 0.1111111119
61962  -22.711  -15.292  -3.478 0.1111111119
61961  -21.777  -14.879  -4.530 0.1111111119
61970  -20.962  -15.598  -4.994 0.1111111119
134627  -24.944  -2.594  -9.495 0.1111111119
135457  -35.027  -4.998  -5.156 0.1111111119
118652  -33.194  -5.640  -8.521 0.1111111119
118896  -31.613  -2.792  -9.681 0.2222222239
134870  -31.854  -2.101  -9.780 0.2222222239
61942  -24.131  -16.004  -2.271 0.1111111119
61138  -24.711  -16.555  -2.518 0.1111111119
117615  -24.973  -18.353  -3.405 0.1111111119
62792  -21.845  -14.507  -2.133 0.1111111119
61954  -22.579  -14.888  -2.519 0.1111111119
120902  -22.110  -13.841  -3.605 0.1111111119
63595  -22.153  -13.410  -3.946 0.1111111119
137947  -22.338  -12.807  -4.230 0.1111111119
63600  -22.741  -13.057  -4.954 0.1111111119
135265  -24.190  -1.973  -9.216 0.1111111119
135024  -27.116  -2.232  -10.418 0.1111111119
117776  -31.440  -4.268  -9.074 0.1111111119
118754  -33.575  -5.218  -5.711 0.1111111119
134553  -31.573  -1.986  -6.456 0.2222222239
134994  -29.255  -2.260  -9.345 0.2222222239
118557  -28.861  -2.637  -10.084 0.1111111119
135073  -25.174  -19.212  -3.410 0.1111111119
117900  -29.517  -2.260  -10.388 0.1111111119
134510  -28.121  -3.327  -9.976 0.1111111119
135386  -32.249  -1.709  -6.260 0.2222222239
134667  -36.637  -4.191  -1.495 0.1111111119
65313  -23.024  -11.162  -4.543 0.1111111119
66176  -23.340  -10.024  -4.755 0.1111111119
124399  -23.899  -8.632  -5.283 0.1111111119
118554  -24.065  -3.275  -8.752 0.1111111119
129269  -25.122  -3.758  -9.065 0.1111111119
61146  -23.156  -16.144  -3.592 0.1111111119
62803  -22.304  -14.544  -3.420 0.1111111119
134509  -32.640  -5.384  -8.566 0.1111111119
134878  -27.168  -2.849  -10.187 0.1111111119
135474  -26.067  -2.545  -10.011 0.1111111119
135362  -32.081  -4.292  -8.795 0.1111111119
118355  -24.281  -1.686  -9.275 0.1111111119
135384  -30.695  -1.559  -6.790 0.1111111119
62802  -22.114  -14.118  -2.820 0.1111111119
63586  -22.064  -13.427  -3.046 0.1111111119
71820  -23.262  -2.661  -8.494 0.1111111119
135099  -23.598  -1.841  -8.873 0.1111111119
118483  -27.891  -2.556  -10.296 0.1111111119
142096  -28.930  -1.627  -8.522 0.1111111119
137345  -28.432  -1.350  -8.642 0.1111111119
74956  -25.912  -0.338  -10.659 0.1111111119
118315  -33.064  -1.538  -5.888 0.1111111119
118966  -26.150  -1.032  -10.411 0.1111111119
75854  -24.740  -0.215  -10.214 0.1111111119
136914  -24.986  0.917  -10.905 0.1111111119
52918  -27.274  -26.062  -5.491 0.1111111119
53923  -27.003  -25.234  -5.438 0.1111111119
53930  -27.189  -25.054  -5.892 0.1111111119
54815  -27.201  -24.237  -6.069 0.1111111119
55735  -26.318  -23.371  -4.753 0.2222222239
55742  -25.991  -23.530  -5.051 0.3333333433
55748  -27.545  -22.744  -6.213 0.1111111119
56705  -27.314  -22.666  -4.322 0.1111111119
56714  -26.296  -21.922  -5.554 0.3333333433
56721  -28.089  -21.824  -6.257 0.1111111119
57649  -27.645  -19.983  -5.251 0.3333333433
58557  -21.032  -19.429  -4.944 0.3333333433
58570  -21.391  -19.628  -5.138 0.3333333433
58573  -29.346  -20.172  -5.223 0.2222222239
59433  -31.730  -18.594  -3.284 0.1111111119
59441  -20.481  -18.017  -4.890 0.3333333433
59444  -21.647  -19.966  -4.434 0.3333333433
59446  -20.829  -18.898  -5.181 0.3333333433
60273  -30.725  -17.943  -2.949 0.1111111119
60278  -20.552  -17.999  -5.064 0.3333333433
60279  -20.993  -17.702  -5.419 0.3333333433
61153  -20.476  -17.390  -5.188 0.3333333433
61154  -20.417  -17.062  -5.107 0.3333333433
61965  -28.457  -15.789  -3.537 0.4444444478
62810  -29.851  -14.747  -3.629 0.4444444478
62815  -26.012  -14.582  -4.891 0.4444444478
62822  -25.119  -13.976  -5.300 0.3333333433
63599  -22.298  -13.469  -4.537 0.1111111119
63601  -27.494  -13.874  -4.868 0.4444444478
63602  -28.535  -13.938  -4.594 0.4444444478
63603  -29.433  -13.585  -4.554 0.4444444478
63605  -24.521  -13.326  -5.613 0.3333333433
64424  -33.001  -13.135  -2.934 0.1111111119
64449  -31.246  -12.297  -4.135 0.3333333433
64455  -26.985  -13.015  -6.105 0.4444444478
64456  -28.416  -13.072  -5.930 0.4444444478
64459  -25.818  -12.194  -6.433 0.4444444478
64460  -26.707  -12.407  -6.487 0.4444444478
65314  -30.896  -11.912  -4.827 0.3333333433
65325  -24.526  -11.272  -6.014 0.2222222239
65326  -25.089  -11.791  -6.297 0.3333333433
66208  -33.316  -10.106  -5.326 0.4444444478
67016  -25.477  -9.992  -6.254 0.4444444478
67020  -32.982  -10.247  -7.787 0.8888888955
67022  -35.057  -9.192  -7.315 1.0000000000
67024  -28.628  -9.129  -7.372 0.6666666865
67029  -33.837  -9.810  -8.118 1.0000000000
67709  -39.113  -7.617  -3.263 0.4444444478
67764  -26.405  -8.808  -6.517 0.5555555820
67765  -26.864  -8.280  -6.767 0.5555555820
67782  -36.321  -8.126  -8.180 1.0000000000
68567  -24.223  -7.987  -5.682 0.2222222239
68584  -25.416  -7.692  -6.492 0.4444444478
68602  -31.531  -8.107  -8.476 0.8888888955
69435  -25.404  -6.505  -7.431 0.4444444478
69442  -28.537  -5.070  -8.948 0.6666666865
73366  -31.886  -2.206  -9.926 0.4444444478
73367  -28.235  -1.107  -10.917 0.3333333433
73369  -29.280  -1.607  -10.810 0.3333333433
74155  -28.465  -0.627  -11.162 0.4444444478
75857  -23.846  1.523  -10.780 0.1111111119
76721  -22.349  2.073  -10.415 0.1111111119
76737  -29.841  2.855  -12.332 0.7777777910
77526  -29.739  3.543  -12.295 0.6666666865
77530  -27.883  3.548  -12.602 0.6666666865
78395  -33.873  4.594  -9.656 0.8888888955
78410  -24.889  4.792  -12.232 0.6666666865
78415  -27.540  4.097  -12.616 0.6666666865
79170  -31.371  5.674  -9.797 0.6666666865
79171  -32.528  5.635  -9.584 0.6666666865
79180  -31.875  4.835  -9.689 0.7777777910
79193  -24.005  6.073  -12.250 0.4444444478
79197  -27.879  5.475  -12.525 0.6666666865
79200  -38.214  3.517  -13.292 0.2222222239
79202  -36.831  3.973  -13.465 0.2222222239
79897  -37.182  5.974  -2.850 0.1111111119
79952  -19.882  6.338  -10.211 0.1111111119
79969  -30.598  6.263  -10.219 0.6666666865
79971  -34.808  5.866  -10.863 0.5555555820
79974  -21.845  6.564  -11.268 0.4444444478
79983  -26.711  6.218  -12.826 0.5555555820
79990  -26.629  7.116  -13.056 0.5555555820
79993  -38.599  5.301  -14.091 0.1111111119
80796  -31.010  7.787  -9.695 0.6666666865
80797  -31.822  7.213  -9.619 0.6666666865
80814  -33.671  7.692  -10.419 0.5555555820
80826  -23.590  7.688  -12.248 0.4444444478
80828  -25.432  7.010  -12.807 0.5555555820
80835  -25.049  7.884  -12.911 0.5555555820
80836  -25.927  7.521  -13.111 0.5555555820
80841  -38.348  6.237  -13.718 0.1111111119
80842  -35.273  7.162  -15.951 0.1111111119
80843  -35.627  6.601  -15.333 0.1111111119
81579  -32.265  8.599  -9.632 0.5555555820
81593  -33.684  8.291  -10.892 0.5555555820
81601  -21.250  8.972  -11.347 0.3333333433
81604  -28.403  8.399  -11.575 0.5555555820
81614  -27.233  8.085  -12.990 0.5555555820
81625  -33.529  7.842  -15.088 0.1111111119
82452  -30.274  9.813  -9.646 0.5555555820
82454  -31.892  9.446  -9.583 0.4444444478
82469  -32.819  10.040  -10.201 0.3333333433
82471  -33.581  8.896  -11.379 0.5555555820
82482  -28.244  9.295  -11.240 0.5555555820
82492  -25.222  9.058  -13.012 0.4444444478
82494  -27.236  9.555  -12.177 0.4444444478
83313  -32.464  10.631  -9.995 0.3333333433
83331  -21.814  10.962  -12.274 0.3333333433
83332  -22.256  10.334  -12.312 0.3333333433
83335  -25.946  10.172  -12.562 0.4444444478
83336  -26.674  10.065  -12.219 0.4444444478
84109  -31.373  11.849  -9.675 0.2222222239
84110  -31.999  11.363  -9.848 0.3333333433
84136  -32.365  11.737  -10.854 0.2222222239
84144  -21.501  11.620  -12.222 0.3333333433
84145  -22.033  11.391  -12.487 0.3333333433
84158  -32.106  11.125  -13.605 0.2222222239
84889  -31.264  12.567  -9.718 0.2222222239
84900  -20.435  12.423  -11.231 0.1111111119
84902  -25.568  12.817  -10.812 0.2222222239
84916  -20.951  12.111  -11.858 0.1111111119
84931  -22.985  12.037  -12.597 0.3333333433
84933  -24.729  12.086  -12.096 0.3333333433
84944  -31.745  11.841  -13.216 0.2222222239
85603  -25.936  13.981  -9.617 0.1111111119
85629  -21.964  13.109  -11.692 0.2222222239
85632  -24.777  13.045  -11.173 0.3333333433
86345  -21.458  14.415  -10.194 0.1111111119
86348  -30.916  14.591  -9.857 0.1111111119
86349  -31.248  14.020  -10.076 0.1111111119
87115  -30.322  15.786  -10.080 0.1111111119
87124  -30.983  15.024  -11.169 0.1111111119
87969  -29.192  16.325  -9.301 0.1111111119
87988  -30.217  16.933  -11.021 0.1111111119
88883  -29.570  17.502  -13.644 0.1111111119
89758  -29.416  18.450  -12.362 0.1111111119
89775  -28.249  18.272  -14.563 0.1111111119
91263  -26.800  20.630  -10.700 0.1111111119
117754  -37.327  -4.732  -0.151 0.2222222239
117768  -36.545  -3.235  0.465 0.3333333433
117780  -38.271  -5.962  -5.245 1.0000000000
117786  -37.233  -1.498  0.073 0.3333333433
117814  -38.149  -2.047  -4.464 0.8888888955
117820  -36.362  -6.688  -8.615 1.0000000000
117837  -35.815  -8.103  -8.342 1.0000000000
117838  -38.157  -0.842  -8.045 0.8888888955
117850  -37.444  4.427  -2.783 0.1111111119
117907  -28.546  -1.900  -10.527 0.1111111119
118290  -38.105  -5.399  -1.552 0.5555555820
118375  -35.589  -5.091  -4.534 0.5555555820
118500  -37.357  2.793  -2.000 0.1111111119
118663  -37.581  3.024  -1.284 0.1111111119
118834  -36.128  -2.749  0.194 0.6666666865
118939  -32.900  -5.929  -8.263 0.1111111119
118961  -24.486  -17.857  -5.664 0.3333333433
119207  -23.888  -20.894  -4.931 0.3333333433
119284  -28.009  -1.438  -10.731 0.1111111119
119383  -31.628  -5.085  -8.678 0.2222222239
119442  -36.854  -4.073  0.284 0.3333333433
121274  -29.826  -18.186  -3.273 0.1111111119
122552  -26.671  -24.614  -5.020 0.1111111119
122609  -28.868  -17.886  -3.368 0.3333333433
123307  -31.767  -0.489  -10.565 0.5555555820
123423  -20.683  -18.083  -4.227 0.3333333433
124144  -28.931  15.086  -8.960 0.1111111119
124315  -30.438  14.401  -13.475 0.1111111119
125465  -29.224  11.973  -9.476 0.4444444478
125679  -28.781  4.509  -12.445 0.6666666865
126147  -29.771  15.061  -9.237 0.1111111119
127297  -27.812  6.403  -12.560 0.5555555820
127821  -32.564  9.162  -9.752 0.5555555820
130208  -31.491  13.392  -10.553 0.1111111119
131393  -21.434  5.727  -10.898 0.1111111119
131642  -22.412  8.318  -11.778 0.4444444478
132620  -28.228  4.744  -12.493 0.6666666865
132908  -30.651  13.202  -9.522 0.2222222239
133048  -29.728  17.974  -11.902 0.1111111119
134637  -34.644  -6.071  -7.747 0.4444444478
134709  -34.144  -6.221  -8.702 0.5555555820
134722  -37.964  -4.378  -2.356 1.0000000000
134740  -37.684  -0.621  -2.514 0.7777777910
134799  -37.434  1.044  -3.099 0.6666666865
134938  -25.903  -19.307  -3.069 0.1111111119
135253  -34.402  -7.137  -8.521 1.0000000000
135345  -29.138  -0.857  -7.360 0.1111111119
135508  -33.595  -5.680  -8.602 0.1111111119
135864  -20.497  13.234  -10.467 0.1111111119
136230  -37.465  4.766  -1.515 0.1111111119
136972  -32.573  11.211  -10.763 0.2222222239
137035  -36.338  -2.077  -0.291 1.0000000000
137555  -23.563  15.540  -9.835 0.1111111119
137666  -22.833  15.418  -9.982 0.1111111119
138098  -37.400  4.863  -2.219 0.1111111119
138398  -23.005  10.920  -12.694 0.3333333433
138446  -25.875  -9.254  -6.335 0.5555555820
138451  -29.563  8.718  -10.410 0.6666666865
138525  -35.970  -7.375  -8.530 1.0000000000
138592  -20.386  -17.511  -4.950 0.3333333433
138860  -24.411  8.375  -12.738 0.5555555820
139323  -22.735  1.432  -10.218 0.1111111119
140230  -24.466  16.104  -9.566 0.1111111119
140641  -31.176  -18.253  -3.070 0.1111111119
140674  -29.895  12.989  -9.330 0.2222222239
140841  -21.668  4.208  -10.721 0.1111111119
140958  -29.071  -11.506  -7.004 0.4444444478
141216  -32.188  -11.696  -4.047 0.2222222239
141240  -29.021  -15.941  -3.377 0.4444444478
141784  -30.503  15.000  -13.040 0.1111111119
142135  -24.922  9.571  -12.880 0.4444444478
142790  -36.286  0.852  -9.355 1.0000000000
143124  -21.137  10.579  -11.728 0.1111111119
143223  -26.340  17.100  -9.123 0.1111111119
143240  -37.562  2.265  -9.467 0.8888888955
143308  -30.231  13.485  -14.866 0.1111111119
143691  -26.892  12.003  -10.309 0.3333333433
