#!ascii label  , from subject sub-v1s23x0050556_ses-1 vox2ras=TkReg
916
113202  -16.200  -31.955  -34.111 0.5555555820
119715  -17.419  -32.029  -35.516 0.6666666865
54520  -17.843  -31.881  -36.095 0.7777777910
54530  -18.523  -31.731  -36.732 0.7777777910
55505  -18.679  -30.295  -37.360 0.8888888955
55507  -20.222  -30.601  -37.942 0.8888888955
127813  -15.735  -32.132  -33.545 0.5555555820
54511  -15.960  -30.929  -34.341 0.5555555820
54518  -16.552  -30.791  -35.086 0.6666666865
55483  -16.694  -30.168  -35.614 0.8888888955
119465  -18.429  -30.910  -37.000 0.8888888955
56469  -19.727  -29.619  -38.013 1.0000000000
55515  -20.673  -30.011  -38.148 0.8888888955
124966  -21.111  -29.557  -38.234 1.0000000000
55471  -15.822  -30.031  -34.975 0.7777777910
57417  -16.993  -28.712  -36.591 1.0000000000
128144  -16.715  -27.995  -36.826 1.0000000000
57418  -17.751  -28.934  -37.153 1.0000000000
57435  -18.662  -28.126  -38.353 1.0000000000
57426  -17.491  -28.264  -37.294 1.0000000000
57436  -19.238  -28.294  -38.548 1.0000000000
130754  -18.904  -27.631  -38.863 1.0000000000
58376  -19.523  -27.792  -38.913 1.0000000000
58378  -21.621  -28.039  -38.675 1.0000000000
125916  -21.399  -26.607  -39.352 1.0000000000
58366  -16.361  -26.839  -37.003 0.8888888955
58374  -17.710  -27.079  -38.141 1.0000000000
58387  -18.610  -26.939  -39.148 1.0000000000
59337  -19.482  -26.506  -39.647 1.0000000000
59338  -20.423  -26.525  -39.555 1.0000000000
124158  -22.275  -26.344  -39.398 1.0000000000
124154  -22.259  -25.559  -39.740 1.0000000000
60278  -23.309  -26.010  -39.414 0.7777777910
60279  -24.456  -26.176  -39.533 0.7777777910
59327  -16.650  -25.910  -37.810 0.5555555820
61172  -17.047  -24.903  -39.502 0.7777777910
59328  -17.341  -26.117  -38.563 0.8888888955
59335  -18.344  -26.280  -39.453 1.0000000000
59336  -18.850  -26.450  -39.594 1.0000000000
60273  -18.065  -25.619  -39.811 0.8888888955
120937  -18.580  -25.913  -39.837 1.0000000000
60275  -19.094  -25.895  -40.033 1.0000000000
60294  -20.580  -25.136  -40.482 1.0000000000
61179  -21.749  -24.925  -40.342 1.0000000000
61180  -22.846  -25.016  -39.867 0.8888888955
61182  -24.696  -25.136  -39.547 0.7777777910
61183  -25.678  -25.537  -39.875 0.6666666865
62062  -15.654  -23.821  -37.996 0.4444444478
61177  -16.710  -23.971  -39.764 0.6666666865
61190  -17.840  -24.207  -40.753 0.7777777910
61178  -18.001  -24.937  -40.316 0.8888888955
60292  -18.636  -24.602  -40.785 0.8888888955
61191  -19.425  -24.489  -40.991 1.0000000000
61192  -20.164  -24.549  -40.942 1.0000000000
61193  -21.064  -24.455  -40.906 1.0000000000
62084  -22.336  -23.776  -40.948 0.8888888955
62085  -23.057  -23.849  -40.618 0.7777777910
126237  -24.370  -24.103  -39.811 0.7777777910
61184  -26.244  -26.207  -40.682 0.5555555820
62087  -24.657  -23.404  -40.011 0.7777777910
62076  -26.161  -24.572  -39.860 0.6666666865
62082  -16.538  -23.153  -40.461 0.6666666865
62074  -15.937  -23.165  -39.519 0.6666666865
62083  -17.201  -23.765  -40.683 0.7777777910
63051  -16.970  -23.051  -41.174 0.7777777910
61200  -18.335  -23.852  -41.248 0.8888888955
61201  -19.095  -24.028  -41.318 0.8888888955
62096  -18.821  -23.541  -41.665 1.0000000000
62097  -19.577  -23.490  -41.784 1.0000000000
121415  -20.318  -23.642  -41.669 1.0000000000
127359  -21.509  -23.869  -41.239 0.8888888955
63052  -23.092  -23.222  -41.074 0.8888888955
63053  -24.086  -22.853  -40.714 0.8888888955
62086  -23.779  -23.606  -40.367 0.7777777910
63067  -22.622  -22.632  -41.549 0.8888888955
63054  -24.993  -22.598  -40.249 0.7777777910
63043  -25.626  -23.385  -39.791 0.7777777910
63044  -26.625  -23.502  -39.921 0.6666666865
63041  -15.962  -22.362  -40.028 0.6666666865
63062  -17.509  -22.759  -41.833 0.8888888955
121426  -18.229  -23.257  -41.802 0.8888888955
130508  -19.659  -22.960  -42.286 1.0000000000
63064  -18.972  -23.083  -42.142 1.0000000000
63066  -21.722  -22.733  -41.798 1.0000000000
62099  -22.074  -23.299  -41.424 0.8888888955
63069  -24.496  -21.996  -40.937 0.7777777910
130102  -25.275  -21.926  -40.438 0.7777777910
132514  -26.657  -22.641  -40.040 0.6666666865
63045  -27.261  -22.961  -40.189 0.5555555820
129612  -27.303  -24.009  -40.381 0.5555555820
63050  -16.343  -22.387  -40.888 0.7777777910
131176  -16.248  -21.606  -41.238 0.6666666865
63061  -16.805  -22.375  -41.422 0.8888888955
63075  -18.558  -22.113  -42.780 1.0000000000
63077  -20.188  -22.571  -42.529 1.0000000000
64062  -21.614  -21.587  -42.276 0.8888888955
64050  -22.125  -22.059  -41.851 0.8888888955
64063  -22.400  -21.309  -41.921 0.8888888955
63068  -23.546  -22.380  -41.287 0.8888888955
121139  -25.035  -21.249  -40.634 0.7777777910
64971  -25.618  -20.461  -40.448 0.7777777910
64039  -25.865  -21.455  -40.280 0.7777777910
63056  -27.768  -22.338  -40.499 0.5555555820
64997  -24.166  -19.849  -41.157 0.7777777910
64040  -26.657  -20.892  -40.189 0.5555555820
64972  -27.549  -20.416  -40.262 0.6666666865
64970  -15.445  -20.356  -40.452 0.4444444478
64038  -15.659  -20.935  -40.769 0.5555555820
64057  -17.331  -21.190  -42.465 0.7777777910
64059  -19.159  -21.634  -43.109 1.0000000000
64994  -20.939  -21.064  -42.845 0.8888888955
64995  -21.930  -20.745  -42.341 0.8888888955
127149  -22.656  -20.608  -41.979 0.8888888955
64981  -23.925  -20.688  -41.289 0.8888888955
66871  -17.577  -17.969  -43.212 0.6666666865
65972  -16.473  -19.101  -42.104 0.6666666865
65988  -18.080  -18.991  -43.322 0.7777777910
65974  -19.494  -19.931  -43.415 0.8888888955
65990  -19.968  -19.118  -43.570 0.7777777910
115292  -21.070  -19.013  -43.212 0.7777777910
119441  -21.508  -19.992  -42.747 0.8888888955
118589  -22.421  -19.962  -42.272 0.8888888955
65977  -22.905  -19.230  -42.072 0.7777777910
65978  -23.684  -19.199  -41.530 0.6666666865
67759  -22.973  -17.738  -41.943 0.6666666865
122872  -24.301  -18.172  -40.979 0.6666666865
65960  -24.509  -18.984  -41.040 0.6666666865
116894  -24.989  -19.736  -40.748 0.5555555820
68676  -24.888  -17.136  -40.511 0.6666666865
67717  -25.560  -17.875  -40.149 0.5555555820
66835  -26.497  -18.479  -39.903 0.5555555820
124272  -28.234  -20.117  -40.562 0.4444444478
69547  -16.697  -15.458  -43.293 0.3333333433
68689  -16.634  -16.047  -42.991 0.3333333433
67772  -17.645  -16.974  -43.483 0.5555555820
66883  -18.369  -17.939  -43.599 0.6666666865
68707  -18.666  -16.424  -43.790 0.5555555820
66872  -20.186  -18.235  -43.587 0.7777777910
67757  -21.245  -17.095  -43.206 0.6666666865
128863  -21.808  -18.461  -42.846 0.6666666865
66873  -21.159  -17.979  -43.249 0.6666666865
67758  -22.097  -17.619  -42.686 0.6666666865
67733  -23.525  -17.113  -41.495 0.6666666865
126528  -24.167  -16.542  -41.039 0.6666666865
67718  -26.600  -17.705  -39.684 0.5555555820
68663  -26.871  -17.039  -39.496 0.5555555820
68662  -25.801  -16.916  -39.696 0.6666666865
69548  -17.196  -15.372  -43.585 0.4444444478
69533  -16.430  -14.534  -42.940 0.4444444478
69535  -18.382  -14.462  -43.735 0.5555555820
68708  -19.594  -16.694  -43.742 0.6666666865
68690  -20.425  -16.463  -43.528 0.6666666865
68692  -22.737  -16.773  -42.221 0.6666666865
111341  -23.441  -16.257  -41.601 0.6666666865
111418  -25.729  -15.891  -39.747 0.6666666865
115533  -26.676  -16.257  -39.552 0.5555555820
69536  -20.591  -15.564  -43.390 0.6666666865
132065  -21.445  -15.603  -43.018 0.6666666865
115973  -21.939  -16.783  -42.799 0.6666666865
111937  -22.093  -16.093  -42.679 0.6666666865
111399  -24.293  -15.674  -40.937 0.6666666865
55497  -18.057  -30.242  -36.854 0.8888888955
56463  -17.575  -29.512  -36.727 1.0000000000
57427  -18.337  -28.709  -37.718 1.0000000000
56477  -20.312  -29.209  -38.225 1.0000000000
114990  -15.957  -23.741  -38.934 0.5555555820
64022  -15.815  -21.608  -40.485 0.5555555820
65941  -15.605  -20.204  -41.053 0.5555555820
64049  -16.998  -21.897  -41.897 0.7777777910
64060  -20.078  -21.874  -42.983 1.0000000000
120916  -24.411  -21.208  -41.053 0.8888888955
65921  -14.668  -19.107  -39.194 0.2222222239
65947  -26.566  -19.870  -40.163 0.6666666865
116979  -26.872  -19.151  -39.951 0.4444444478
69550  -19.406  -15.661  -43.730 0.6666666865
119200  -19.744  -14.608  -43.560 0.6666666865
62061  -15.386  -23.158  -38.553 0.4444444478
63040  -15.315  -22.444  -39.152 0.4444444478
134548  -28.244  -17.134  -39.874 0.5555555820
67720  -28.563  -17.520  -40.239 0.5555555820
70393  -16.185  -13.866  -42.129 0.2222222239
69534  -17.255  -14.439  -43.472 0.3333333433
131690  -28.366  -16.039  -39.843 0.5555555820
51615  -16.690  -33.655  -34.236 0.5555555820
52567  -17.314  -33.326  -34.854 0.5555555820
53506  -17.314  -32.621  -35.146 0.6666666865
53513  -17.826  -32.607  -35.685 0.5555555820
53514  -18.389  -32.516  -36.192 0.5555555820
53536  -19.788  -31.847  -37.484 0.7777777910
54542  -20.599  -31.547  -37.762 0.8888888955
52559  -15.992  -33.569  -33.516 0.5555555820
54541  -19.091  -31.213  -37.375 0.8888888955
55508  -21.136  -30.797  -38.044 0.7777777910
55516  -21.580  -30.154  -38.218 0.7777777910
56478  -21.954  -29.515  -38.293 0.8888888955
118981  -15.282  -31.791  -33.080 0.4444444478
54510  -15.367  -30.674  -33.744 0.5555555820
57438  -21.077  -28.785  -38.374 1.0000000000
56434  -15.248  -29.531  -34.698 0.2222222239
56455  -16.098  -29.429  -35.604 0.6666666865
58379  -22.813  -28.260  -38.854 0.8888888955
126309  -23.255  -27.796  -39.125 0.6666666865
59340  -24.207  -27.067  -39.486 0.7777777910
57416  -15.961  -28.190  -36.224 0.5555555820
59341  -25.003  -27.330  -40.048 0.6666666865
59308  -15.807  -26.689  -36.362 0.4444444478
60281  -25.703  -27.208  -40.895 0.5555555820
60237  -15.635  -25.346  -36.911 0.2222222239
62077  -26.834  -25.074  -40.469 0.5555555820
62088  -27.286  -25.365  -41.135 0.5555555820
63990  -14.560  -21.369  -37.007 0.3333333433
62089  -27.728  -25.385  -41.693 0.5555555820
121401  -15.487  -20.978  -40.084 0.4444444478
62090  -28.289  -23.865  -41.548 0.4444444478
64953  -15.357  -20.691  -39.904 0.3333333433
64043  -28.539  -21.965  -41.305 0.5555555820
64974  -28.689  -20.258  -41.086 0.4444444478
67732  -15.796  -16.045  -42.063 0.3333333433
112173  -16.591  -16.922  -42.663 0.3333333433
119423  -28.365  -19.023  -40.501 0.4444444478
66838  -28.873  -18.025  -40.853 0.4444444478
67721  -29.100  -17.292  -40.834 0.2222222239
70405  -16.639  -13.875  -42.681 0.3333333433
128756  -21.061  -14.724  -43.290 0.6666666865
126587  -22.812  -15.784  -42.179 0.6666666865
111306  -23.529  -15.368  -41.548 0.6666666865
126662  -24.201  -14.627  -40.961 0.6666666865
111319  -24.955  -15.305  -40.260 0.6666666865
111570  -26.486  -15.499  -39.630 0.6666666865
69511  -27.510  -15.573  -39.645 0.4444444478
68666  -29.240  -16.519  -40.845 0.3333333433
54512  -16.808  -31.752  -34.914 0.6666666865
53505  -16.730  -32.719  -34.549 0.5555555820
54519  -17.228  -31.155  -35.741 0.7777777910
54529  -17.887  -31.047  -36.486 0.8888888955
56468  -18.899  -29.555  -37.739 1.0000000000
56464  -18.238  -29.527  -37.285 1.0000000000
55506  -19.395  -30.393  -37.712 0.8888888955
117740  -19.813  -31.152  -37.720 0.8888888955
53499  -16.127  -32.815  -33.864 0.5555555820
54503  -15.587  -31.377  -33.635 0.5555555820
55496  -17.399  -30.262  -36.269 0.8888888955
56476  -19.610  -28.866  -38.268 1.0000000000
56435  -15.473  -29.335  -35.191 0.6666666865
55470  -15.352  -30.107  -34.220 0.6666666865
56456  -16.872  -29.466  -36.120 1.0000000000
57405  -16.250  -28.923  -36.086 0.8888888955
58368  -17.993  -27.822  -37.923 1.0000000000
57428  -19.059  -28.855  -38.141 1.0000000000
57437  -19.943  -28.494  -38.549 1.0000000000
58375  -18.354  -27.390  -38.591 1.0000000000
58377  -20.404  -27.938  -38.799 1.0000000000
57439  -22.340  -28.850  -38.488 0.8888888955
58389  -19.884  -27.237  -39.298 1.0000000000
58388  -19.158  -27.112  -39.281 1.0000000000
58390  -20.937  -27.253  -39.076 1.0000000000
58391  -22.228  -27.294  -39.028 0.8888888955
59339  -23.245  -27.038  -39.239 0.7777777910
59322  -17.002  -26.558  -37.707 1.0000000000
58354  -16.196  -27.402  -36.576 0.6666666865
58367  -17.096  -27.401  -37.336 1.0000000000
59329  -17.982  -26.679  -38.859 1.0000000000
132914  -17.550  -26.615  -38.338 0.8888888955
60276  -19.976  -25.833  -40.041 1.0000000000
60277  -21.194  -25.794  -39.823 1.0000000000
60280  -25.254  -26.443  -39.940 0.6666666865
59321  -16.015  -26.136  -37.054 0.5555555820
60255  -16.120  -25.476  -37.475 0.6666666865
60263  -16.670  -25.338  -38.465 0.7777777910
114489  -17.446  -24.510  -40.204 0.8888888955
60264  -17.445  -25.559  -39.336 0.8888888955
133974  -17.621  -25.125  -39.891 0.8888888955
59334  -17.860  -26.069  -39.270 1.0000000000
60274  -18.596  -25.375  -40.249 0.8888888955
60293  -19.450  -25.148  -40.535 1.0000000000
61194  -22.562  -24.342  -40.453 0.8888888955
61181  -23.547  -24.396  -39.980 0.8888888955
127666  -23.784  -25.292  -39.583 0.7777777910
62075  -25.262  -24.296  -39.642 0.6666666865
61171  -16.313  -24.451  -38.727 0.5555555820
62041  -15.395  -23.989  -37.272 0.3333333433
61161  -15.844  -24.674  -37.559 0.3333333433
61202  -19.880  -24.056  -41.359 1.0000000000
62095  -17.642  -23.497  -41.269 0.8888888955
63065  -20.306  -23.142  -42.053 1.0000000000
124155  -25.969  -22.429  -40.013 0.7777777910
63063  -18.366  -22.690  -42.364 0.8888888955
127181  -21.442  -22.229  -42.102 0.8888888955
64052  -23.783  -21.536  -41.344 0.7777777910
63055  -26.817  -21.959  -40.183 0.6666666865
63057  -28.302  -22.650  -41.049 0.5555555820
115876  -27.831  -23.681  -40.814 0.5555555820
64979  -16.499  -21.048  -41.847 0.6666666865
128394  -17.802  -22.073  -42.452 0.8888888955
64061  -20.857  -22.051  -42.558 1.0000000000
64051  -22.972  -21.844  -41.629 0.8888888955
64982  -24.680  -20.518  -40.862 0.8888888955
64996  -23.295  -20.065  -41.719 0.8888888955
64041  -27.610  -21.333  -40.341 0.5555555820
64058  -18.247  -21.378  -42.916 1.0000000000
64991  -17.906  -20.195  -42.928 0.7777777910
64990  -16.884  -20.173  -42.323 0.7777777910
64993  -19.866  -20.892  -43.196 0.8888888955
64992  -18.884  -20.676  -43.279 0.7777777910
124623  -28.643  -21.184  -41.207 0.5555555820
66870  -16.890  -18.009  -42.611 0.5555555820
67755  -17.224  -17.242  -43.083 0.4444444478
65973  -17.325  -19.047  -42.732 0.6666666865
64989  -16.156  -20.178  -41.629 0.7777777910
65959  -15.749  -19.361  -41.442 0.6666666865
66884  -19.332  -18.363  -43.665 0.7777777910
133721  -18.664  -19.777  -43.343 0.7777777910
65976  -22.059  -19.187  -42.601 0.7777777910
66874  -22.527  -18.460  -42.315 0.6666666865
66875  -23.258  -18.519  -41.731 0.6666666865
67734  -24.202  -17.438  -41.004 0.6666666865
67760  -23.604  -17.926  -41.271 0.6666666865
66834  -25.665  -18.570  -40.290 0.5555555820
114737  -26.065  -19.112  -40.170 0.5555555820
114420  -27.362  -18.164  -39.833 0.4444444478
65949  -28.475  -19.640  -40.688 0.4444444478
67754  -17.125  -16.626  -43.210 0.4444444478
68706  -17.804  -16.210  -43.669 0.5555555820
67774  -19.201  -17.444  -43.768 0.6666666865
67756  -20.314  -17.344  -43.593 0.7777777910
126548  -24.930  -16.256  -40.346 0.6666666865
69549  -18.093  -15.412  -43.749 0.5555555820
118501  -15.432  -21.684  -39.693 0.4444444478
65940  -15.356  -19.340  -40.970 0.3333333433
66854  -29.036  -17.789  -41.649 0.3333333433
114678  -28.957  -15.922  -40.360 0.3333333433
54532  -21.240  -32.104  -37.300 0.6666666865
53498  -15.462  -32.772  -33.157 0.4444444478
53489  -15.037  -32.310  -32.533 0.3333333433
58392  -24.049  -27.840  -39.354 0.6666666865
134946  -15.433  -24.606  -37.001 0.1111111119
63024  -15.023  -22.616  -38.447 0.4444444478
122478  -15.005  -21.902  -39.080 0.3333333433
124455  -15.247  -21.158  -39.566 0.3333333433
66868  -15.565  -17.660  -41.540 0.3333333433
126669  -25.808  -14.985  -39.774 0.6666666865
126771  -26.765  -14.784  -39.695 0.4444444478
51619  -19.730  -34.227  -34.435 0.4444444478
52549  -21.610  -33.571  -32.752 0.2222222239
51605  -17.072  -34.606  -34.077 0.4444444478
51606  -18.101  -34.843  -34.254 0.4444444478
52568  -17.962  -33.662  -35.135 0.4444444478
51617  -18.231  -34.175  -34.811 0.4444444478
52569  -19.438  -33.844  -35.261 0.4444444478
52570  -20.257  -33.638  -35.024 0.4444444478
53500  -21.870  -32.682  -34.173 0.2222222239
52576  -18.382  -33.240  -35.702 0.4444444478
52577  -19.177  -33.524  -35.897 0.4444444478
52578  -20.063  -33.366  -35.999 0.4444444478
129422  -22.512  -32.160  -34.373 0.1111111119
54513  -23.049  -31.768  -34.074 0.1111111119
53515  -21.624  -32.555  -35.764 0.3333333433
52588  -18.890  -33.019  -36.215 0.4444444478
52589  -19.513  -32.990  -36.416 0.4444444478
53507  -20.877  -33.069  -35.518 0.3333333433
53527  -20.899  -32.696  -36.492 0.4444444478
53524  -19.007  -32.489  -36.657 0.5555555820
52590  -20.150  -32.826  -36.655 0.4444444478
132988  -22.990  -31.114  -36.745 0.2222222239
55499  -23.522  -30.769  -36.274 0.1111111119
55486  -24.138  -30.399  -35.642 0.1111111119
54534  -22.452  -31.622  -36.638 0.3333333433
112580  -22.482  -31.103  -37.435 0.3333333433
55509  -22.050  -30.712  -38.038 0.4444444478
133135  -23.198  -29.893  -38.278 0.6666666865
56472  -24.401  -29.561  -38.166 0.4444444478
56479  -22.935  -29.500  -38.443 0.6666666865
113432  -24.926  -29.068  -38.657 0.3333333433
57440  -23.393  -28.968  -38.774 0.6666666865
57441  -24.853  -28.736  -39.186 0.5555555820
58380  -24.633  -28.448  -39.395 0.5555555820
58381  -25.347  -28.388  -39.798 0.5555555820
126083  -23.786  -28.445  -39.123 0.5555555820
58394  -25.676  -28.262  -40.622 0.4444444478
119959  -25.558  -27.677  -40.756 0.5555555820
110939  -22.055  -15.271  -42.698 0.5555555820
111911  -22.071  -14.435  -42.957 0.5555555820
126543  -22.761  -14.919  -42.238 0.5555555820
126527  -23.331  -14.405  -41.807 0.5555555820
126679  -25.101  -14.333  -40.131 0.5555555820
111837  -25.515  -13.496  -40.294 0.5555555820
51607  -19.215  -34.950  -33.825 0.4444444478
52561  -21.345  -33.354  -33.629 0.2222222239
53509  -22.119  -32.293  -35.003 0.2222222239
55498  -22.969  -31.387  -35.973 0.2222222239
55485  -23.490  -30.966  -35.324 0.1111111119
55510  -23.399  -30.553  -37.311 0.4444444478
56480  -23.796  -29.454  -38.553 0.6666666865
59342  -26.035  -28.338  -41.406 0.4444444478
61185  -26.458  -27.560  -41.851 0.4444444478
112013  -23.090  -13.604  -42.474 0.5555555820
110952  -22.504  -12.775  -43.083 0.5555555820
57419  -25.062  -29.323  -37.909 0.2222222239
50465  -18.516  -35.945  -32.458 0.4444444478
118944  -19.228  -35.404  -32.816 0.4444444478
51594  -19.816  -34.967  -33.071 0.4444444478
51596  -21.139  -34.200  -32.354 0.2222222239
52535  -21.893  -33.905  -31.917 0.1111111119
51604  -16.415  -34.231  -33.702 0.4444444478
50489  -17.437  -35.305  -33.544 0.4444444478
53490  -22.115  -32.964  -33.242 0.1111111119
53501  -22.616  -32.365  -33.668 0.1111111119
52550  -22.399  -33.249  -32.439 0.1111111119
54491  -23.298  -32.039  -33.339 0.1111111119
54514  -23.512  -31.193  -34.465 0.1111111119
55472  -24.087  -30.629  -34.716 0.1111111119
56457  -24.747  -29.806  -35.995 0.1111111119
57420  -25.488  -29.119  -37.103 0.2222222239
57442  -25.369  -28.605  -39.276 0.1111111119
58382  -25.859  -28.483  -40.101 0.2222222239
58383  -26.268  -28.570  -40.994 0.2222222239
60282  -26.242  -28.161  -41.776 0.4444444478
61196  -26.798  -27.622  -42.355 0.3333333433
66852  -15.966  -18.483  -41.755 0.4444444478
63058  -28.621  -22.808  -41.713 0.4444444478
128390  -28.802  -19.354  -41.170 0.3333333433
70416  -18.694  -13.589  -43.692 0.4444444478
118767  -26.946  -14.075  -39.885 0.5555555820
126614  -21.156  -13.713  -43.411 0.5555555820
110935  -22.267  -13.615  -43.139 0.5555555820
110937  -23.798  -13.691  -41.533 0.5555555820
111982  -24.306  -12.962  -41.459 0.5555555820
110944  -25.056  -12.874  -40.846 0.5555555820
112274  -21.149  -12.821  -43.440 0.5555555820
51616  -17.533  -34.086  -34.627 0.4444444478
53525  -19.676  -32.445  -36.976 0.5555555820
53526  -20.418  -32.343  -37.225 0.5555555820
54543  -21.592  -31.408  -37.735 0.6666666865
55517  -22.470  -30.056  -38.237 0.6666666865
58393  -24.902  -28.007  -39.865 0.5555555820
126953  -28.733  -18.645  -40.830 0.3333333433
130399  -21.927  -31.725  -37.183 0.3333333433
52560  -20.561  -33.817  -34.053 0.4444444478
51608  -20.132  -34.481  -33.569 0.3333333433
52548  -20.880  -33.998  -33.162 0.3333333433
51626  -18.679  -33.835  -35.284 0.4444444478
51618  -18.899  -34.391  -34.708 0.4444444478
52571  -21.054  -33.196  -34.543 0.4444444478
53508  -21.488  -32.722  -34.972 0.4444444478
54533  -21.788  -32.184  -36.575 0.3333333433
54521  -22.355  -32.017  -35.843 0.2222222239
55484  -22.832  -31.639  -34.987 0.2222222239
55500  -24.141  -30.253  -36.681 0.1111111119
56470  -22.880  -30.378  -37.926 0.4444444478
56471  -23.651  -30.008  -38.061 0.4444444478
55511  -24.097  -30.078  -37.567 0.3333333433
57429  -25.565  -28.838  -38.221 0.1111111119
127971  -24.438  -29.127  -38.767 0.4444444478
120120  -24.208  -28.920  -39.024 0.5555555820
126888  -22.719  -14.219  -42.501 0.5555555820
126547  -24.596  -13.647  -40.757 0.5555555820
56465  -24.775  -29.668  -37.112 0.2222222239
50490  -18.398  -35.471  -33.340 0.4444444478
50479  -19.985  -35.142  -32.298 0.4444444478
51581  -20.683  -34.737  -31.927 0.2222222239
51595  -20.444  -34.583  -32.713 0.4444444478
50488  -16.540  -34.940  -33.435 0.4444444478
53476  -22.850  -32.622  -32.892 0.1111111119
54504  -23.671  -31.399  -33.711 0.1111111119
46215  -20.358  -39.706  -27.607 0.1111111119
47257  -16.727  -38.347  -29.936 0.3333333433
133173  -19.429  -39.070  -28.266 0.2222222239
46232  -20.159  -39.051  -28.162 0.1111111119
49290  -14.940  -36.870  -30.729 0.3333333433
47256  -14.804  -38.073  -30.054 0.3333333433
122691  -15.730  -38.407  -29.884 0.3333333433
133427  -17.737  -38.011  -30.067 0.3333333433
48256  -18.326  -37.824  -29.855 0.3333333433
47259  -18.494  -38.359  -29.089 0.2222222239
48257  -19.183  -37.747  -29.350 0.2222222239
112871  -19.479  -38.429  -28.654 0.2222222239
134513  -20.923  -38.765  -28.264 0.1111111119
47245  -20.471  -38.270  -28.547 0.2222222239
127433  -14.936  -35.248  -30.901 0.2222222239
49304  -15.405  -36.505  -31.341 0.2222222239
50451  -14.773  -36.140  -30.629 0.2222222239
48268  -15.326  -37.162  -30.904 0.3333333433
47273  -16.335  -38.043  -30.469 0.3333333433
47274  -17.203  -38.048  -30.252 0.3333333433
48240  -20.063  -37.625  -29.022 0.1111111119
51563  -15.038  -34.606  -31.479 0.2222222239
50463  -15.241  -35.587  -31.456 0.3333333433
50475  -15.459  -35.012  -32.179 0.3333333433
50464  -15.749  -35.839  -32.086 0.3333333433
50476  -16.022  -35.190  -32.730 0.3333333433
49315  -16.360  -35.921  -32.456 0.3333333433
48279  -15.825  -36.999  -31.397 0.3333333433
129149  -17.021  -36.759  -31.946 0.3333333433
49291  -17.694  -36.932  -31.170 0.3333333433
49292  -18.618  -36.693  -30.886 0.3333333433
49308  -19.244  -36.270  -30.963 0.3333333433
124391  -19.866  -36.431  -30.400 0.3333333433
49272  -19.762  -37.059  -29.760 0.1111111119
49294  -20.420  -36.562  -29.952 0.2222222239
51592  -15.254  -34.163  -32.406 0.2222222239
50477  -16.835  -35.622  -32.950 0.3333333433
49316  -16.983  -36.301  -32.467 0.3333333433
50478  -17.684  -35.931  -32.877 0.3333333433
49307  -18.535  -36.346  -31.571 0.3333333433
124431  -20.591  -36.075  -30.438 0.1111111119
114580  -15.038  -33.216  -32.474 0.3333333433
50466  -19.389  -35.734  -31.773 0.3333333433
59343  -26.515  -28.708  -41.731 0.2222222239
60283  -26.576  -28.726  -42.016 0.2222222239
62100  -28.052  -25.433  -42.270 0.2222222239
47258  -17.583  -38.335  -29.622 0.3333333433
49306  -16.565  -37.068  -31.411 0.3333333433
48271  -18.429  -37.195  -30.436 0.3333333433
49293  -19.161  -36.826  -30.395 0.3333333433
51593  -15.860  -34.343  -33.098 0.3333333433
50467  -20.287  -35.320  -31.496 0.3333333433
45274  -19.735  -40.115  -27.139 0.1111111119
45275  -20.594  -40.215  -27.139 0.1111111119
47242  -14.922  -38.481  -29.359 0.3333333433
121022  -15.780  -38.786  -28.926 0.3333333433
47244  -17.658  -38.810  -28.801 0.3333333433
46231  -18.653  -39.056  -28.389 0.3333333433
45276  -21.443  -40.444  -26.937 0.1111111119
46233  -21.030  -39.296  -27.923 0.1111111119
47271  -14.876  -37.373  -30.408 0.3333333433
47246  -21.299  -38.215  -28.473 0.1111111119
132944  -14.800  -34.630  -30.686 0.2222222239
49273  -20.620  -36.943  -29.344 0.1111111119
49295  -21.189  -36.336  -29.869 0.1111111119
52534  -14.809  -33.687  -31.731 0.2222222239
117232  -20.644  -35.550  -30.893 0.1111111119
117300  -14.763  -32.881  -31.964 0.1111111119
61195  -26.844  -28.569  -42.245 0.2222222239
124460  -28.485  -24.301  -42.536 0.2222222239
57404  -15.614  -28.799  -35.633 0.5555555820
54502  -15.223  -30.968  -33.213 0.3333333433
52547  -15.459  -33.614  -32.968 0.3333333433
61204  -27.192  -27.624  -42.827 0.2222222239
46216  -21.229  -39.891  -27.510 0.1111111119
46214  -19.377  -39.549  -27.813 0.1111111119
47243  -16.710  -38.644  -29.250 0.3333333433
47272  -15.425  -37.821  -30.520 0.3333333433
49289  -14.691  -36.939  -30.318 0.2222222239
48254  -14.478  -37.384  -29.822 0.2222222239
48270  -16.929  -37.535  -30.792 0.3333333433
48255  -17.729  -37.597  -30.415 0.3333333433
48272  -18.981  -37.328  -29.950 0.2222222239
48269  -16.005  -37.484  -30.980 0.3333333433
48241  -20.921  -37.519  -28.795 0.1111111119
132840  -15.616  -34.672  -32.633 0.3333333433
49305  -16.204  -36.583  -31.989 0.3333333433
49317  -17.746  -36.441  -32.144 0.3333333433
50452  -19.989  -35.860  -30.961 0.3333333433
46230  -16.706  -39.175  -28.399 0.3333333433
117665  -17.731  -39.320  -28.200 0.3333333433
60284  -27.255  -28.690  -41.920 0.1111111119
117605  -27.964  -28.498  -42.084 0.1111111119
60296  -28.365  -28.641  -42.869 0.1111111119
60304  -28.784  -28.992  -44.018 0.1111111119
60303  -27.665  -28.658  -43.515 0.1111111119
114569  -28.269  -28.563  -44.559 0.1111111119
64053  -28.749  -21.774  -41.871 0.2222222239
61205  -27.935  -27.054  -43.727 0.1111111119
130217  -28.730  -20.303  -42.238 0.1111111119
122973  -28.877  -19.994  -41.632 0.2222222239
65962  -28.869  -19.365  -41.873 0.1111111119
121020  -28.722  -21.171  -42.225 0.1111111119
65007  -28.235  -20.388  -43.112 0.1111111119
121396  -28.927  -18.613  -41.445 0.1111111119
71339  -19.023  -12.640  -44.067 0.4444444478
111456  -19.994  -12.800  -43.869 0.4444444478
66877  -28.745  -17.830  -42.419 0.1111111119
111814  -23.537  -12.927  -42.273 0.4444444478
70381  -27.778  -14.529  -39.904 0.3333333433
69512  -28.515  -15.282  -39.967 0.2222222239
68677  -29.288  -16.294  -41.471 0.1111111119
67761  -28.980  -17.252  -42.170 0.1111111119
67776  -28.670  -17.193  -42.828 0.1111111119
110936  -23.110  -12.197  -42.568 0.4444444478
111866  -23.511  -11.495  -42.148 0.4444444478
126820  -24.701  -12.385  -41.357 0.4444444478
126560  -25.914  -12.720  -40.554 0.4444444478
111360  -26.714  -12.588  -40.534 0.4444444478
72220  -27.453  -12.858  -40.465 0.2222222239
113520  -28.245  -13.230  -40.486 0.2222222239
71316  -28.846  -13.751  -40.616 0.2222222239
70396  -29.495  -14.244  -41.503 0.2222222239
114079  -29.438  -14.969  -42.060 0.2222222239
74050  -30.415  -10.051  -43.773 0.1111111119
72244  -30.344  -12.142  -43.661 0.1111111119
69560  -28.958  -15.092  -43.861 0.1111111119
111611  -19.563  -11.470  -44.225 0.4444444478
126573  -20.144  -10.706  -44.084 0.4444444478
110963  -20.928  -11.813  -43.575 0.4444444478
114168  -22.107  -11.849  -43.007 0.3333333433
112016  -24.865  -10.888  -41.589 0.4444444478
110948  -25.671  -11.287  -41.222 0.4444444478
111939  -25.380  -12.140  -41.013 0.4444444478
111394  -26.297  -11.986  -40.803 0.4444444478
111704  -24.524  -10.218  -41.923 0.3333333433
73116  -27.880  -11.431  -40.953 0.3333333433
73117  -28.669  -11.592  -41.169 0.1111111119
72225  -29.030  -12.235  -41.138 0.1111111119
72236  -29.931  -12.584  -42.255 0.1111111119
71317  -29.378  -13.576  -41.085 0.2222222239
71332  -29.946  -13.458  -42.749 0.1111111119
113393  -30.300  -12.703  -43.179 0.1111111119
126606  -22.349  -11.219  -42.671 0.3333333433
126588  -22.664  -10.588  -42.598 0.3333333433
117338  -26.062  -10.157  -41.481 0.2222222239
74033  -26.800  -10.331  -41.343 0.2222222239
120156  -28.419  -10.943  -41.264 0.2222222239
116497  -29.248  -10.976  -41.593 0.1111111119
74901  -26.431  -9.603  -41.614 0.1111111119
74902  -27.516  -9.698  -41.486 0.1111111119
74035  -28.548  -10.118  -41.481 0.1111111119
73126  -30.342  -11.749  -42.859 0.1111111119
133155  -28.209  -9.484  -41.606 0.1111111119
74036  -29.555  -10.059  -42.002 0.1111111119
117617  -30.017  -10.875  -42.370 0.1111111119
126578  -21.237  -11.004  -43.384 0.3333333433
111355  -21.458  -10.318  -43.601 0.3333333433
126607  -20.652  -9.609  -44.420 0.3333333433
111412  -21.611  -9.793  -43.915 0.3333333433
111991  -23.120  -9.899  -42.687 0.3333333433
74900  -25.360  -9.678  -41.832 0.2222222239
75776  -25.862  -8.903  -41.961 0.1111111119
75795  -28.376  -8.452  -42.090 0.1111111119
74043  -30.217  -10.033  -42.787 0.1111111119
75805  -30.297  -8.461  -43.565 0.1111111119
110960  -19.496  -8.774  -41.882 0.1111111119
74897  -19.731  -8.952  -43.205 0.1111111119
111730  -20.768  -8.992  -44.853 0.2222222239
110970  -21.494  -8.563  -44.800 0.2222222239
110967  -21.861  -9.297  -44.006 0.3333333433
111914  -22.586  -8.471  -43.978 0.2222222239
74898  -22.858  -9.069  -43.274 0.3333333433
123116  -24.231  -8.290  -42.718 0.1111111119
121836  -24.206  -7.619  -42.862 0.1111111119
75792  -25.185  -8.226  -42.371 0.1111111119
75793  -26.268  -8.122  -42.117 0.1111111119
75777  -26.922  -8.877  -41.795 0.1111111119
75794  -27.482  -8.035  -42.058 0.1111111119
76682  -28.551  -7.694  -42.461 0.1111111119
74915  -29.735  -9.244  -42.530 0.1111111119
74923  -30.374  -9.824  -44.711 0.1111111119
74054  -30.382  -10.479  -44.547 0.1111111119
75773  -19.937  -7.992  -42.269 0.1111111119
75774  -20.031  -7.350  -43.686 0.1111111119
75789  -19.788  -8.289  -44.465 0.1111111119
77429  -21.165  -6.419  -44.226 0.1111111119
76677  -22.026  -7.256  -44.716 0.1111111119
75791  -23.085  -7.906  -43.748 0.2222222239
77441  -23.367  -6.389  -44.116 0.1111111119
77442  -24.307  -6.865  -43.014 0.1111111119
125564  -24.575  -6.168  -43.235 0.1111111119
76680  -26.556  -7.337  -42.375 0.1111111119
76658  -21.020  -6.930  -41.891 0.1111111119
76647  -21.841  -7.296  -40.569 0.1111111119
77430  -21.379  -5.612  -43.539 0.1111111119
78120  -22.087  -5.619  -44.286 0.1111111119
113964  -22.698  -5.986  -44.390 0.1111111119
77421  -22.335  -5.989  -41.436 0.1111111119
77407  -23.021  -6.730  -40.357 0.1111111119
60285  -28.895  -27.094  -40.772 0.1111111119
60295  -27.146  -28.831  -42.778 0.1111111119
60297  -30.369  -27.421  -42.068 0.1111111119
62105  -28.758  -25.411  -43.875 0.1111111119
131206  -28.580  -23.963  -43.194 0.1111111119
65979  -28.564  -19.397  -42.520 0.1111111119
126613  -26.591  -13.359  -40.225 0.4444444478
71315  -27.545  -13.667  -40.201 0.3333333433
70383  -29.237  -14.366  -40.830 0.2222222239
69513  -29.130  -15.149  -40.548 0.1111111119
113281  -29.159  -15.688  -42.607 0.1111111119
132468  -28.488  -17.794  -42.853 0.1111111119
111663  -24.007  -12.291  -41.909 0.4444444478
70407  -29.610  -14.213  -42.383 0.2222222239
135306  -29.767  -11.683  -42.029 0.1111111119
71345  -29.548  -13.405  -44.589 0.1111111119
110953  -23.928  -10.793  -41.997 0.3333333433
75790  -21.646  -8.011  -45.069 0.2222222239
77440  -22.266  -6.389  -44.434 0.1111111119
78113  -22.110  -5.162  -42.310 0.1111111119
112484  -31.852  -26.527  -41.055 0.1111111119
60286  -29.655  -27.147  -41.377 0.1111111119
64983  -28.832  -20.753  -41.711 0.2222222239
120048  -28.823  -18.570  -42.122 0.1111111119
110946  -19.940  -12.098  -44.248 0.4444444478
111589  -24.625  -11.622  -41.589 0.4444444478
111682  -26.839  -11.201  -41.063 0.2222222239
75765  -20.865  -7.484  -41.245 0.1111111119
77406  -22.117  -6.788  -40.953 0.1111111119
77420  -21.159  -6.189  -42.510 0.1111111119
115194  -30.508  -26.044  -40.137 0.1111111119
60265  -27.032  -28.566  -41.330 0.1111111119
112474  -31.813  -27.318  -42.435 0.1111111119
59350  -30.183  -28.759  -44.137 0.1111111119
59355  -30.820  -28.484  -44.309 0.1111111119
131402  -28.853  -28.318  -45.054 0.1111111119
63079  -28.956  -24.589  -44.229 0.1111111119
62109  -29.132  -25.998  -44.950 0.1111111119
61210  -28.651  -27.342  -45.009 0.1111111119
127690  -28.553  -23.294  -43.352 0.1111111119
121913  -28.287  -22.480  -43.613 0.1111111119
65006  -27.843  -21.007  -43.840 0.1111111119
110957  -19.961  -13.700  -43.604 0.4444444478
125920  -27.735  -20.187  -43.908 0.1111111119
65991  -28.046  -19.374  -43.313 0.1111111119
68709  -28.343  -16.914  -43.550 0.1111111119
66885  -27.848  -18.533  -43.711 0.1111111119
111917  -19.220  -12.014  -44.438 0.4444444478
68724  -27.656  -16.179  -44.876 0.1111111119
70419  -28.613  -14.783  -44.698 0.1111111119
110969  -19.497  -10.726  -44.114 0.2222222239
126826  -19.949  -10.198  -44.037 0.2222222239
111378  -20.517  -10.119  -44.107 0.2222222239
71350  -29.178  -13.234  -45.307 0.1111111119
111421  -19.293  -9.657  -42.364 0.1111111119
73143  -29.798  -11.936  -45.422 0.1111111119
73149  -29.498  -11.474  -46.162 0.1111111119
111605  -19.363  -9.160  -41.721 0.1111111119
74877  -20.124  -8.949  -38.677 0.1111111119
75764  -20.688  -7.983  -40.879 0.1111111119
75756  -21.945  -7.662  -40.087 0.1111111119
74927  -30.146  -9.714  -45.415 0.1111111119
76648  -22.912  -7.414  -39.966 0.1111111119
78123  -25.833  -5.968  -42.816 0.1111111119
129016  -27.695  -6.410  -42.744 0.1111111119
77444  -28.451  -6.803  -42.825 0.1111111119
114716  -29.535  -7.072  -43.573 0.1111111119
132801  -22.068  -5.130  -44.167 0.1111111119
78858  -23.347  -5.063  -43.885 0.1111111119
63070  -28.690  -22.918  -42.451 0.1111111119
67736  -29.184  -16.948  -41.539 0.1111111119
60305  -30.163  -28.269  -43.190 0.1111111119
60310  -29.567  -28.703  -44.710 0.1111111119
64064  -28.581  -22.068  -42.633 0.1111111119
114286  -28.494  -21.242  -42.824 0.1111111119
66886  -28.397  -18.450  -42.869 0.1111111119
68693  -29.079  -16.492  -42.255 0.1111111119
67775  -28.246  -17.744  -43.307 0.1111111119
73114  -28.250  -12.309  -40.734 0.2222222239
72226  -29.500  -12.823  -41.411 0.1111111119
112707  -29.294  -14.972  -42.944 0.2222222239
69551  -28.946  -15.625  -43.283 0.1111111119
112617  -30.346  -10.808  -44.017 0.1111111119
74920  -30.352  -9.182  -43.312 0.1111111119
112766  -30.117  -12.770  -44.111 0.1111111119
73133  -30.339  -11.455  -43.825 0.1111111119
112706  -30.137  -12.042  -44.491 0.1111111119
72250  -29.717  -12.687  -44.944 0.1111111119
69559  -28.308  -15.667  -44.444 0.1111111119
68718  -28.545  -16.030  -43.757 0.1111111119
70417  -29.536  -14.256  -43.340 0.2222222239
110962  -25.465  -10.493  -41.519 0.3333333433
71340  -29.877  -13.491  -43.726 0.2222222239
74034  -27.684  -10.617  -41.235 0.2222222239
74903  -28.801  -9.238  -41.927 0.1111111119
111468  -19.775  -9.640  -43.945 0.1111111119
74899  -24.144  -9.451  -42.449 0.2222222239
75775  -24.812  -8.907  -42.343 0.1111111119
75796  -29.145  -8.483  -42.415 0.1111111119
75804  -29.907  -8.462  -42.908 0.1111111119
76683  -29.384  -7.900  -42.763 0.1111111119
74924  -30.514  -9.232  -44.118 0.1111111119
76696  -29.847  -7.762  -43.362 0.1111111119
74887  -19.745  -8.450  -41.571 0.1111111119
117110  -20.652  -8.185  -45.224 0.1111111119
74914  -23.654  -8.686  -42.890 0.2222222239
76679  -25.378  -7.482  -42.493 0.1111111119
76695  -29.183  -7.272  -43.010 0.1111111119
76681  -27.615  -7.128  -42.482 0.1111111119
76676  -20.770  -7.169  -44.642 0.1111111119
76665  -20.466  -6.576  -43.467 0.1111111119
76678  -23.178  -7.061  -44.148 0.1111111119
78122  -23.492  -5.808  -44.006 0.1111111119
120534  -25.576  -6.719  -42.651 0.1111111119
77443  -26.764  -6.557  -42.624 0.1111111119
78121  -22.595  -5.466  -44.303 0.1111111119
60266  -28.183  -27.372  -40.275 0.1111111119
70420  -29.278  -14.185  -44.246 0.1111111119
70426  -28.902  -13.959  -45.001 0.1111111119
78859  -24.813  -5.330  -43.244 0.1111111119
78852  -22.011  -4.422  -42.995 0.1111111119
64079  -27.859  -22.174  -44.420 0.1111111119
68717  -27.998  -16.577  -44.217 0.1111111119
70425  -28.281  -14.486  -45.422 0.1111111119
71355  -28.874  -12.962  -45.935 0.1111111119
126784  -19.063  -9.813  -41.609 0.1111111119
78124  -27.083  -5.728  -42.881 0.1111111119
78131  -22.430  -4.836  -44.096 0.1111111119
121644  -15.737  -39.187  -28.253 0.2222222239
58341  -15.548  -27.375  -35.935 0.2222222239
125788  -15.275  -28.104  -35.658 0.3333333433
71331  -18.147  -12.848  -43.250 0.2222222239
112180  -18.148  -11.949  -42.730 0.1111111119
112035  -18.833  -11.441  -43.959 0.1111111119
67753  -15.976  -16.942  -41.900 0.2222222239
65958  -15.467  -18.625  -41.291 0.1111111119
66827  -15.376  -18.209  -41.215 0.1111111119
69523  -15.816  -14.264  -42.035 0.1111111119
70378  -15.981  -13.984  -42.084 0.1111111119
70395  -16.987  -12.710  -42.180 0.1111111119
111645  -17.687  -11.724  -42.186 0.1111111119
110959  -18.332  -11.316  -42.377 0.1111111119
110966  -18.859  -10.770  -43.023 0.1111111119
70406  -17.418  -13.504  -43.019 0.2222222239
55458  -15.212  -30.320  -33.625 0.2222222239
57389  -15.147  -29.005  -35.065 0.2222222239
62040  -15.161  -23.306  -37.817 0.2222222239
72235  -18.622  -12.186  -43.873 0.3333333433
110968  -17.007  -12.122  -41.795 0.1111111119
135296  -17.828  -12.358  -42.670 0.1111111119
131194  -16.721  -12.916  -42.023 0.1111111119
71314  -17.206  -12.398  -42.126 0.1111111119
70394  -16.708  -13.489  -42.174 0.1111111119
132191  -25.279  -29.350  -36.312 0.1111111119
46211  -16.093  -39.678  -27.781 0.1111111119
46212  -17.252  -39.746  -27.626 0.1111111119
46209  -14.677  -39.246  -27.735 0.1111111119
46229  -15.022  -38.874  -28.460 0.1111111119
128135  -14.421  -38.047  -29.417 0.1111111119
48239  -14.193  -37.489  -29.087 0.1111111119
55444  -15.190  -30.818  -33.138 0.1111111119
59294  -15.542  -26.699  -35.786 0.1111111119
134744  -14.622  -20.870  -37.760 0.2222222239
64940  -14.675  -20.110  -37.937 0.2222222239
65907  -14.702  -19.230  -38.175 0.2222222239
121474  -15.573  -26.070  -36.332 0.1111111119
45269  -14.711  -40.030  -27.324 0.1111111119
45271  -16.460  -40.101  -27.101 0.1111111119
45272  -17.298  -40.151  -26.922 0.1111111119
46213  -18.348  -39.635  -27.747 0.1111111119
131527  -14.199  -38.854  -27.583 0.1111111119
46228  -14.445  -38.584  -28.201 0.1111111119
47241  -14.204  -38.040  -28.679 0.1111111119
121060  -14.247  -36.975  -29.327 0.1111111119
49271  -14.450  -36.645  -29.836 0.1111111119
55421  -15.193  -30.407  -31.666 0.1111111119
56393  -14.986  -29.252  -32.750 0.1111111119
64914  -14.839  -20.580  -37.092 0.2222222239
65908  -15.231  -18.849  -37.790 0.2222222239
66797  -14.776  -18.385  -38.504 0.1111111119
45270  -15.476  -40.140  -27.302 0.1111111119
56415  -15.166  -29.628  -34.342 0.1111111119
51562  -14.644  -35.093  -30.193 0.1111111119
54490  -15.151  -31.503  -32.718 0.1111111119
135303  -14.542  -38.414  -28.888 0.1111111119
58324  -15.383  -27.348  -35.595 0.1111111119
58323  -14.758  -27.369  -34.091 0.1111111119
46210  -15.239  -39.556  -27.817 0.1111111119
65889  -14.973  -19.677  -37.466 0.1111111119
47228  -13.971  -38.089  -27.712 0.1111111119
118514  -14.058  -36.834  -28.627 0.1111111119
66810  -15.051  -17.681  -39.033 0.1111111119
67731  -15.311  -16.571  -41.457 0.1111111119
63007  -14.264  -21.887  -36.085 0.1111111119
113344  -15.374  -17.040  -41.277 0.1111111119
68674  -14.747  -16.110  -41.010 0.1111111119
68675  -16.057  -15.189  -42.595 0.1111111119
52575  -17.741  -33.130  -35.334 0.4444444478
54531  -19.186  -31.975  -37.123 0.5555555820
61203  -20.681  -24.026  -41.363 1.0000000000
62098  -21.094  -23.394  -41.723 1.0000000000
63076  -19.285  -22.479  -42.699 1.0000000000
63078  -20.924  -22.709  -42.143 1.0000000000
64042  -28.258  -21.683  -40.822 0.5555555820
64071  -28.150  -21.400  -43.483 0.1111111119
64973  -28.277  -20.822  -40.664 0.5555555820
64978  -15.953  -20.844  -41.281 0.5555555820
64980  -23.182  -21.005  -41.647 0.8888888955
65946  -25.680  -19.633  -40.405 0.6666666865
65948  -27.728  -19.557  -40.186 0.4444444478
65961  -25.325  -19.051  -40.594 0.5555555820
65975  -20.512  -20.003  -43.179 0.8888888955
65989  -18.973  -19.031  -43.566 0.7777777910
66836  -27.581  -18.766  -39.986 0.5555555820
66837  -28.277  -18.254  -40.219 0.4444444478
66853  -25.053  -18.390  -40.686 0.5555555820
66869  -16.247  -17.724  -42.132 0.5555555820
66876  -23.860  -18.556  -41.294 0.6666666865
67711  -14.753  -16.144  -41.207 0.1111111119
67719  -27.718  -17.527  -39.762 0.5555555820
67735  -24.821  -17.787  -40.705 0.5555555820
67771  -17.225  -16.099  -43.444 0.3333333433
67773  -18.262  -16.990  -43.713 0.5555555820
68664  -27.763  -16.632  -39.656 0.5555555820
68665  -28.696  -16.744  -40.172 0.5555555820
68691  -21.310  -16.282  -43.095 0.6666666865
68710  -28.808  -16.332  -43.089 0.1111111119
69525  -29.330  -15.708  -41.769 0.1111111119
70382  -28.683  -14.508  -40.331 0.3333333433
71321  -29.686  -13.461  -41.854 0.2222222239
72221  -28.958  -12.955  -40.800 0.1111111119
72254  -29.364  -12.623  -45.554 0.1111111119
72258  -29.249  -12.256  -46.105 0.1111111119
73113  -27.261  -12.039  -40.685 0.4444444478
73118  -29.233  -11.721  -41.486 0.1111111119
73137  -30.313  -11.212  -44.814 0.1111111119
75778  -27.894  -8.942  -41.762 0.1111111119
75808  -30.447  -8.569  -44.183 0.1111111119
76705  -29.926  -7.348  -44.029 0.1111111119
110942  -26.073  -14.133  -39.824 0.5555555820
110961  -26.181  -10.695  -41.295 0.2222222239
112172  -30.387  -10.817  -43.184 0.1111111119
115870  -29.401  -15.028  -41.212 0.1111111119
119307  -28.226  -13.940  -40.300 0.3333333433
128483  -29.349  -15.777  -40.974 0.1111111119
128662  -23.850  -15.958  -41.260 0.6666666865
129360  -29.977  -11.128  -45.637 0.1111111119
131569  -16.411  -18.330  -42.182 0.5555555820
131966  -30.486  -8.856  -43.780 0.1111111119
133698  -21.823  -24.239  -40.784 1.0000000000
134752  -29.505  -12.201  -41.661 0.1111111119
135331  -29.908  -9.982  -45.773 0.1111111119
