#!ascii label  , from subject sub-v1s23x0050556_ses-1 vox2ras=TkReg
1682
37456  6.024  -47.065  43.830 0.0000000000
58831  40.322  -26.368  22.566 0.0000000000
43576  29.055  -41.412  37.644 0.0000000000
46428  35.603  -38.644  41.930 0.0000000000
45575  18.934  -39.765  35.243 0.0000000000
127120  13.897  -41.343  44.706 0.0000000000
133412  48.728  -18.948  14.876 0.0000000000
119972  51.505  -19.045  21.093 0.0000000000
54602  32.884  -30.205  35.703 0.0000000000
70988  51.191  -13.104  10.142 0.0000000000
43479  26.671  -41.334  42.371 0.0000000000
41399  8.899  -43.768  44.005 0.0000000000
67092  47.884  -16.565  18.611 0.0000000000
63773  43.994  -20.811  17.893 0.0000000000
122582  42.072  -27.657  27.430 0.0000000000
60763  48.060  -24.317  26.887 0.0000000000
55762  37.441  -29.098  28.308 0.0000000000
48483  37.053  -36.641  36.807 0.0000000000
42513  35.366  -42.344  38.537 0.0000000000
122615  21.765  -39.455  41.809 0.0000000000
44457  18.563  -40.770  46.361 0.0000000000
120930  16.171  -41.764  39.963 0.0000000000
41500  10.872  -43.939  38.072 0.0000000000
45553  23.849  -38.835  36.699 0.0000000000
68117  54.082  -16.316  13.590 0.0000000000
70001  53.960  -12.518  16.525 0.0000000000
61838  47.023  -23.171  21.861 0.0000000000
55693  38.551  -29.406  34.776 0.0000000000
52412  34.607  -32.256  40.516 0.0000000000
67170  49.599  -17.498  11.353 0.0000000000
67182  54.441  -17.915  10.064 0.0000000000
69111  55.502  -15.715  6.714 0.0000000000
43417  25.742  -41.050  45.184 0.0000000000
39260  7.134  -45.188  43.680 0.0000000000
41370  8.011  -42.897  47.104 0.0000000000
40302  6.674  -44.689  46.885 0.0000000000
64574  43.248  -20.122  16.761 0.0000000000
135129  43.626  -28.350  30.605 0.0000000000
57773  46.330  -27.178  29.592 0.0000000000
34730  2.720  -50.679  47.287 0.0000000000
56823  35.693  -28.596  25.197 0.0000000000
44641  30.549  -40.537  35.360 0.0000000000
44618  33.622  -40.848  36.426 0.0000000000
43550  31.953  -42.103  38.366 0.0000000000
45524  20.036  -39.693  38.471 0.0000000000
44559  19.453  -40.488  40.628 0.0000000000
44606  17.820  -40.639  37.234 0.0000000000
46511  21.052  -38.617  35.266 0.0000000000
45521  22.907  -38.887  38.767 0.0000000000
43419  16.121  -41.216  45.046 0.0000000000
135323  51.415  -17.658  14.827 0.0000000000
69052  53.781  -14.106  14.993 0.0000000000
116495  50.742  -15.203  15.622 0.0000000000
67079  49.803  -16.802  19.816 0.0000000000
68970  51.107  -14.255  21.055 0.0000000000
59849  39.897  -25.818  19.136 0.0000000000
60857  43.099  -24.056  19.920 0.0000000000
60812  43.596  -24.615  22.584 0.0000000000
54624  33.805  -30.965  33.256 0.0000000000
54633  35.567  -30.662  32.289 0.0000000000
54599  35.911  -30.251  35.256 0.0000000000
47426  36.124  -37.154  39.900 0.0000000000
50503  36.849  -34.560  38.637 0.0000000000
49460  35.699  -35.573  41.579 0.0000000000
65395  46.519  -19.095  12.779 0.0000000000
67172  47.162  -17.090  11.681 0.0000000000
65391  50.045  -19.334  12.859 0.0000000000
118754  52.446  -18.960  12.990 0.0000000000
71015  53.559  -13.152  7.516 0.0000000000
69102  53.159  -14.936  8.696 0.0000000000
68155  54.822  -16.507  8.156 0.0000000000
130231  52.500  -15.756  9.426 0.0000000000
125362  27.752  -41.424  39.369 0.0000000000
43512  30.300  -42.153  40.355 0.0000000000
43477  29.248  -42.181  42.272 0.0000000000
42420  11.149  -42.239  44.163 0.0000000000
44445  12.667  -41.281  47.539 0.0000000000
43410  9.814  -41.783  46.940 0.0000000000
65358  45.334  -19.701  13.880 0.0000000000
67108  47.726  -16.859  16.457 0.0000000000
116801  45.483  -18.452  16.823 0.0000000000
66170  46.326  -18.344  18.482 0.0000000000
64543  48.128  -20.047  19.624 0.0000000000
58802  40.818  -26.731  24.973 0.0000000000
59793  44.141  -24.916  25.046 0.0000000000
58772  44.694  -26.348  27.497 0.0000000000
53519  31.686  -31.248  35.672 0.0000000000
48390  34.644  -36.508  44.848 0.0000000000
35687  5.246  -49.241  44.390 0.0000000000
38258  5.312  -46.566  46.939 0.0000000000
36549  3.862  -48.333  47.777 0.0000000000
57870  37.334  -27.419  22.448 0.0000000000
57840  38.688  -27.799  25.273 0.0000000000
56793  39.025  -28.608  27.580 0.0000000000
56726  40.559  -28.460  31.442 0.0000000000
45565  35.416  -39.077  35.709 0.0000000000
45532  36.387  -39.445  37.788 0.0000000000
45493  36.902  -40.001  40.061 0.0000000000
42478  33.667  -43.095  39.839 0.0000000000
41444  36.318  -43.168  40.344 0.0000000000
44500  23.602  -40.453  45.018 0.0000000000
44437  21.344  -40.844  47.834 0.0000000000
44503  20.493  -40.386  44.487 0.0000000000
43461  18.083  -41.364  43.332 0.0000000000
43483  15.002  -41.815  42.675 0.0000000000
43607  14.876  -41.863  35.959 0.0000000000
42524  13.099  -42.698  38.775 0.0000000000
42469  12.654  -42.519  41.390 0.0000000000
40385  9.945  -44.123  40.840 0.0000000000
126302  7.735  -45.316  40.934 0.0000000000
38324  6.425  -46.475  41.374 0.0000000000
44643  28.608  -40.450  35.377 0.0000000000
45592  25.880  -39.250  34.204 0.0000000000
44602  26.922  -40.586  37.282 0.0000000000
44569  25.581  -40.128  39.327 0.0000000000
44531  24.630  -40.049  42.266 0.0000000000
69039  56.698  -13.812  15.572 0.0000000000
69987  50.316  -13.556  17.802 0.0000000000
61904  42.279  -23.263  17.518 0.0000000000
62821  45.267  -22.330  19.689 0.0000000000
63727  49.761  -21.091  21.257 0.0000000000
61809  47.074  -23.159  24.351 0.0000000000
63702  49.676  -21.517  23.661 0.0000000000
54688  34.715  -30.847  28.343 0.0000000000
55718  38.188  -28.951  32.080 0.0000000000
56693  40.841  -28.425  33.930 0.0000000000
52451  34.283  -32.545  37.353 0.0000000000
54555  32.541  -30.318  38.166 0.0000000000
123620  34.271  -32.323  43.225 0.0000000000
55603  33.584  -30.017  41.124 0.0000000000
55635  35.201  -29.729  38.463 0.0000000000
55632  38.158  -29.548  38.260 0.0000000000
57667  40.928  -27.814  37.387 0.0000000000
69086  50.478  -15.626  10.433 0.0000000000
67184  52.428  -17.799  10.530 0.0000000000
66249  54.840  -18.289  11.550 0.0000000000
119547  26.940  -41.725  46.696 0.0000000000
38305  6.398  -46.240  43.605 0.0000000000
39230  6.935  -44.966  45.277 0.0000000000
38283  6.163  -46.074  45.330 0.0000000000
56704  44.198  -28.431  32.248 0.0000000000
114629  45.659  -28.140  31.959 0.0000000000
33931  2.388  -51.324  45.725 0.0000000000
43596  30.322  -41.293  36.771 0.0000000000
43595  31.216  -41.369  36.809 0.0000000000
43575  30.622  -41.646  37.665 0.0000000000
45555  19.699  -39.483  36.645 0.0000000000
44605  18.567  -40.347  37.576 0.0000000000
121134  18.331  -40.188  35.866 0.0000000000
131946  20.565  -38.637  33.490 0.0000000000
45595  19.808  -39.249  34.791 0.0000000000
46482  20.893  -38.736  36.828 0.0000000000
43443  14.731  -41.368  44.537 0.0000000000
44461  14.357  -41.177  46.670 0.0000000000
66193  50.361  -18.025  15.126 0.0000000000
136335  51.612  -15.948  15.027 0.0000000000
67117  49.988  -17.351  15.393 0.0000000000
133824  50.975  -18.615  20.520 0.0000000000
67062  51.751  -16.782  20.828 0.0000000000
58839  40.114  -26.139  21.091 0.0000000000
59825  41.447  -25.465  21.150 0.0000000000
59815  41.685  -25.605  22.387 0.0000000000
54612  32.214  -30.684  34.718 0.0000000000
54611  33.249  -30.467  34.773 0.0000000000
54610  34.593  -30.509  34.447 0.0000000000
55685  34.647  -30.075  35.900 0.0000000000
126822  35.710  -38.205  41.265 0.0000000000
48446  35.842  -36.766  40.663 0.0000000000
47387  35.346  -36.935  42.091 0.0000000000
65380  47.763  -19.477  13.514 0.0000000000
65393  48.298  -19.243  12.804 0.0000000000
65354  49.958  -19.153  14.329 0.0000000000
65353  50.761  -18.933  14.336 0.0000000000
70997  52.273  -13.345  9.062 0.0000000000
70071  52.136  -14.359  9.372 0.0000000000
69095  52.655  -15.040  9.169 0.0000000000
70072  51.429  -14.573  9.807 0.0000000000
43516  27.120  -41.401  40.917 0.0000000000
43514  28.653  -41.849  40.676 0.0000000000
115914  28.062  -41.852  42.170 0.0000000000
42422  9.919  -42.861  44.421 0.0000000000
43425  10.724  -41.862  45.809 0.0000000000
42413  9.292  -42.496  45.845 0.0000000000
42389  7.596  -42.383  48.639 0.0000000000
42388  8.185  -42.078  48.404 0.0000000000
120916  44.414  -19.784  14.408 0.0000000000
66198  45.689  -18.856  15.800 0.0000000000
65343  44.466  -19.416  15.703 0.0000000000
64566  43.579  -20.348  17.337 0.0000000000
65328  44.480  -19.282  17.450 0.0000000000
64555  45.451  -20.140  18.518 0.0000000000
65310  47.543  -19.331  19.224 0.0000000000
64545  46.392  -20.211  18.991 0.0000000000
119222  41.395  -27.218  26.149 0.0000000000
58786  43.575  -26.346  26.635 0.0000000000
58774  43.242  -27.002  27.158 0.0000000000
65383  44.640  -19.556  13.510 0.0000000000
36554  4.788  -48.591  46.436 0.0000000000
35669  4.333  -49.706  46.181 0.0000000000
57871  36.561  -27.697  22.678 0.0000000000
114846  37.767  -27.605  24.020 0.0000000000
57851  36.827  -27.825  24.101 0.0000000000
55774  36.329  -29.165  26.790 0.0000000000
56810  37.714  -28.646  26.583 0.0000000000
116145  38.207  -28.843  27.986 0.0000000000
114683  40.348  -28.525  29.753 0.0000000000
56761  38.734  -28.692  29.446 0.0000000000
45583  34.183  -38.763  34.415 0.0000000000
43571  34.477  -41.600  37.444 0.0000000000
44616  35.322  -40.246  36.820 0.0000000000
44581  36.251  -41.059  38.182 0.0000000000
44580  36.685  -40.484  38.723 0.0000000000
43546  36.679  -41.338  38.906 0.0000000000
42461  31.678  -42.787  41.327 0.0000000000
42480  31.942  -42.666  40.491 0.0000000000
42460  32.595  -43.130  41.064 0.0000000000
115903  35.080  -44.017  41.085 0.0000000000
43492  37.226  -41.764  41.322 0.0000000000
44518  22.566  -39.919  43.637 0.0000000000
44501  22.210  -40.120  44.432 0.0000000000
45465  21.150  -39.890  42.986 0.0000000000
130060  17.616  -41.375  40.106 0.0000000000
44535  18.678  -41.097  41.798 0.0000000000
43499  17.139  -41.615  41.574 0.0000000000
43463  16.559  -41.637  43.201 0.0000000000
115841  15.582  -41.902  40.531 0.0000000000
43622  15.564  -41.587  34.856 0.0000000000
41516  11.492  -43.657  36.683 0.0000000000
118974  12.886  -42.945  37.027 0.0000000000
41475  12.230  -43.193  39.001 0.0000000000
42507  12.851  -42.737  39.667 0.0000000000
41476  11.511  -43.486  39.565 0.0000000000
41452  11.219  -43.268  41.424 0.0000000000
40409  10.174  -44.189  39.522 0.0000000000
39305  6.997  -45.858  40.948 0.0000000000
45589  29.085  -39.964  34.104 0.0000000000
114344  28.169  -39.771  33.885 0.0000000000
46494  23.346  -38.578  35.237 0.0000000000
45571  24.918  -39.149  35.471 0.0000000000
45550  26.285  -39.854  35.901 0.0000000000
45551  25.749  -39.787  36.711 0.0000000000
44584  25.912  -40.227  38.559 0.0000000000
45518  24.868  -39.526  37.844 0.0000000000
45496  22.476  -39.132  40.515 0.0000000000
45495  23.363  -39.274  40.258 0.0000000000
45473  23.014  -39.581  41.976 0.0000000000
44517  23.554  -40.073  43.522 0.0000000000
44455  20.110  -40.702  46.945 0.0000000000
38252  4.001  -46.691  48.455 0.0000000000
39176  4.619  -45.338  48.637 0.0000000000
68116  55.071  -15.112  13.310 0.0000000000
70019  54.440  -12.797  15.646 0.0000000000
70033  55.630  -13.172  14.739 0.0000000000
70000  55.560  -12.468  16.847 0.0000000000
69984  55.183  -12.633  17.617 0.0000000000
68079  47.478  -16.647  17.113 0.0000000000
68069  49.165  -14.952  16.739 0.0000000000
69000  48.606  -15.240  18.388 0.0000000000
69940  52.528  -13.196  20.884 0.0000000000
61855  44.851  -23.739  21.263 0.0000000000
61882  44.226  -23.241  19.803 0.0000000000
61869  46.047  -23.062  20.932 0.0000000000
62808  48.076  -22.181  20.947 0.0000000000
62797  48.345  -22.493  21.717 0.0000000000
115813  45.801  -24.401  26.205 0.0000000000
114038  45.209  -24.181  25.001 0.0000000000
61792  46.978  -23.638  25.726 0.0000000000
53619  34.138  -31.600  29.578 0.0000000000
55701  36.829  -30.056  33.111 0.0000000000
55710  36.831  -29.775  32.135 0.0000000000
55708  38.306  -29.109  32.903 0.0000000000
122720  39.505  -28.629  32.819 0.0000000000
55692  39.893  -28.683  34.870 0.0000000000
48500  36.630  -36.202  36.021 0.0000000000
49520  36.933  -35.675  36.797 0.0000000000
51481  36.288  -33.591  39.728 0.0000000000
51498  36.054  -33.245  38.390 0.0000000000
52437  34.311  -32.326  38.431 0.0000000000
118947  33.194  -31.949  38.062 0.0000000000
137649  33.388  -31.550  39.569 0.0000000000
50424  34.653  -34.364  44.029 0.0000000000
55585  34.700  -29.279  41.335 0.0000000000
55618  33.777  -29.648  39.911 0.0000000000
55600  35.906  -29.423  40.243 0.0000000000
55651  36.715  -29.884  37.849 0.0000000000
56604  37.861  -29.263  39.612 0.0000000000
127539  48.908  -17.404  11.470 0.0000000000
117427  49.891  -16.250  10.762 0.0000000000
68138  51.394  -16.713  10.392 0.0000000000
67168  50.979  -17.912  11.090 0.0000000000
67147  53.447  -17.597  13.551 0.0000000000
131724  53.670  -18.526  12.313 0.0000000000
67146  54.332  -17.420  12.943 0.0000000000
67155  55.266  -17.312  12.260 0.0000000000
70091  54.462  -14.545  6.928 0.0000000000
68149  54.482  -16.958  8.796 0.0000000000
67197  55.106  -17.475  9.318 0.0000000000
66277  55.654  -17.735  9.987 0.0000000000
43460  26.141  -41.196  43.552 0.0000000000
118861  27.912  -41.845  43.851 0.0000000000
43415  27.244  -41.644  45.250 0.0000000000
40357  8.311  -44.320  43.556 0.0000000000
42414  8.572  -43.137  45.694 0.0000000000
40342  7.528  -44.487  44.835 0.0000000000
40282  7.044  -44.009  47.220 0.0000000000
41363  6.372  -43.220  48.873 0.0000000000
64576  41.800  -20.867  16.168 0.0000000000
63774  42.871  -21.489  17.272 0.0000000000
56772  42.890  -27.973  28.630 0.0000000000
120869  44.320  -27.378  28.540 0.0000000000
57761  44.793  -27.901  29.984 0.0000000000
120899  46.759  -27.438  30.668 0.0000000000
34742  3.910  -50.284  46.104 0.0000000000
34743  3.234  -50.924  45.999 0.0000000000
33908  2.179  -51.289  47.146 0.0000000000
56833  35.423  -28.416  24.428 0.0000000000
55764  35.821  -29.653  27.358 0.0000000000
44638  33.229  -40.341  35.654 0.0000000000
44619  32.645  -40.884  36.227 0.0000000000
43593  32.929  -41.371  36.776 0.0000000000
43548  33.711  -42.050  37.925 0.0000000000
114164  20.870  -39.243  39.900 0.0000000000
44558  20.114  -40.161  41.167 0.0000000000
44585  19.437  -40.209  38.872 0.0000000000
44574  18.041  -40.920  38.968 0.0000000000
43559  17.295  -41.241  38.661 0.0000000000
40423  9.467  -44.623  38.271 0.0000000000
40445  8.778  -44.985  36.890 0.0000000000
46528  21.874  -38.266  34.142 0.0000000000
46495  22.448  -38.440  35.537 0.0000000000
117088  23.504  -38.924  37.910 0.0000000000
46468  22.058  -38.540  37.148 0.0000000000
46458  21.153  -38.826  38.349 0.0000000000
130915  17.260  -41.001  45.629 0.0000000000
67130  53.019  -16.828  14.139 0.0000000000
131973  54.350  -15.055  13.847 0.0000000000
68102  52.554  -16.152  14.605 0.0000000000
117852  51.797  -14.670  15.486 0.0000000000
70021  52.032  -13.732  16.096 0.0000000000
125237  49.018  -16.275  19.507 0.0000000000
68982  49.398  -14.829  19.738 0.0000000000
68024  50.416  -15.798  20.408 0.0000000000
68022  51.949  -14.729  21.471 0.0000000000
60876  41.577  -24.563  18.315 0.0000000000
59847  41.434  -25.065  19.570 0.0000000000
60827  43.499  -24.476  21.631 0.0000000000
114203  45.256  -23.852  21.964 0.0000000000
122831  49.076  -23.460  26.443 0.0000000000
53589  33.540  -31.599  31.664 0.0000000000
53605  34.092  -31.536  31.039 0.0000000000
54634  34.626  -30.991  32.573 0.0000000000
54621  36.258  -30.353  33.923 0.0000000000
117285  37.262  -29.999  35.028 0.0000000000
117608  36.830  -36.921  38.437 0.0000000000
116070  37.175  -36.127  37.766 0.0000000000
126982  36.697  -35.764  39.306 0.0000000000
50469  36.419  -34.277  40.221 0.0000000000
51467  35.974  -33.590  40.707 0.0000000000
67156  45.898  -17.733  12.132 0.0000000000
115543  45.808  -16.118  11.568 0.0000000000
66257  46.699  -17.867  12.027 0.0000000000
66255  48.441  -18.035  11.845 0.0000000000
136539  50.040  -18.561  11.805 0.0000000000
66252  51.473  -18.671  11.592 0.0000000000
65390  50.953  -19.325  12.909 0.0000000000
66222  52.080  -18.704  13.785 0.0000000000
71849  52.829  -12.505  8.423 0.0000000000
70081  53.440  -14.299  8.071 0.0000000000
69113  54.097  -14.872  7.619 0.0000000000
68159  55.171  -16.112  7.484 0.0000000000
69101  53.689  -15.305  8.308 0.0000000000
69094  53.224  -15.776  9.013 0.0000000000
120602  52.796  -16.614  9.593 0.0000000000
43553  28.822  -41.539  38.482 0.0000000000
129547  29.937  -41.813  39.057 0.0000000000
123145  28.969  -41.775  39.897 0.0000000000
43493  29.789  -42.182  41.026 0.0000000000
114302  30.886  -42.727  42.766 0.0000000000
43445  12.453  -41.652  44.386 0.0000000000
44486  12.908  -41.245  45.763 0.0000000000
43424  11.521  -41.687  45.523 0.0000000000
44465  11.251  -41.275  47.300 0.0000000000
42396  9.111  -42.025  47.200 0.0000000000
43389  9.416  -41.364  48.695 0.0000000000
65341  47.294  -19.016  15.032 0.0000000000
118140  47.966  -18.052  15.624 0.0000000000
66196  47.350  -18.318  15.667 0.0000000000
66186  46.746  -17.936  16.338 0.0000000000
67101  46.597  -17.367  17.826 0.0000000000
65334  44.349  -19.228  16.756 0.0000000000
66178  45.505  -18.377  17.637 0.0000000000
67094  46.560  -17.645  18.261 0.0000000000
66154  48.425  -18.098  19.348 0.0000000000
65308  49.214  -18.981  19.683 0.0000000000
65293  49.773  -19.709  20.275 0.0000000000
136365  40.703  -26.375  23.648 0.0000000000
59805  42.417  -25.467  23.562 0.0000000000
58813  42.125  -26.089  24.841 0.0000000000
59771  44.705  -25.304  26.433 0.0000000000
59759  45.851  -25.490  27.267 0.0000000000
58760  45.763  -26.557  28.372 0.0000000000
59749  47.010  -25.773  28.139 0.0000000000
59756  48.282  -25.081  28.072 0.0000000000
117061  31.973  -30.670  36.216 0.0000000000
47370  34.829  -37.265  43.730 0.0000000000
67158  44.386  -17.494  12.348 0.0000000000
65396  45.689  -19.016  12.797 0.0000000000
65382  45.979  -19.474  13.337 0.0000000000
72694  51.428  -11.681  10.513 0.0000000000
72695  50.674  -11.605  11.034 0.0000000000
122280  5.764  -48.065  44.030 0.0000000000
38284  5.844  -46.761  45.360 0.0000000000
37442  5.376  -48.036  45.653 0.0000000000
37426  4.445  -47.774  47.376 0.0000000000
133931  3.614  -47.172  48.677 0.0000000000
130961  3.670  -49.593  47.268 0.0000000000
58849  38.632  -26.645  20.805 0.0000000000
57884  37.039  -27.297  20.856 0.0000000000
114315  38.904  -26.716  21.902 0.0000000000
57859  39.350  -26.916  23.503 0.0000000000
57839  39.487  -27.374  25.007 0.0000000000
121904  39.893  -27.925  26.368 0.0000000000
56831  37.006  -28.030  24.896 0.0000000000
56808  39.516  -28.305  26.845 0.0000000000
56791  40.753  -28.275  27.689 0.0000000000
56759  41.456  -28.438  29.640 0.0000000000
56724  42.185  -28.459  31.087 0.0000000000
56706  42.531  -28.400  32.284 0.0000000000
47488  36.352  -37.869  36.128 0.0000000000
45549  34.987  -39.852  36.073 0.0000000000
45548  35.679  -39.467  36.533 0.0000000000
120977  36.689  -38.089  37.399 0.0000000000
46448  36.550  -38.476  38.892 0.0000000000
116028  36.554  -39.130  39.663 0.0000000000
45482  36.079  -39.144  41.315 0.0000000000
43529  31.185  -42.074  38.949 0.0000000000
43528  32.532  -42.464  38.895 0.0000000000
42497  33.970  -42.835  39.135 0.0000000000
41446  33.498  -43.640  41.056 0.0000000000
41459  35.403  -43.321  40.030 0.0000000000
126721  35.475  -42.833  39.316 0.0000000000
42494  36.863  -42.256  39.826 0.0000000000
44542  36.944  -40.996  41.255 0.0000000000
116914  35.763  -40.120  42.911 0.0000000000
44452  24.154  -40.656  46.607 0.0000000000
114885  22.562  -40.536  46.513 0.0000000000
114693  20.975  -40.456  45.799 0.0000000000
44478  20.138  -40.537  45.329 0.0000000000
44547  20.013  -40.303  42.119 0.0000000000
44521  19.235  -40.870  43.823 0.0000000000
44505  18.731  -41.021  44.641 0.0000000000
43440  17.291  -41.323  44.558 0.0000000000
43442  15.600  -41.457  44.304 0.0000000000
43465  14.497  -41.715  43.322 0.0000000000
44648  16.765  -40.965  35.508 0.0000000000
43605  16.426  -41.223  36.359 0.0000000000
43584  15.649  -41.644  37.649 0.0000000000
42549  13.368  -42.651  36.342 0.0000000000
42537  14.200  -42.200  37.360 0.0000000000
43538  15.100  -41.959  39.199 0.0000000000
42487  14.203  -42.214  39.979 0.0000000000
42468  13.380  -42.285  41.352 0.0000000000
43485  12.938  -42.024  42.775 0.0000000000
42452  11.650  -42.557  42.571 0.0000000000
41435  10.705  -43.274  42.196 0.0000000000
119949  9.694  -43.666  42.892 0.0000000000
40410  9.464  -44.577  39.128 0.0000000000
116614  9.184  -44.541  40.890 0.0000000000
40373  8.413  -44.568  42.572 0.0000000000
39276  7.654  -45.142  42.393 0.0000000000
39293  6.822  -45.968  41.874 0.0000000000
37470  6.220  -46.802  42.979 0.0000000000
37482  5.729  -48.071  42.476 0.0000000000
36579  5.597  -48.672  43.127 0.0000000000
44658  30.300  -40.193  34.634 0.0000000000
44642  29.580  -40.493  35.254 0.0000000000
117083  28.982  -40.809  36.058 0.0000000000
45591  26.710  -39.621  34.501 0.0000000000
44645  27.177  -40.248  35.831 0.0000000000
44601  27.650  -40.946  37.470 0.0000000000
130792  27.347  -41.145  38.681 0.0000000000
43555  26.870  -41.031  39.459 0.0000000000
44555  26.292  -40.826  41.003 0.0000000000
45506  24.286  -39.413  39.100 0.0000000000
44557  24.871  -39.845  40.565 0.0000000000
44530  25.490  -40.583  42.460 0.0000000000
44515  25.413  -40.799  43.782 0.0000000000
44499  24.407  -40.554  44.801 0.0000000000
39192  5.719  -45.760  47.050 0.0000000000
40261  5.245  -44.506  48.694 0.0000000000
69051  55.287  -14.217  14.004 0.0000000000
69042  49.745  -15.556  15.976 0.0000000000
69033  50.102  -14.619  16.336 0.0000000000
70929  52.509  -12.572  17.269 0.0000000000
69956  50.347  -13.578  19.799 0.0000000000
70906  52.184  -12.359  19.023 0.0000000000
70915  53.952  -12.158  18.294 0.0000000000
62843  41.875  -22.086  16.751 0.0000000000
114586  43.231  -22.032  17.721 0.0000000000
61884  42.859  -23.813  19.134 0.0000000000
62823  43.942  -22.936  19.071 0.0000000000
63756  44.854  -21.896  19.084 0.0000000000
63754  46.867  -21.171  19.681 0.0000000000
64528  49.461  -20.540  20.505 0.0000000000
65282  50.968  -19.822  21.302 0.0000000000
60799  43.674  -24.741  23.478 0.0000000000
60798  44.849  -24.215  23.683 0.0000000000
132600  46.856  -23.273  23.585 0.0000000000
62744  48.936  -22.626  25.317 0.0000000000
133668  48.279  -22.503  24.058 0.0000000000
62781  48.404  -22.521  22.643 0.0000000000
123218  49.742  -21.444  22.811 0.0000000000
64504  50.736  -20.462  22.429 0.0000000000
54699  34.543  -30.553  27.523 0.0000000000
55754  36.011  -29.873  28.238 0.0000000000
54658  35.478  -30.669  30.500 0.0000000000
55733  36.704  -29.560  30.454 0.0000000000
55744  37.291  -29.131  30.056 0.0000000000
114117  39.104  -28.583  30.929 0.0000000000
56692  40.960  -28.419  32.992 0.0000000000
56691  42.280  -28.301  33.616 0.0000000000
51514  36.610  -33.963  38.026 0.0000000000
52467  32.255  -31.399  36.995 0.0000000000
53482  32.287  -30.775  37.642 0.0000000000
55671  32.362  -30.040  37.286 0.0000000000
49443  35.082  -35.472  42.941 0.0000000000
51442  35.428  -33.992  42.199 0.0000000000
52399  34.698  -32.432  41.566 0.0000000000
53390  33.669  -31.087  42.240 0.0000000000
53423  33.311  -31.031  40.564 0.0000000000
54531  33.146  -30.469  40.112 0.0000000000
127454  33.029  -29.785  38.705 0.0000000000
55653  34.129  -29.805  37.425 0.0000000000
55668  35.290  -29.952  36.806 0.0000000000
130204  37.003  -29.987  36.415 0.0000000000
55665  38.318  -29.622  36.480 0.0000000000
57640  39.014  -28.073  40.000 0.0000000000
56619  39.604  -28.591  38.177 0.0000000000
56644  39.601  -28.818  36.626 0.0000000000
56642  41.079  -28.136  36.009 0.0000000000
127382  50.120  -12.879  10.612 0.0000000000
70062  50.244  -14.197  10.326 0.0000000000
69085  51.258  -15.407  10.054 0.0000000000
68151  52.151  -17.024  10.164 0.0000000000
67183  53.358  -18.069  10.460 0.0000000000
66251  52.277  -18.732  11.639 0.0000000000
66265  53.449  -18.475  11.159 0.0000000000
126572  54.200  -18.369  10.939 0.0000000000
66230  55.744  -17.877  11.285 0.0000000000
43397  25.255  -41.285  47.430 0.0000000000
137526  26.160  -41.670  47.413 0.0000000000
38297  6.201  -46.381  44.548 0.0000000000
116420  44.704  -28.351  33.141 0.0000000000
130081  45.000  -28.325  32.331 0.0000000000
43597  29.413  -41.188  36.794 0.0000000000
131601  29.827  -41.465  37.424 0.0000000000
45556  19.020  -39.786  36.219 0.0000000000
44646  18.215  -40.178  35.148 0.0000000000
45574  19.709  -39.393  35.789 0.0000000000
43421  14.454  -41.192  45.249 0.0000000000
44485  13.660  -41.209  45.467 0.0000000000
66206  49.431  -18.777  14.862 0.0000000000
66194  49.669  -18.107  15.250 0.0000000000
136809  51.764  -18.289  20.936 0.0000000000
123427  40.439  -26.178  21.879 0.0000000000
59826  40.875  -25.843  21.505 0.0000000000
59816  41.042  -25.976  22.365 0.0000000000
133698  32.348  -30.454  35.376 0.0000000000
54601  34.015  -30.242  35.348 0.0000000000
55686  33.569  -29.989  36.136 0.0000000000
47406  35.571  -37.305  41.323 0.0000000000
119957  35.384  -37.857  42.024 0.0000000000
115062  48.142  -19.323  14.433 0.0000000000
65355  49.119  -19.281  14.322 0.0000000000
121791  50.218  -18.584  14.801 0.0000000000
124129  51.605  -13.676  9.678 0.0000000000
70998  50.937  -13.932  10.041 0.0000000000
43497  26.849  -41.340  41.686 0.0000000000
43496  27.613  -41.654  41.555 0.0000000000
43478  27.331  -41.618  42.322 0.0000000000
41413  9.698  -43.373  43.655 0.0000000000
41398  9.327  -43.290  44.396 0.0000000000
114013  43.499  -19.942  14.305 0.0000000000
65344  43.635  -19.891  15.295 0.0000000000
64565  44.187  -19.962  17.671 0.0000000000
64556  44.648  -20.482  18.215 0.0000000000
63764  45.146  -21.125  18.771 0.0000000000
57826  42.000  -27.278  26.689 0.0000000000
57815  42.576  -27.272  27.090 0.0000000000
114010  42.885  -27.551  27.773 0.0000000000
35679  4.814  -49.635  44.963 0.0000000000
56867  35.237  -28.126  22.064 0.0000000000
57863  35.738  -27.984  22.993 0.0000000000
57862  36.442  -27.815  23.399 0.0000000000
55763  36.714  -29.335  27.676 0.0000000000
56794  37.548  -28.910  27.465 0.0000000000
56776  38.883  -28.712  28.541 0.0000000000
56777  38.091  -28.872  28.862 0.0000000000
43547  34.681  -42.034  38.035 0.0000000000
43570  35.433  -41.545  37.856 0.0000000000
132431  36.093  -41.767  38.477 0.0000000000
42444  32.077  -43.185  41.961 0.0000000000
45474  22.190  -39.559  42.190 0.0000000000
45464  21.960  -39.719  42.929 0.0000000000
45475  21.378  -39.629  42.210 0.0000000000
124826  16.969  -41.587  40.071 0.0000000000
43518  17.382  -41.512  40.728 0.0000000000
43519  16.454  -41.757  40.856 0.0000000000
41499  11.446  -43.671  37.465 0.0000000000
41487  11.807  -43.485  38.111 0.0000000000
41488  11.469  -43.585  38.777 0.0000000000
41477  10.837  -43.764  39.944 0.0000000000
41489  10.857  -43.868  39.099 0.0000000000
45572  24.069  -38.794  35.833 0.0000000000
46493  24.224  -38.790  34.924 0.0000000000
45552  24.777  -39.259  36.459 0.0000000000
45534  25.067  -39.519  37.225 0.0000000000
45535  24.295  -39.159  37.388 0.0000000000
45485  22.203  -39.335  41.401 0.0000000000
45463  22.850  -39.751  42.818 0.0000000000
44456  19.354  -40.719  46.597 0.0000000000
38249  3.626  -46.097  49.894 0.0000000000
38248  3.891  -45.927  48.923 0.0000000000
67145  55.120  -16.215  12.773 0.0000000000
123165  54.973  -12.423  16.451 0.0000000000
70927  54.735  -12.236  17.429 0.0000000000
68058  47.748  -16.377  17.774 0.0000000000
130652  48.448  -15.536  17.449 0.0000000000
129900  45.617  -23.511  21.370 0.0000000000
61870  45.292  -23.295  20.713 0.0000000000
61853  46.321  -23.334  21.554 0.0000000000
62798  47.593  -22.739  21.402 0.0000000000
62782  47.721  -22.902  22.282 0.0000000000
116977  46.618  -24.176  26.316 0.0000000000
60773  46.170  -23.888  25.675 0.0000000000
119669  47.476  -23.961  26.351 0.0000000000
53620  33.417  -31.886  29.941 0.0000000000
55694  37.862  -29.723  34.404 0.0000000000
55700  37.703  -29.605  33.478 0.0000000000
55699  38.593  -29.194  33.790 0.0000000000
55681  39.172  -29.083  35.246 0.0000000000
52411  35.550  -32.787  39.910 0.0000000000
52423  35.340  -32.702  38.876 0.0000000000
52424  34.323  -32.177  39.501 0.0000000000
52438  33.311  -31.725  38.931 0.0000000000
52425  33.695  -31.645  40.188 0.0000000000
56576  35.467  -28.810  41.875 0.0000000000
55601  34.788  -29.424  40.496 0.0000000000
130669  36.410  -29.092  40.719 0.0000000000
55599  36.953  -29.327  40.079 0.0000000000
121265  37.049  -28.755  40.840 0.0000000000
68129  48.572  -16.640  11.248 0.0000000000
68140  49.372  -16.826  11.124 0.0000000000
68141  49.069  -16.047  10.890 0.0000000000
67186  50.218  -17.137  11.009 0.0000000000
118170  50.963  -17.137  10.728 0.0000000000
112899  55.062  -14.721  6.215 0.0000000000
113879  55.901  -15.344  5.865 0.0000000000
68178  56.525  -16.000  6.440 0.0000000000
126044  54.192  -17.366  9.368 0.0000000000
43438  25.962  -41.166  44.372 0.0000000000
43437  26.761  -41.538  44.128 0.0000000000
43416  26.528  -41.407  45.020 0.0000000000
40358  7.622  -44.633  44.006 0.0000000000
40341  8.196  -44.090  44.406 0.0000000000
40324  6.822  -44.861  46.096 0.0000000000
40301  7.253  -44.223  46.460 0.0000000000
41372  6.724  -43.662  47.963 0.0000000000
40283  6.432  -44.427  47.619 0.0000000000
63782  42.286  -21.336  16.759 0.0000000000
56742  43.148  -28.340  30.091 0.0000000000
56757  43.401  -28.103  29.385 0.0000000000
131382  43.926  -28.166  30.010 0.0000000000
34757  2.880  -50.946  45.063 0.0000000000
33909  1.482  -51.674  47.479 0.0000000000
44640  31.438  -40.533  35.447 0.0000000000
44639  32.317  -40.477  35.536 0.0000000000
44620  31.756  -40.930  36.149 0.0000000000
43574  31.618  -41.726  37.566 0.0000000000
43594  32.127  -41.382  36.818 0.0000000000
43573  32.674  -41.810  37.527 0.0000000000
43549  32.835  -42.223  38.260 0.0000000000
45523  20.664  -39.201  38.896 0.0000000000
45510  20.131  -39.838  39.355 0.0000000000
44586  18.679  -40.474  38.462 0.0000000000
44587  17.930  -40.789  38.110 0.0000000000
43582  17.179  -41.111  37.756 0.0000000000
122857  21.047  -38.532  34.381 0.0000000000
46510  21.758  -38.408  34.970 0.0000000000
46496  21.631  -38.449  35.805 0.0000000000
46480  22.290  -38.480  36.383 0.0000000000
46481  21.516  -38.518  36.570 0.0000000000
45554  20.303  -39.187  37.213 0.0000000000
46459  20.949  -38.772  37.580 0.0000000000
45536  20.517  -39.177  38.049 0.0000000000
45522  21.399  -38.896  39.147 0.0000000000
44482  16.527  -41.025  45.799 0.0000000000
44459  16.371  -40.977  46.750 0.0000000000
68103  52.064  -17.143  14.620 0.0000000000
68088  50.511  -16.449  15.407 0.0000000000
69032  51.132  -14.223  16.169 0.0000000000
68038  49.540  -15.647  19.896 0.0000000000
68023  51.449  -15.827  20.888 0.0000000000
59858  40.434  -25.409  18.532 0.0000000000
59848  40.760  -25.473  19.580 0.0000000000
60813  42.849  -24.900  22.179 0.0000000000
60828  42.751  -24.778  21.238 0.0000000000
60826  44.380  -24.207  22.033 0.0000000000
130327  32.810  -31.811  31.607 0.0000000000
53569  33.711  -31.323  32.457 0.0000000000
54609  35.650  -30.392  34.575 0.0000000000
54622  35.417  -30.583  33.752 0.0000000000
54608  36.467  -30.227  34.789 0.0000000000
116498  36.601  -30.090  35.703 0.0000000000
47444  36.467  -37.523  39.088 0.0000000000
48457  36.507  -36.624  39.252 0.0000000000
49478  36.002  -35.819  40.793 0.0000000000
50470  36.108  -34.745  40.997 0.0000000000
119195  35.811  -34.045  41.496 0.0000000000
66239  46.208  -18.469  12.428 0.0000000000
66238  47.047  -18.570  12.344 0.0000000000
65392  49.179  -19.315  12.812 0.0000000000
66237  47.925  -18.639  12.297 0.0000000000
66236  48.805  -18.766  12.239 0.0000000000
66235  49.636  -18.929  12.218 0.0000000000
128254  50.419  -19.074  12.223 0.0000000000
117184  51.006  -18.289  14.766 0.0000000000
66205  51.424  -18.682  14.272 0.0000000000
67132  51.822  -18.165  14.474 0.0000000000
67131  52.611  -17.907  14.077 0.0000000000
70082  52.757  -14.255  8.786 0.0000000000
71008  52.959  -13.441  8.304 0.0000000000
69100  54.370  -15.717  7.889 0.0000000000
68150  53.649  -16.740  9.134 0.0000000000
43532  28.529  -41.595  39.266 0.0000000000
43531  29.281  -41.711  39.133 0.0000000000
43494  29.115  -42.057  41.371 0.0000000000
43476  29.838  -42.291  41.732 0.0000000000
42446  30.563  -42.549  41.966 0.0000000000
43455  30.052  -42.422  42.603 0.0000000000
43468  11.887  -41.990  43.855 0.0000000000
43423  12.287  -41.510  45.219 0.0000000000
43446  11.689  -41.833  44.673 0.0000000000
43409  10.582  -41.633  46.673 0.0000000000
43399  10.436  -41.431  47.550 0.0000000000
44447  11.065  -41.053  48.206 0.0000000000
43388  10.254  -41.141  48.498 0.0000000000
41378  8.147  -43.141  46.425 0.0000000000
42406  8.684  -42.570  46.587 0.0000000000
42397  8.441  -42.338  47.519 0.0000000000
114182  46.379  -19.258  14.899 0.0000000000
130359  46.105  -18.308  16.361 0.0000000000
67109  46.975  -17.196  16.962 0.0000000000
66187  46.137  -17.863  17.244 0.0000000000
64583  42.994  -20.125  15.999 0.0000000000
65335  43.728  -19.704  16.339 0.0000000000
65321  45.271  -19.182  18.185 0.0000000000
65327  45.015  -18.873  17.798 0.0000000000
66171  45.587  -18.527  18.107 0.0000000000
66177  45.961  -17.849  18.034 0.0000000000
66169  47.024  -17.938  18.724 0.0000000000
67082  47.588  -17.716  19.022 0.0000000000
66156  47.048  -18.675  18.916 0.0000000000
65309  48.335  -19.163  19.449 0.0000000000
65294  48.929  -19.872  19.940 0.0000000000
66142  50.108  -18.830  20.055 0.0000000000
118563  40.602  -26.539  24.188 0.0000000000
58814  41.359  -26.330  24.529 0.0000000000
59772  43.980  -25.662  26.181 0.0000000000
58785  44.336  -25.989  26.851 0.0000000000
59770  45.437  -25.015  26.647 0.0000000000
125711  44.845  -27.550  29.247 0.0000000000
57792  45.277  -27.140  28.816 0.0000000000
57791  46.067  -26.928  29.036 0.0000000000
58758  47.452  -26.112  28.861 0.0000000000
59748  47.685  -25.575  28.301 0.0000000000
60737  49.292  -24.626  28.195 0.0000000000
54603  31.775  -30.821  35.440 0.0000000000
66241  44.735  -18.157  12.483 0.0000000000
65397  44.806  -18.939  12.837 0.0000000000
118225  45.283  -19.399  13.224 0.0000000000
65357  46.188  -19.648  14.079 0.0000000000
65356  47.126  -19.488  14.237 0.0000000000
36568  5.517  -48.635  44.513 0.0000000000
114150  5.579  -48.068  44.926 0.0000000000
36548  4.432  -48.525  47.058 0.0000000000
123629  4.746  -48.062  46.804 0.0000000000
37420  4.006  -47.438  48.077 0.0000000000
37421  3.469  -47.809  48.553 0.0000000000
34729  3.456  -50.312  46.843 0.0000000000
35662  3.088  -49.738  47.790 0.0000000000
115405  38.773  -26.436  19.765 0.0000000000
114076  37.997  -26.726  19.946 0.0000000000
57876  36.673  -27.550  21.712 0.0000000000
57885  36.348  -27.548  20.774 0.0000000000
57875  37.521  -27.195  21.608 0.0000000000
130261  38.180  -26.890  21.498 0.0000000000
57869  38.100  -27.058  22.255 0.0000000000
58824  38.734  -26.965  22.866 0.0000000000
57850  38.608  -27.533  24.518 0.0000000000
114971  39.893  -27.622  25.791 0.0000000000
57828  39.196  -27.962  25.989 0.0000000000
56832  36.230  -28.222  24.644 0.0000000000
56822  36.520  -28.475  25.429 0.0000000000
56809  38.667  -28.450  26.679 0.0000000000
56792  39.947  -28.440  27.569 0.0000000000
56774  41.038  -28.410  28.580 0.0000000000
124451  40.354  -28.478  28.188 0.0000000000
56744  41.655  -28.452  30.586 0.0000000000
56745  40.903  -28.465  30.585 0.0000000000
114686  42.773  -28.458  31.619 0.0000000000
114685  41.979  -28.388  31.865 0.0000000000
46491  35.741  -38.171  35.531 0.0000000000
47501  36.060  -37.309  35.454 0.0000000000
44637  34.159  -40.141  35.800 0.0000000000
45533  35.972  -39.847  37.267 0.0000000000
46466  36.297  -38.942  37.146 0.0000000000
46455  36.575  -38.721  38.008 0.0000000000
45504  36.843  -39.964  39.305 0.0000000000
130052  36.508  -39.382  40.514 0.0000000000
118661  36.705  -40.029  41.032 0.0000000000
43530  30.486  -41.979  39.435 0.0000000000
43551  30.509  -41.850  38.628 0.0000000000
43511  31.274  -42.316  39.825 0.0000000000
42479  32.795  -42.892  40.168 0.0000000000
42499  32.216  -42.587  39.647 0.0000000000
42498  33.088  -42.749  39.384 0.0000000000
134802  35.746  -43.519  40.493 0.0000000000
126592  35.142  -43.748  40.630 0.0000000000
42476  36.283  -42.813  39.770 0.0000000000
42475  36.844  -42.571  40.232 0.0000000000
44543  36.280  -40.319  42.045 0.0000000000
44475  23.292  -40.512  45.930 0.0000000000
44453  23.259  -40.639  46.940 0.0000000000
130940  21.344  -40.189  44.462 0.0000000000
116631  21.793  -40.360  45.259 0.0000000000
44502  20.962  -40.366  45.080 0.0000000000
44548  19.384  -40.629  41.474 0.0000000000
43481  17.827  -41.445  42.313 0.0000000000
120497  18.728  -41.128  42.626 0.0000000000
120074  18.582  -41.168  43.849 0.0000000000
43439  17.941  -41.301  44.263 0.0000000000
44506  17.800  -41.124  45.106 0.0000000000
43462  17.288  -41.463  43.926 0.0000000000
117724  15.502  -41.839  42.118 0.0000000000
133067  16.133  -41.606  43.663 0.0000000000
43464  15.358  -41.665  43.466 0.0000000000
136181  14.887  -41.548  43.924 0.0000000000
135562  15.399  -41.643  35.551 0.0000000000
131769  16.034  -41.371  35.529 0.0000000000
43606  15.596  -41.566  36.210 0.0000000000
120032  15.824  -41.515  36.900 0.0000000000
43585  15.000  -41.811  36.916 0.0000000000
116302  13.123  -42.744  35.561 0.0000000000
42550  12.792  -42.979  36.154 0.0000000000
42538  13.490  -42.564  37.854 0.0000000000
120498  14.639  -42.055  38.607 0.0000000000
42505  14.388  -42.180  39.279 0.0000000000
120075  14.804  -42.056  39.727 0.0000000000
42506  13.630  -42.426  39.436 0.0000000000
42489  12.708  -42.703  40.530 0.0000000000
137152  13.234  -42.431  40.872 0.0000000000
42450  13.152  -42.153  41.971 0.0000000000
42451  12.368  -42.345  42.253 0.0000000000
42434  12.123  -42.169  43.055 0.0000000000
42470  11.854  -42.746  41.793 0.0000000000
41467  10.691  -43.694  40.745 0.0000000000
41453  10.371  -43.661  41.515 0.0000000000
41436  9.999  -43.647  42.254 0.0000000000
40386  9.606  -44.109  41.590 0.0000000000
40424  8.827  -44.961  37.829 0.0000000000
39303  8.124  -45.199  40.108 0.0000000000
130496  8.807  -44.839  40.303 0.0000000000
120956  8.454  -44.926  40.921 0.0000000000
40387  8.828  -44.556  41.664 0.0000000000
39275  8.077  -44.996  41.683 0.0000000000
38336  6.405  -46.488  40.539 0.0000000000
38315  6.349  -46.576  42.178 0.0000000000
119698  6.040  -47.034  41.714 0.0000000000
37497  5.655  -47.864  41.623 0.0000000000
36595  5.296  -48.748  42.135 0.0000000000
44659  29.031  -40.283  34.788 0.0000000000
45610  26.471  -39.359  33.791 0.0000000000
44624  26.637  -40.263  36.579 0.0000000000
115401  27.466  -40.630  36.676 0.0000000000
137132  27.685  -41.180  38.117 0.0000000000
44582  27.121  -40.835  37.995 0.0000000000
114398  26.212  -40.505  39.186 0.0000000000
133998  26.111  -40.528  39.992 0.0000000000
121334  25.395  -40.099  40.010 0.0000000000
45520  23.715  -39.116  38.697 0.0000000000
45507  23.541  -39.178  39.413 0.0000000000
45483  24.022  -39.544  40.838 0.0000000000
44546  24.572  -39.819  41.379 0.0000000000
44545  25.388  -40.277  41.477 0.0000000000
123678  24.984  -40.473  43.101 0.0000000000
122550  23.835  -40.357  44.309 0.0000000000
44474  24.224  -40.580  45.639 0.0000000000
44436  22.177  -40.843  47.967 0.0000000000
44463  12.804  -41.197  46.654 0.0000000000
44444  13.477  -41.280  47.138 0.0000000000
38269  5.458  -47.211  46.098 0.0000000000
39212  5.850  -46.160  46.132 0.0000000000
40236  4.599  -44.653  49.272 0.0000000000
39175  5.324  -45.217  48.127 0.0000000000
40235  4.984  -43.995  49.709 0.0000000000
41364  5.655  -43.681  49.146 0.0000000000
40222  5.239  -43.719  50.545 0.0000000000
116683  54.517  -14.231  14.500 0.0000000000
70017  56.377  -13.003  15.124 0.0000000000
67119  48.212  -17.394  15.821 0.0000000000
68089  49.436  -16.509  15.764 0.0000000000
68090  48.486  -16.603  16.090 0.0000000000
69015  49.717  -14.258  17.225 0.0000000000
70004  50.616  -13.801  16.905 0.0000000000
70003  51.596  -13.082  16.757 0.0000000000
69986  51.002  -13.033  17.399 0.0000000000
68981  50.187  -14.806  20.509 0.0000000000
137314  49.974  -14.286  20.057 0.0000000000
69942  50.606  -13.856  20.566 0.0000000000
69954  51.854  -12.681  20.207 0.0000000000
70905  53.284  -12.166  18.926 0.0000000000
69969  53.855  -12.382  19.066 0.0000000000
69985  54.576  -12.473  18.308 0.0000000000
61913  41.075  -23.196  16.694 0.0000000000
62844  41.224  -22.343  16.546 0.0000000000
62838  41.804  -22.862  16.910 0.0000000000
62837  42.501  -22.306  17.237 0.0000000000
62831  42.975  -22.871  17.924 0.0000000000
60858  42.434  -24.350  19.555 0.0000000000
60875  42.229  -24.182  18.721 0.0000000000
62812  44.912  -22.947  20.099 0.0000000000
62822  44.578  -22.615  19.426 0.0000000000
62829  44.236  -22.203  18.743 0.0000000000
63755  45.468  -21.701  19.309 0.0000000000
62820  46.077  -21.953  19.871 0.0000000000
63728  48.928  -21.832  21.285 0.0000000000
63743  48.405  -21.467  20.547 0.0000000000
63742  49.085  -21.173  20.733 0.0000000000
64527  50.251  -20.291  20.880 0.0000000000
63726  50.511  -20.515  21.581 0.0000000000
59794  43.407  -25.281  24.721 0.0000000000
59804  43.163  -25.158  23.929 0.0000000000
60787  43.877  -24.836  24.280 0.0000000000
61801  45.793  -23.810  25.012 0.0000000000
60785  45.366  -23.993  24.344 0.0000000000
61810  46.198  -23.555  24.165 0.0000000000
115080  45.559  -23.833  23.458 0.0000000000
63694  49.687  -21.736  24.549 0.0000000000
62753  49.155  -22.213  24.791 0.0000000000
62764  48.948  -22.079  24.034 0.0000000000
62765  48.488  -22.408  23.449 0.0000000000
62780  49.122  -22.035  22.945 0.0000000000
53640  34.021  -31.167  27.984 0.0000000000
54698  35.285  -30.246  27.865 0.0000000000
54687  35.429  -30.505  28.717 0.0000000000
114869  34.988  -30.994  31.798 0.0000000000
54644  34.809  -31.148  31.029 0.0000000000
54643  35.535  -30.653  31.372 0.0000000000
55719  37.453  -29.244  31.675 0.0000000000
55720  36.758  -29.628  31.291 0.0000000000
55732  37.344  -29.157  30.849 0.0000000000
55745  36.714  -29.561  29.593 0.0000000000
56747  37.838  -28.889  30.428 0.0000000000
56746  38.524  -28.696  30.299 0.0000000000
55731  38.172  -28.821  31.150 0.0000000000
115599  40.159  -28.518  33.285 0.0000000000
56708  40.208  -28.478  32.339 0.0000000000
129947  41.530  -28.351  33.533 0.0000000000
56678  41.711  -28.271  34.366 0.0000000000
49505  36.993  -35.416  38.535 0.0000000000
50523  36.982  -34.943  37.649 0.0000000000
52436  35.256  -32.820  37.905 0.0000000000
51515  35.921  -33.456  37.484 0.0000000000
52452  33.088  -32.118  37.139 0.0000000000
53463  32.617  -30.976  38.472 0.0000000000
54574  32.300  -30.322  37.451 0.0000000000
55638  32.487  -30.063  37.951 0.0000000000
115954  34.720  -37.103  44.493 0.0000000000
48416  35.039  -36.384  42.913 0.0000000000
49425  34.863  -35.732  43.606 0.0000000000
51431  34.547  -33.558  43.853 0.0000000000
50442  34.893  -34.005  43.095 0.0000000000
51443  34.577  -33.031  43.193 0.0000000000
51455  34.937  -33.174  42.389 0.0000000000
52388  34.429  -32.327  42.549 0.0000000000
132107  33.678  -30.033  41.797 0.0000000000
54494  33.692  -30.424  42.275 0.0000000000
54501  33.552  -30.500  41.574 0.0000000000
53406  33.535  -31.069  41.343 0.0000000000
54513  33.384  -30.469  40.779 0.0000000000
55619  33.258  -30.017  40.163 0.0000000000
55636  33.905  -29.664  38.908 0.0000000000
114111  33.069  -29.854  39.278 0.0000000000
117413  33.473  -29.733  38.211 0.0000000000
55669  34.348  -29.926  36.560 0.0000000000
55652  35.236  -29.836  37.667 0.0000000000
55633  37.295  -29.738  38.418 0.0000000000
55650  37.496  -29.795  37.630 0.0000000000
55666  37.594  -29.844  36.817 0.0000000000
55649  38.245  -29.603  37.339 0.0000000000
121312  38.489  -27.943  40.664 0.0000000000
57639  39.552  -27.421  40.242 0.0000000000
57655  40.044  -27.953  38.809 0.0000000000
56618  40.423  -27.935  38.072 0.0000000000
56631  39.438  -28.888  37.383 0.0000000000
56630  40.160  -28.367  37.243 0.0000000000
56643  40.319  -28.415  36.254 0.0000000000
57679  40.773  -28.093  36.707 0.0000000000
71834  50.097  -12.252  10.879 0.0000000000
68131  46.424  -16.565  11.602 0.0000000000
68130  47.135  -16.233  11.395 0.0000000000
118818  50.100  -14.931  10.424 0.0000000000
70061  50.735  -14.791  10.188 0.0000000000
67185  51.631  -17.471  10.636 0.0000000000
67199  52.828  -17.409  10.056 0.0000000000
66233  51.894  -19.070  12.332 0.0000000000
131092  52.568  -18.888  12.275 0.0000000000
66231  54.465  -18.132  12.299 0.0000000000
66250  53.948  -18.528  11.682 0.0000000000
66264  55.221  -18.185  10.786 0.0000000000
67167  56.283  -17.030  11.493 0.0000000000
71856  54.215  -12.099  6.890 0.0000000000
71023  54.332  -12.888  6.587 0.0000000000
43406  26.222  -41.366  46.426 0.0000000000
39261  6.759  -45.660  43.416 0.0000000000
39245  7.043  -45.066  44.461 0.0000000000
39246  6.637  -45.653  44.096 0.0000000000
124288  6.425  -45.505  45.717 0.0000000000
39211  6.277  -45.362  46.541 0.0000000000
114687  43.715  -28.429  31.384 0.0000000000
56741  44.323  -28.238  30.690 0.0000000000
56722  44.794  -28.275  31.478 0.0000000000
44621  30.869  -40.949  36.076 0.0000000000
116910  31.168  -41.887  38.256 0.0000000000
127123  19.698  -39.611  37.312 0.0000000000
44604  19.392  -40.020  37.916 0.0000000000
44625  19.134  -39.908  37.051 0.0000000000
44626  18.434  -40.231  36.717 0.0000000000
44627  17.725  -40.531  36.387 0.0000000000
45613  20.333  -38.897  34.237 0.0000000000
128614  20.413  -38.975  35.511 0.0000000000
46497  20.959  -38.653  36.059 0.0000000000
45573  20.340  -39.068  36.335 0.0000000000
43420  15.277  -41.195  45.103 0.0000000000
137688  16.033  -40.997  46.192 0.0000000000
44484  14.917  -41.101  45.862 0.0000000000
44442  14.869  -41.425  47.308 0.0000000000
67116  51.276  -16.962  14.993 0.0000000000
67133  50.775  -17.504  15.112 0.0000000000
66152  50.472  -17.850  20.039 0.0000000000
67063  50.916  -16.845  20.322 0.0000000000
66141  51.382  -17.687  20.545 0.0000000000
66140  52.215  -17.350  21.224 0.0000000000
59838  40.062  -25.917  20.089 0.0000000000
59837  40.782  -25.685  20.627 0.0000000000
59824  42.075  -25.262  21.768 0.0000000000
117469  33.008  -30.809  33.955 0.0000000000
135106  33.875  -30.702  33.969 0.0000000000
54600  35.107  -30.262  35.235 0.0000000000
47427  35.865  -37.686  40.570 0.0000000000
48431  35.608  -36.421  41.409 0.0000000000
48415  35.414  -36.157  42.059 0.0000000000
65394  47.395  -19.169  12.781 0.0000000000
65379  48.695  -19.454  13.568 0.0000000000
65378  49.590  -19.407  13.595 0.0000000000
65377  50.457  -19.303  13.661 0.0000000000
69096  51.965  -15.226  9.590 0.0000000000
43534  27.449  -41.419  40.148 0.0000000000
43533  28.217  -41.648  40.032 0.0000000000
43515  27.902  -41.685  40.796 0.0000000000
43495  28.335  -41.862  41.426 0.0000000000
135444  28.663  -41.985  41.986 0.0000000000
42436  10.551  -42.751  43.682 0.0000000000
43447  10.935  -42.065  44.972 0.0000000000
42421  10.517  -42.449  44.487 0.0000000000
42412  10.076  -42.370  45.234 0.0000000000
43426  9.948  -42.026  46.145 0.0000000000
42398  7.790  -42.638  47.892 0.0000000000
65342  45.352  -19.477  14.866 0.0000000000
137800  45.096  -19.145  15.698 0.0000000000
65333  44.951  -18.928  16.372 0.0000000000
64573  43.880  -19.683  17.090 0.0000000000
65322  44.749  -19.547  18.014 0.0000000000
65320  45.957  -19.278  18.514 0.0000000000
64544  47.273  -20.179  19.363 0.0000000000
57837  40.944  -27.082  25.600 0.0000000000
58801  41.572  -26.636  25.395 0.0000000000
58788  42.002  -26.816  26.070 0.0000000000
58773  43.971  -26.626  27.319 0.0000000000
58743  46.826  -26.725  29.293 0.0000000000
36558  5.289  -48.807  45.213 0.0000000000
36559  4.788  -49.238  45.866 0.0000000000
35660  4.440  -49.157  46.606 0.0000000000
131788  36.011  -27.827  22.185 0.0000000000
114734  37.945  -27.305  23.102 0.0000000000
57861  37.155  -27.624  23.290 0.0000000000
135378  37.364  -27.830  24.489 0.0000000000
56812  35.993  -28.841  26.002 0.0000000000
56811  36.826  -28.739  26.241 0.0000000000
117955  38.237  -28.709  27.250 0.0000000000
56775  39.691  -28.593  28.306 0.0000000000
56760  39.564  -28.616  29.158 0.0000000000
115598  39.379  -28.578  30.061 0.0000000000
45566  34.633  -39.383  35.284 0.0000000000
44600  34.258  -41.107  36.916 0.0000000000
44617  34.576  -40.544  36.508 0.0000000000
44599  34.989  -40.978  37.152 0.0000000000
44598  35.748  -40.682  37.503 0.0000000000
44597  36.332  -40.193  37.965 0.0000000000
44568  36.996  -40.692  39.504 0.0000000000
42481  31.092  -42.457  40.782 0.0000000000
42459  33.340  -43.283  40.482 0.0000000000
130802  36.201  -43.624  40.937 0.0000000000
42458  37.062  -42.580  40.742 0.0000000000
126194  23.092  -40.220  44.341 0.0000000000
44476  22.745  -40.372  45.119 0.0000000000
44519  21.680  -39.917  43.704 0.0000000000
44520  20.841  -40.145  43.717 0.0000000000
130541  18.139  -41.079  39.753 0.0000000000
44549  18.749  -40.962  40.968 0.0000000000
43517  18.116  -41.211  40.497 0.0000000000
43498  17.991  -41.340  41.300 0.0000000000
132495  17.202  -41.563  43.188 0.0000000000
43482  16.818  -41.660  42.502 0.0000000000
43500  16.246  -41.775  41.878 0.0000000000
43501  15.584  -41.888  41.354 0.0000000000
42563  14.269  -42.233  35.487 0.0000000000
41515  12.216  -43.330  36.384 0.0000000000
41498  12.101  -43.387  37.297 0.0000000000
117245  12.623  -43.092  38.017 0.0000000000
41465  12.142  -43.113  40.045 0.0000000000
42490  12.027  -43.007  40.963 0.0000000000
41466  11.427  -43.398  40.465 0.0000000000
40397  10.239  -44.076  40.225 0.0000000000
39304  7.427  -45.562  40.303 0.0000000000
39323  6.853  -45.995  39.952 0.0000000000
44660  28.225  -40.125  34.705 0.0000000000
46507  24.399  -38.700  34.068 0.0000000000
45593  25.089  -39.021  34.595 0.0000000000
45570  25.868  -39.481  35.122 0.0000000000
129879  25.515  -39.530  35.924 0.0000000000
137380  26.272  -40.218  37.218 0.0000000000
120127  26.422  -40.422  37.883 0.0000000000
44603  25.625  -39.910  37.720 0.0000000000
45505  25.065  -39.732  38.634 0.0000000000
45508  22.727  -38.986  39.684 0.0000000000
45484  23.170  -39.403  41.120 0.0000000000
45472  23.865  -39.683  41.701 0.0000000000
119254  24.267  -40.187  43.060 0.0000000000
44532  23.709  -39.853  42.570 0.0000000000
38259  4.609  -46.851  47.672 0.0000000000
39193  5.094  -45.898  47.746 0.0000000000
118512  4.452  -46.147  48.278 0.0000000000
39167  4.120  -45.220  49.670 0.0000000000
70034  54.854  -13.055  15.008 0.0000000000
70018  55.502  -12.722  15.689 0.0000000000
69029  56.132  -13.103  16.161 0.0000000000
69030  55.576  -13.531  17.232 0.0000000000
68078  47.993  -16.168  16.827 0.0000000000
68077  48.833  -15.832  16.425 0.0000000000
69016  49.002  -14.745  17.801 0.0000000000
69973  49.601  -14.130  18.303 0.0000000000
68969  51.919  -13.864  21.265 0.0000000000
69941  51.421  -13.325  20.903 0.0000000000
61905  41.579  -23.665  17.160 0.0000000000
61872  43.796  -23.768  20.249 0.0000000000
61871  44.530  -23.522  20.515 0.0000000000
62810  46.502  -22.571  20.497 0.0000000000
63745  46.879  -22.012  20.209 0.0000000000
62809  47.291  -22.422  20.709 0.0000000000
60764  45.071  -24.683  26.038 0.0000000000
60775  44.817  -24.558  25.364 0.0000000000
60774  45.469  -24.227  25.573 0.0000000000
115645  46.566  -23.472  25.048 0.0000000000
63693  50.435  -21.053  24.300 0.0000000000
53630  33.491  -31.714  28.367 0.0000000000
54674  34.797  -31.098  29.186 0.0000000000
54632  36.278  -30.267  32.475 0.0000000000
54642  36.191  -30.187  31.739 0.0000000000
55709  37.549  -29.436  32.550 0.0000000000
56710  38.870  -28.763  32.469 0.0000000000
56695  38.934  -28.842  33.107 0.0000000000
56694  39.421  -28.752  33.569 0.0000000000
56679  40.478  -28.487  34.571 0.0000000000
51497  36.513  -33.762  38.901 0.0000000000
134107  36.048  -33.154  39.160 0.0000000000
118240  32.910  -31.074  39.249 0.0000000000
125872  34.700  -35.212  44.237 0.0000000000
50406  34.554  -34.687  44.907 0.0000000000
131148  34.416  -33.283  44.228 0.0000000000
52375  34.311  -32.786  43.842 0.0000000000
55602  33.886  -29.639  40.822 0.0000000000
55617  35.152  -29.577  39.478 0.0000000000
129731  35.973  -29.850  37.982 0.0000000000
55634  36.306  -29.749  38.693 0.0000000000
55615  37.137  -29.616  39.204 0.0000000000
134184  37.795  -29.572  38.904 0.0000000000
67171  48.081  -17.260  11.584 0.0000000000
130303  47.806  -16.514  11.375 0.0000000000
69087  49.625  -15.443  10.615 0.0000000000
68139  50.661  -16.465  10.604 0.0000000000
116529  52.916  -18.409  13.373 0.0000000000
66232  53.086  -18.684  12.646 0.0000000000
66221  53.674  -18.209  12.901 0.0000000000
133812  55.303  -17.880  11.834 0.0000000000
70092  54.054  -13.931  7.205 0.0000000000
70101  54.652  -13.702  6.309 0.0000000000
112924  55.619  -14.517  5.373 0.0000000000
67204  55.539  -17.067  8.566 0.0000000000
67196  56.431  -17.218  9.145 0.0000000000
118703  27.372  -41.720  43.713 0.0000000000
43436  27.529  -41.726  44.489 0.0000000000
121783  26.775  -41.530  45.859 0.0000000000
41388  8.728  -43.491  44.795 0.0000000000
40322  8.050  -43.868  45.233 0.0000000000
41379  7.848  -43.709  46.038 0.0000000000
40323  7.409  -44.365  45.662 0.0000000000
116668  7.626  -43.542  46.792 0.0000000000
41371  7.402  -43.291  47.540 0.0000000000
41362  7.140  -42.934  48.322 0.0000000000
41346  6.429  -42.800  49.976 0.0000000000
64584  42.230  -20.423  15.638 0.0000000000
64575  42.560  -20.566  16.428 0.0000000000
64567  42.952  -20.757  17.047 0.0000000000
62836  43.383  -21.148  17.583 0.0000000000
57794  42.270  -27.939  28.072 0.0000000000
57793  43.479  -27.582  28.320 0.0000000000
57774  43.656  -27.790  28.838 0.0000000000
56756  44.169  -27.829  29.334 0.0000000000
116068  45.602  -27.461  29.581 0.0000000000
56740  45.027  -28.076  30.715 0.0000000000
131308  46.119  -27.716  30.742 0.0000000000
57759  46.218  -27.481  30.139 0.0000000000
34756  3.679  -50.597  45.257 0.0000000000
134828  3.053  -50.796  46.647 0.0000000000
33920  2.622  -51.152  46.520 0.0000000000
34731  1.806  -50.915  48.003 0.0000000000
55787  35.200  -29.029  25.726 0.0000000000
55775  35.525  -29.368  26.521 0.0000000000
43572  33.608  -41.521  37.133 0.0000000000
45486  21.351  -39.423  41.451 0.0000000000
45487  20.704  -39.783  41.705 0.0000000000
45498  20.769  -39.564  40.873 0.0000000000
44571  20.175  -40.014  40.264 0.0000000000
44572  19.479  -40.357  39.760 0.0000000000
44573  18.744  -40.611  39.332 0.0000000000
44560  18.775  -40.775  40.157 0.0000000000
43535  17.468  -41.331  39.478 0.0000000000
43536  16.698  -41.556  39.292 0.0000000000
41536  10.808  -43.970  36.148 0.0000000000
128615  10.864  -43.970  37.082 0.0000000000
136923  10.312  -44.259  37.423 0.0000000000
40443  10.072  -44.376  37.952 0.0000000000
40444  9.574  -44.590  37.341 0.0000000000
46509  22.614  -38.377  34.660 0.0000000000
46479  23.178  -38.601  36.131 0.0000000000
134654  23.672  -38.873  37.270 0.0000000000
46467  23.019  -38.681  37.064 0.0000000000
46456  22.534  -38.724  37.870 0.0000000000
131451  21.396  -38.602  37.184 0.0000000000
46469  21.663  -38.663  37.782 0.0000000000
46457  21.978  -38.752  38.531 0.0000000000
45509  21.815  -38.947  39.880 0.0000000000
45497  21.532  -39.165  40.690 0.0000000000
68101  53.460  -15.436  14.285 0.0000000000
69041  52.598  -14.994  14.861 0.0000000000
70020  52.990  -13.627  15.659 0.0000000000
70002  52.713  -12.800  16.530 0.0000000000
68039  48.399  -16.402  19.131 0.0000000000
68056  48.768  -15.520  19.245 0.0000000000
128707  50.953  -15.067  20.936 0.0000000000
60877  40.877  -24.919  17.953 0.0000000000
60859  41.818  -24.684  19.163 0.0000000000
60844  41.949  -24.802  19.970 0.0000000000
59836  41.409  -25.259  20.292 0.0000000000
60843  42.607  -24.556  20.369 0.0000000000
60842  43.314  -24.278  20.735 0.0000000000
61856  44.063  -24.001  21.064 0.0000000000
61854  45.879  -23.623  21.914 0.0000000000
61791  48.296  -23.722  26.362 0.0000000000
53606  33.284  -31.819  30.842 0.0000000000
117464  34.044  -31.638  30.354 0.0000000000
53588  34.320  -31.320  31.757 0.0000000000
54623  34.619  -30.779  33.494 0.0000000000
119321  35.263  -30.743  33.026 0.0000000000
128201  35.962  -30.512  33.094 0.0000000000
55695  37.072  -30.036  34.133 0.0000000000
126906  37.947  -29.769  35.159 0.0000000000
122024  37.010  -37.195  37.550 0.0000000000
132534  36.890  -36.167  38.663 0.0000000000
49490  36.847  -35.037  39.220 0.0000000000
48445  36.269  -36.212  40.011 0.0000000000
49477  36.538  -35.154  40.037 0.0000000000
50485  36.655  -34.365  39.469 0.0000000000
52398  35.338  -32.826  40.861 0.0000000000
67173  45.615  -16.890  11.825 0.0000000000
130930  46.356  -17.246  11.832 0.0000000000
66256  47.559  -17.930  11.925 0.0000000000
66254  49.363  -18.179  11.729 0.0000000000
67169  50.141  -17.980  11.421 0.0000000000
66253  50.684  -18.586  11.656 0.0000000000
66234  51.152  -19.106  12.184 0.0000000000
65375  51.735  -19.193  13.115 0.0000000000
65376  51.275  -19.099  13.732 0.0000000000
132791  53.134  -12.866  7.982 0.0000000000
69112  54.720  -15.318  7.155 0.0000000000
68156  53.969  -16.191  8.509 0.0000000000
67198  53.506  -17.414  9.726 0.0000000000
43552  29.712  -41.658  38.307 0.0000000000
125447  29.724  -41.896  39.733 0.0000000000
43513  29.415  -41.970  40.510 0.0000000000
42462  30.409  -42.373  41.212 0.0000000000
42445  31.308  -42.825  42.056 0.0000000000
43458  27.800  -41.846  43.055 0.0000000000
118267  28.602  -42.004  42.715 0.0000000000
43456  29.355  -42.276  43.279 0.0000000000
42433  29.729  -42.546  44.037 0.0000000000
120454  18.451  -40.001  34.609 0.0000000000
43422  13.052  -41.366  44.930 0.0000000000
44487  12.165  -41.396  46.104 0.0000000000
44464  12.032  -41.131  47.002 0.0000000000
43408  11.387  -41.495  46.410 0.0000000000
44446  11.852  -41.181  47.895 0.0000000000
44428  11.627  -41.127  48.762 0.0000000000
41387  9.292  -42.900  45.045 0.0000000000
42405  9.347  -42.163  46.516 0.0000000000
43401  8.890  -41.821  48.071 0.0000000000
43400  9.645  -41.605  47.795 0.0000000000
66207  48.060  -18.696  15.195 0.0000000000
66195  48.760  -18.237  15.364 0.0000000000
67120  47.446  -17.547  16.104 0.0000000000
66197  46.593  -18.620  15.677 0.0000000000
67100  47.175  -16.914  17.616 0.0000000000
66179  44.898  -18.811  17.232 0.0000000000
67093  47.239  -17.121  18.383 0.0000000000
67081  47.958  -17.116  19.066 0.0000000000
67080  48.783  -17.095  19.445 0.0000000000
66155  47.649  -18.489  19.145 0.0000000000
66153  49.499  -17.990  19.617 0.0000000000
65292  50.638  -19.487  20.666 0.0000000000
58822  40.852  -26.236  23.161 0.0000000000
59806  41.616  -25.816  23.157 0.0000000000
123197  41.163  -26.178  23.794 0.0000000000
59795  42.636  -25.590  24.386 0.0000000000
59783  42.896  -25.759  25.161 0.0000000000
58800  42.420  -26.344  25.619 0.0000000000
59782  43.681  -25.437  25.465 0.0000000000
59781  44.403  -25.060  25.769 0.0000000000
118844  46.243  -24.800  26.833 0.0000000000
60754  47.197  -24.638  27.008 0.0000000000
57814  43.707  -27.211  27.817 0.0000000000
57813  44.342  -26.894  27.864 0.0000000000
58761  44.973  -26.737  28.155 0.0000000000
58759  46.564  -26.365  28.593 0.0000000000
58770  46.228  -25.968  27.908 0.0000000000
59758  46.665  -25.318  27.477 0.0000000000
59757  47.465  -25.220  27.718 0.0000000000
122648  47.920  -24.780  27.415 0.0000000000
60753  48.589  -24.508  27.492 0.0000000000
54613  31.571  -31.007  34.715 0.0000000000
125010  32.134  -30.414  36.082 0.0000000000
45462  35.429  -39.381  43.220 0.0000000000
47388  35.059  -37.526  42.841 0.0000000000
47356  34.827  -37.765  44.415 0.0000000000
67157  45.124  -17.589  12.184 0.0000000000
66240  45.406  -18.349  12.470 0.0000000000
65381  46.839  -19.494  13.421 0.0000000000
71832  51.394  -12.422  10.201 0.0000000000
71833  50.798  -12.471  10.550 0.0000000000
37457  5.818  -47.298  44.679 0.0000000000
125723  5.610  -47.482  45.359 0.0000000000
38270  4.953  -47.413  46.863 0.0000000000
36553  5.105  -48.546  45.911 0.0000000000
37431  5.097  -47.990  46.297 0.0000000000
38253  3.505  -46.654  49.181 0.0000000000
35670  4.006  -49.701  46.715 0.0000000000
35661  4.049  -49.085  47.215 0.0000000000
121054  3.209  -47.350  49.226 0.0000000000
123426  39.424  -26.146  19.634 0.0000000000
58848  39.400  -26.300  20.437 0.0000000000
132483  39.375  -26.461  21.224 0.0000000000
58840  39.797  -26.446  21.886 0.0000000000
58841  37.756  -26.953  20.800 0.0000000000
58832  39.555  -26.670  22.693 0.0000000000
58823  40.179  -26.572  23.421 0.0000000000
58815  39.824  -26.878  24.178 0.0000000000
57860  38.601  -27.261  23.691 0.0000000000
130280  39.181  -27.199  24.172 0.0000000000
57849  40.202  -26.906  24.741 0.0000000000
57838  40.325  -27.214  25.370 0.0000000000
57827  40.583  -27.587  26.172 0.0000000000
57816  41.241  -27.775  27.000 0.0000000000
56842  35.957  -28.046  23.881 0.0000000000
57841  37.855  -27.866  24.975 0.0000000000
56821  37.373  -28.356  25.660 0.0000000000
56820  38.252  -28.190  25.868 0.0000000000
56807  40.320  -28.100  26.938 0.0000000000
56790  41.565  -28.115  27.894 0.0000000000
56773  41.970  -28.251  28.692 0.0000000000
56758  42.544  -28.300  29.444 0.0000000000
137488  40.796  -28.505  29.204 0.0000000000
56723  42.972  -28.451  30.843 0.0000000000
56705  43.279  -28.446  32.240 0.0000000000
115138  43.693  -28.391  33.002 0.0000000000
47487  36.641  -37.054  36.070 0.0000000000
46477  36.813  -37.542  36.766 0.0000000000
45567  33.769  -39.690  35.017 0.0000000000
46478  36.044  -38.677  36.280 0.0000000000
130136  36.488  -38.249  36.738 0.0000000000
47459  36.688  -37.825  38.220 0.0000000000
45517  36.630  -39.493  38.598 0.0000000000
114838  36.214  -38.100  39.773 0.0000000000
46439  36.133  -38.594  40.525 0.0000000000
132934  31.811  -42.338  39.127 0.0000000000
42515  33.397  -42.523  38.654 0.0000000000
42514  34.327  -42.495  38.504 0.0000000000
41460  34.271  -43.526  40.347 0.0000000000
42477  34.581  -43.107  39.597 0.0000000000
42496  34.749  -42.766  38.999 0.0000000000
42495  36.373  -42.242  39.130 0.0000000000
43527  37.026  -41.559  39.671 0.0000000000
44554  37.137  -40.835  40.337 0.0000000000
43510  37.211  -41.826  40.466 0.0000000000
137328  36.226  -39.728  41.670 0.0000000000
45471  35.771  -39.424  42.277 0.0000000000
44434  24.494  -40.942  47.447 0.0000000000
132160  22.599  -40.683  47.295 0.0000000000
115600  21.915  -40.640  47.096 0.0000000000
133442  22.446  -40.438  45.786 0.0000000000
44477  21.786  -40.481  46.186 0.0000000000
44454  20.969  -40.620  46.798 0.0000000000
114884  20.160  -40.587  46.201 0.0000000000
44479  19.422  -40.656  45.839 0.0000000000
45476  20.714  -39.943  42.397 0.0000000000
44533  20.385  -40.246  42.973 0.0000000000
128403  19.273  -40.784  42.185 0.0000000000
44534  19.513  -40.706  42.951 0.0000000000
121634  20.010  -40.460  43.739 0.0000000000
44504  19.638  -40.660  44.553 0.0000000000
115777  19.300  -40.735  45.212 0.0000000000
44480  18.651  -40.819  45.597 0.0000000000
43418  16.930  -41.198  45.074 0.0000000000
137577  16.739  -41.557  43.694 0.0000000000
43441  16.583  -41.430  44.341 0.0000000000
122497  14.152  -41.531  43.991 0.0000000000
44647  17.562  -40.517  35.493 0.0000000000
44628  17.111  -40.797  36.131 0.0000000000
43604  17.116  -40.924  36.867 0.0000000000
43583  16.443  -41.340  37.320 0.0000000000
43560  16.380  -41.514  38.345 0.0000000000
43537  15.872  -41.760  39.196 0.0000000000
127046  13.653  -42.521  35.032 0.0000000000
42548  14.144  -42.260  36.403 0.0000000000
133804  13.608  -42.527  37.007 0.0000000000
43562  14.835  -41.918  37.861 0.0000000000
43561  15.417  -41.804  38.488 0.0000000000
115780  15.408  -41.916  39.825 0.0000000000
43520  14.849  -42.033  40.310 0.0000000000
43502  14.705  -41.948  41.734 0.0000000000
42488  13.430  -42.440  40.225 0.0000000000
43521  14.076  -42.171  40.879 0.0000000000
43503  13.841  -42.109  41.676 0.0000000000
43484  13.933  -41.927  42.489 0.0000000000
43466  13.550  -41.758  43.369 0.0000000000
43444  13.274  -41.535  44.141 0.0000000000
43467  12.672  -41.822  43.579 0.0000000000
42435  11.375  -42.407  43.351 0.0000000000
137451  11.288  -42.940  42.169 0.0000000000
42453  10.968  -42.841  42.814 0.0000000000
41412  10.288  -43.261  42.928 0.0000000000
40422  10.135  -44.277  38.666 0.0000000000
40398  9.509  -44.500  40.064 0.0000000000
127903  8.812  -44.911  39.579 0.0000000000
40372  9.283  -44.100  42.368 0.0000000000
40356  9.065  -43.978  43.185 0.0000000000
40374  7.702  -44.856  43.183 0.0000000000
126940  7.154  -45.380  42.952 0.0000000000
39292  7.406  -45.467  41.686 0.0000000000
131743  7.126  -45.567  42.323 0.0000000000
39277  6.642  -45.981  42.755 0.0000000000
37481  5.993  -47.320  42.355 0.0000000000
37471  5.932  -47.682  43.137 0.0000000000
126153  5.538  -48.851  43.932 0.0000000000
35712  4.967  -49.386  42.644 0.0000000000
35699  5.161  -49.385  43.548 0.0000000000
35688  4.616  -49.861  44.033 0.0000000000
44657  31.172  -40.138  34.728 0.0000000000
128640  29.603  -40.191  34.562 0.0000000000
44622  29.952  -40.892  36.036 0.0000000000
45590  27.521  -39.816  34.368 0.0000000000
44644  27.351  -39.987  35.025 0.0000000000
45569  26.689  -39.822  35.282 0.0000000000
127693  27.852  -40.305  35.401 0.0000000000
44623  28.050  -40.610  36.041 0.0000000000
130000  28.398  -41.006  36.940 0.0000000000
43577  28.272  -41.316  37.874 0.0000000000
43554  28.072  -41.416  38.628 0.0000000000
44583  26.650  -40.698  38.616 0.0000000000
136392  26.757  -41.088  40.305 0.0000000000
45519  24.290  -39.307  38.270 0.0000000000
44570  24.888  -39.766  39.598 0.0000000000
45494  24.177  -39.468  39.970 0.0000000000
44556  25.614  -40.282  40.617 0.0000000000
44544  26.142  -40.927  41.964 0.0000000000
43480  26.163  -41.086  42.770 0.0000000000
127433  25.645  -40.806  43.141 0.0000000000
44516  24.513  -40.473  43.874 0.0000000000
44498  25.191  -40.760  44.574 0.0000000000
44473  25.014  -40.711  45.398 0.0000000000
44462  13.555  -41.160  46.272 0.0000000000
44443  14.081  -41.474  47.413 0.0000000000
39191  6.140  -45.113  47.307 0.0000000000
126949  5.644  -45.379  47.636 0.0000000000
40284  5.832  -44.815  47.950 0.0000000000
40260  6.054  -44.078  48.357 0.0000000000
136313  6.022  -43.269  49.492 0.0000000000
67118  49.086  -17.361  15.608 0.0000000000
70928  53.518  -12.311  17.381 0.0000000000
68999  48.984  -14.682  18.888 0.0000000000
68998  49.691  -14.167  19.309 0.0000000000
69972  50.236  -13.420  18.836 0.0000000000
70894  51.055  -12.860  19.446 0.0000000000
69971  51.047  -12.836  18.353 0.0000000000
70917  51.845  -12.612  17.786 0.0000000000
70916  52.973  -12.206  18.198 0.0000000000
63783  41.489  -21.546  16.386 0.0000000000
63766  43.831  -21.692  18.117 0.0000000000
61897  41.971  -23.998  17.866 0.0000000000
61896  42.621  -23.586  18.302 0.0000000000
61883  43.544  -23.529  19.478 0.0000000000
61895  43.277  -23.235  18.707 0.0000000000
62830  43.610  -22.525  18.368 0.0000000000
63765  44.461  -21.378  18.451 0.0000000000
64546  45.923  -21.073  19.166 0.0000000000
64530  47.815  -20.868  19.988 0.0000000000
63744  47.579  -21.725  20.338 0.0000000000
64529  48.645  -20.674  20.226 0.0000000000
59813  42.970  -25.006  23.090 0.0000000000
60786  44.643  -24.456  24.536 0.0000000000
137740  44.257  -24.527  23.828 0.0000000000
60811  44.285  -24.397  23.069 0.0000000000
61822  45.002  -24.042  22.790 0.0000000000
61840  45.728  -23.733  22.570 0.0000000000
61820  47.014  -23.232  22.752 0.0000000000
114020  47.801  -23.410  25.766 0.0000000000
61800  47.368  -23.161  25.139 0.0000000000
62754  48.528  -22.489  24.671 0.0000000000
62755  47.825  -22.793  24.523 0.0000000000
62766  47.703  -22.853  23.467 0.0000000000
63712  48.918  -22.201  22.082 0.0000000000
63711  49.493  -21.698  22.048 0.0000000000
63701  50.338  -20.863  23.218 0.0000000000
63710  50.124  -21.061  22.182 0.0000000000
64513  51.071  -20.010  21.953 0.0000000000
65281  51.829  -19.255  22.008 0.0000000000
55765  35.026  -29.905  27.052 0.0000000000
55753  36.742  -29.540  28.681 0.0000000000
54659  34.753  -31.223  30.122 0.0000000000
54673  35.458  -30.637  29.601 0.0000000000
54657  36.131  -30.121  30.895 0.0000000000
54672  36.109  -30.109  30.019 0.0000000000
54686  36.110  -30.077  29.125 0.0000000000
55752  37.372  -29.177  29.203 0.0000000000
56762  37.957  -28.863  29.722 0.0000000000
114491  40.000  -28.513  30.729 0.0000000000
56709  39.437  -28.595  32.180 0.0000000000
114684  41.159  -28.414  32.116 0.0000000000
56707  41.883  -28.359  32.760 0.0000000000
114688  42.795  -28.366  32.929 0.0000000000
129719  32.521  -31.372  37.716 0.0000000000
53500  32.039  -30.788  36.753 0.0000000000
54591  32.136  -30.355  36.778 0.0000000000
54590  32.512  -30.093  36.526 0.0000000000
49442  35.370  -35.518  42.322 0.0000000000
118160  34.927  -34.929  43.394 0.0000000000
50441  35.260  -34.784  42.626 0.0000000000
50457  35.640  -34.769  41.867 0.0000000000
51454  35.440  -33.318  41.553 0.0000000000
52376  34.052  -32.027  43.483 0.0000000000
54482  33.925  -30.219  43.035 0.0000000000
120701  33.751  -30.829  42.781 0.0000000000
52389  34.003  -31.750  42.766 0.0000000000
52400  33.984  -31.665  41.928 0.0000000000
52413  33.882  -31.674  41.027 0.0000000000
53443  33.032  -30.975  39.872 0.0000000000
130059  32.899  -30.342  39.225 0.0000000000
55637  32.733  -30.007  38.582 0.0000000000
134248  32.798  -29.858  38.275 0.0000000000
55670  33.220  -29.868  36.937 0.0000000000
137256  35.016  -30.017  36.289 0.0000000000
55684  35.589  -30.109  35.953 0.0000000000
117214  36.111  -29.940  37.311 0.0000000000
126169  36.279  -30.027  36.542 0.0000000000
55683  37.596  -29.874  35.900 0.0000000000
55682  38.445  -29.549  35.625 0.0000000000
127792  37.608  -28.878  40.333 0.0000000000
57624  38.253  -28.587  40.185 0.0000000000
56620  38.858  -29.093  38.655 0.0000000000
130863  39.774  -27.734  39.570 0.0000000000
56602  39.358  -28.455  39.138 0.0000000000
56632  38.891  -29.230  37.813 0.0000000000
55648  38.936  -29.304  36.980 0.0000000000
55664  39.037  -29.210  36.126 0.0000000000
56663  39.754  -28.731  35.729 0.0000000000
56662  40.573  -28.420  35.315 0.0000000000
56661  41.437  -28.205  35.246 0.0000000000
57696  42.003  -27.891  36.041 0.0000000000
56660  42.288  -28.087  35.174 0.0000000000
70989  50.525  -13.349  10.357 0.0000000000
124598  51.122  -16.061  10.297 0.0000000000
68152  51.855  -16.133  9.878 0.0000000000
66267  51.911  -18.198  11.048 0.0000000000
66266  52.744  -18.411  11.054 0.0000000000
125045  53.096  -18.712  11.783 0.0000000000
35654  3.580  -49.087  47.725 0.0000000000
39231  6.551  -45.596  44.905 0.0000000000
42523  13.895  -42.338  38.676 0.0000000000
42564  13.713  -42.484  35.769 0.0000000000
43459  26.872  -41.551  43.117 0.0000000000
44451  24.814  -40.700  46.095 0.0000000000
44483  15.737  -41.071  45.740 0.0000000000
44522  18.854  -41.092  43.292 0.0000000000
45537  19.997  -39.547  37.784 0.0000000000
45594  20.541  -38.861  34.838 0.0000000000
46384  35.031  -38.037  44.817 0.0000000000
46414  35.261  -38.549  42.790 0.0000000000
48403  34.772  -36.488  43.989 0.0000000000
49413  34.616  -35.642  45.111 0.0000000000
50395  34.671  -34.118  45.433 0.0000000000
51416  34.514  -33.772  44.617 0.0000000000
52360  34.167  -32.325  44.182 0.0000000000
53376  33.890  -31.369  43.051 0.0000000000
53629  34.146  -31.462  28.764 0.0000000000
55614  38.303  -29.371  38.988 0.0000000000
55616  36.332  -29.593  39.530 0.0000000000
55654  32.922  -29.833  37.721 0.0000000000
55667  36.891  -29.968  37.097 0.0000000000
55698  39.282  -28.918  34.377 0.0000000000
56603  38.628  -28.866  39.440 0.0000000000
56725  41.401  -28.438  31.290 0.0000000000
56727  39.700  -28.530  31.560 0.0000000000
56728  38.902  -28.668  31.730 0.0000000000
56743  42.332  -28.417  30.283 0.0000000000
56795  37.019  -28.927  26.963 0.0000000000
57760  45.564  -27.783  30.374 0.0000000000
58771  45.447  -26.154  27.695 0.0000000000
58787  42.709  -26.730  26.448 0.0000000000
58799  43.217  -26.050  25.898 0.0000000000
59760  45.064  -25.678  27.082 0.0000000000
59796  41.870  -25.881  24.052 0.0000000000
59814  42.270  -25.352  22.703 0.0000000000
59835  42.067  -25.061  20.790 0.0000000000
59857  41.183  -25.062  18.833 0.0000000000
61821  46.291  -23.528  23.130 0.0000000000
61839  46.393  -23.473  22.268 0.0000000000
62745  48.146  -22.883  25.230 0.0000000000
62799  46.831  -22.923  21.132 0.0000000000
62811  45.695  -22.723  20.295 0.0000000000
65311  46.751  -19.330  18.921 0.0000000000
68057  48.255  -15.915  18.476 0.0000000000
69955  50.992  -13.088  20.323 0.0000000000
114246  40.019  -28.600  34.093 0.0000000000
114870  34.397  -29.734  38.129 0.0000000000
114886  15.948  -41.739  42.815 0.0000000000
114951  34.679  -35.918  44.374 0.0000000000
115202  4.521  -44.549  49.950 0.0000000000
115699  40.308  -28.546  28.855 0.0000000000
115776  14.966  -41.982  40.940 0.0000000000
117823  34.353  -33.026  44.502 0.0000000000
119951  41.421  -27.812  36.727 0.0000000000
123659  22.177  -38.853  39.208 0.0000000000
125149  41.009  -28.350  34.678 0.0000000000
127006  14.174  -41.121  45.909 0.0000000000
130393  51.447  -19.226  12.638 0.0000000000
133070  31.013  -42.579  41.478 0.0000000000
134649  14.195  -42.189  38.080 0.0000000000
135339  27.018  -41.585  44.716 0.0000000000
135500  18.985  -40.709  46.090 0.0000000000
135995  34.431  -31.420  30.632 0.0000000000
136111  21.295  -38.371  33.689 0.0000000000
136573  41.427  -25.632  21.852 0.0000000000
