#!ascii label  , from subject sub-v1s23x0050624_ses-1 vox2ras=TkReg
709
70980  46.970  23.109  7.656 0.0000000000
71414  49.012  25.082  6.556 0.0000000000
100485  52.123  19.823  14.109 0.0000000000
70957  43.594  23.454  11.452 0.0000000000
95749  44.930  19.391  12.717 0.0000000000
71457  44.945  23.367  0.436 0.0000000000
73074  45.040  28.344  8.728 0.0000000000
86405  45.365  30.831  5.632 0.0000000000
68300  53.603  18.279  18.550 0.0000000000
66816  49.343  14.699  16.267 0.0000000000
70577  51.027  21.283  2.785 0.0000000000
69687  49.391  19.802  9.965 0.0000000000
70544  52.968  21.826  8.527 0.0000000000
70504  51.622  22.181  13.948 0.0000000000
75067  47.564  34.136  4.285 0.0000000000
72340  48.631  26.658  2.466 0.0000000000
68316  46.622  17.174  15.022 0.0000000000
70966  45.169  23.296  10.191 0.0000000000
70111  44.397  21.234  12.347 0.0000000000
70540  46.337  21.904  10.365 0.0000000000
71430  47.195  23.896  4.217 0.0000000000
71407  45.157  24.715  7.402 0.0000000000
73867  42.661  30.954  7.777 0.0000000000
89178  54.247  16.983  20.657 0.0000000000
66798  53.756  14.444  19.059 0.0000000000
65515  54.453  12.195  19.720 0.0000000000
74695  47.517  33.124  2.158 0.0000000000
71420  51.263  22.974  4.133 0.0000000000
70566  52.776  21.298  5.521 0.0000000000
70987  51.415  23.559  7.002 0.0000000000
72254  49.680  26.997  12.581 0.0000000000
71353  50.513  24.527  11.970 0.0000000000
70933  49.919  24.315  14.043 0.0000000000
70493  51.696  22.634  15.966 0.0000000000
72696  47.701  27.629  5.727 0.0000000000
73098  48.520  28.928  4.864 0.0000000000
71893  49.074  25.738  4.201 0.0000000000
71445  50.133  23.330  1.345 0.0000000000
69238  50.583  19.569  12.199 0.0000000000
85557  48.083  19.417  12.338 0.0000000000
69206  48.883  19.125  15.133 0.0000000000
69225  42.973  18.838  12.965 0.0000000000
68324  43.353  17.062  13.543 0.0000000000
72360  44.668  25.725  -0.229 0.0000000000
92901  43.363  25.517  1.386 0.0000000000
72288  46.872  26.899  7.988 0.0000000000
71862  48.775  25.178  8.338 0.0000000000
75457  41.589  35.090  5.358 0.0000000000
75466  43.927  33.808  4.738 0.0000000000
73459  44.869  29.039  7.315 0.0000000000
69199  52.522  19.321  16.209 0.0000000000
89224  49.652  18.226  16.414 0.0000000000
67807  51.039  16.495  17.887 0.0000000000
66261  51.294  13.234  15.746 0.0000000000
70568  48.674  22.464  6.064 0.0000000000
91907  48.450  21.252  8.892 0.0000000000
70146  50.179  21.057  6.776 0.0000000000
69692  51.925  19.823  8.870 0.0000000000
70125  52.554  20.399  10.758 0.0000000000
71390  51.198  24.749  9.922 0.0000000000
70530  51.602  22.875  11.512 0.0000000000
70097  52.491  20.600  13.985 0.0000000000
69649  53.329  20.250  16.312 0.0000000000
69166  52.596  20.236  19.151 0.0000000000
75475  48.072  34.718  4.052 0.0000000000
94227  47.206  31.918  3.940 0.0000000000
73897  47.827  30.363  4.463 0.0000000000
73113  46.729  28.604  2.455 0.0000000000
71464  47.686  23.184  -1.256 0.0000000000
70589  48.718  21.245  0.561 0.0000000000
69680  47.072  20.181  11.062 0.0000000000
68791  46.229  18.597  13.594 0.0000000000
67330  44.906  15.510  14.038 0.0000000000
67326  47.949  15.525  15.685 0.0000000000
70982  45.831  23.681  8.457 0.0000000000
70548  45.894  22.817  9.905 0.0000000000
70547  46.653  22.407  9.483 0.0000000000
70995  46.903  23.671  6.358 0.0000000000
71425  45.707  24.687  5.969 0.0000000000
70989  45.814  24.127  7.466 0.0000000000
71400  45.144  24.040  8.992 0.0000000000
67278  52.913  15.386  21.345 0.0000000000
66776  54.453  14.516  20.800 0.0000000000
66209  53.268  13.350  21.130 0.0000000000
67336  41.881  15.279  12.610 0.0000000000
71421  50.131  24.267  5.009 0.0000000000
71412  50.794  23.696  5.464 0.0000000000
90257  50.561  24.060  6.542 0.0000000000
93227  49.205  26.475  14.376 0.0000000000
87362  49.650  25.147  13.384 0.0000000000
72302  48.140  26.113  6.181 0.0000000000
72316  48.145  26.754  5.360 0.0000000000
72315  48.693  25.790  5.276 0.0000000000
71429  50.379  23.940  3.906 0.0000000000
69237  51.565  19.723  12.477 0.0000000000
69218  49.367  19.561  13.603 0.0000000000
95485  50.475  19.601  14.771 0.0000000000
70945  42.708  23.006  12.250 0.0000000000
70521  43.240  22.388  12.316 0.0000000000
69668  44.812  20.280  12.447 0.0000000000
69669  43.894  20.597  12.651 0.0000000000
69224  43.823  19.066  13.000 0.0000000000
68793  43.127  17.911  13.295 0.0000000000
90752  44.392  18.450  13.328 0.0000000000
71466  44.763  23.887  -0.830 0.0000000000
71924  44.163  25.284  -0.089 0.0000000000
71459  43.857  24.446  0.996 0.0000000000
70968  43.841  23.921  10.713 0.0000000000
71366  43.077  24.156  11.041 0.0000000000
72681  45.688  27.731  8.539 0.0000000000
72274  46.821  26.720  8.727 0.0000000000
72678  45.472  27.989  9.351 0.0000000000
73456  44.075  29.378  8.526 0.0000000000
88772  43.721  30.052  7.155 0.0000000000
73079  44.586  28.855  8.178 0.0000000000
73077  46.230  28.009  7.203 0.0000000000
102282  53.195  18.835  17.399 0.0000000000
94886  52.176  17.886  17.672 0.0000000000
68289  52.729  17.490  18.126 0.0000000000
65543  53.790  12.692  17.571 0.0000000000
66249  51.938  14.019  17.834 0.0000000000
65558  53.026  12.775  16.530 0.0000000000
70574  49.245  22.151  4.969 0.0000000000
70560  49.465  21.753  6.436 0.0000000000
70159  51.120  20.828  4.504 0.0000000000
70551  53.129  21.612  7.520 0.0000000000
70144  52.843  20.711  6.539 0.0000000000
70137  53.017  20.885  7.916 0.0000000000
69684  52.428  20.070  9.580 0.0000000000
95072  52.648  20.789  9.857 0.0000000000
71847  49.543  25.302  9.925 0.0000000000
100379  50.399  24.914  9.688 0.0000000000
71831  50.646  25.156  10.450 0.0000000000
70942  50.705  23.616  12.596 0.0000000000
70956  51.202  23.817  11.508 0.0000000000
70506  51.756  22.062  12.919 0.0000000000
70109  52.366  21.157  12.576 0.0000000000
70098  52.223  21.306  13.533 0.0000000000
70094  52.740  20.646  14.912 0.0000000000
70092  52.318  21.718  15.516 0.0000000000
70072  51.336  21.895  17.128 0.0000000000
69639  52.691  21.266  17.777 0.0000000000
75463  47.935  34.674  4.238 0.0000000000
75076  47.803  34.000  3.825 0.0000000000
75077  47.574  33.923  4.177 0.0000000000
74668  44.527  32.221  5.121 0.0000000000
74681  45.257  32.821  4.756 0.0000000000
74276  46.051  31.408  5.173 0.0000000000
72709  48.610  28.081  4.265 0.0000000000
73893  48.102  30.218  5.032 0.0000000000
73105  48.559  28.752  4.061 0.0000000000
73491  47.701  29.888  3.780 0.0000000000
72341  47.892  27.052  2.117 0.0000000000
72348  47.087  26.234  1.143 0.0000000000
96952  48.565  24.789  0.774 0.0000000000
70583  50.856  21.641  2.367 0.0000000000
94525  49.816  20.905  0.283 0.0000000000
70584  50.408  21.567  2.513 0.0000000000
71008  48.174  23.225  3.862 0.0000000000
70133  49.249  20.639  8.770 0.0000000000
70127  47.765  20.986  9.862 0.0000000000
69679  47.944  19.898  10.866 0.0000000000
68787  47.300  18.619  14.524 0.0000000000
68790  47.012  18.830  13.728 0.0000000000
68788  46.062  18.038  14.199 0.0000000000
68321  44.876  16.895  14.114 0.0000000000
67822  46.075  16.496  14.744 0.0000000000
67815  49.560  16.450  16.963 0.0000000000
68312  48.620  17.111  16.328 0.0000000000
66817  48.694  15.017  15.955 0.0000000000
96626  44.259  23.344  11.090 0.0000000000
70533  43.821  22.800  11.858 0.0000000000
70532  44.576  22.626  11.479 0.0000000000
70531  45.206  22.039  11.374 0.0000000000
70122  45.531  21.291  11.544 0.0000000000
100796  46.077  24.060  2.646 0.0000000000
71382  44.120  24.275  9.967 0.0000000000
68275  54.199  17.478  19.943 0.0000000000
67794  54.148  16.334  19.305 0.0000000000
67302  54.613  15.542  19.798 0.0000000000
84976  54.587  13.857  19.779 0.0000000000
70582  51.296  21.676  2.759 0.0000000000
70158  51.972  20.850  4.035 0.0000000000
70999  52.008  21.659  4.029 0.0000000000
70993  52.326  22.474  6.194 0.0000000000
70986  52.453  23.007  7.425 0.0000000000
95288  49.851  27.049  11.948 0.0000000000
71821  50.032  26.040  11.466 0.0000000000
71818  49.824  26.039  12.264 0.0000000000
70943  50.092  24.317  12.971 0.0000000000
70505  51.022  23.034  14.388 0.0000000000
70500  51.671  22.463  15.029 0.0000000000
70501  50.977  23.295  15.456 0.0000000000
70494  51.005  23.065  16.162 0.0000000000
70086  50.609  22.358  16.594 0.0000000000
75898  46.684  35.141  4.803 0.0000000000
73468  46.255  29.131  6.102 0.0000000000
88566  46.832  30.226  5.480 0.0000000000
99626  48.045  28.417  5.308 0.0000000000
72325  48.524  27.148  4.423 0.0000000000
72333  48.978  26.690  3.020 0.0000000000
71446  49.613  24.690  1.800 0.0000000000
71437  49.615  25.096  2.611 0.0000000000
71015  50.895  22.368  2.373 0.0000000000
69262  49.839  19.547  10.721 0.0000000000
101297  49.116  19.517  11.257 0.0000000000
69239  48.868  19.481  12.790 0.0000000000
69212  48.619  19.342  14.330 0.0000000000
68784  47.629  18.267  15.196 0.0000000000
66267  49.765  13.300  14.637 0.0000000000
66264  48.692  14.082  15.146 0.0000000000
69245  41.828  19.746  12.673 0.0000000000
70112  43.583  21.497  12.508 0.0000000000
96926  42.507  19.530  12.786 0.0000000000
69226  42.078  18.930  12.792 0.0000000000
68325  42.625  17.256  13.269 0.0000000000
67827  42.867  16.449  13.392 0.0000000000
100256  43.032  15.911  13.435 0.0000000000
72350  44.710  26.744  0.439 0.0000000000
101390  43.821  27.269  0.911 0.0000000000
72303  47.785  26.255  7.090 0.0000000000
71406  48.837  25.129  7.443 0.0000000000
71873  48.165  25.691  7.758 0.0000000000
72273  47.463  26.150  9.123 0.0000000000
72259  47.926  26.739  10.844 0.0000000000
72256  48.763  27.261  11.417 0.0000000000
73054  49.791  29.025  12.208 0.0000000000
75455  42.904  34.902  4.919 0.0000000000
75056  43.261  33.207  5.103 0.0000000000
73884  44.348  30.958  5.921 0.0000000000
73469  45.379  29.480  6.423 0.0000000000
73089  45.762  28.707  6.886 0.0000000000
72697  47.031  27.660  6.632 0.0000000000
69203  52.136  19.599  15.484 0.0000000000
69204  50.875  19.411  15.433 0.0000000000
68778  50.660  18.464  16.619 0.0000000000
68303  50.596  17.185  17.508 0.0000000000
66812  50.352  15.005  17.325 0.0000000000
66799  52.536  15.044  18.638 0.0000000000
66250  50.974  14.160  17.185 0.0000000000
66258  50.432  13.963  16.447 0.0000000000
85000  47.266  23.186  6.949 0.0000000000
70554  47.386  22.564  8.276 0.0000000000
70561  48.496  22.345  7.066 0.0000000000
85414  49.714  20.931  7.819 0.0000000000
69701  50.398  20.245  8.229 0.0000000000
70153  51.675  20.486  5.936 0.0000000000
69700  51.351  20.097  7.737 0.0000000000
69693  51.064  19.687  9.236 0.0000000000
69685  51.621  19.686  9.905 0.0000000000
69253  51.720  19.699  11.658 0.0000000000
69236  52.363  19.977  12.978 0.0000000000
71399  49.526  24.732  7.971 0.0000000000
70979  51.371  24.056  8.206 0.0000000000
70971  52.119  23.966  9.448 0.0000000000
71364  51.085  24.978  11.066 0.0000000000
70965  51.578  24.415  10.500 0.0000000000
70538  52.341  22.677  10.165 0.0000000000
70121  52.440  21.234  11.477 0.0000000000
70108  52.437  20.470  12.828 0.0000000000
69215  52.504  20.141  13.777 0.0000000000
69202  53.075  19.897  15.728 0.0000000000
69198  53.261  19.646  16.546 0.0000000000
69637  53.499  19.872  17.073 0.0000000000
70084  52.975  21.245  16.855 0.0000000000
69638  53.286  20.621  17.316 0.0000000000
69165  53.280  19.735  18.569 0.0000000000
68739  53.300  18.789  19.879 0.0000000000
75483  47.936  34.394  3.593 0.0000000000
74689  47.401  33.487  3.245 0.0000000000
89620  46.536  31.504  2.843 0.0000000000
101217  47.052  30.701  5.244 0.0000000000
100066  47.026  32.417  4.254 0.0000000000
74293  47.356  31.105  3.961 0.0000000000
73495  46.695  29.633  2.913 0.0000000000
73496  45.834  29.035  1.995 0.0000000000
72722  46.193  27.794  1.692 0.0000000000
100631  45.862  24.838  -0.852 0.0000000000
70602  46.221  22.253  -1.535 0.0000000000
71032  49.039  22.837  -0.567 0.0000000000
70600  47.601  20.981  -1.323 0.0000000000
71025  47.255  22.091  0.607 0.0000000000
71438  47.496  23.553  3.258 0.0000000000
71001  47.824  23.494  4.757 0.0000000000
70539  47.167  21.699  9.689 0.0000000000
70128  46.703  20.989  10.721 0.0000000000
69667  45.698  20.298  11.983 0.0000000000
69257  47.529  19.640  11.573 0.0000000000
69221  46.627  19.034  12.923 0.0000000000
69222  45.683  18.979  12.893 0.0000000000
68323  44.661  17.631  13.764 0.0000000000
67825  44.461  16.190  13.958 0.0000000000
68782  49.237  18.684  15.759 0.0000000000
68314  48.086  17.251  15.919 0.0000000000
68315  47.361  17.416  15.422 0.0000000000
66822  47.508  14.528  14.826 0.0000000000
67328  46.586  15.621  14.896 0.0000000000
65525  52.719  11.720  19.584 0.0000000000
85484  54.704  11.565  17.289 0.0000000000
70981  46.617  23.098  8.343 0.0000000000
70973  46.257  23.054  9.073 0.0000000000
70988  46.576  23.619  7.131 0.0000000000
91823  46.358  23.505  7.796 0.0000000000
66777  53.733  14.364  21.271 0.0000000000
71422  49.224  25.059  5.641 0.0000000000
71413  49.827  24.503  6.092 0.0000000000
99131  48.605  25.532  6.110 0.0000000000
71892  49.490  24.997  4.624 0.0000000000
69210  51.148  19.716  14.074 0.0000000000
99238  50.177  19.648  14.089 0.0000000000
70944  43.236  23.085  11.995 0.0000000000
69243  44.200  19.720  12.765 0.0000000000
69223  44.458  19.077  12.951 0.0000000000
71027  45.130  22.989  -0.722 0.0000000000
71467  44.180  24.538  -0.117 0.0000000000
71458  44.421  23.869  0.005 0.0000000000
70958  42.664  23.652  11.771 0.0000000000
73078  45.397  28.265  7.809 0.0000000000
68768  53.500  18.905  17.832 0.0000000000
68301  53.207  18.265  17.895 0.0000000000
68288  53.561  17.784  18.517 0.0000000000
70573  50.701  21.167  3.790 0.0000000000
70567  49.947  21.506  5.232 0.0000000000
70132  52.816  20.813  8.947 0.0000000000
70537  52.702  21.778  9.529 0.0000000000
71833  49.095  25.842  10.543 0.0000000000
71832  50.006  25.797  10.888 0.0000000000
70507  51.074  22.855  13.282 0.0000000000
70095  52.222  21.454  14.512 0.0000000000
75897  47.520  35.700  4.340 0.0000000000
74277  44.938  31.514  5.375 0.0000000000
72334  48.597  27.306  2.908 0.0000000000
72716  48.513  27.955  3.482 0.0000000000
98229  48.101  27.741  2.758 0.0000000000
71909  48.296  26.139  1.727 0.0000000000
85013  50.330  21.710  1.852 0.0000000000
70578  50.248  21.477  3.146 0.0000000000
69695  49.096  20.195  9.481 0.0000000000
69688  48.417  20.196  10.096 0.0000000000
69263  48.810  19.684  10.685 0.0000000000
68318  46.788  17.939  14.813 0.0000000000
97015  46.659  18.433  14.220 0.0000000000
68319  46.060  17.351  14.609 0.0000000000
66813  49.639  15.147  16.786 0.0000000000
99199  49.106  15.257  16.406 0.0000000000
70967  44.505  23.656  10.410 0.0000000000
100336  44.785  23.117  10.797 0.0000000000
70129  45.692  21.849  11.012 0.0000000000
70541  45.382  22.551  10.755 0.0000000000
71439  46.428  24.241  3.439 0.0000000000
71431  46.435  24.436  4.593 0.0000000000
71416  45.464  24.680  6.753 0.0000000000
71392  44.820  23.901  9.690 0.0000000000
67780  54.569  16.410  20.036 0.0000000000
67276  54.649  15.754  20.571 0.0000000000
66221  54.395  12.973  20.300 0.0000000000
88491  54.527  13.926  20.431 0.0000000000
66230  54.470  12.780  19.455 0.0000000000
65524  54.691  12.104  18.861 0.0000000000
85490  48.281  34.075  2.529 0.0000000000
75493  48.736  33.952  1.436 0.0000000000
71005  51.591  21.916  3.306 0.0000000000
70994  51.508  23.147  5.870 0.0000000000
70932  50.462  23.607  13.665 0.0000000000
70929  50.470  23.809  14.773 0.0000000000
70502  50.317  23.559  15.814 0.0000000000
70495  49.986  22.916  16.237 0.0000000000
73087  47.357  28.388  5.775 0.0000000000
73094  47.106  29.096  5.701 0.0000000000
92345  48.619  26.361  4.620 0.0000000000
72324  48.848  26.538  3.800 0.0000000000
71901  49.244  25.840  3.223 0.0000000000
71900  49.800  24.809  3.453 0.0000000000
89184  50.521  23.565  3.024 0.0000000000
71006  51.151  22.660  3.133 0.0000000000
69254  50.804  19.553  11.349 0.0000000000
69255  49.795  19.507  11.663 0.0000000000
85176  49.672  19.536  12.580 0.0000000000
69211  49.496  19.490  14.610 0.0000000000
68786  48.069  18.895  14.849 0.0000000000
68783  48.403  18.505  15.487 0.0000000000
95473  42.428  20.240  12.722 0.0000000000
70520  44.105  22.089  12.161 0.0000000000
69244  43.272  19.852  12.804 0.0000000000
68794  42.375  18.115  13.039 0.0000000000
67333  42.467  15.759  13.168 0.0000000000
72728  45.638  27.155  1.027 0.0000000000
71918  43.691  24.982  0.618 0.0000000000
71925  43.787  25.782  0.515 0.0000000000
72287  47.446  26.300  8.095 0.0000000000
72262  47.625  26.301  9.983 0.0000000000
72671  47.982  27.898  11.402 0.0000000000
72670  49.341  28.378  11.799 0.0000000000
75892  42.811  35.622  5.060 0.0000000000
93968  42.294  35.156  5.139 0.0000000000
75057  42.451  33.477  5.334 0.0000000000
74279  43.204  31.920  5.780 0.0000000000
74278  43.942  31.672  5.589 0.0000000000
73470  44.371  29.715  6.864 0.0000000000
87560  43.900  30.396  6.532 0.0000000000
72687  46.597  27.366  7.544 0.0000000000
72686  47.199  26.881  7.292 0.0000000000
69200  51.340  19.046  16.072 0.0000000000
68777  51.809  18.697  16.726 0.0000000000
68302  51.563  17.289  17.823 0.0000000000
68770  51.253  17.982  17.277 0.0000000000
67808  50.211  16.427  17.451 0.0000000000
67320  50.666  15.686  17.720 0.0000000000
67303  53.824  15.344  19.170 0.0000000000
67304  52.892  15.971  18.767 0.0000000000
66257  52.157  13.349  17.217 0.0000000000
84649  51.131  13.570  16.494 0.0000000000
66262  50.489  13.570  15.876 0.0000000000
101553  47.921  22.810  6.783 0.0000000000
70147  49.117  21.707  7.436 0.0000000000
70145  50.875  20.376  7.220 0.0000000000
70572  52.442  21.152  4.544 0.0000000000
70157  52.484  20.820  5.028 0.0000000000
69698  52.705  20.488  7.335 0.0000000000
69704  52.470  20.403  6.860 0.0000000000
69699  52.117  20.029  7.744 0.0000000000
88291  51.203  19.891  8.494 0.0000000000
92702  52.232  19.890  10.498 0.0000000000
69678  52.273  19.919  11.300 0.0000000000
69252  52.257  19.953  12.166 0.0000000000
91288  50.777  24.575  9.094 0.0000000000
70972  51.655  24.287  9.324 0.0000000000
71365  50.389  25.454  11.534 0.0000000000
71820  50.680  25.474  10.935 0.0000000000
70955  51.832  23.373  10.774 0.0000000000
70964  52.122  23.859  9.951 0.0000000000
70529  52.083  22.271  11.043 0.0000000000
70126  52.503  21.462  10.463 0.0000000000
98152  52.429  20.652  13.264 0.0000000000
69656  52.461  20.278  13.439 0.0000000000
69208  52.727  20.089  14.721 0.0000000000
69654  52.590  20.249  14.359 0.0000000000
69653  52.979  20.224  15.294 0.0000000000
69197  53.404  19.333  17.216 0.0000000000
70085  52.310  21.960  16.488 0.0000000000
69617  53.017  20.630  18.284 0.0000000000
69616  53.391  20.083  17.766 0.0000000000
69155  53.452  19.036  19.096 0.0000000000
76332  48.018  35.876  4.455 0.0000000000
76329  47.618  36.778  4.644 0.0000000000
75906  46.888  35.555  3.499 0.0000000000
93893  46.814  32.493  2.816 0.0000000000
73477  47.683  29.863  5.312 0.0000000000
73490  48.334  29.620  4.587 0.0000000000
73894  47.484  30.869  4.749 0.0000000000
74285  47.141  31.742  4.401 0.0000000000
98069  47.257  31.407  4.369 0.0000000000
72721  47.240  27.778  2.297 0.0000000000
73898  47.273  30.351  3.619 0.0000000000
72342  46.627  27.063  1.486 0.0000000000
71922  46.754  24.421  -0.780 0.0000000000
71917  46.356  25.446  -0.053 0.0000000000
71470  46.085  22.978  -1.590 0.0000000000
71038  47.002  22.214  -1.746 0.0000000000
71455  49.278  24.032  0.747 0.0000000000
71024  49.903  22.406  0.335 0.0000000000
70588  49.665  21.447  1.351 0.0000000000
70593  48.879  20.756  -0.587 0.0000000000
97194  47.808  21.097  -0.390 0.0000000000
71018  46.692  23.019  1.511 0.0000000000
71017  48.049  22.571  1.989 0.0000000000
71007  49.027  22.425  4.206 0.0000000000
71000  48.286  23.020  5.357 0.0000000000
94834  47.702  23.172  6.216 0.0000000000
70139  48.001  21.876  8.630 0.0000000000
70546  47.343  22.158  9.044 0.0000000000
70135  47.860  21.469  9.264 0.0000000000
69689  47.515  20.553  10.468 0.0000000000
69681  46.249  20.642  11.308 0.0000000000
69666  46.633  19.842  11.700 0.0000000000
69256  48.385  19.571  11.423 0.0000000000
92903  45.331  18.305  13.585 0.0000000000
67823  45.237  16.257  14.320 0.0000000000
67331  44.099  15.433  13.725 0.0000000000
68781  50.198  18.877  15.957 0.0000000000
67818  48.281  16.443  16.107 0.0000000000
68779  48.724  17.896  16.088 0.0000000000
87576  48.030  17.903  15.655 0.0000000000
67819  47.616  16.522  15.677 0.0000000000
66272  48.175  13.419  14.000 0.0000000000
66268  48.138  13.991  14.753 0.0000000000
87858  47.550  13.884  14.338 0.0000000000
70974  45.525  23.489  9.407 0.0000000000
71423  47.050  24.014  4.997 0.0000000000
71424  46.501  24.260  5.623 0.0000000000
71415  46.178  24.197  6.560 0.0000000000
85743  45.064  24.473  8.202 0.0000000000
67772  53.666  16.449  21.269 0.0000000000
67277  54.227  15.409  21.134 0.0000000000
66208  54.194  13.586  20.908 0.0000000000
101310  53.824  12.804  20.841 0.0000000000
72253  49.406  27.244  13.463 0.0000000000
71816  49.455  26.218  13.383 0.0000000000
71351  49.684  24.923  14.486 0.0000000000
87395  47.618  26.858  6.377 0.0000000000
100116  51.172  19.608  11.910 0.0000000000
69217  50.615  19.644  13.219 0.0000000000
100933  43.638  18.417  13.247 0.0000000000
68792  43.879  17.723  13.534 0.0000000000
71923  44.691  24.791  -0.634 0.0000000000
71383  43.362  24.543  10.288 0.0000000000
71384  42.544  24.744  10.579 0.0000000000
70959  41.903  23.983  11.843 0.0000000000
70946  41.883  23.325  12.310 0.0000000000
72680  46.338  27.247  8.299 0.0000000000
72677  46.171  27.293  9.208 0.0000000000
73866  43.302  30.258  7.799 0.0000000000
73460  44.021  29.539  7.729 0.0000000000
72688  46.021  27.681  7.870 0.0000000000
68776  52.920  18.982  16.811 0.0000000000
68769  52.398  18.449  17.310 0.0000000000
67806  52.148  16.664  18.294 0.0000000000
88354  54.003  13.554  18.958 0.0000000000
66231  52.656  14.237  18.466 0.0000000000
66248  53.087  13.403  18.197 0.0000000000
65572  52.270  12.906  15.667 0.0000000000
94226  50.662  20.934  5.581 0.0000000000
70151  53.067  21.271  6.505 0.0000000000
70152  52.818  20.844  5.848 0.0000000000
70143  53.095  20.911  7.080 0.0000000000
69691  52.506  20.244  8.347 0.0000000000
89453  48.784  25.243  9.123 0.0000000000
71391  49.661  24.843  8.934 0.0000000000
70519  51.294  22.849  12.275 0.0000000000
70518  51.907  22.066  11.953 0.0000000000
70091  52.951  20.933  15.870 0.0000000000
101789  51.971  22.247  16.939 0.0000000000
70071  52.289  21.837  17.244 0.0000000000
69618  52.251  20.871  18.604 0.0000000000
75888  48.851  36.184  5.388 0.0000000000
89011  47.926  35.212  4.022 0.0000000000
75066  47.912  34.443  4.166 0.0000000000
100165  47.199  33.006  4.014 0.0000000000
74682  44.180  32.981  4.890 0.0000000000
74667  45.608  32.094  4.933 0.0000000000
73484  48.321  29.647  5.054 0.0000000000
73106  47.729  29.187  3.448 0.0000000000
73112  47.891  28.378  3.067 0.0000000000
71916  47.744  25.290  0.675 0.0000000000
71456  48.241  24.220  -0.072 0.0000000000
88726  50.499  21.859  1.813 0.0000000000
98756  50.155  21.139  0.238 0.0000000000
70587  50.286  21.377  1.097 0.0000000000
71016  49.403  21.996  2.343 0.0000000000
71012  48.435  22.820  3.028 0.0000000000
71011  49.271  22.232  3.204 0.0000000000
70134  48.463  20.762  9.409 0.0000000000
69213  47.788  19.109  14.021 0.0000000000
69220  47.489  19.216  13.105 0.0000000000
68320  45.401  17.517  14.148 0.0000000000
94979  45.501  16.902  14.450 0.0000000000
68311  49.312  17.302  16.694 0.0000000000
67816  48.911  16.469  16.547 0.0000000000
67325  48.671  15.729  16.265 0.0000000000
99869  44.083  23.080  11.505 0.0000000000
70123  44.821  21.741  11.890 0.0000000000
70110  45.057  20.998  12.096 0.0000000000
71448  45.686  23.612  1.679 0.0000000000
71449  44.551  23.910  1.293 0.0000000000
85933  45.311  24.336  2.630 0.0000000000
71432  45.760  24.779  5.110 0.0000000000
71401  44.421  24.533  9.074 0.0000000000
73457  43.583  30.032  8.595 0.0000000000
68287  54.053  17.424  19.250 0.0000000000
66797  54.440  14.771  19.642 0.0000000000
66775  54.668  15.176  20.590 0.0000000000
66247  54.336  12.676  18.576 0.0000000000
65542  54.977  12.093  17.867 0.0000000000
94345  51.438  21.422  3.398 0.0000000000
95869  51.628  22.732  4.877 0.0000000000
70998  52.347  21.966  5.002 0.0000000000
70559  52.884  21.982  6.522 0.0000000000
95741  53.003  22.127  7.200 0.0000000000
70552  52.845  22.611  8.103 0.0000000000
72257  49.666  26.376  11.491 0.0000000000
71354  50.005  25.053  12.374 0.0000000000
94314  51.614  22.470  16.547 0.0000000000
85001  50.666  21.009  17.667 0.0000000000
75464  47.105  34.566  4.514 0.0000000000
73479  46.186  29.703  5.865 0.0000000000
73873  45.798  30.188  5.816 0.0000000000
73478  46.823  29.612  5.652 0.0000000000
73093  47.979  29.129  5.309 0.0000000000
72702  48.319  27.862  4.984 0.0000000000
72708  48.710  27.326  3.625 0.0000000000
71908  49.116  25.875  2.313 0.0000000000
71436  50.273  23.865  2.304 0.0000000000
100080  50.525  22.629  1.795 0.0000000000
85795  48.956  19.469  11.979 0.0000000000
69219  48.356  19.391  13.386 0.0000000000
66263  49.307  13.800  15.267 0.0000000000
66819  48.992  14.378  15.659 0.0000000000
92160  41.222  19.165  12.519 0.0000000000
69670  43.033  20.833  12.707 0.0000000000
68795  41.639  18.273  12.715 0.0000000000
68326  41.923  17.452  12.934 0.0000000000
72361  44.256  25.988  0.142 0.0000000000
72351  44.060  26.653  0.547 0.0000000000
71880  48.351  25.623  6.858 0.0000000000
71863  48.090  25.652  8.696 0.0000000000
71848  48.332  25.703  9.697 0.0000000000
72261  48.340  26.144  10.429 0.0000000000
72258  48.995  26.488  11.059 0.0000000000
72255  49.512  27.245  11.732 0.0000000000
72669  49.790  28.051  12.063 0.0000000000
72667  49.797  28.129  12.461 0.0000000000
94821  43.040  34.087  4.909 0.0000000000
74669  43.583  32.403  5.330 0.0000000000
84591  43.167  30.585  7.004 0.0000000000
73885  43.349  31.197  6.241 0.0000000000
73874  44.800  30.218  6.185 0.0000000000
73088  46.583  28.468  6.351 0.0000000000
69209  51.640  19.711  14.768 0.0000000000
68310  50.179  17.705  16.960 0.0000000000
68304  49.914  17.026  17.165 0.0000000000
67321  49.907  15.730  17.179 0.0000000000
67795  53.448  17.019  18.714 0.0000000000
67319  51.652  15.741  18.266 0.0000000000
66811  51.414  14.856  17.952 0.0000000000
66815  50.055  14.501  16.680 0.0000000000
66259  49.751  14.029  15.974 0.0000000000
84703  49.955  13.528  15.402 0.0000000000
70562  47.680  22.713  7.453 0.0000000000
70553  48.225  22.152  7.889 0.0000000000
70138  48.773  21.466  8.277 0.0000000000
69694  50.068  19.886  9.133 0.0000000000
70154  51.770  20.674  4.770 0.0000000000
69709  52.513  20.575  6.110 0.0000000000
69705  51.966  20.181  6.875 0.0000000000
69686  50.436  19.634  9.880 0.0000000000
69261  50.879  19.573  10.525 0.0000000000
69260  51.717  19.658  10.862 0.0000000000
69216  51.837  19.783  13.420 0.0000000000
71405  49.624  24.629  7.065 0.0000000000
87508  50.414  24.304  7.548 0.0000000000
71398  50.289  24.506  8.348 0.0000000000
70978  52.279  23.599  8.658 0.0000000000
70545  52.590  23.032  9.198 0.0000000000
71381  51.189  24.933  10.442 0.0000000000
71380  51.690  24.480  9.929 0.0000000000
70120  52.475  20.419  11.995 0.0000000000
97285  52.447  20.230  12.721 0.0000000000
69186  53.465  19.457  17.725 0.0000000000
68752  53.546  18.905  18.432 0.0000000000
68738  53.779  18.223  19.262 0.0000000000
68730  53.789  18.143  20.061 0.0000000000
68267  53.692  17.714  20.615 0.0000000000
92184  53.529  17.275  21.095 0.0000000000
75083  48.025  34.041  2.890 0.0000000000
97449  46.384  31.529  1.895 0.0000000000
73905  45.820  29.781  2.006 0.0000000000
75068  46.356  33.560  4.496 0.0000000000
74679  46.991  33.165  4.245 0.0000000000
88482  46.393  30.763  5.392 0.0000000000
73883  47.548  30.564  5.137 0.0000000000
73904  46.461  30.552  2.884 0.0000000000
73114  45.803  28.362  1.687 0.0000000000
72349  45.705  26.313  0.378 0.0000000000
72359  45.330  25.198  -0.613 0.0000000000
71465  45.528  24.090  -1.244 0.0000000000
71471  45.513  23.029  -1.282 0.0000000000
71915  48.847  25.238  1.403 0.0000000000
71031  49.559  21.340  -0.727 0.0000000000
71037  48.431  21.715  -1.497 0.0000000000
70606  47.772  21.260  -1.663 0.0000000000
70607  46.980  21.617  -1.658 0.0000000000
70594  46.636  21.598  -0.698 0.0000000000
71026  45.797  22.590  0.213 0.0000000000
71447  46.749  23.649  2.513 0.0000000000
71002  47.351  23.649  5.582 0.0000000000
70555  46.864  22.676  8.839 0.0000000000
87255  47.112  21.245  10.211 0.0000000000
96922  46.072  21.346  10.975 0.0000000000
69242  45.473  19.647  12.444 0.0000000000
69240  47.106  19.370  12.282 0.0000000000
69241  46.236  19.476  12.339 0.0000000000
97585  44.959  18.815  13.073 0.0000000000
90047  44.120  16.932  13.805 0.0000000000
67826  43.588  16.171  13.640 0.0000000000
69205  49.793  19.270  15.330 0.0000000000
67820  46.900  16.533  15.241 0.0000000000
66820  48.217  14.611  15.367 0.0000000000
101905  47.717  14.937  15.301 0.0000000000
67327  47.294  15.210  15.159 0.0000000000
95331  47.249  15.877  15.377 0.0000000000
67329  45.693  15.573  14.458 0.0000000000
65508  52.830  12.462  20.834 0.0000000000
65516  53.937  11.784  19.846 0.0000000000
64783  53.879  11.576  18.837 0.0000000000
64781  54.541  11.898  19.148 0.0000000000
65507  53.901  12.192  20.482 0.0000000000
65559  51.883  13.165  16.328 0.0000000000
66790  54.794  14.752  20.201 0.0000000000
67290  54.804  15.520  20.184 0.0000000000
67324  49.267  15.775  16.713 0.0000000000
67771  54.400  16.225  20.768 0.0000000000
70598  49.551  20.822  -0.488 0.0000000000
70599  48.753  20.870  -1.234 0.0000000000
70601  46.408  21.773  -1.368 0.0000000000
71023  50.361  21.971  1.127 0.0000000000
71033  45.725  22.101  -0.950 0.0000000000
71034  45.699  22.346  -1.272 0.0000000000
85262  48.845  13.618  14.643 0.0000000000
92977  46.471  23.369  -1.546 0.0000000000
