#!ascii label  , from subject sub-v1s23x0050554_ses-1 vox2ras=TkReg
1207
68375  -36.775  -2.883  33.865 0.0000000000
69122  -47.515  -1.476  22.925 0.0000000000
109245  -44.223  2.069  39.606 0.0000000000
67727  -43.769  -3.094  29.979 0.0000000000
101132  -44.635  -7.566  37.422 0.0000000000
71663  -40.955  2.969  26.221 0.0000000000
75430  -48.098  8.226  30.616 0.0000000000
107064  -41.168  8.662  35.781 0.0000000000
63471  -37.726  -8.827  41.424 0.0000000000
67063  -39.117  -3.947  30.647 0.0000000000
69096  -41.623  -1.141  26.569 0.0000000000
70336  -38.520  0.201  30.862 0.0000000000
74148  -47.312  5.915  40.712 0.0000000000
102745  -45.787  5.413  34.877 0.0000000000
74797  -48.205  7.407  36.335 0.0000000000
74224  -44.137  7.144  32.677 0.0000000000
77024  -45.132  10.860  37.192 0.0000000000
70426  -44.254  0.678  20.443 0.0000000000
68999  -35.686  -1.899  38.694 0.0000000000
70316  -39.481  0.289  36.783 0.0000000000
68393  -48.499  -1.259  32.954 0.0000000000
66330  -44.213  -5.061  32.908 0.0000000000
64980  -39.248  -7.299  33.439 0.0000000000
62750  -38.304  -10.300  37.296 0.0000000000
71100  -45.891  1.765  22.529 0.0000000000
73071  -44.168  6.357  20.863 0.0000000000
72243  -41.930  3.191  32.865 0.0000000000
73029  -44.755  5.232  27.911 0.0000000000
76042  -44.445  10.181  22.392 0.0000000000
97897  -41.959  6.598  26.679 0.0000000000
72978  -40.376  4.828  31.254 0.0000000000
67679  -37.719  -3.823  31.867 0.0000000000
111317  -38.238  -2.455  30.502 0.0000000000
69029  -37.891  -1.359  32.733 0.0000000000
103540  -47.315  9.003  40.477 0.0000000000
74174  -49.151  6.988  38.602 0.0000000000
75952  -48.164  9.948  39.207 0.0000000000
75954  -46.071  9.141  37.464 0.0000000000
69795  -46.459  -0.165  21.229 0.0000000000
109935  -35.192  0.394  40.535 0.0000000000
100208  -37.501  -0.355  40.425 0.0000000000
65644  -44.397  -6.429  35.301 0.0000000000
65667  -42.106  -6.418  33.258 0.0000000000
64961  -41.891  -7.712  35.003 0.0000000000
63496  -37.686  -9.848  39.968 0.0000000000
64948  -33.095  -7.159  36.556 0.0000000000
66990  -33.008  -4.392  37.111 0.0000000000
66286  -31.093  -5.534  37.580 0.0000000000
112320  -44.930  -1.393  28.203 0.0000000000
70376  -40.464  1.117  26.071 0.0000000000
69756  -43.041  -0.035  24.569 0.0000000000
71084  -42.349  1.977  23.725 0.0000000000
71700  -44.229  3.503  21.642 0.0000000000
73049  -42.277  4.334  24.440 0.0000000000
71016  -41.772  0.943  37.838 0.0000000000
116321  -40.678  1.960  35.486 0.0000000000
72218  -42.746  3.296  36.565 0.0000000000
74225  -46.943  6.457  31.928 0.0000000000
73600  -44.996  5.197  31.782 0.0000000000
113027  -47.151  6.824  29.046 0.0000000000
74297  -45.784  7.521  24.848 0.0000000000
75450  -46.879  8.605  25.856 0.0000000000
75454  -43.570  8.743  24.889 0.0000000000
74859  -45.782  7.923  28.296 0.0000000000
74808  -42.595  7.226  35.487 0.0000000000
73599  -42.245  5.967  31.853 0.0000000000
74213  -40.866  6.057  33.910 0.0000000000
73589  -39.477  5.420  33.604 0.0000000000
74805  -39.738  7.927  35.087 0.0000000000
67711  -41.457  -3.983  29.995 0.0000000000
68443  -42.327  -2.496  28.357 0.0000000000
111496  -40.180  -2.766  28.966 0.0000000000
69710  -39.318  -0.420  27.964 0.0000000000
103618  -39.611  1.735  29.279 0.0000000000
72205  -45.629  3.428  40.718 0.0000000000
72923  -44.989  4.138  37.738 0.0000000000
73546  -46.585  5.001  37.645 0.0000000000
74197  -48.676  6.616  34.918 0.0000000000
74827  -48.801  8.045  33.419 0.0000000000
100601  -46.156  8.110  31.088 0.0000000000
74825  -46.520  7.408  34.940 0.0000000000
102694  -44.100  7.987  36.434 0.0000000000
100523  -42.826  9.857  36.489 0.0000000000
71114  -42.403  2.103  20.396 0.0000000000
69008  -35.603  -1.816  36.581 0.0000000000
69662  -37.692  -0.816  35.365 0.0000000000
69647  -38.069  -0.895  38.261 0.0000000000
68996  -40.389  -1.761  40.013 0.0000000000
71003  -41.918  1.185  40.505 0.0000000000
72899  -40.200  3.824  40.168 0.0000000000
72901  -42.663  4.010  40.550 0.0000000000
68399  -45.824  -2.474  31.160 0.0000000000
67036  -45.980  -3.843  33.052 0.0000000000
67049  -44.180  -4.172  31.677 0.0000000000
66341  -41.627  -5.333  31.568 0.0000000000
66325  -39.583  -5.768  31.911 0.0000000000
64216  -44.270  -8.302  39.692 0.0000000000
64190  -40.943  -8.355  41.810 0.0000000000
63500  -41.282  -9.474  39.625 0.0000000000
63520  -41.337  -9.327  37.437 0.0000000000
64254  -38.934  -8.823  35.173 0.0000000000
67016  -35.616  -4.740  34.522 0.0000000000
69750  -49.213  0.911  24.600 0.0000000000
69107  -43.973  -0.905  25.864 0.0000000000
70386  -46.386  0.490  24.320 0.0000000000
70408  -48.853  1.364  22.174 0.0000000000
71711  -47.689  3.054  20.418 0.0000000000
73081  -46.425  5.292  19.196 0.0000000000
73694  -43.487  7.161  19.366 0.0000000000
70327  -39.119  0.507  34.053 0.0000000000
71032  -40.210  1.964  31.629 0.0000000000
71632  -41.294  2.923  30.181 0.0000000000
72953  -43.294  4.343  34.350 0.0000000000
72311  -43.142  3.997  30.419 0.0000000000
72333  -42.149  4.056  27.231 0.0000000000
73671  -43.195  5.530  24.817 0.0000000000
108791  -43.643  8.599  21.623 0.0000000000
74316  -41.689  7.576  20.742 0.0000000000
74238  -43.448  6.624  29.968 0.0000000000
73617  -41.429  5.450  29.436 0.0000000000
73014  -38.993  4.635  28.671 0.0000000000
72989  -38.703  4.044  30.936 0.0000000000
72970  -37.690  4.077  32.829 0.0000000000
68383  -37.274  -2.793  33.177 0.0000000000
69028  -37.624  -2.234  32.756 0.0000000000
69022  -37.519  -1.849  33.398 0.0000000000
75373  -48.342  9.002  39.961 0.0000000000
76493  -47.824  10.784  39.082 0.0000000000
69786  -47.147  -0.462  21.720 0.0000000000
64963  -44.113  -6.976  35.913 0.0000000000
64976  -43.055  -6.897  34.863 0.0000000000
102030  -43.412  -7.555  36.057 0.0000000000
64232  -33.025  -8.642  37.254 0.0000000000
65623  -32.039  -6.414  36.968 0.0000000000
68432  -45.059  -2.075  29.662 0.0000000000
68446  -44.707  -1.800  28.891 0.0000000000
71669  -40.655  2.061  25.831 0.0000000000
70382  -41.663  1.175  24.733 0.0000000000
107333  -41.233  2.871  25.344 0.0000000000
71684  -42.161  2.705  23.791 0.0000000000
72342  -41.782  3.628  24.912 0.0000000000
71011  -43.063  0.808  39.225 0.0000000000
71614  -41.821  2.311  36.803 0.0000000000
71611  -43.277  2.377  38.003 0.0000000000
74241  -48.083  7.742  30.643 0.0000000000
74240  -47.313  6.810  30.550 0.0000000000
99752  -47.795  7.903  29.023 0.0000000000
115812  -47.691  7.937  27.437 0.0000000000
74255  -47.645  8.079  28.078 0.0000000000
74876  -46.249  8.509  26.725 0.0000000000
74860  -47.111  8.304  28.633 0.0000000000
74807  -41.828  7.419  35.510 0.0000000000
74195  -42.056  6.802  35.034 0.0000000000
74194  -41.068  7.027  35.148 0.0000000000
74205  -40.494  6.530  34.564 0.0000000000
75407  -40.470  8.352  35.437 0.0000000000
67710  -40.566  -3.898  29.898 0.0000000000
67724  -41.151  -3.487  29.414 0.0000000000
67709  -39.714  -3.606  29.952 0.0000000000
69689  -38.280  -0.606  30.327 0.0000000000
69070  -38.814  -1.255  28.942 0.0000000000
70345  -38.587  0.193  29.928 0.0000000000
110736  -39.059  0.422  28.427 0.0000000000
111344  -38.984  0.958  29.420 0.0000000000
73514  -46.312  4.572  40.915 0.0000000000
72921  -46.870  4.331  40.232 0.0000000000
73531  -47.512  4.991  40.461 0.0000000000
74176  -49.313  7.030  37.355 0.0000000000
73556  -49.247  6.758  36.872 0.0000000000
74198  -49.230  7.058  35.238 0.0000000000
100109  -49.121  7.340  34.417 0.0000000000
74813  -49.005  7.346  34.942 0.0000000000
74826  -48.307  7.675  34.379 0.0000000000
74812  -47.531  7.432  35.489 0.0000000000
101546  -45.499  9.949  37.383 0.0000000000
75399  -44.814  8.153  36.690 0.0000000000
75953  -44.907  9.049  37.063 0.0000000000
75398  -43.328  8.288  36.376 0.0000000000
76506  -43.638  10.144  36.725 0.0000000000
71116  -44.031  1.716  20.057 0.0000000000
69005  -35.560  -1.795  37.599 0.0000000000
69652  -36.727  -0.934  37.187 0.0000000000
116997  -37.088  -1.534  38.829 0.0000000000
100410  -38.253  -0.259  40.479 0.0000000000
68984  -38.827  -1.618  40.147 0.0000000000
70301  -39.704  -0.002  40.511 0.0000000000
101946  -41.623  -0.574  40.226 0.0000000000
71002  -40.829  1.617  40.589 0.0000000000
73525  -39.322  5.188  38.961 0.0000000000
72900  -41.750  4.079  40.290 0.0000000000
72914  -42.188  4.677  39.879 0.0000000000
73529  -43.540  5.553  39.765 0.0000000000
74157  -42.762  6.100  39.153 0.0000000000
68401  -47.358  -1.279  31.768 0.0000000000
67694  -46.861  -2.269  32.209 0.0000000000
67029  -46.300  -4.156  33.769 0.0000000000
67027  -44.818  -4.772  33.157 0.0000000000
67050  -44.903  -3.872  32.028 0.0000000000
67035  -44.406  -4.543  32.412 0.0000000000
109188  -42.716  -4.746  31.407 0.0000000000
66328  -42.901  -5.507  32.491 0.0000000000
64982  -40.967  -7.164  33.612 0.0000000000
65677  -40.847  -6.292  32.453 0.0000000000
65675  -39.197  -6.236  32.440 0.0000000000
64189  -39.158  -8.687  41.568 0.0000000000
63498  -39.562  -9.839  39.908 0.0000000000
62742  -40.277  -10.049  38.267 0.0000000000
63509  -41.511  -9.501  38.790 0.0000000000
63519  -40.523  -9.678  37.405 0.0000000000
63531  -40.474  -9.177  36.248 0.0000000000
63530  -39.070  -9.712  36.436 0.0000000000
67656  -35.129  -3.572  35.443 0.0000000000
66997  -34.278  -4.602  36.043 0.0000000000
69108  -49.179  0.311  24.802 0.0000000000
69085  -42.069  -1.642  27.057 0.0000000000
97123  -43.531  -1.632  27.383 0.0000000000
69097  -42.428  -1.284  26.441 0.0000000000
70397  -44.101  0.806  23.416 0.0000000000
70385  -44.539  0.278  24.044 0.0000000000
71088  -46.284  1.315  23.111 0.0000000000
70400  -48.296  1.354  23.738 0.0000000000
71101  -48.204  2.108  22.402 0.0000000000
71109  -48.393  2.176  21.508 0.0000000000
71703  -47.532  3.252  20.899 0.0000000000
113208  -44.829  5.721  20.558 0.0000000000
72375  -46.447  5.267  19.402 0.0000000000
73079  -45.849  6.977  19.073 0.0000000000
73085  -44.593  5.665  18.784 0.0000000000
73695  -45.147  7.930  19.220 0.0000000000
70315  -38.907  0.108  36.166 0.0000000000
70323  -38.670  0.009  34.645 0.0000000000
70324  -39.284  0.531  34.997 0.0000000000
71620  -41.037  2.360  33.786 0.0000000000
71027  -40.384  1.769  33.308 0.0000000000
71623  -41.409  2.741  32.457 0.0000000000
71628  -40.773  2.436  31.308 0.0000000000
72278  -41.790  3.111  31.417 0.0000000000
72939  -44.842  4.868  35.530 0.0000000000
115046  -44.057  4.532  35.471 0.0000000000
73581  -44.873  5.194  34.480 0.0000000000
116899  -44.801  5.032  29.771 0.0000000000
100964  -44.402  4.660  31.219 0.0000000000
105648  -43.720  4.441  28.984 0.0000000000
73003  -43.110  4.143  29.248 0.0000000000
73644  -43.541  4.795  27.132 0.0000000000
73042  -42.826  4.996  25.444 0.0000000000
73664  -44.118  5.679  25.892 0.0000000000
75473  -45.469  9.654  23.521 0.0000000000
74907  -44.553  8.434  23.020 0.0000000000
74916  -43.513  9.340  21.462 0.0000000000
109481  -42.818  8.290  20.523 0.0000000000
74915  -42.783  9.106  21.334 0.0000000000
74914  -41.011  7.936  21.469 0.0000000000
75470  -41.773  9.207  22.812 0.0000000000
74873  -42.368  7.293  26.009 0.0000000000
113670  -41.183  8.256  24.436 0.0000000000
74836  -45.496  7.667  32.580 0.0000000000
74232  -44.745  7.418  31.060 0.0000000000
117226  -43.864  6.905  31.476 0.0000000000
73606  -41.690  5.585  31.222 0.0000000000
73613  -42.241  5.852  30.527 0.0000000000
102105  -40.845  5.081  29.946 0.0000000000
73616  -40.663  5.116  29.088 0.0000000000
73002  -40.154  4.747  29.615 0.0000000000
116655  -38.907  4.346  29.779 0.0000000000
72977  -39.544  4.451  31.304 0.0000000000
73588  -38.614  5.344  33.747 0.0000000000
72971  -38.512  4.267  32.612 0.0000000000
73587  -37.762  5.295  33.864 0.0000000000
72961  -37.280  4.607  33.449 0.0000000000
67691  -38.310  -3.914  31.207 0.0000000000
68414  -38.881  -3.162  30.097 0.0000000000
67690  -37.869  -2.999  31.356 0.0000000000
69035  -38.031  -1.383  31.739 0.0000000000
69675  -38.278  -0.559  32.238 0.0000000000
74162  -48.298  6.127  40.338 0.0000000000
74763  -48.489  7.893  40.085 0.0000000000
74782  -48.944  7.632  38.812 0.0000000000
75387  -48.501  7.946  37.963 0.0000000000
74785  -47.899  7.808  37.349 0.0000000000
75955  -47.223  9.300  37.879 0.0000000000
107725  -46.638  10.022  37.771 0.0000000000
70427  -45.323  0.555  20.557 0.0000000000
108335  -35.362  -1.296  39.777 0.0000000000
68992  -36.782  -1.555  39.661 0.0000000000
69630  -36.627  -0.453  40.343 0.0000000000
65669  -43.837  -5.817  33.872 0.0000000000
65668  -42.967  -6.045  33.392 0.0000000000
65656  -43.309  -6.423  34.292 0.0000000000
64974  -41.454  -7.456  34.347 0.0000000000
64973  -40.605  -7.667  34.200 0.0000000000
63483  -38.158  -9.317  40.650 0.0000000000
62738  -36.467  -10.427  38.536 0.0000000000
65641  -34.343  -6.884  35.771 0.0000000000
66294  -33.986  -5.537  35.979 0.0000000000
66293  -33.220  -5.637  36.455 0.0000000000
66989  -32.318  -4.892  37.109 0.0000000000
69732  -41.120  -0.350  26.240 0.0000000000
69733  -41.978  -0.710  25.867 0.0000000000
69743  -41.581  0.225  25.361 0.0000000000
70395  -42.400  1.241  24.057 0.0000000000
71098  -44.043  1.958  22.549 0.0000000000
71692  -44.702  2.664  21.898 0.0000000000
71690  -43.041  2.840  22.562 0.0000000000
72364  -43.065  3.623  22.248 0.0000000000
73058  -42.894  5.185  22.921 0.0000000000
117260  -40.706  0.212  37.783 0.0000000000
70321  -39.985  0.879  36.306 0.0000000000
105132  -41.215  1.559  36.877 0.0000000000
71619  -41.492  2.770  35.319 0.0000000000
72229  -42.083  3.406  34.242 0.0000000000
73594  -46.993  6.284  33.453 0.0000000000
73592  -44.941  5.303  33.607 0.0000000000
73609  -45.935  5.749  31.461 0.0000000000
102136  -45.569  5.479  29.907 0.0000000000
99663  -45.826  5.948  27.671 0.0000000000
73656  -45.062  6.040  26.322 0.0000000000
74277  -46.949  7.298  26.605 0.0000000000
74889  -46.747  8.507  25.539 0.0000000000
76027  -45.845  9.468  24.474 0.0000000000
76033  -43.725  9.748  23.431 0.0000000000
115536  -44.700  8.662  25.693 0.0000000000
74874  -44.162  7.955  26.338 0.0000000000
74263  -43.488  6.847  27.705 0.0000000000
74208  -43.439  6.813  34.201 0.0000000000
100607  -43.296  6.694  32.871 0.0000000000
74215  -42.545  6.402  33.210 0.0000000000
74221  -42.018  5.997  32.739 0.0000000000
73597  -40.665  5.297  32.585 0.0000000000
72973  -40.168  4.795  32.027 0.0000000000
73590  -40.342  5.542  33.416 0.0000000000
74204  -39.605  6.565  34.520 0.0000000000
74203  -38.717  6.640  34.480 0.0000000000
67726  -42.911  -3.372  29.764 0.0000000000
113553  -43.066  -2.554  28.738 0.0000000000
68428  -41.710  -3.013  28.934 0.0000000000
68442  -41.317  -2.514  28.341 0.0000000000
68454  -40.863  -1.960  27.829 0.0000000000
69059  -39.030  -2.033  29.159 0.0000000000
112957  -39.358  -1.666  28.652 0.0000000000
69083  -40.448  -1.197  27.407 0.0000000000
70360  -39.955  0.087  27.008 0.0000000000
70368  -39.859  0.900  27.033 0.0000000000
71655  -40.439  2.467  27.458 0.0000000000
72207  -45.256  2.932  40.415 0.0000000000
71606  -44.406  2.626  39.033 0.0000000000
72211  -45.442  3.662  38.900 0.0000000000
72924  -45.893  4.352  38.295 0.0000000000
73553  -46.416  5.273  36.497 0.0000000000
73547  -48.430  5.848  38.431 0.0000000000
73554  -47.704  5.691  36.793 0.0000000000
73583  -47.268  6.016  34.712 0.0000000000
74210  -48.812  6.842  34.104 0.0000000000
74219  -48.770  7.859  32.926 0.0000000000
75422  -48.391  8.156  31.534 0.0000000000
74849  -47.036  8.419  30.476 0.0000000000
74838  -48.349  8.216  32.243 0.0000000000
74837  -47.269  8.117  32.925 0.0000000000
74824  -45.423  7.337  34.456 0.0000000000
99809  -46.740  7.479  36.336 0.0000000000
74810  -45.060  7.246  35.378 0.0000000000
74823  -44.093  7.047  34.904 0.0000000000
74809  -43.403  7.220  35.528 0.0000000000
74794  -42.955  7.667  35.977 0.0000000000
76504  -42.089  9.708  36.249 0.0000000000
68373  -36.249  -2.298  34.994 0.0000000000
101268  -37.209  -1.378  34.906 0.0000000000
69013  -37.080  -1.093  35.695 0.0000000000
69658  -37.690  -0.529  37.055 0.0000000000
69654  -38.511  -0.459  37.637 0.0000000000
109265  -38.262  -1.729  39.602 0.0000000000
69002  -38.646  -1.584  39.200 0.0000000000
69656  -39.972  -0.847  38.549 0.0000000000
69650  -41.466  -0.806  39.107 0.0000000000
70308  -42.637  0.129  39.697 0.0000000000
71005  -43.588  1.516  40.135 0.0000000000
72199  -39.564  3.310  40.389 0.0000000000
71596  -41.504  2.297  40.622 0.0000000000
109630  -42.298  2.739  40.683 0.0000000000
71597  -44.064  2.187  40.429 0.0000000000
72903  -44.956  3.657  41.015 0.0000000000
73513  -45.310  4.423  40.887 0.0000000000
74159  -45.425  6.414  40.122 0.0000000000
68416  -46.442  -1.484  30.670 0.0000000000
67715  -45.015  -2.946  30.884 0.0000000000
67672  -47.497  -3.088  33.683 0.0000000000
67682  -47.175  -2.675  32.943 0.0000000000
67681  -46.439  -3.160  32.606 0.0000000000
67693  -45.363  -3.229  31.602 0.0000000000
67714  -44.215  -3.365  30.650 0.0000000000
67067  -42.604  -4.385  30.853 0.0000000000
67066  -41.768  -4.436  30.595 0.0000000000
67045  -40.443  -4.849  30.942 0.0000000000
105926  -42.020  -5.691  32.179 0.0000000000
66326  -40.417  -5.844  31.895 0.0000000000
66338  -39.175  -5.108  31.525 0.0000000000
67033  -38.261  -4.696  31.752 0.0000000000
64191  -41.784  -8.245  41.719 0.0000000000
63484  -39.114  -9.241  40.726 0.0000000000
63486  -40.934  -9.242  40.441 0.0000000000
96960  -42.214  -8.532  40.975 0.0000000000
64205  -42.762  -8.814  40.076 0.0000000000
64222  -42.740  -8.761  38.004 0.0000000000
64235  -43.372  -8.362  37.558 0.0000000000
115013  -42.245  -8.456  36.429 0.0000000000
111986  -40.540  -8.486  35.254 0.0000000000
64264  -39.335  -8.295  34.632 0.0000000000
67669  -36.382  -3.651  33.996 0.0000000000
67657  -35.732  -2.845  35.174 0.0000000000
68370  -35.195  -2.658  36.031 0.0000000000
68362  -34.982  -2.304  38.054 0.0000000000
68355  -34.932  -2.205  38.839 0.0000000000
109647  -48.976  -0.402  25.224 0.0000000000
69115  -48.798  -0.547  24.152 0.0000000000
69123  -48.552  -0.715  23.467 0.0000000000
69073  -44.105  -1.773  28.161 0.0000000000
69099  -44.232  -1.191  26.733 0.0000000000
69745  -43.394  -0.541  25.186 0.0000000000
69758  -44.785  -0.206  24.722 0.0000000000
69760  -47.279  0.510  24.899 0.0000000000
70387  -47.806  0.962  24.367 0.0000000000
69770  -49.235  0.644  23.426 0.0000000000
117294  -48.883  0.341  22.626 0.0000000000
70417  -48.245  0.480  21.851 0.0000000000
103464  -47.402  1.445  20.729 0.0000000000
71117  -46.245  2.347  19.842 0.0000000000
71702  -46.871  3.924  20.591 0.0000000000
72382  -46.867  4.103  19.660 0.0000000000
71716  -45.425  3.497  19.334 0.0000000000
113240  -43.838  3.396  19.441 0.0000000000
72374  -42.716  4.098  19.748 0.0000000000
72373  -42.046  4.051  20.196 0.0000000000
69023  -37.888  -0.967  33.755 0.0000000000
69669  -38.276  -0.428  33.120 0.0000000000
70329  -38.644  0.168  32.665 0.0000000000
71024  -39.795  1.092  34.580 0.0000000000
71028  -39.740  1.280  32.818 0.0000000000
70337  -39.044  0.844  31.411 0.0000000000
71035  -40.140  2.083  30.790 0.0000000000
105570  -40.251  2.389  29.076 0.0000000000
71647  -40.855  3.009  28.145 0.0000000000
99335  -43.343  3.427  37.060 0.0000000000
72231  -42.657  3.820  34.786 0.0000000000
72230  -42.614  3.880  33.868 0.0000000000
101874  -44.013  4.674  32.923 0.0000000000
72974  -43.531  4.202  32.354 0.0000000000
72261  -42.494  3.494  32.301 0.0000000000
72298  -42.568  3.636  30.569 0.0000000000
72318  -41.683  3.455  28.655 0.0000000000
72332  -41.502  3.567  26.727 0.0000000000
73041  -42.198  4.323  25.367 0.0000000000
73677  -43.072  5.924  23.142 0.0000000000
74296  -44.592  6.839  24.523 0.0000000000
74303  -43.339  6.415  23.342 0.0000000000
73689  -44.188  7.939  20.722 0.0000000000
74318  -43.736  8.445  20.256 0.0000000000
117276  -42.823  7.357  19.819 0.0000000000
98516  -41.852  8.803  23.911 0.0000000000
74848  -45.690  7.854  30.212 0.0000000000
104966  -44.519  7.289  28.774 0.0000000000
97772  -42.847  6.377  28.428 0.0000000000
74237  -42.906  6.314  30.661 0.0000000000
74245  -42.773  6.256  29.386 0.0000000000
74252  -41.882  5.895  27.920 0.0000000000
73642  -40.450  5.709  27.282 0.0000000000
73641  -39.585  5.522  27.342 0.0000000000
73639  -37.585  5.500  27.217 0.0000000000
72972  -39.336  4.498  32.336 0.0000000000
72277  -38.205  3.808  31.429 0.0000000000
111513  -41.694  10.487  35.871 0.0000000000
76512  -40.814  10.226  35.521 0.0000000000
105316  -39.914  9.421  35.227 0.0000000000
75416  -39.092  8.588  34.869 0.0000000000
75415  -38.349  8.230  34.627 0.0000000000
68376  -37.121  -2.232  33.797 0.0000000000
69133  -47.371  -1.052  22.313 0.0000000000
64954  -45.215  -7.029  37.016 0.0000000000
64953  -44.714  -7.032  36.541 0.0000000000
102031  -44.033  -7.536  36.651 0.0000000000
102449  -32.193  -8.238  37.507 0.0000000000
68431  -44.204  -2.479  29.456 0.0000000000
71662  -40.523  2.388  26.708 0.0000000000
71012  -43.685  1.473  39.610 0.0000000000
71604  -43.233  1.633  38.559 0.0000000000
71605  -43.799  2.163  38.798 0.0000000000
74242  -48.312  8.104  30.870 0.0000000000
74249  -48.047  8.092  30.062 0.0000000000
97843  -47.714  8.120  29.248 0.0000000000
109018  -41.788  8.105  35.874 0.0000000000
106181  -41.126  7.813  35.574 0.0000000000
67064  -40.036  -4.272  30.450 0.0000000000
70346  -38.968  0.925  30.474 0.0000000000
73515  -47.164  4.994  40.827 0.0000000000
73516  -47.813  5.616  40.581 0.0000000000
101149  -49.038  7.256  36.994 0.0000000000
74185  -49.374  6.972  36.515 0.0000000000
74798  -49.268  7.076  35.924 0.0000000000
75966  -44.529  10.004  37.056 0.0000000000
113766  -44.078  9.395  36.855 0.0000000000
69793  -44.566  -0.210  20.814 0.0000000000
70425  -43.286  0.840  20.531 0.0000000000
69006  -36.357  -1.403  38.118 0.0000000000
69000  -36.611  -1.676  39.101 0.0000000000
71000  -38.552  1.467  40.582 0.0000000000
104674  -38.776  0.396  40.541 0.0000000000
71001  -39.353  1.132  40.560 0.0000000000
104715  -40.270  0.829  40.563 0.0000000000
105418  -39.843  1.882  40.583 0.0000000000
74156  -42.000  6.107  38.919 0.0000000000
73528  -42.542  5.423  39.502 0.0000000000
68392  -47.743  -1.580  32.490 0.0000000000
66329  -43.690  -5.037  32.450 0.0000000000
64981  -40.119  -7.285  33.495 0.0000000000
65664  -39.643  -6.803  32.902 0.0000000000
65663  -38.824  -6.723  32.947 0.0000000000
64979  -38.365  -7.140  33.468 0.0000000000
64177  -38.460  -8.618  41.918 0.0000000000
62741  -39.359  -10.325  38.346 0.0000000000
62752  -39.836  -10.095  37.646 0.0000000000
63518  -39.802  -9.796  36.959 0.0000000000
62760  -38.514  -10.060  36.811 0.0000000000
105538  -34.525  -5.143  35.587 0.0000000000
67005  -34.769  -4.433  35.487 0.0000000000
69748  -48.276  0.778  25.457 0.0000000000
71087  -44.310  1.369  22.884 0.0000000000
70407  -45.070  1.068  23.008 0.0000000000
105947  -47.057  2.058  22.447 0.0000000000
71694  -47.762  2.574  21.700 0.0000000000
71693  -46.333  2.755  21.685 0.0000000000
73072  -45.367  7.128  19.662 0.0000000000
73690  -44.931  7.936  19.914 0.0000000000
70319  -38.787  0.078  35.443 0.0000000000
70320  -39.358  0.532  35.853 0.0000000000
71621  -41.675  3.001  33.655 0.0000000000
109510  -41.400  2.717  33.118 0.0000000000
71626  -41.369  2.757  31.733 0.0000000000
72260  -41.915  3.129  32.046 0.0000000000
73017  -44.482  4.900  28.702 0.0000000000
73004  -44.288  4.693  29.570 0.0000000000
73028  -43.840  4.634  28.028 0.0000000000
115992  -44.220  5.103  27.402 0.0000000000
73655  -44.158  5.378  26.713 0.0000000000
76043  -44.897  10.036  22.881 0.0000000000
75472  -44.798  9.765  22.595 0.0000000000
75482  -44.073  9.940  21.830 0.0000000000
75481  -43.425  9.687  21.661 0.0000000000
75480  -42.342  9.342  21.818 0.0000000000
76040  -43.114  9.833  22.130 0.0000000000
74274  -41.455  7.090  25.878 0.0000000000
74217  -44.644  7.336  33.235 0.0000000000
101378  -44.458  7.292  31.930 0.0000000000
73605  -40.899  5.214  31.687 0.0000000000
73612  -41.549  5.480  30.292 0.0000000000
103538  -40.936  5.143  30.803 0.0000000000
72991  -40.167  4.703  30.447 0.0000000000
103399  -39.779  4.575  29.958 0.0000000000
73578  -38.212  5.969  34.252 0.0000000000
68391  -37.788  -2.185  32.036 0.0000000000
74762  -48.038  7.428  40.526 0.0000000000
75364  -48.044  8.474  40.416 0.0000000000
75381  -48.465  9.107  39.283 0.0000000000
75374  -48.724  8.219  39.418 0.0000000000
75382  -48.648  8.211  38.686 0.0000000000
75386  -48.102  9.059  38.559 0.0000000000
107600  -47.779  8.560  37.886 0.0000000000
76496  -47.163  10.802  38.277 0.0000000000
76495  -46.187  10.758  37.622 0.0000000000
69785  -46.008  -0.889  21.447 0.0000000000
69794  -45.585  -0.248  20.990 0.0000000000
109792  -34.813  -0.446  40.193 0.0000000000
69629  -35.729  -0.479  40.251 0.0000000000
65658  -44.740  -5.899  34.878 0.0000000000
65657  -44.121  -6.147  34.585 0.0000000000
65643  -43.731  -6.613  34.979 0.0000000000
103587  -42.688  -7.546  35.408 0.0000000000
64975  -42.324  -7.129  34.546 0.0000000000
64266  -41.103  -8.086  34.955 0.0000000000
64243  -34.271  -8.993  36.698 0.0000000000
103238  -34.165  -8.251  36.367 0.0000000000
64950  -34.403  -7.727  35.988 0.0000000000
64949  -33.734  -7.576  36.344 0.0000000000
65633  -33.614  -6.498  36.198 0.0000000000
65632  -32.792  -6.441  36.612 0.0000000000
66287  -31.776  -5.578  37.183 0.0000000000
70369  -40.377  0.376  26.480 0.0000000000
70370  -40.880  0.484  25.878 0.0000000000
71078  -41.834  1.988  24.253 0.0000000000
71086  -43.583  1.432  23.099 0.0000000000
71085  -42.875  1.655  23.412 0.0000000000
71097  -43.271  2.104  22.827 0.0000000000
71685  -42.663  2.406  23.215 0.0000000000
72350  -42.139  3.665  23.973 0.0000000000
72357  -42.563  3.403  23.035 0.0000000000
72356  -42.580  4.202  23.227 0.0000000000
73065  -43.046  4.639  22.226 0.0000000000
71015  -40.986  0.779  37.427 0.0000000000
71019  -40.561  1.105  36.719 0.0000000000
114982  -42.370  2.801  36.869 0.0000000000
71615  -41.949  3.021  36.088 0.0000000000
112829  -42.025  3.297  35.127 0.0000000000
73602  -47.067  6.425  32.765 0.0000000000
73601  -45.864  5.735  32.316 0.0000000000
101950  -46.728  6.346  29.872 0.0000000000
115277  -46.328  6.067  29.459 0.0000000000
114251  -45.993  5.845  29.066 0.0000000000
73631  -46.607  6.409  28.288 0.0000000000
73646  -46.033  6.420  26.835 0.0000000000
74264  -47.092  7.105  27.394 0.0000000000
74877  -47.325  8.207  26.411 0.0000000000
75464  -46.246  9.139  24.630 0.0000000000
111478  -46.406  9.119  25.074 0.0000000000
75455  -45.648  9.233  25.187 0.0000000000
75449  -46.453  8.768  25.849 0.0000000000
74867  -45.521  8.043  27.454 0.0000000000
111171  -45.105  8.154  26.809 0.0000000000
74866  -44.268  7.516  27.185 0.0000000000
113778  -44.489  7.394  27.990 0.0000000000
74196  -42.999  6.813  34.945 0.0000000000
102272  -43.082  6.646  33.565 0.0000000000
74207  -42.444  6.572  34.178 0.0000000000
74206  -41.431  6.497  34.458 0.0000000000
74214  -41.742  6.203  33.610 0.0000000000
73591  -41.198  5.726  33.124 0.0000000000
74806  -40.116  7.125  34.923 0.0000000000
73580  -39.971  5.969  34.105 0.0000000000
74822  -39.266  7.245  34.736 0.0000000000
67725  -42.031  -3.487  29.557 0.0000000000
68429  -42.573  -2.950  29.120 0.0000000000
68427  -40.842  -2.977  28.860 0.0000000000
68441  -40.486  -2.379  28.466 0.0000000000
68425  -38.748  -2.442  29.746 0.0000000000
69709  -38.869  -0.482  28.653 0.0000000000
69071  -39.288  -1.110  28.305 0.0000000000
69082  -39.744  -1.014  27.789 0.0000000000
69720  -39.869  -0.488  27.389 0.0000000000
71047  -39.296  1.240  28.661 0.0000000000
71056  -39.464  1.102  27.886 0.0000000000
71048  -39.737  1.819  28.414 0.0000000000
71057  -39.961  1.798  27.499 0.0000000000
72210  -45.087  3.004  39.479 0.0000000000
72208  -45.749  3.334  40.067 0.0000000000
72925  -46.776  4.564  38.959 0.0000000000
72930  -45.632  4.688  37.138 0.0000000000
74163  -48.684  6.503  39.704 0.0000000000
73532  -48.280  5.744  40.108 0.0000000000
73544  -48.712  6.170  39.092 0.0000000000
73570  -48.614  6.461  35.807 0.0000000000
101984  -48.514  6.052  37.428 0.0000000000
73569  -47.502  5.869  35.681 0.0000000000
106541  -47.610  6.404  33.920 0.0000000000
74211  -49.076  7.616  33.841 0.0000000000
74227  -48.491  8.042  31.767 0.0000000000
74832  -47.082  7.693  33.927 0.0000000000
74831  -45.695  7.566  33.530 0.0000000000
75385  -46.857  8.443  37.465 0.0000000000
74784  -46.773  7.764  36.928 0.0000000000
74796  -45.695  7.709  36.559 0.0000000000
98175  -44.708  7.548  36.172 0.0000000000
111198  -44.147  7.293  35.642 0.0000000000
74795  -43.738  7.623  36.072 0.0000000000
75965  -43.417  9.212  36.610 0.0000000000
75964  -42.658  9.020  36.370 0.0000000000
75397  -42.479  8.246  36.145 0.0000000000
71115  -43.022  1.572  20.333 0.0000000000
68371  -35.895  -2.028  35.662 0.0000000000
69012  -36.583  -1.680  35.294 0.0000000000
69009  -36.402  -1.333  36.259 0.0000000000
69653  -37.204  -1.011  38.077 0.0000000000
69010  -37.062  -0.835  36.446 0.0000000000
69643  -37.294  -1.295  40.087 0.0000000000
68993  -37.461  -1.638  39.507 0.0000000000
68983  -38.214  -1.684  39.990 0.0000000000
68995  -39.556  -1.746  40.121 0.0000000000
68994  -39.018  -1.881  39.898 0.0000000000
69003  -39.696  -1.647  39.515 0.0000000000
69648  -39.012  -0.923  38.484 0.0000000000
69649  -40.834  -1.345  39.453 0.0000000000
70312  -40.781  -0.491  38.476 0.0000000000
70302  -42.210  0.173  40.248 0.0000000000
70305  -42.147  -0.510  39.991 0.0000000000
70303  -42.656  0.209  39.992 0.0000000000
71007  -43.117  0.776  39.894 0.0000000000
71004  -42.875  0.921  40.231 0.0000000000
72912  -39.666  4.514  39.511 0.0000000000
72898  -39.217  3.868  39.995 0.0000000000
71595  -40.333  2.788  40.587 0.0000000000
72201  -42.178  3.520  40.593 0.0000000000
72202  -43.046  3.156  40.759 0.0000000000
102513  -43.315  2.189  40.545 0.0000000000
72203  -44.020  2.746  40.785 0.0000000000
105038  -44.663  3.113  40.913 0.0000000000
72902  -43.840  3.660  40.845 0.0000000000
73512  -44.219  4.535  40.616 0.0000000000
73530  -44.540  5.260  40.364 0.0000000000
74146  -45.401  5.403  40.548 0.0000000000
96912  -44.375  6.234  39.721 0.0000000000
69037  -48.209  -0.069  31.186 0.0000000000
68400  -46.588  -1.939  31.486 0.0000000000
69036  -47.143  -1.034  31.175 0.0000000000
68415  -45.474  -2.238  30.396 0.0000000000
67030  -47.030  -3.782  34.098 0.0000000000
67671  -46.719  -3.478  33.359 0.0000000000
98816  -44.599  -3.583  31.330 0.0000000000
67692  -43.932  -3.859  31.112 0.0000000000
67713  -43.314  -3.789  30.544 0.0000000000
67048  -43.386  -4.377  31.333 0.0000000000
67047  -42.057  -4.843  31.190 0.0000000000
67046  -41.265  -4.916  30.994 0.0000000000
116318  -42.328  -5.976  32.782 0.0000000000
65678  -41.638  -6.168  32.603 0.0000000000
65676  -40.033  -6.325  32.380 0.0000000000
66339  -40.013  -5.302  31.416 0.0000000000
66324  -38.720  -5.566  32.071 0.0000000000
64224  -44.164  -8.314  38.797 0.0000000000
101528  -39.992  -8.447  41.900 0.0000000000
64180  -41.489  -8.256  42.458 0.0000000000
64181  -42.243  -7.974  42.337 0.0000000000
63497  -38.631  -9.912  39.963 0.0000000000
63499  -40.438  -9.677  39.766 0.0000000000
63485  -40.061  -9.309  40.555 0.0000000000
63487  -41.798  -9.067  40.291 0.0000000000
63501  -42.086  -9.236  39.398 0.0000000000
107392  -41.629  -9.360  38.084 0.0000000000
63510  -42.158  -9.185  38.472 0.0000000000
63521  -42.043  -9.007  37.615 0.0000000000
64234  -42.619  -8.527  37.030 0.0000000000
64233  -41.736  -8.819  36.736 0.0000000000
63542  -40.035  -9.128  35.849 0.0000000000
64244  -40.507  -8.816  35.730 0.0000000000
64255  -39.856  -8.739  35.295 0.0000000000
64265  -40.214  -8.211  34.712 0.0000000000
66308  -36.190  -5.239  34.011 0.0000000000
67017  -36.078  -4.337  34.122 0.0000000000
67662  -35.751  -3.748  34.631 0.0000000000
115446  -34.850  -3.273  36.007 0.0000000000
66996  -33.588  -4.720  36.544 0.0000000000
67649  -33.604  -4.022  37.045 0.0000000000
68360  -33.698  -2.680  38.614 0.0000000000
68361  -34.366  -2.578  38.380 0.0000000000
68354  -34.204  -2.298  39.041 0.0000000000
101709  -34.715  -1.821  39.401 0.0000000000
68473  -48.939  -0.654  25.915 0.0000000000
69761  -49.228  0.268  23.993 0.0000000000
68445  -43.776  -2.288  28.770 0.0000000000
68444  -43.236  -2.150  28.152 0.0000000000
69098  -43.298  -1.323  26.522 0.0000000000
69744  -42.489  -0.323  25.184 0.0000000000
106075  -45.356  0.193  24.337 0.0000000000
69759  -45.863  0.037  24.876 0.0000000000
71090  -48.657  1.697  22.989 0.0000000000
70401  -49.103  1.271  23.520 0.0000000000
70409  -49.162  1.055  22.894 0.0000000000
71712  -47.977  2.723  20.854 0.0000000000
71119  -48.055  2.331  20.799 0.0000000000
71118  -47.304  2.373  20.277 0.0000000000
71710  -47.165  3.237  19.873 0.0000000000
71701  -45.568  3.764  21.194 0.0000000000
73080  -46.307  6.174  19.081 0.0000000000
71717  -46.218  3.324  19.514 0.0000000000
71715  -44.444  2.935  19.460 0.0000000000
72380  -45.157  4.486  18.982 0.0000000000
73084  -43.982  6.436  18.913 0.0000000000
109494  -43.505  5.146  19.263 0.0000000000
73078  -42.742  5.326  19.639 0.0000000000
69016  -37.350  -1.572  34.137 0.0000000000
69017  -37.769  -0.968  34.602 0.0000000000
109342  -38.451  -0.187  33.897 0.0000000000
70326  -38.696  0.176  33.380 0.0000000000
70330  -39.169  0.692  33.153 0.0000000000
71022  -40.458  1.573  36.004 0.0000000000
71021  -39.850  1.054  35.466 0.0000000000
103679  -40.321  1.615  35.096 0.0000000000
71029  -40.306  1.848  32.455 0.0000000000
71031  -39.664  1.377  31.957 0.0000000000
71034  -39.574  1.489  31.079 0.0000000000
71631  -40.738  2.515  30.515 0.0000000000
71640  -40.695  2.594  29.793 0.0000000000
115872  -40.580  2.705  28.650 0.0000000000
113833  -41.015  2.976  29.193 0.0000000000
99190  -44.574  3.437  38.360 0.0000000000
72214  -43.721  3.050  37.961 0.0000000000
72215  -44.066  3.857  37.162 0.0000000000
72954  -44.042  4.697  34.863 0.0000000000
72222  -43.429  4.190  35.380 0.0000000000
72964  -43.235  4.253  33.266 0.0000000000
101169  -44.822  5.194  32.741 0.0000000000
72975  -44.233  4.618  32.089 0.0000000000
72992  -43.758  4.309  30.662 0.0000000000
72979  -43.680  4.208  31.553 0.0000000000
72299  -43.111  3.878  31.107 0.0000000000
72280  -43.075  3.792  31.883 0.0000000000
72279  -42.424  3.460  31.455 0.0000000000
73027  -42.940  4.356  27.639 0.0000000000
72319  -42.489  3.835  29.027 0.0000000000
72325  -42.305  3.920  28.135 0.0000000000
72324  -41.552  3.514  27.671 0.0000000000
73035  -42.068  4.149  26.320 0.0000000000
112022  -43.433  5.445  25.519 0.0000000000
74294  -43.008  5.649  24.018 0.0000000000
74276  -46.240  7.049  25.888 0.0000000000
74289  -44.937  6.467  25.435 0.0000000000
74304  -43.761  7.579  22.866 0.0000000000
74312  -43.407  7.234  22.377 0.0000000000
106089  -43.698  8.287  21.171 0.0000000000
74317  -42.825  7.973  20.109 0.0000000000
73688  -41.919  6.766  20.324 0.0000000000
73687  -40.959  6.150  20.993 0.0000000000
75461  -42.914  8.944  24.278 0.0000000000
75471  -42.821  9.547  23.168 0.0000000000
74895  -40.422  8.057  24.433 0.0000000000
102102  -47.219  8.441  31.151 0.0000000000
74239  -44.393  7.223  30.234 0.0000000000
74247  -44.342  7.167  29.528 0.0000000000
74253  -43.748  6.834  28.400 0.0000000000
74246  -43.579  6.690  29.084 0.0000000000
74222  -42.766  6.399  32.361 0.0000000000
74231  -43.043  6.451  31.482 0.0000000000
73607  -42.422  6.003  31.146 0.0000000000
73618  -42.140  5.789  29.775 0.0000000000
73629  -42.088  5.786  28.912 0.0000000000
73643  -41.050  5.630  27.792 0.0000000000
73628  -41.252  5.491  28.556 0.0000000000
73015  -39.858  4.801  28.817 0.0000000000
73626  -39.365  5.006  28.022 0.0000000000
73640  -38.585  5.418  27.356 0.0000000000
105605  -38.640  4.872  28.016 0.0000000000
103396  -38.590  4.403  29.294 0.0000000000
99607  -38.391  4.128  30.049 0.0000000000
72296  -37.914  3.770  30.776 0.0000000000
73596  -39.872  4.970  32.907 0.0000000000
72962  -38.165  4.665  33.328 0.0000000000
72258  -38.019  3.800  32.098 0.0000000000
104989  -37.194  3.697  32.265 0.0000000000
76520  -40.438  10.754  34.905 0.0000000000
75986  -40.045  9.980  35.173 0.0000000000
75985  -39.362  9.488  34.861 0.0000000000
67678  -37.309  -3.724  32.636 0.0000000000
68390  -37.545  -2.969  32.299 0.0000000000
113230  -47.976  9.315  40.333 0.0000000000
75942  -48.312  9.767  39.702 0.0000000000
77027  -47.440  11.422  38.795 0.0000000000
70996  -34.672  1.131  40.888 0.0000000000
65634  -44.793  -6.578  35.920 0.0000000000
64962  -43.496  -7.050  35.437 0.0000000000
64941  -32.978  -7.934  36.839 0.0000000000
64940  -32.416  -7.261  36.902 0.0000000000
69060  -45.914  -1.481  29.872 0.0000000000
102235  -45.502  -1.486  29.262 0.0000000000
70377  -40.988  1.169  25.399 0.0000000000
71071  -41.210  2.032  24.939 0.0000000000
71677  -41.661  2.836  24.524 0.0000000000
71017  -42.540  1.232  38.216 0.0000000000
71609  -41.975  1.658  37.442 0.0000000000
71610  -42.593  2.143  37.570 0.0000000000
72213  -42.973  2.899  37.323 0.0000000000
74234  -47.858  7.341  31.374 0.0000000000
74233  -46.808  6.392  31.196 0.0000000000
74248  -47.649  7.436  29.821 0.0000000000
74254  -47.522  7.583  28.152 0.0000000000
74869  -47.582  8.151  27.164 0.0000000000
75442  -47.123  8.415  26.568 0.0000000000
74868  -47.026  8.377  27.549 0.0000000000
111304  -40.507  7.611  35.270 0.0000000000
67723  -40.309  -3.303  29.386 0.0000000000
106329  -38.069  -1.448  30.792 0.0000000000
69058  -38.407  -1.556  29.793 0.0000000000
69701  -38.521  -0.592  29.430 0.0000000000
70352  -38.714  0.122  29.147 0.0000000000
72904  -45.883  3.784  40.934 0.0000000000
72916  -46.224  3.815  40.621 0.0000000000
72917  -46.666  4.390  40.775 0.0000000000
73542  -47.419  4.833  39.593 0.0000000000
73548  -48.995  6.515  37.924 0.0000000000
74184  -49.330  6.894  36.033 0.0000000000
112475  -49.102  7.607  34.023 0.0000000000
75384  -45.754  8.304  37.058 0.0000000000
97894  -44.083  8.647  36.676 0.0000000000
71709  -43.349  2.413  19.900 0.0000000000
105859  -36.066  -1.359  37.139 0.0000000000
69631  -38.181  -1.142  40.315 0.0000000000
69632  -39.051  -0.886  40.425 0.0000000000
69633  -40.128  -1.185  40.318 0.0000000000
69634  -41.039  -1.244  40.150 0.0000000000
101260  -40.712  -0.337  40.433 0.0000000000
105171  -41.298  0.459  40.485 0.0000000000
114039  -40.484  4.578  39.602 0.0000000000
109984  -40.997  4.137  40.124 0.0000000000
72913  -41.319  4.659  39.707 0.0000000000
72915  -43.153  4.649  40.221 0.0000000000
69030  -48.115  -0.602  31.879 0.0000000000
67028  -45.549  -4.465  33.472 0.0000000000
109305  -45.247  -4.209  32.725 0.0000000000
67034  -43.760  -4.614  31.954 0.0000000000
66343  -43.153  -4.938  31.882 0.0000000000
66342  -42.416  -5.208  31.760 0.0000000000
65666  -41.303  -6.639  33.097 0.0000000000
65665  -40.485  -6.769  32.964 0.0000000000
65674  -38.378  -6.091  32.611 0.0000000000
62729  -38.147  -10.323  39.119 0.0000000000
62730  -39.086  -10.268  39.216 0.0000000000
62731  -39.958  -10.147  39.106 0.0000000000
63508  -40.782  -9.835  38.963 0.0000000000
98913  -41.020  -9.633  38.157 0.0000000000
63532  -40.942  -9.262  36.761 0.0000000000
113303  -40.338  -9.491  36.722 0.0000000000
102765  -39.867  -9.449  36.313 0.0000000000
63540  -38.566  -9.323  35.712 0.0000000000
66307  -35.611  -5.654  34.576 0.0000000000
67006  -35.217  -4.320  34.976 0.0000000000
67655  -34.598  -3.821  36.023 0.0000000000
99540  -49.275  0.630  25.759 0.0000000000
69749  -49.081  0.912  25.253 0.0000000000
68456  -42.604  -1.975  27.575 0.0000000000
112386  -42.776  -1.606  26.983 0.0000000000
70384  -43.571  0.367  24.049 0.0000000000
116820  -44.778  0.643  23.529 0.0000000000
70398  -45.555  0.626  23.698 0.0000000000
70399  -46.936  0.993  23.726 0.0000000000
71089  -47.610  1.648  23.127 0.0000000000
71695  -48.356  2.285  21.779 0.0000000000
71704  -48.046  2.699  21.174 0.0000000000
72369  -47.589  3.186  20.503 0.0000000000
105140  -45.004  4.687  20.798 0.0000000000
73073  -46.006  6.067  19.612 0.0000000000
73086  -45.847  6.165  18.845 0.0000000000
101187  -45.131  7.033  18.780 0.0000000000
73700  -44.498  7.577  18.949 0.0000000000
69659  -38.217  -0.304  35.981 0.0000000000
69663  -38.244  -0.445  35.071 0.0000000000
71618  -40.906  2.252  34.897 0.0000000000
71025  -40.388  1.689  34.217 0.0000000000
71622  -40.896  2.320  32.872 0.0000000000
71625  -40.836  2.361  32.090 0.0000000000
71629  -41.334  2.825  30.998 0.0000000000
72929  -44.793  4.469  36.627 0.0000000000
72928  -44.047  4.326  36.083 0.0000000000
115815  -44.067  4.801  33.841 0.0000000000
72993  -44.555  4.803  30.315 0.0000000000
115821  -44.013  4.497  30.107 0.0000000000
98020  -43.531  4.278  29.841 0.0000000000
72310  -42.798  3.884  29.822 0.0000000000
73016  -43.058  4.232  28.518 0.0000000000
97051  -42.764  4.499  26.768 0.0000000000
73043  -43.316  5.059  26.233 0.0000000000
117074  -45.838  8.408  24.206 0.0000000000
74898  -45.148  7.831  23.918 0.0000000000
74908  -45.490  8.970  23.449 0.0000000000
74917  -44.066  9.142  22.023 0.0000000000
74922  -43.224  8.503  21.098 0.0000000000
74921  -42.206  8.409  21.031 0.0000000000
98125  -41.659  8.715  21.601 0.0000000000
75479  -41.325  8.880  22.259 0.0000000000
74887  -42.757  8.038  25.296 0.0000000000
74896  -41.901  8.179  24.764 0.0000000000
74886  -41.878  7.607  25.422 0.0000000000
104286  -41.025  7.692  25.129 0.0000000000
74842  -45.501  7.739  31.720 0.0000000000
101168  -43.696  6.786  30.811 0.0000000000
73001  -39.368  4.526  29.485 0.0000000000
72990  -39.270  4.379  30.283 0.0000000000
72963  -39.022  4.779  33.157 0.0000000000
73586  -36.932  5.268  33.970 0.0000000000
68413  -38.418  -3.328  30.721 0.0000000000
69048  -37.915  -2.108  31.260 0.0000000000
69680  -38.232  -0.582  31.293 0.0000000000
70332  -38.585  0.172  31.792 0.0000000000
74149  -47.982  6.395  40.597 0.0000000000
74770  -48.454  6.881  40.196 0.0000000000
74771  -48.827  7.334  39.498 0.0000000000
74786  -49.033  7.429  37.996 0.0000000000
75956  -47.599  10.052  38.487 0.0000000000
111506  -35.388  -1.866  39.267 0.0000000000
100544  -36.063  -1.652  39.443 0.0000000000
69642  -36.339  -1.226  39.967 0.0000000000
70298  -36.058  0.429  40.571 0.0000000000
70299  -36.902  0.567  40.585 0.0000000000
66309  -44.583  -5.583  34.257 0.0000000000
66318  -44.380  -5.307  33.522 0.0000000000
66317  -43.677  -5.483  33.096 0.0000000000
65655  -42.552  -6.609  33.960 0.0000000000
116238  -42.808  -6.753  34.427 0.0000000000
64983  -41.777  -6.888  33.816 0.0000000000
64972  -39.729  -7.755  34.091 0.0000000000
63482  -37.300  -9.258  40.666 0.0000000000
63495  -36.775  -9.697  40.051 0.0000000000
62727  -36.172  -10.067  39.388 0.0000000000
62728  -37.106  -10.229  39.272 0.0000000000
62739  -37.416  -10.463  38.381 0.0000000000
115144  -34.129  -6.222  35.822 0.0000000000
66995  -32.892  -5.034  36.742 0.0000000000
66292  -32.479  -5.655  36.794 0.0000000000
69095  -40.975  -0.984  26.825 0.0000000000
70383  -42.298  0.443  24.635 0.0000000000
103147  -42.862  0.571  24.160 0.0000000000
70396  -43.171  0.951  23.630 0.0000000000
71099  -44.996  1.881  22.435 0.0000000000
71691  -43.714  2.653  22.229 0.0000000000
110428  -43.461  3.296  21.991 0.0000000000
72365  -43.831  4.410  21.508 0.0000000000
105065  -43.417  6.116  21.824 0.0000000000
70317  -40.267  0.591  37.096 0.0000000000
71023  -41.139  2.298  35.953 0.0000000000
100581  -41.532  2.848  34.494 0.0000000000
73582  -46.146  5.703  34.026 0.0000000000
73593  -45.892  5.730  33.158 0.0000000000
73608  -45.237  5.226  30.883 0.0000000000
73619  -45.026  5.217  29.254 0.0000000000
73630  -45.419  5.507  28.481 0.0000000000
73645  -44.990  5.593  27.139 0.0000000000
74265  -47.575  7.892  26.834 0.0000000000
74278  -47.285  7.864  26.050 0.0000000000
74290  -46.724  7.931  25.388 0.0000000000
74909  -46.003  9.020  23.982 0.0000000000
76036  -45.882  9.510  24.050 0.0000000000
76034  -44.769  10.100  23.152 0.0000000000
76041  -43.940  10.132  22.507 0.0000000000
75463  -45.212  9.719  24.201 0.0000000000
75462  -44.147  9.538  24.177 0.0000000000
74875  -45.432  8.613  26.138 0.0000000000
74888  -43.756  8.325  25.573 0.0000000000
97980  -43.191  7.658  26.003 0.0000000000
74275  -43.114  7.106  26.760 0.0000000000
74216  -43.800  6.939  33.407 0.0000000000
73598  -41.471  5.593  32.219 0.0000000000
73579  -39.089  5.950  34.189 0.0000000000
68430  -43.379  -2.790  29.308 0.0000000000
68455  -41.734  -2.102  27.674 0.0000000000
69084  -41.282  -1.530  27.212 0.0000000000
68426  -39.510  -2.822  29.420 0.0000000000
68440  -39.764  -2.242  28.786 0.0000000000
69072  -39.992  -1.674  28.155 0.0000000000
69721  -40.455  -0.463  26.866 0.0000000000
70359  -39.516  0.268  27.577 0.0000000000
115512  -40.174  1.004  26.522 0.0000000000
71064  -40.230  1.623  26.652 0.0000000000
116087  -40.256  2.080  27.068 0.0000000000
71602  -44.765  2.398  39.954 0.0000000000
72920  -46.222  3.928  39.579 0.0000000000
72940  -45.495  4.929  36.254 0.0000000000
73568  -46.144  5.379  35.584 0.0000000000
73543  -48.044  5.439  39.421 0.0000000000
100538  -47.571  5.357  38.321 0.0000000000
74218  -48.495  7.071  33.334 0.0000000000
74226  -48.211  7.366  32.378 0.0000000000
74235  -48.425  7.967  31.167 0.0000000000
74855  -47.728  8.295  30.153 0.0000000000
74850  -47.780  8.406  30.820 0.0000000000
74843  -46.958  8.352  31.915 0.0000000000
74811  -45.943  7.335  35.902 0.0000000000
74209  -44.454  7.169  33.970 0.0000000000
111001  -42.325  7.718  35.827 0.0000000000
75396  -41.892  8.872  36.111 0.0000000000
69015  -36.755  -2.107  34.458 0.0000000000
109892  -37.543  -0.675  36.078 0.0000000000
69660  -38.670  -0.140  36.856 0.0000000000
69655  -39.259  -0.259  37.658 0.0000000000
69001  -37.796  -1.546  38.946 0.0000000000
70311  -40.054  -0.024  37.710 0.0000000000
70313  -41.493  0.048  38.373 0.0000000000
69644  -41.632  -1.073  39.796 0.0000000000
70307  -42.055  -0.419  39.400 0.0000000000
71010  -42.374  0.359  38.803 0.0000000000
72200  -41.284  3.397  40.531 0.0000000000
101424  -42.557  1.790  40.515 0.0000000000
117231  -43.151  1.547  40.360 0.0000000000
71601  -44.229  2.019  40.096 0.0000000000
71598  -44.684  2.659  40.529 0.0000000000
72204  -45.253  3.208  40.856 0.0000000000
74147  -46.416  5.578  40.731 0.0000000000
101604  -44.713  7.064  39.528 0.0000000000
67728  -44.617  -2.710  30.171 0.0000000000
113919  -46.124  -2.800  31.894 0.0000000000
67680  -45.673  -3.532  32.326 0.0000000000
67712  -42.345  -3.917  30.215 0.0000000000
67065  -40.912  -4.434  30.447 0.0000000000
66327  -41.223  -5.810  31.996 0.0000000000
66340  -40.825  -5.375  31.434 0.0000000000
67044  -39.620  -4.659  31.032 0.0000000000
67043  -38.908  -4.471  31.225 0.0000000000
64900  -42.919  -7.665  42.219 0.0000000000
64192  -42.543  -8.053  41.644 0.0000000000
63472  -38.510  -8.884  41.265 0.0000000000
64202  -39.758  -8.841  41.183 0.0000000000
64203  -40.507  -8.787  41.173 0.0000000000
64204  -41.363  -8.691  41.077 0.0000000000
98176  -43.041  -8.316  40.983 0.0000000000
64206  -43.646  -8.424  40.308 0.0000000000
64215  -43.536  -8.608  39.391 0.0000000000
64214  -42.820  -8.925  38.975 0.0000000000
64223  -43.458  -8.548  38.438 0.0000000000
64942  -43.903  -7.959  37.260 0.0000000000
64952  -43.369  -8.050  36.771 0.0000000000
64951  -42.718  -8.099  36.229 0.0000000000
64257  -41.846  -8.307  35.774 0.0000000000
64245  -41.092  -8.811  36.145 0.0000000000
64256  -41.030  -8.502  35.569 0.0000000000
64971  -38.797  -7.760  34.040 0.0000000000
63529  -38.198  -9.749  36.271 0.0000000000
63539  -37.734  -9.359  35.690 0.0000000000
64253  -38.061  -8.859  35.156 0.0000000000
64263  -38.395  -8.299  34.617 0.0000000000
101278  -36.276  -2.914  34.498 0.0000000000
67650  -34.122  -3.956  36.605 0.0000000000
68366  -34.453  -2.819  37.570 0.0000000000
69640  -33.471  -0.999  39.802 0.0000000000
69628  -33.927  -0.351  40.150 0.0000000000
70297  -34.344  0.349  40.487 0.0000000000
109971  -47.906  -1.763  25.302 0.0000000000
68481  -48.457  -1.051  24.612 0.0000000000
68490  -47.959  -1.434  23.793 0.0000000000
69086  -44.619  -1.317  27.530 0.0000000000
69106  -42.911  -0.930  25.812 0.0000000000
69757  -43.901  -0.199  24.587 0.0000000000
69746  -45.145  -0.439  25.507 0.0000000000
69747  -46.681  0.176  25.525 0.0000000000
70378  -48.715  0.999  24.882 0.0000000000
70388  -48.971  1.179  24.303 0.0000000000
69762  -49.288  0.947  24.066 0.0000000000
69769  -49.035  -0.077  23.231 0.0000000000
69134  -48.318  -0.630  22.764 0.0000000000
69776  -48.051  -0.332  22.223 0.0000000000
70416  -47.359  0.509  21.241 0.0000000000
70429  -48.254  1.457  21.339 0.0000000000
70428  -46.391  0.525  20.803 0.0000000000
104752  -46.297  1.432  20.349 0.0000000000
99712  -45.153  1.462  20.083 0.0000000000
72368  -47.278  3.915  20.200 0.0000000000
72366  -46.376  4.856  20.221 0.0000000000
72367  -47.040  4.507  20.148 0.0000000000
109598  -47.366  3.770  20.075 0.0000000000
71124  -45.200  2.471  19.597 0.0000000000
72379  -43.726  4.290  19.317 0.0000000000
71708  -42.915  3.159  19.861 0.0000000000
69665  -38.202  -0.520  34.402 0.0000000000
71026  -39.777  1.170  33.691 0.0000000000
70333  -39.142  0.757  32.299 0.0000000000
71043  -39.541  1.593  30.169 0.0000000000
71044  -40.155  2.172  29.947 0.0000000000
71646  -40.267  2.396  28.202 0.0000000000
71656  -40.905  3.042  27.148 0.0000000000
72219  -43.383  3.787  36.311 0.0000000000
72221  -42.689  3.589  35.717 0.0000000000
99705  -42.160  3.431  33.522 0.0000000000
115059  -44.408  4.992  33.287 0.0000000000
72262  -42.963  3.875  32.547 0.0000000000
72244  -42.557  3.681  33.045 0.0000000000
72297  -41.895  3.258  30.749 0.0000000000
72309  -41.965  3.429  29.755 0.0000000000
72339  -41.571  3.597  25.803 0.0000000000
101456  -42.609  4.600  26.024 0.0000000000
74288  -43.903  6.053  25.098 0.0000000000
74897  -44.253  7.300  23.698 0.0000000000
74295  -43.638  6.390  24.087 0.0000000000
73683  -43.302  6.777  22.051 0.0000000000
74319  -44.484  8.296  19.737 0.0000000000
74323  -43.706  8.220  19.622 0.0000000000
73693  -42.291  6.069  20.010 0.0000000000
75460  -40.933  8.559  23.735 0.0000000000
74854  -47.038  8.365  29.628 0.0000000000
74853  -45.643  7.799  29.266 0.0000000000
114849  -44.954  7.503  29.812 0.0000000000
74262  -42.544  6.443  27.466 0.0000000000
74223  -43.571  6.771  32.121 0.0000000000
103591  -42.694  6.180  30.065 0.0000000000
115306  -41.912  6.200  27.295 0.0000000000
74261  -41.276  6.025  27.128 0.0000000000
74260  -40.527  6.124  26.729 0.0000000000
73654  -39.821  6.002  26.709 0.0000000000
73627  -40.339  5.271  28.118 0.0000000000
73653  -38.958  5.958  26.690 0.0000000000
73000  -37.780  4.303  29.300 0.0000000000
72259  -38.741  4.095  31.793 0.0000000000
72969  -36.811  3.957  33.011 0.0000000000
77040  -45.482  11.822  36.912 0.0000000000
76505  -42.957  10.646  36.375 0.0000000000
111946  -42.367  10.358  36.248 0.0000000000
75975  -41.328  9.564  35.900 0.0000000000
76521  -41.188  10.996  35.282 0.0000000000
75974  -40.482  9.310  35.523 0.0000000000
75973  -39.816  8.851  35.231 0.0000000000
97097  -38.971  7.876  34.788 0.0000000000
74821  -38.437  7.423  34.607 0.0000000000
62751  -39.070  -10.205  37.347 0.0000000000
63541  -39.398  -9.230  35.774 0.0000000000
64236  -44.059  -8.190  37.939 0.0000000000
69635  -41.604  -1.109  40.022 0.0000000000
71091  -49.014  1.517  22.768 0.0000000000
71102  -48.762  1.922  22.262 0.0000000000
72376  -46.852  4.556  19.746 0.0000000000
72381  -45.994  4.294  19.098 0.0000000000
73087  -46.627  4.711  19.514 0.0000000000
73555  -48.755  6.396  36.525 0.0000000000
73614  -46.201  5.934  30.636 0.0000000000
74329  -44.372  8.110  19.314 0.0000000000
74844  -47.921  8.410  31.470 0.0000000000
74845  -48.450  8.104  31.279 0.0000000000
74899  -46.387  8.512  24.763 0.0000000000
75426  -48.255  8.245  31.105 0.0000000000
75483  -44.386  10.176  22.324 0.0000000000
76028  -45.984  9.412  24.342 0.0000000000
76035  -45.562  9.668  23.694 0.0000000000
76047  -44.029  10.154  21.958 0.0000000000
77021  -47.182  12.233  38.799 0.0000000000
100062  -44.523  9.136  24.989 0.0000000000
111205  -41.170  -1.429  39.975 0.0000000000
116494  -39.707  -1.929  39.981 0.0000000000
117144  -43.939  -6.751  35.411 0.0000000000
