#!ascii label  , from subject sub-v1s23x0050554_ses-1 vox2ras=TkReg
1834
48001  38.109  -31.910  62.242 0.0000000000
37732  27.323  -44.024  63.668 0.0000000000
29432  20.386  -53.391  62.678 0.0000000000
103755  14.238  -56.494  64.973 0.0000000000
30853  30.911  -50.882  66.646 0.0000000000
117473  25.642  -48.244  59.059 0.0000000000
40358  40.710  -42.342  65.160 0.0000000000
51441  43.083  -28.054  56.292 0.0000000000
47913  37.404  -31.025  68.620 0.0000000000
43739  28.560  -36.547  62.555 0.0000000000
38732  26.712  -42.634  53.910 0.0000000000
26731  23.342  -56.238  66.898 0.0000000000
27696  17.357  -55.248  63.765 0.0000000000
25071  19.096  -58.135  68.601 0.0000000000
29407  26.859  -53.670  64.450 0.0000000000
49612  39.430  -29.606  70.437 0.0000000000
35027  29.311  -46.791  69.357 0.0000000000
39399  31.713  -41.602  69.459 0.0000000000
43671  32.032  -36.842  68.275 0.0000000000
40377  28.287  -40.452  62.984 0.0000000000
40476  28.740  -40.292  57.227 0.0000000000
38654  31.002  -42.985  59.044 0.0000000000
34271  20.061  -47.899  58.051 0.0000000000
112742  21.561  -46.325  54.415 0.0000000000
110118  39.730  -29.770  58.839 0.0000000000
48958  38.015  -30.860  54.514 0.0000000000
31769  17.700  -50.753  60.058 0.0000000000
29447  15.197  -53.370  60.652 0.0000000000
34227  30.132  -46.878  63.990 0.0000000000
35166  30.975  -46.888  60.058 0.0000000000
30917  30.083  -50.989  62.165 0.0000000000
31749  23.838  -50.952  61.341 0.0000000000
44519  41.754  -35.669  64.663 0.0000000000
26663  15.276  -57.049  73.601 0.0000000000
28482  13.443  -54.458  69.291 0.0000000000
50581  42.902  -28.068  62.168 0.0000000000
49659  39.786  -30.009  65.753 0.0000000000
45251  42.720  -34.698  68.275 0.0000000000
43680  37.819  -36.928  67.647 0.0000000000
45315  35.810  -34.874  63.541 0.0000000000
118082  34.986  -32.164  72.510 0.0000000000
109849  33.410  -33.050  65.724 0.0000000000
44586  31.317  -35.665  59.543 0.0000000000
43027  30.871  -38.004  55.313 0.0000000000
35238  27.071  -46.207  55.600 0.0000000000
25845  24.594  -57.776  69.316 0.0000000000
25870  21.560  -57.296  68.000 0.0000000000
25041  22.198  -58.477  70.374 0.0000000000
115556  27.148  -56.856  68.117 0.0000000000
36872  28.229  -44.347  66.635 0.0000000000
38594  28.999  -42.910  66.103 0.0000000000
39427  30.261  -41.398  66.377 0.0000000000
99985  27.528  -42.286  63.038 0.0000000000
38643  26.784  -43.033  59.941 0.0000000000
37748  27.630  -44.334  60.800 0.0000000000
33490  17.403  -48.463  57.058 0.0000000000
34320  18.682  -47.242  55.404 0.0000000000
48891  38.709  -30.770  60.477 0.0000000000
104994  37.990  -30.896  58.125 0.0000000000
47159  37.392  -32.808  60.063 0.0000000000
30940  19.355  -51.792  61.343 0.0000000000
30215  15.841  -51.923  59.921 0.0000000000
29441  17.415  -53.030  61.997 0.0000000000
26762  15.764  -56.553  64.746 0.0000000000
28559  14.970  -54.828  62.269 0.0000000000
27699  13.757  -55.488  63.288 0.0000000000
27686  12.097  -55.402  64.216 0.0000000000
35100  26.139  -46.379  65.026 0.0000000000
33384  30.102  -48.406  64.601 0.0000000000
32585  32.822  -48.792  63.604 0.0000000000
30904  32.021  -51.351  64.190 0.0000000000
29422  23.678  -53.496  63.504 0.0000000000
30183  25.532  -52.399  62.831 0.0000000000
106389  21.949  -52.158  61.887 0.0000000000
104354  20.076  -50.532  60.539 0.0000000000
42923  41.852  -37.562  64.983 0.0000000000
43736  42.069  -36.299  62.723 0.0000000000
114920  40.486  -39.071  62.642 0.0000000000
30078  11.784  -53.057  71.018 0.0000000000
47948  40.906  -31.741  67.050 0.0000000000
48799  42.252  -30.247  67.892 0.0000000000
47013  38.305  -31.023  70.444 0.0000000000
45222  38.700  -34.695  71.073 0.0000000000
46144  37.780  -33.815  68.513 0.0000000000
43701  36.210  -36.158  65.262 0.0000000000
111386  37.090  -32.690  65.843 0.0000000000
43703  30.330  -36.435  65.502 0.0000000000
45256  32.611  -34.937  67.542 0.0000000000
45318  30.833  -34.906  64.180 0.0000000000
46233  32.049  -33.583  62.681 0.0000000000
44579  29.362  -35.052  60.421 0.0000000000
43786  30.141  -36.331  57.956 0.0000000000
104555  28.052  -36.283  59.201 0.0000000000
40507  30.014  -40.232  54.957 0.0000000000
33439  28.269  -48.207  58.825 0.0000000000
35193  28.918  -46.818  57.995 0.0000000000
34282  26.676  -47.856  57.130 0.0000000000
35295  22.589  -46.614  52.326 0.0000000000
51479  43.429  -27.400  52.531 0.0000000000
50675  42.389  -28.327  54.097 0.0000000000
27679  22.160  -55.128  64.837 0.0000000000
28549  19.563  -54.521  63.601 0.0000000000
27671  19.880  -55.790  65.180 0.0000000000
26736  18.816  -56.765  66.186 0.0000000000
25886  16.389  -57.534  66.692 0.0000000000
30102  30.291  -52.554  67.908 0.0000000000
29403  31.003  -53.349  65.239 0.0000000000
106018  29.295  -55.200  66.801 0.0000000000
27665  25.543  -55.123  65.906 0.0000000000
51288  40.451  -27.696  68.638 0.0000000000
48730  37.022  -29.697  71.597 0.0000000000
107794  31.306  -39.225  68.601 0.0000000000
42065  29.861  -38.894  66.194 0.0000000000
42127  28.217  -38.280  62.909 0.0000000000
42164  26.449  -38.511  59.199 0.0000000000
40421  26.340  -40.687  60.006 0.0000000000
39544  30.132  -41.924  58.365 0.0000000000
37833  29.793  -43.222  56.777 0.0000000000
33466  22.683  -47.757  58.636 0.0000000000
34304  23.945  -46.788  56.794 0.0000000000
35225  21.358  -46.666  56.369 0.0000000000
50640  40.860  -29.091  57.594 0.0000000000
49799  40.442  -29.444  55.378 0.0000000000
49788  38.841  -30.388  56.603 0.0000000000
99996  16.134  -53.933  62.095 0.0000000000
36029  27.101  -45.297  65.951 0.0000000000
36069  27.665  -45.556  63.634 0.0000000000
36924  29.421  -45.250  61.706 0.0000000000
110462  32.285  -46.019  62.628 0.0000000000
32606  30.533  -49.078  60.873 0.0000000000
32609  27.478  -49.614  60.235 0.0000000000
30180  28.313  -52.178  62.896 0.0000000000
30933  26.382  -51.063  61.761 0.0000000000
112868  23.799  -49.177  60.225 0.0000000000
33447  20.874  -49.027  59.421 0.0000000000
32646  18.196  -49.061  58.687 0.0000000000
105145  38.598  -34.218  63.700 0.0000000000
45376  38.047  -34.209  61.012 0.0000000000
44552  40.134  -35.295  62.590 0.0000000000
25043  17.326  -58.685  70.903 0.0000000000
25860  15.286  -58.004  68.763 0.0000000000
27613  14.291  -55.967  70.754 0.0000000000
26719  13.897  -56.321  66.939 0.0000000000
50626  42.626  -28.290  59.432 0.0000000000
50600  41.323  -28.922  60.501 0.0000000000
49710  40.049  -29.816  62.350 0.0000000000
48846  38.828  -31.069  64.225 0.0000000000
46177  39.198  -33.231  65.475 0.0000000000
44492  41.943  -35.376  66.464 0.0000000000
42897  41.100  -37.694  67.195 0.0000000000
105736  41.859  -32.068  69.364 0.0000000000
43668  40.012  -37.268  69.513 0.0000000000
41250  38.530  -40.183  66.664 0.0000000000
42097  36.220  -39.268  64.938 0.0000000000
42935  34.937  -37.702  63.496 0.0000000000
48768  35.401  -30.670  69.995 0.0000000000
45224  34.012  -34.740  70.105 0.0000000000
46127  34.195  -32.802  69.063 0.0000000000
47951  35.091  -31.140  66.490 0.0000000000
47128  35.499  -32.639  63.680 0.0000000000
45362  33.409  -34.401  61.112 0.0000000000
42191  30.046  -39.089  56.223 0.0000000000
36144  30.705  -44.717  59.712 0.0000000000
36167  29.358  -44.812  57.188 0.0000000000
37016  27.628  -44.424  55.153 0.0000000000
35258  24.190  -46.806  54.500 0.0000000000
36209  25.592  -45.716  53.596 0.0000000000
25053  23.267  -58.247  69.791 0.0000000000
26677  22.806  -56.911  70.849 0.0000000000
37717  27.737  -43.836  65.230 0.0000000000
37710  28.562  -43.645  66.378 0.0000000000
38605  28.116  -43.093  64.920 0.0000000000
38614  28.441  -42.373  64.599 0.0000000000
102632  27.522  -43.067  63.696 0.0000000000
37739  26.855  -43.691  61.971 0.0000000000
36926  27.272  -44.394  61.687 0.0000000000
48010  38.231  -31.384  60.923 0.0000000000
48017  38.099  -31.312  60.031 0.0000000000
47153  37.545  -32.791  61.040 0.0000000000
30189  19.926  -53.002  62.317 0.0000000000
30200  18.310  -52.604  61.806 0.0000000000
29433  19.540  -53.542  62.666 0.0000000000
26763  14.843  -56.443  64.562 0.0000000000
26775  14.706  -55.713  63.459 0.0000000000
116501  14.248  -56.252  64.416 0.0000000000
27685  13.051  -55.631  63.913 0.0000000000
26764  13.631  -56.098  64.576 0.0000000000
31684  28.267  -50.814  65.296 0.0000000000
32549  28.648  -49.638  64.256 0.0000000000
101595  27.796  -48.563  63.288 0.0000000000
32534  31.344  -49.142  66.009 0.0000000000
32546  33.329  -49.144  65.282 0.0000000000
31670  32.446  -50.743  66.103 0.0000000000
29424  21.740  -53.676  63.253 0.0000000000
107669  22.873  -52.740  62.605 0.0000000000
30187  21.559  -52.682  62.279 0.0000000000
30198  20.637  -52.108  61.682 0.0000000000
42096  40.710  -39.522  65.083 0.0000000000
42112  41.229  -38.309  64.463 0.0000000000
42113  40.660  -39.351  63.931 0.0000000000
51323  40.917  -27.062  66.468 0.0000000000
49646  41.255  -28.961  67.299 0.0000000000
50502  41.295  -28.426  67.530 0.0000000000
47912  37.812  -31.349  69.647 0.0000000000
105964  38.259  -32.466  69.903 0.0000000000
47041  37.820  -31.970  68.847 0.0000000000
46160  37.421  -33.525  67.100 0.0000000000
100969  37.364  -31.688  67.061 0.0000000000
43729  29.208  -36.484  63.796 0.0000000000
44510  30.676  -35.753  65.271 0.0000000000
44544  29.549  -35.679  63.315 0.0000000000
45350  30.432  -34.565  62.692 0.0000000000
44570  28.641  -35.760  61.411 0.0000000000
43769  28.528  -35.777  59.639 0.0000000000
43756  28.061  -36.192  60.932 0.0000000000
33462  26.518  -48.268  58.556 0.0000000000
33486  27.052  -48.126  57.814 0.0000000000
33463  25.694  -47.915  58.221 0.0000000000
51460  43.066  -28.085  54.540 0.0000000000
50667  42.365  -28.376  54.940 0.0000000000
27654  22.931  -55.742  66.065 0.0000000000
27680  21.343  -55.265  64.809 0.0000000000
26744  21.970  -55.961  65.978 0.0000000000
25859  20.017  -57.889  68.491 0.0000000000
25882  20.141  -57.011  67.021 0.0000000000
25873  18.762  -57.580  67.356 0.0000000000
25885  17.316  -57.398  66.520 0.0000000000
25874  17.889  -57.731  67.282 0.0000000000
29357  28.956  -53.278  68.214 0.0000000000
28488  30.818  -54.262  68.156 0.0000000000
109037  29.294  -54.966  68.782 0.0000000000
26713  25.163  -56.403  67.577 0.0000000000
27650  26.244  -55.558  66.632 0.0000000000
27652  24.438  -55.684  66.430 0.0000000000
28531  24.080  -54.855  65.261 0.0000000000
97916  31.607  -43.432  69.321 0.0000000000
38548  32.161  -42.302  70.624 0.0000000000
40291  32.225  -40.810  70.670 0.0000000000
102039  32.576  -39.125  70.837 0.0000000000
40311  31.367  -40.842  68.841 0.0000000000
40348  29.316  -41.035  64.753 0.0000000000
112746  30.196  -39.778  66.675 0.0000000000
110232  29.454  -39.805  65.215 0.0000000000
42099  29.153  -38.537  65.013 0.0000000000
111964  28.465  -39.747  63.195 0.0000000000
104064  27.602  -39.603  61.778 0.0000000000
40405  27.529  -40.446  61.797 0.0000000000
37778  28.989  -43.465  59.491 0.0000000000
38657  27.202  -42.635  59.272 0.0000000000
39527  30.830  -42.514  58.612 0.0000000000
38688  31.099  -42.275  57.907 0.0000000000
37817  31.011  -42.995  58.196 0.0000000000
105616  20.951  -47.874  58.301 0.0000000000
34287  21.833  -47.141  57.482 0.0000000000
34305  20.328  -47.253  57.001 0.0000000000
50628  40.921  -29.038  58.545 0.0000000000
49769  40.216  -29.494  57.115 0.0000000000
49756  39.252  -30.087  58.218 0.0000000000
104527  37.511  -31.453  56.996 0.0000000000
31786  16.922  -49.837  58.820 0.0000000000
30965  15.828  -50.880  58.823 0.0000000000
27695  18.223  -55.112  63.911 0.0000000000
28557  17.355  -54.341  62.790 0.0000000000
28551  16.914  -54.884  63.177 0.0000000000
28560  14.019  -54.651  61.925 0.0000000000
28568  14.846  -54.353  61.612 0.0000000000
102537  27.713  -46.864  63.380 0.0000000000
36030  26.709  -45.954  65.356 0.0000000000
103051  27.311  -46.048  63.928 0.0000000000
102948  27.303  -45.320  64.455 0.0000000000
36068  28.646  -45.936  63.206 0.0000000000
35153  30.822  -45.867  62.953 0.0000000000
35121  31.325  -46.385  63.633 0.0000000000
32587  31.439  -49.919  62.282 0.0000000000
32596  31.913  -49.110  62.103 0.0000000000
32598  30.084  -49.838  61.193 0.0000000000
32607  28.956  -49.695  60.287 0.0000000000
31758  28.278  -50.104  60.680 0.0000000000
29405  28.889  -53.670  64.718 0.0000000000
30152  30.282  -52.999  64.356 0.0000000000
29417  28.333  -53.129  64.055 0.0000000000
30935  24.416  -51.441  61.782 0.0000000000
30921  25.922  -51.741  62.316 0.0000000000
31748  24.724  -50.784  61.388 0.0000000000
31761  24.992  -50.110  60.943 0.0000000000
118058  23.731  -49.806  60.611 0.0000000000
32632  22.275  -49.141  59.879 0.0000000000
32612  22.142  -49.739  60.301 0.0000000000
31767  19.363  -50.592  60.425 0.0000000000
32615  19.835  -50.041  60.066 0.0000000000
31777  18.126  -50.142  59.679 0.0000000000
45313  39.166  -34.749  64.058 0.0000000000
45333  39.187  -34.981  62.809 0.0000000000
110337  40.792  -35.384  63.087 0.0000000000
101469  41.557  -35.684  61.746 0.0000000000
25021  16.243  -58.538  71.989 0.0000000000
25075  15.868  -58.281  69.396 0.0000000000
25836  15.434  -57.987  70.911 0.0000000000
117281  13.327  -54.562  70.936 0.0000000000
27630  13.951  -55.346  69.874 0.0000000000
27635  14.353  -55.972  69.099 0.0000000000
27641  13.589  -55.336  67.351 0.0000000000
27656  12.552  -54.964  66.062 0.0000000000
28522  12.098  -54.352  66.624 0.0000000000
51423  43.477  -27.883  58.247 0.0000000000
50612  42.958  -28.162  60.402 0.0000000000
50582  41.651  -28.693  61.719 0.0000000000
49721  40.695  -29.356  61.010 0.0000000000
49709  40.770  -29.287  62.019 0.0000000000
49684  39.790  -29.504  64.280 0.0000000000
48858  39.224  -30.434  63.653 0.0000000000
48831  39.012  -31.091  64.963 0.0000000000
47096  38.877  -32.424  65.091 0.0000000000
47968  39.134  -31.626  65.466 0.0000000000
46143  42.349  -32.996  67.447 0.0000000000
106635  41.204  -33.893  66.799 0.0000000000
45277  42.751  -35.442  67.442 0.0000000000
43688  42.577  -36.599  66.880 0.0000000000
43678  42.458  -36.577  67.658 0.0000000000
114207  40.292  -29.624  69.936 0.0000000000
47890  41.583  -31.106  69.389 0.0000000000
47891  40.581  -31.046  69.889 0.0000000000
108107  38.864  -36.401  69.659 0.0000000000
44437  39.145  -35.963  70.694 0.0000000000
43679  38.732  -37.169  68.277 0.0000000000
42040  39.633  -38.194  67.528 0.0000000000
42062  37.967  -38.979  66.681 0.0000000000
41264  37.743  -40.064  65.984 0.0000000000
42063  37.200  -38.119  66.417 0.0000000000
43712  35.835  -35.808  64.315 0.0000000000
109437  35.783  -36.897  64.746 0.0000000000
43728  34.697  -36.909  63.174 0.0000000000
44542  34.642  -36.047  62.646 0.0000000000
47870  34.860  -31.323  71.142 0.0000000000
111708  33.101  -37.062  69.956 0.0000000000
104682  33.842  -35.831  71.403 0.0000000000
44439  32.942  -35.896  69.139 0.0000000000
45268  32.731  -34.422  66.822 0.0000000000
45255  33.493  -34.214  68.433 0.0000000000
47062  33.788  -32.924  67.484 0.0000000000
47933  34.673  -31.393  68.016 0.0000000000
47078  34.415  -31.723  66.436 0.0000000000
47986  35.559  -31.748  65.018 0.0000000000
104066  34.326  -32.224  64.667 0.0000000000
45378  31.071  -34.320  60.709 0.0000000000
46243  32.790  -33.503  61.639 0.0000000000
101758  31.884  -34.958  60.292 0.0000000000
44568  32.543  -35.831  60.341 0.0000000000
43755  32.193  -36.162  59.771 0.0000000000
43766  31.515  -36.030  59.128 0.0000000000
43811  29.598  -36.655  57.065 0.0000000000
114654  30.383  -36.437  57.223 0.0000000000
41362  27.117  -39.355  57.236 0.0000000000
109009  27.196  -38.584  57.035 0.0000000000
41361  29.444  -39.695  56.698 0.0000000000
41391  30.303  -39.521  54.779 0.0000000000
35174  31.140  -46.074  60.283 0.0000000000
36954  30.797  -44.966  60.246 0.0000000000
36129  30.809  -45.470  59.803 0.0000000000
35220  27.426  -46.576  56.286 0.0000000000
36156  28.911  -45.683  57.127 0.0000000000
36169  27.759  -45.716  56.005 0.0000000000
36184  28.001  -45.008  55.698 0.0000000000
36185  27.452  -45.377  55.270 0.0000000000
35243  22.795  -46.468  55.792 0.0000000000
34303  24.602  -47.011  56.004 0.0000000000
35259  22.887  -46.532  54.447 0.0000000000
98710  24.120  -46.481  52.985 0.0000000000
37067  25.671  -44.684  52.447 0.0000000000
105991  39.366  -30.102  54.963 0.0000000000
49812  40.431  -29.374  54.597 0.0000000000
108098  38.161  -34.289  60.303 0.0000000000
25867  24.515  -57.316  68.606 0.0000000000
26716  21.987  -56.772  67.350 0.0000000000
25856  23.095  -57.757  69.019 0.0000000000
25069  21.793  -58.330  69.586 0.0000000000
25070  20.772  -58.360  69.492 0.0000000000
25852  26.036  -57.450  68.858 0.0000000000
36845  29.233  -45.147  67.974 0.0000000000
35958  30.396  -45.526  69.329 0.0000000000
36844  29.869  -44.431  68.022 0.0000000000
37702  30.161  -43.651  67.487 0.0000000000
38583  31.020  -42.328  67.254 0.0000000000
39412  31.181  -41.521  67.803 0.0000000000
111875  29.945  -41.898  66.177 0.0000000000
39444  29.099  -41.845  65.008 0.0000000000
39478  28.121  -41.655  63.501 0.0000000000
39503  27.206  -41.326  61.645 0.0000000000
38629  26.931  -42.713  62.085 0.0000000000
37764  27.171  -43.731  60.322 0.0000000000
37762  29.476  -44.080  59.923 0.0000000000
33489  18.342  -48.157  57.466 0.0000000000
34290  18.943  -47.622  57.027 0.0000000000
33501  18.127  -47.853  56.627 0.0000000000
48903  39.257  -30.230  60.044 0.0000000000
48917  38.501  -30.611  58.699 0.0000000000
48027  38.002  -31.133  59.189 0.0000000000
105590  37.332  -32.327  58.769 0.0000000000
101431  18.088  -51.240  60.631 0.0000000000
30956  16.915  -50.940  59.831 0.0000000000
117911  17.677  -51.721  60.908 0.0000000000
30202  16.744  -52.607  61.306 0.0000000000
29446  15.915  -52.967  61.054 0.0000000000
27684  16.922  -55.741  64.256 0.0000000000
27708  16.084  -55.114  63.011 0.0000000000
27698  15.672  -55.615  63.497 0.0000000000
27710  14.369  -55.192  62.716 0.0000000000
27713  11.873  -54.692  62.753 0.0000000000
99738  27.814  -47.825  63.208 0.0000000000
34220  30.471  -47.588  64.454 0.0000000000
106102  32.184  -46.916  64.105 0.0000000000
108768  32.956  -47.786  65.096 0.0000000000
32565  32.776  -49.639  63.787 0.0000000000
98850  30.490  -51.332  62.917 0.0000000000
29408  25.860  -53.793  64.374 0.0000000000
30169  25.666  -52.898  63.350 0.0000000000
30171  24.146  -52.956  63.145 0.0000000000
30924  23.259  -52.161  62.201 0.0000000000
30937  22.689  -51.793  61.773 0.0000000000
31765  21.912  -50.775  61.025 0.0000000000
31752  21.283  -51.138  61.189 0.0000000000
30947  19.857  -51.149  60.998 0.0000000000
44518  42.322  -36.068  64.931 0.0000000000
44538  41.875  -35.668  63.744 0.0000000000
43726  42.263  -36.631  63.596 0.0000000000
103104  41.868  -37.189  62.955 0.0000000000
29297  12.658  -53.381  71.658 0.0000000000
28461  12.779  -53.842  69.706 0.0000000000
28501  12.345  -53.835  68.073 0.0000000000
29347  11.365  -53.431  69.068 0.0000000000
49658  40.436  -29.265  66.411 0.0000000000
48816  40.191  -30.394  66.472 0.0000000000
48815  41.036  -29.987  67.214 0.0000000000
47928  42.259  -30.870  67.722 0.0000000000
47039  42.819  -32.592  68.082 0.0000000000
47869  38.750  -31.363  70.485 0.0000000000
47011  39.110  -32.363  70.603 0.0000000000
113065  38.602  -32.924  70.516 0.0000000000
45239  38.101  -34.176  69.711 0.0000000000
44475  37.753  -35.426  68.226 0.0000000000
43689  37.172  -36.688  66.834 0.0000000000
44493  37.267  -35.209  67.177 0.0000000000
45296  36.978  -34.200  65.740 0.0000000000
45297  36.581  -34.267  64.824 0.0000000000
42901  30.963  -36.972  66.845 0.0000000000
43681  32.023  -36.217  67.851 0.0000000000
43691  31.245  -36.170  66.511 0.0000000000
45283  31.801  -35.086  66.185 0.0000000000
45298  32.323  -34.164  65.232 0.0000000000
46201  32.698  -33.521  64.481 0.0000000000
45338  31.722  -34.008  63.432 0.0000000000
109752  30.619  -34.218  61.912 0.0000000000
44578  30.013  -34.866  60.107 0.0000000000
43767  30.812  -35.823  59.112 0.0000000000
44588  29.343  -35.416  59.662 0.0000000000
43787  29.256  -36.423  58.099 0.0000000000
43014  29.053  -37.158  56.699 0.0000000000
40474  31.043  -40.915  56.913 0.0000000000
40486  31.012  -40.377  56.293 0.0000000000
39601  29.620  -40.958  55.209 0.0000000000
40508  28.921  -40.558  54.594 0.0000000000
41405  26.587  -40.136  53.139 0.0000000000
33460  29.104  -47.810  58.951 0.0000000000
34265  29.340  -47.103  58.603 0.0000000000
34266  28.596  -47.534  58.337 0.0000000000
34281  27.442  -47.692  57.306 0.0000000000
35221  26.694  -47.004  55.948 0.0000000000
98462  22.403  -46.570  53.189 0.0000000000
35305  22.025  -46.606  51.727 0.0000000000
51458  44.305  -27.396  54.142 0.0000000000
107542  43.021  -28.016  53.754 0.0000000000
103900  41.089  -28.608  53.084 0.0000000000
28547  21.329  -54.307  63.743 0.0000000000
29426  19.979  -53.956  63.193 0.0000000000
28540  20.883  -54.823  64.245 0.0000000000
28541  19.996  -54.937  64.134 0.0000000000
27682  18.619  -55.520  64.491 0.0000000000
26734  20.639  -56.533  66.459 0.0000000000
26747  19.353  -56.295  65.663 0.0000000000
105614  18.107  -56.031  64.976 0.0000000000
26749  17.600  -56.574  65.412 0.0000000000
25894  16.544  -57.226  65.982 0.0000000000
25895  15.864  -57.355  66.219 0.0000000000
30854  30.405  -51.433  66.928 0.0000000000
30099  32.306  -51.886  67.026 0.0000000000
29355  31.930  -53.232  67.451 0.0000000000
28527  30.033  -54.438  66.222 0.0000000000
102364  27.732  -54.614  65.691 0.0000000000
26726  28.517  -56.038  67.627 0.0000000000
27663  26.980  -55.233  66.327 0.0000000000
110349  25.866  -54.182  64.842 0.0000000000
28537  24.481  -54.361  64.677 0.0000000000
28545  23.171  -54.088  63.907 0.0000000000
39476  38.542  -42.666  64.243 0.0000000000
40372  39.508  -41.592  63.386 0.0000000000
40373  38.694  -41.682  63.487 0.0000000000
51301  40.816  -27.586  67.817 0.0000000000
104368  38.824  -28.742  70.737 0.0000000000
49600  38.007  -28.891  71.368 0.0000000000
48746  37.505  -30.194  70.883 0.0000000000
101401  37.001  -30.429  70.294 0.0000000000
41993  32.677  -38.341  70.379 0.0000000000
42861  31.994  -37.973  69.003 0.0000000000
40312  31.091  -40.509  67.949 0.0000000000
42023  31.034  -38.842  67.917 0.0000000000
42041  31.136  -38.030  67.776 0.0000000000
42903  29.940  -37.972  65.976 0.0000000000
107077  28.912  -37.899  64.494 0.0000000000
107293  28.213  -37.291  62.556 0.0000000000
42956  27.460  -37.447  60.991 0.0000000000
42946  27.507  -38.132  61.562 0.0000000000
41327  26.351  -39.390  59.433 0.0000000000
40457  27.004  -40.639  57.959 0.0000000000
39517  26.337  -41.641  60.217 0.0000000000
39546  27.396  -41.399  58.359 0.0000000000
40455  29.454  -41.120  57.735 0.0000000000
39562  31.006  -41.717  57.420 0.0000000000
38714  29.861  -42.106  56.070 0.0000000000
38716  27.852  -42.855  55.202 0.0000000000
105147  24.115  -47.953  59.107 0.0000000000
34268  24.908  -47.504  57.917 0.0000000000
34269  23.382  -47.346  58.121 0.0000000000
35224  22.205  -46.544  56.317 0.0000000000
35244  21.673  -46.418  55.714 0.0000000000
34319  19.257  -46.967  55.835 0.0000000000
103124  20.268  -46.377  55.072 0.0000000000
50647  42.328  -28.336  56.686 0.0000000000
110193  41.672  -28.654  56.213 0.0000000000
115913  41.261  -28.882  56.470 0.0000000000
49786  40.322  -29.497  56.222 0.0000000000
49801  39.111  -30.279  55.855 0.0000000000
49771  38.558  -30.495  57.907 0.0000000000
48938  37.680  -31.215  56.328 0.0000000000
29434  18.708  -53.666  62.597 0.0000000000
29436  16.905  -53.798  62.325 0.0000000000
29443  15.537  -53.757  61.477 0.0000000000
101031  15.648  -54.829  62.561 0.0000000000
28577  14.780  -53.986  60.890 0.0000000000
35993  27.795  -45.816  67.255 0.0000000000
36873  27.582  -44.753  66.299 0.0000000000
36885  27.440  -44.581  65.618 0.0000000000
36900  27.504  -44.819  63.252 0.0000000000
36911  27.668  -44.884  62.337 0.0000000000
36086  29.038  -45.603  62.578 0.0000000000
110357  31.280  -45.499  61.587 0.0000000000
35165  31.459  -46.689  60.813 0.0000000000
34236  32.665  -47.233  62.808 0.0000000000
34237  32.147  -47.290  61.820 0.0000000000
33437  30.454  -48.095  59.981 0.0000000000
32625  29.180  -49.062  59.764 0.0000000000
32627  27.617  -49.072  59.589 0.0000000000
32628  26.658  -49.104  59.874 0.0000000000
115864  31.970  -52.503  65.496 0.0000000000
30906  30.102  -51.990  63.250 0.0000000000
101945  28.766  -51.678  62.411 0.0000000000
30182  26.467  -52.245  62.774 0.0000000000
30919  27.843  -51.674  62.363 0.0000000000
30931  28.310  -51.193  61.851 0.0000000000
31759  27.301  -50.196  60.912 0.0000000000
114796  25.985  -49.344  60.332 0.0000000000
33443  24.801  -48.362  59.448 0.0000000000
33444  23.315  -48.181  59.247 0.0000000000
33445  22.460  -48.459  59.322 0.0000000000
33468  20.931  -48.505  58.931 0.0000000000
32634  20.395  -49.501  59.731 0.0000000000
33448  20.097  -48.874  59.089 0.0000000000
33469  19.586  -48.426  58.446 0.0000000000
33471  17.819  -48.686  57.965 0.0000000000
46216  38.150  -33.180  63.040 0.0000000000
46241  37.677  -33.222  61.676 0.0000000000
45335  38.121  -33.894  62.667 0.0000000000
44551  41.205  -35.499  62.471 0.0000000000
44565  40.517  -35.329  61.748 0.0000000000
41302  39.946  -40.050  62.483 0.0000000000
26679  21.536  -56.650  71.193 0.0000000000
25017  21.142  -58.023  71.464 0.0000000000
24226  19.766  -58.803  70.850 0.0000000000
24216  18.521  -58.857  71.160 0.0000000000
101865  18.110  -58.498  69.553 0.0000000000
25084  16.791  -58.269  68.186 0.0000000000
25876  15.544  -57.758  67.831 0.0000000000
25888  14.831  -57.255  66.843 0.0000000000
108218  14.529  -57.099  72.237 0.0000000000
26699  14.517  -56.904  69.572 0.0000000000
26718  14.425  -57.009  67.299 0.0000000000
26738  13.691  -56.322  66.143 0.0000000000
26739  13.025  -55.720  65.709 0.0000000000
51440  43.895  -27.690  56.799 0.0000000000
50638  42.380  -28.317  57.606 0.0000000000
109860  42.466  -28.322  58.531 0.0000000000
50627  41.727  -28.661  58.973 0.0000000000
51412  43.744  -27.794  59.937 0.0000000000
50613  41.941  -28.587  59.932 0.0000000000
49730  40.508  -29.378  60.021 0.0000000000
49731  39.936  -29.813  60.495 0.0000000000
48890  39.377  -30.324  60.924 0.0000000000
48872  38.868  -30.840  62.192 0.0000000000
49697  40.746  -29.239  62.987 0.0000000000
114628  38.907  -30.845  62.915 0.0000000000
47992  38.281  -31.828  63.047 0.0000000000
47112  38.521  -32.445  64.267 0.0000000000
114353  39.023  -33.887  65.093 0.0000000000
44506  40.119  -34.979  65.316 0.0000000000
47076  40.339  -32.440  66.639 0.0000000000
45280  40.461  -34.026  66.376 0.0000000000
44505  41.153  -35.288  65.762 0.0000000000
43700  42.421  -36.530  65.928 0.0000000000
42911  41.776  -37.470  65.983 0.0000000000
41261  40.207  -40.273  65.787 0.0000000000
49635  42.135  -29.570  68.278 0.0000000000
47911  42.419  -31.262  68.574 0.0000000000
46125  42.617  -33.164  68.649 0.0000000000
46098  39.772  -33.862  70.792 0.0000000000
45237  40.969  -35.136  70.128 0.0000000000
118055  41.993  -36.077  68.995 0.0000000000
110407  40.809  -37.530  68.184 0.0000000000
42060  39.880  -38.814  67.067 0.0000000000
40343  39.379  -42.332  66.496 0.0000000000
39442  37.596  -41.995  65.570 0.0000000000
40360  36.748  -40.441  64.476 0.0000000000
42912  36.288  -37.068  65.521 0.0000000000
42114  35.296  -38.397  63.745 0.0000000000
112278  36.651  -30.210  71.989 0.0000000000
48767  35.964  -30.343  69.738 0.0000000000
46088  34.470  -33.663  71.545 0.0000000000
44458  33.237  -35.071  68.841 0.0000000000
45240  34.203  -33.929  69.922 0.0000000000
107473  34.371  -32.933  70.046 0.0000000000
47893  34.855  -31.171  70.281 0.0000000000
47914  35.189  -30.754  68.371 0.0000000000
48801  36.309  -30.661  67.484 0.0000000000
102526  36.421  -31.290  66.093 0.0000000000
47127  36.157  -32.753  64.196 0.0000000000
45336  36.066  -33.348  63.566 0.0000000000
46219  33.370  -32.924  62.826 0.0000000000
46230  34.334  -33.528  61.916 0.0000000000
45348  34.615  -34.307  61.841 0.0000000000
44555  33.818  -35.902  61.637 0.0000000000
43810  30.941  -36.233  57.796 0.0000000000
43825  31.788  -36.252  55.989 0.0000000000
42998  26.980  -37.519  58.000 0.0000000000
43015  28.263  -37.454  56.908 0.0000000000
42203  30.447  -38.467  55.807 0.0000000000
41372  30.938  -39.639  55.933 0.0000000000
42211  30.868  -38.993  55.469 0.0000000000
113085  29.317  -44.877  61.002 0.0000000000
36938  29.920  -44.565  60.427 0.0000000000
36979  30.780  -44.082  59.199 0.0000000000
35192  29.624  -46.354  58.392 0.0000000000
36980  30.389  -44.598  58.613 0.0000000000
36999  30.656  -43.850  58.423 0.0000000000
37008  29.144  -44.130  56.649 0.0000000000
37849  28.085  -43.533  55.523 0.0000000000
37861  27.430  -43.458  54.870 0.0000000000
34284  24.803  -47.233  56.993 0.0000000000
34317  25.273  -47.225  55.607 0.0000000000
35240  25.541  -46.990  55.054 0.0000000000
99244  23.802  -46.684  53.684 0.0000000000
104664  24.530  -46.595  53.795 0.0000000000
35256  25.892  -46.177  54.407 0.0000000000
36208  26.213  -45.440  53.847 0.0000000000
37045  26.555  -44.290  53.359 0.0000000000
50659  41.046  -29.063  54.946 0.0000000000
50669  40.962  -28.956  53.994 0.0000000000
50678  39.881  -29.035  52.885 0.0000000000
46251  37.616  -33.679  60.405 0.0000000000
100020  27.638  -43.577  64.405 0.0000000000
38615  27.923  -42.874  64.306 0.0000000000
104407  27.154  -44.220  62.631 0.0000000000
48011  37.872  -31.975  61.406 0.0000000000
100286  14.983  -56.849  65.256 0.0000000000
30869  29.772  -50.675  66.162 0.0000000000
31703  28.039  -50.315  64.579 0.0000000000
31702  29.118  -50.265  65.064 0.0000000000
31701  30.285  -49.690  65.636 0.0000000000
31683  30.991  -50.066  66.333 0.0000000000
32524  31.936  -49.770  66.247 0.0000000000
31672  31.706  -50.731  66.570 0.0000000000
29430  22.052  -53.068  62.705 0.0000000000
29431  21.224  -53.249  62.678 0.0000000000
30188  20.699  -52.735  62.192 0.0000000000
109561  40.594  -41.069  65.304 0.0000000000
41278  40.624  -40.900  64.547 0.0000000000
51312  40.810  -27.620  67.124 0.0000000000
47930  37.490  -31.599  67.947 0.0000000000
43730  28.655  -36.875  63.194 0.0000000000
44525  29.825  -35.863  64.121 0.0000000000
43738  28.987  -36.151  62.943 0.0000000000
44557  29.318  -35.468  62.503 0.0000000000
44558  28.777  -35.943  62.197 0.0000000000
43747  28.231  -36.537  61.822 0.0000000000
105257  43.850  -27.731  55.967 0.0000000000
51450  43.099  -28.082  55.408 0.0000000000
50657  42.341  -28.351  55.812 0.0000000000
26732  22.440  -56.323  66.689 0.0000000000
25872  19.645  -57.487  67.543 0.0000000000
114884  19.168  -57.818  67.947 0.0000000000
25082  18.440  -57.997  67.912 0.0000000000
30104  27.458  -52.965  67.611 0.0000000000
102331  29.169  -54.196  68.766 0.0000000000
28489  28.071  -54.005  68.921 0.0000000000
26730  24.282  -56.193  67.103 0.0000000000
26729  24.958  -55.953  66.932 0.0000000000
27653  23.744  -55.829  66.462 0.0000000000
27667  23.814  -55.418  65.855 0.0000000000
38571  31.595  -42.517  69.167 0.0000000000
37681  32.016  -42.985  69.950 0.0000000000
39388  32.012  -42.203  69.900 0.0000000000
39378  32.251  -41.333  71.144 0.0000000000
113410  32.112  -41.518  70.270 0.0000000000
40302  31.849  -40.748  69.883 0.0000000000
40362  28.929  -40.640  64.072 0.0000000000
40361  29.275  -40.198  64.660 0.0000000000
40376  28.622  -40.307  63.544 0.0000000000
41281  28.834  -39.714  64.001 0.0000000000
41308  28.058  -39.846  62.430 0.0000000000
40392  27.948  -40.601  62.442 0.0000000000
38655  29.987  -42.721  59.033 0.0000000000
38670  31.018  -42.661  58.489 0.0000000000
34288  20.574  -47.508  57.609 0.0000000000
34289  19.784  -47.553  57.354 0.0000000000
49755  40.112  -29.502  58.122 0.0000000000
31778  17.302  -50.284  59.465 0.0000000000
31779  16.528  -50.522  59.185 0.0000000000
28550  17.803  -54.730  63.339 0.0000000000
28570  13.293  -54.401  61.161 0.0000000000
35140  28.252  -46.346  63.475 0.0000000000
99397  29.320  -46.420  63.500 0.0000000000
116413  30.266  -46.292  63.425 0.0000000000
31742  30.551  -50.287  61.828 0.0000000000
31743  29.647  -50.553  61.520 0.0000000000
31757  29.234  -50.113  60.867 0.0000000000
31744  28.752  -50.665  61.343 0.0000000000
29406  27.864  -53.665  64.607 0.0000000000
29418  27.352  -53.168  63.904 0.0000000000
31762  24.172  -50.293  60.978 0.0000000000
31763  23.343  -50.360  60.901 0.0000000000
112253  22.976  -49.614  60.366 0.0000000000
31764  22.470  -50.298  60.729 0.0000000000
31768  18.524  -50.650  60.251 0.0000000000
44521  39.969  -35.162  64.410 0.0000000000
44540  39.855  -35.192  63.452 0.0000000000
44539  41.001  -35.396  63.870 0.0000000000
25803  16.896  -57.771  73.054 0.0000000000
25012  15.597  -58.126  72.374 0.0000000000
25033  15.746  -58.340  72.012 0.0000000000
25816  15.145  -57.988  72.399 0.0000000000
28460  13.380  -54.560  70.217 0.0000000000
102658  13.929  -55.122  68.949 0.0000000000
113648  13.399  -54.508  68.259 0.0000000000
27642  12.902  -54.823  66.705 0.0000000000
28513  12.741  -54.340  67.335 0.0000000000
51421  45.918  -26.918  59.230 0.0000000000
110170  46.057  -26.737  60.125 0.0000000000
51390  44.049  -27.541  62.443 0.0000000000
50598  43.435  -27.974  61.453 0.0000000000
105375  42.395  -28.145  62.748 0.0000000000
49671  39.932  -29.291  65.310 0.0000000000
48845  39.360  -30.311  64.822 0.0000000000
48830  39.461  -30.794  65.689 0.0000000000
46142  42.649  -33.518  67.734 0.0000000000
45265  42.722  -34.497  67.691 0.0000000000
112476  42.791  -35.194  67.804 0.0000000000
44474  42.793  -35.841  67.723 0.0000000000
44454  42.714  -35.490  68.148 0.0000000000
48743  39.983  -30.430  70.191 0.0000000000
43670  38.342  -36.370  68.569 0.0000000000
43669  39.209  -36.964  69.286 0.0000000000
42886  38.229  -37.622  67.510 0.0000000000
111881  37.853  -38.100  66.998 0.0000000000
42899  37.481  -37.457  66.932 0.0000000000
44541  35.298  -35.888  63.340 0.0000000000
105377  34.744  -32.007  71.614 0.0000000000
42872  32.291  -37.199  68.829 0.0000000000
43639  33.287  -36.362  69.889 0.0000000000
108445  32.431  -36.396  68.617 0.0000000000
46161  32.802  -33.894  66.015 0.0000000000
46146  33.313  -33.566  66.850 0.0000000000
47079  33.822  -32.541  66.560 0.0000000000
47099  34.120  -32.133  65.572 0.0000000000
47100  33.753  -32.570  64.996 0.0000000000
117655  31.458  -34.594  60.451 0.0000000000
45377  31.898  -34.225  60.778 0.0000000000
117979  31.789  -35.587  59.958 0.0000000000
43028  30.008  -37.242  56.122 0.0000000000
43826  31.002  -36.876  55.767 0.0000000000
43039  31.310  -37.502  55.056 0.0000000000
40477  27.513  -40.078  57.393 0.0000000000
109582  28.026  -39.303  56.843 0.0000000000
36114  31.070  -45.391  60.542 0.0000000000
35175  30.555  -46.551  59.510 0.0000000000
35219  28.184  -46.114  56.655 0.0000000000
98808  22.245  -46.358  55.047 0.0000000000
35242  23.346  -46.587  55.058 0.0000000000
117224  38.753  -30.358  54.542 0.0000000000
25854  24.692  -57.709  69.190 0.0000000000
25868  23.472  -57.261  68.394 0.0000000000
25855  23.959  -57.781  69.233 0.0000000000
25040  22.939  -58.378  70.116 0.0000000000
25068  22.772  -58.203  69.590 0.0000000000
25054  22.317  -58.551  70.051 0.0000000000
98117  21.654  -58.604  70.327 0.0000000000
98987  24.991  -56.664  70.347 0.0000000000
25833  25.666  -57.182  69.954 0.0000000000
104091  25.272  -57.662  69.150 0.0000000000
25853  25.428  -57.590  68.961 0.0000000000
36859  28.784  -44.685  67.280 0.0000000000
37709  29.474  -43.404  66.792 0.0000000000
38584  30.466  -42.891  66.975 0.0000000000
37701  30.935  -43.138  67.816 0.0000000000
38592  30.494  -42.125  66.642 0.0000000000
38593  29.810  -42.550  66.409 0.0000000000
39461  28.023  -42.292  63.890 0.0000000000
39460  28.657  -41.544  64.178 0.0000000000
39490  27.391  -41.759  62.253 0.0000000000
37749  26.844  -43.905  61.104 0.0000000000
37763  28.161  -44.064  60.013 0.0000000000
33502  17.485  -48.168  56.044 0.0000000000
115075  38.613  -30.678  59.602 0.0000000000
48028  37.531  -31.980  59.491 0.0000000000
109435  37.269  -32.896  59.229 0.0000000000
30941  18.422  -51.862  61.258 0.0000000000
30201  17.594  -52.284  61.369 0.0000000000
26761  16.553  -56.251  64.642 0.0000000000
26773  16.129  -55.957  64.128 0.0000000000
27711  13.449  -55.007  62.620 0.0000000000
27712  12.579  -54.822  62.679 0.0000000000
27700  12.191  -55.090  63.396 0.0000000000
27701  11.431  -54.800  63.113 0.0000000000
34230  26.029  -47.185  62.811 0.0000000000
33385  29.098  -48.820  64.089 0.0000000000
33395  28.519  -48.274  63.620 0.0000000000
33394  29.497  -47.872  64.078 0.0000000000
33383  31.338  -47.896  65.024 0.0000000000
33382  32.301  -47.484  64.822 0.0000000000
33368  32.400  -48.051  65.449 0.0000000000
31682  32.999  -50.297  65.573 0.0000000000
31721  33.239  -49.897  64.665 0.0000000000
31722  32.483  -50.526  63.974 0.0000000000
31723  31.406  -50.960  63.410 0.0000000000
29421  24.523  -53.437  63.633 0.0000000000
30186  22.204  -52.583  62.319 0.0000000000
30925  22.615  -52.292  62.160 0.0000000000
31751  21.995  -51.465  61.444 0.0000000000
30938  21.292  -51.787  61.569 0.0000000000
103831  20.064  -51.795  61.425 0.0000000000
30948  18.930  -51.196  60.829 0.0000000000
42922  42.351  -36.942  64.512 0.0000000000
43725  42.429  -36.292  64.200 0.0000000000
42123  41.183  -38.150  63.355 0.0000000000
42942  41.161  -37.868  62.326 0.0000000000
101248  12.449  -53.586  70.930 0.0000000000
29311  12.073  -53.297  70.134 0.0000000000
29324  12.071  -53.371  69.298 0.0000000000
29325  11.490  -53.189  69.626 0.0000000000
49645  41.847  -29.321  67.803 0.0000000000
48800  41.889  -30.022  67.629 0.0000000000
109104  42.474  -31.618  67.764 0.0000000000
47910  42.506  -31.050  67.945 0.0000000000
47012  38.744  -32.161  70.427 0.0000000000
46126  37.990  -33.135  69.225 0.0000000000
46111  38.329  -33.597  70.327 0.0000000000
45254  37.990  -34.753  68.920 0.0000000000
45266  37.499  -34.403  67.760 0.0000000000
46178  37.233  -33.429  66.154 0.0000000000
45281  37.235  -34.306  66.666 0.0000000000
46179  36.861  -33.302  65.242 0.0000000000
43692  30.620  -36.699  66.164 0.0000000000
43702  30.823  -36.094  65.870 0.0000000000
44524  30.462  -35.458  64.512 0.0000000000
44509  31.292  -35.481  65.846 0.0000000000
44523  31.151  -35.038  64.948 0.0000000000
45299  31.755  -34.809  65.547 0.0000000000
108033  31.751  -34.531  64.863 0.0000000000
45316  32.066  -34.039  64.291 0.0000000000
45317  31.421  -34.515  64.220 0.0000000000
45351  29.771  -34.723  61.869 0.0000000000
45379  29.805  -34.645  60.869 0.0000000000
45365  30.464  -34.310  61.205 0.0000000000
97766  28.871  -35.959  58.922 0.0000000000
43788  28.339  -36.582  58.332 0.0000000000
43812  28.650  -36.858  57.372 0.0000000000
39586  30.339  -41.321  55.849 0.0000000000
39585  30.997  -40.797  56.405 0.0000000000
40516  27.285  -40.465  53.809 0.0000000000
41393  28.179  -40.059  54.085 0.0000000000
101667  28.918  -48.433  59.282 0.0000000000
34300  27.074  -47.374  56.618 0.0000000000
34301  26.266  -47.515  56.452 0.0000000000
109607  42.418  -28.121  53.321 0.0000000000
50676  41.733  -28.496  53.627 0.0000000000
28539  21.774  -54.727  64.314 0.0000000000
27670  20.757  -55.694  65.289 0.0000000000
114620  20.408  -55.352  64.677 0.0000000000
27681  19.514  -55.440  64.579 0.0000000000
26733  21.535  -56.444  66.565 0.0000000000
26717  21.068  -56.891  67.187 0.0000000000
26735  19.725  -56.618  66.336 0.0000000000
26748  18.461  -56.438  65.544 0.0000000000
25893  17.209  -57.011  65.818 0.0000000000
26750  15.813  -57.051  65.571 0.0000000000
30117  28.634  -52.312  67.179 0.0000000000
30856  27.912  -51.841  66.518 0.0000000000
30855  28.813  -51.769  66.708 0.0000000000
101325  29.411  -51.416  66.627 0.0000000000
30116  29.711  -52.074  67.266 0.0000000000
30844  30.926  -51.939  67.639 0.0000000000
28507  30.073  -55.353  67.482 0.0000000000
28506  30.788  -54.705  67.418 0.0000000000
28519  30.113  -55.079  66.920 0.0000000000
98702  29.301  -54.670  66.191 0.0000000000
28520  28.437  -54.923  66.330 0.0000000000
114819  27.547  -56.724  68.418 0.0000000000
26710  28.396  -56.430  67.935 0.0000000000
26711  27.863  -56.598  67.954 0.0000000000
102375  27.115  -55.659  67.024 0.0000000000
27664  26.289  -55.033  65.948 0.0000000000
28528  26.881  -54.683  65.620 0.0000000000
28529  25.886  -54.561  65.344 0.0000000000
28536  25.322  -54.237  64.775 0.0000000000
28530  24.981  -54.689  65.320 0.0000000000
27678  23.067  -55.136  65.171 0.0000000000
28538  23.583  -54.528  64.561 0.0000000000
101614  22.670  -54.650  64.415 0.0000000000
28546  22.249  -54.185  63.793 0.0000000000
49613  38.478  -29.605  70.846 0.0000000000
49601  37.196  -28.945  71.833 0.0000000000
48729  37.689  -29.570  71.217 0.0000000000
36843  30.686  -44.590  68.886 0.0000000000
41994  32.048  -39.028  70.037 0.0000000000
42008  32.205  -38.345  69.642 0.0000000000
42009  31.676  -38.777  69.239 0.0000000000
39426  30.816  -41.552  66.959 0.0000000000
113263  30.861  -40.910  67.352 0.0000000000
40330  30.477  -40.753  66.790 0.0000000000
41251  29.715  -39.790  65.862 0.0000000000
41236  30.649  -39.308  67.350 0.0000000000
117828  30.336  -38.939  66.841 0.0000000000
42042  30.688  -38.499  67.291 0.0000000000
42064  30.327  -38.237  66.644 0.0000000000
42888  30.769  -37.728  67.110 0.0000000000
41295  28.501  -38.968  63.499 0.0000000000
42116  28.547  -38.117  63.758 0.0000000000
42937  28.455  -37.567  63.274 0.0000000000
105779  27.844  -37.971  62.226 0.0000000000
41307  27.830  -38.856  62.164 0.0000000000
115902  26.652  -40.275  60.618 0.0000000000
41322  26.576  -39.737  60.252 0.0000000000
99415  26.297  -40.090  59.547 0.0000000000
40458  26.397  -40.257  58.425 0.0000000000
40435  26.261  -40.610  59.124 0.0000000000
38644  26.496  -42.494  60.419 0.0000000000
39504  26.611  -41.858  61.020 0.0000000000
38671  28.946  -42.263  58.661 0.0000000000
39528  27.761  -42.166  58.685 0.0000000000
39545  28.596  -41.630  58.252 0.0000000000
40454  30.684  -41.429  57.611 0.0000000000
37832  30.712  -42.693  57.461 0.0000000000
38701  30.389  -42.398  56.716 0.0000000000
38702  29.483  -42.778  56.278 0.0000000000
38715  28.734  -42.666  55.679 0.0000000000
33465  23.529  -47.714  58.724 0.0000000000
34286  22.572  -47.231  57.830 0.0000000000
35209  21.798  -46.824  56.873 0.0000000000
35245  20.816  -46.496  55.749 0.0000000000
34307  18.757  -47.370  56.229 0.0000000000
34306  19.641  -47.183  56.523 0.0000000000
35246  19.442  -46.687  55.178 0.0000000000
35263  19.756  -46.519  54.321 0.0000000000
50648  41.534  -28.702  57.044 0.0000000000
49787  39.576  -29.955  56.600 0.0000000000
30950  16.571  -51.604  60.191 0.0000000000
30957  16.180  -51.232  59.542 0.0000000000
28555  19.127  -54.102  63.080 0.0000000000
29442  16.408  -53.311  61.764 0.0000000000
28569  14.141  -54.313  61.044 0.0000000000
35085  26.216  -46.403  65.924 0.0000000000
36008  26.823  -46.014  66.286 0.0000000000
35069  27.153  -46.225  66.993 0.0000000000
36007  27.403  -45.522  66.610 0.0000000000
113782  27.452  -44.825  64.030 0.0000000000
36087  28.067  -45.411  62.909 0.0000000000
35152  31.869  -45.879  62.889 0.0000000000
36085  31.206  -45.592  62.241 0.0000000000
36084  31.783  -45.741  62.086 0.0000000000
36101  31.473  -45.695  61.167 0.0000000000
35161  32.033  -46.276  61.780 0.0000000000
34226  32.722  -47.364  63.885 0.0000000000
35120  32.469  -46.907  63.821 0.0000000000
33406  32.795  -48.031  63.276 0.0000000000
33414  31.539  -48.470  61.378 0.0000000000
33423  30.864  -48.290  60.565 0.0000000000
33424  30.067  -48.740  60.158 0.0000000000
32608  28.339  -49.441  59.934 0.0000000000
113349  32.218  -52.753  66.421 0.0000000000
30868  32.495  -52.119  66.528 0.0000000000
30166  28.781  -52.621  63.527 0.0000000000
30165  29.704  -52.546  63.691 0.0000000000
30179  29.222  -52.129  63.020 0.0000000000
30168  26.174  -52.670  63.199 0.0000000000
30920  26.893  -51.671  62.325 0.0000000000
30932  27.394  -51.164  61.845 0.0000000000
31746  27.081  -50.676  61.430 0.0000000000
31760  26.469  -50.356  61.156 0.0000000000
111815  24.420  -49.602  60.558 0.0000000000
113975  25.815  -49.930  60.806 0.0000000000
32611  25.238  -49.408  60.448 0.0000000000
32629  25.602  -48.785  59.856 0.0000000000
32630  24.630  -48.908  60.096 0.0000000000
102455  23.962  -48.540  59.686 0.0000000000
33446  21.600  -48.787  59.392 0.0000000000
99395  21.247  -50.604  60.794 0.0000000000
32613  21.650  -50.180  60.521 0.0000000000
32614  20.735  -50.155  60.342 0.0000000000
32635  19.492  -49.484  59.498 0.0000000000
32645  19.099  -48.959  58.901 0.0000000000
33470  18.700  -48.528  58.229 0.0000000000
109736  38.316  -33.807  63.270 0.0000000000
45347  38.560  -34.540  62.341 0.0000000000
45346  39.386  -35.071  62.052 0.0000000000
43735  42.195  -35.950  63.389 0.0000000000
101016  41.605  -35.602  63.148 0.0000000000
44550  41.846  -35.854  62.552 0.0000000000
116034  41.286  -35.433  61.176 0.0000000000
40389  39.539  -40.589  62.633 0.0000000000
40388  39.981  -40.977  63.061 0.0000000000
27609  21.493  -55.877  70.521 0.0000000000
26668  21.053  -56.900  71.557 0.0000000000
25018  20.463  -58.082  71.630 0.0000000000
24203  20.720  -58.520  71.196 0.0000000000
24204  19.920  -58.606  71.324 0.0000000000
24217  17.748  -58.776  71.371 0.0000000000
24227  18.380  -58.847  70.860 0.0000000000
117349  17.981  -58.676  70.380 0.0000000000
25073  17.427  -58.407  68.791 0.0000000000
25059  17.321  -58.530  69.794 0.0000000000
25085  16.020  -58.173  68.483 0.0000000000
25877  14.986  -57.409  67.401 0.0000000000
27600  14.151  -55.880  71.975 0.0000000000
115355  13.833  -55.927  73.075 0.0000000000
26672  14.183  -56.661  72.976 0.0000000000
26681  14.513  -56.632  71.366 0.0000000000
25827  14.912  -57.482  71.373 0.0000000000
26692  14.589  -56.811  70.511 0.0000000000
116233  14.297  -56.218  68.478 0.0000000000
26706  14.203  -56.432  67.869 0.0000000000
27672  12.221  -55.234  65.391 0.0000000000
28514  11.722  -53.950  67.371 0.0000000000
51439  44.911  -27.294  57.306 0.0000000000
51433  43.179  -28.004  57.195 0.0000000000
51432  44.190  -27.580  57.682 0.0000000000
110559  43.312  -27.970  59.062 0.0000000000
51411  45.212  -27.211  60.655 0.0000000000
51403  44.163  -27.680  60.960 0.0000000000
50599  42.303  -28.426  60.994 0.0000000000
50614  41.080  -28.984  59.494 0.0000000000
49722  40.039  -29.838  61.421 0.0000000000
48879  39.428  -30.349  61.810 0.0000000000
48880  38.803  -30.829  61.348 0.0000000000
48859  38.676  -31.216  63.392 0.0000000000
47125  38.278  -32.470  63.455 0.0000000000
47985  38.498  -31.759  63.844 0.0000000000
46198  38.754  -33.215  64.693 0.0000000000
103032  39.337  -34.591  64.885 0.0000000000
45294  39.654  -34.169  65.716 0.0000000000
47949  39.937  -31.458  66.423 0.0000000000
45279  41.326  -34.660  66.563 0.0000000000
44504  42.172  -35.900  65.898 0.0000000000
42896  41.745  -37.348  67.160 0.0000000000
117122  41.790  -37.389  66.617 0.0000000000
42058  41.234  -37.804  66.514 0.0000000000
42079  40.596  -38.830  66.056 0.0000000000
50492  41.268  -28.080  68.320 0.0000000000
50479  41.588  -28.819  68.670 0.0000000000
48763  42.090  -30.304  68.789 0.0000000000
47040  42.550  -32.286  68.605 0.0000000000
106315  42.081  -32.874  69.274 0.0000000000
46099  39.005  -33.951  71.025 0.0000000000
101972  39.457  -33.168  70.755 0.0000000000
45221  39.474  -34.738  70.979 0.0000000000
43655  40.297  -36.939  69.946 0.0000000000
109472  39.752  -36.410  70.432 0.0000000000
44435  40.584  -36.210  70.105 0.0000000000
44434  41.618  -35.761  69.443 0.0000000000
43654  41.365  -36.597  69.297 0.0000000000
42868  41.717  -36.943  68.499 0.0000000000
42870  40.511  -37.446  68.776 0.0000000000
42061  39.073  -39.147  67.128 0.0000000000
41249  39.284  -40.031  66.687 0.0000000000
41262  39.605  -40.942  66.369 0.0000000000
41263  38.745  -41.316  66.753 0.0000000000
39441  38.255  -43.073  65.688 0.0000000000
40344  38.163  -42.316  66.469 0.0000000000
41265  36.901  -40.065  65.285 0.0000000000
40346  37.023  -40.868  65.094 0.0000000000
41279  36.372  -39.798  64.554 0.0000000000
41293  36.281  -39.730  63.888 0.0000000000
117388  35.969  -39.238  64.452 0.0000000000
43690  36.668  -36.435  66.037 0.0000000000
42900  36.829  -37.274  66.257 0.0000000000
42924  35.449  -37.757  64.246 0.0000000000
113615  35.317  -38.624  63.383 0.0000000000
48731  36.034  -30.671  71.950 0.0000000000
48748  36.014  -30.343  70.876 0.0000000000
103719  36.417  -30.348  70.282 0.0000000000
44420  33.943  -35.293  70.727 0.0000000000
44407  34.164  -35.228  71.668 0.0000000000
45210  34.436  -34.504  72.060 0.0000000000
45223  34.225  -34.418  70.942 0.0000000000
44476  32.224  -35.526  67.521 0.0000000000
44459  32.599  -35.529  68.257 0.0000000000
113288  32.978  -34.793  68.151 0.0000000000
46128  33.838  -33.309  68.324 0.0000000000
46112  33.960  -33.717  69.083 0.0000000000
117429  34.195  -33.369  69.510 0.0000000000
110013  34.494  -31.921  69.640 0.0000000000
105194  34.699  -31.329  67.101 0.0000000000
47932  35.318  -30.796  67.439 0.0000000000
48784  35.816  -30.438  68.262 0.0000000000
113659  35.942  -30.856  66.607 0.0000000000
47950  36.784  -31.115  66.766 0.0000000000
105986  35.078  -32.074  64.372 0.0000000000
47114  35.753  -32.246  64.368 0.0000000000
46217  35.484  -33.248  62.906 0.0000000000
46220  32.512  -33.391  63.410 0.0000000000
101040  33.241  -32.945  63.839 0.0000000000
46232  32.704  -33.249  62.351 0.0000000000
46242  33.506  -33.719  61.477 0.0000000000
45361  34.037  -34.074  61.453 0.0000000000
46229  35.182  -33.765  62.321 0.0000000000
44566  33.971  -34.861  61.444 0.0000000000
44554  34.428  -35.349  62.023 0.0000000000
43754  32.904  -36.492  60.271 0.0000000000
43768  29.927  -35.875  58.818 0.0000000000
109790  30.822  -36.074  58.566 0.0000000000
43038  31.760  -36.703  55.141 0.0000000000
99307  31.131  -36.292  56.790 0.0000000000
42163  26.755  -38.074  59.850 0.0000000000
42969  27.142  -37.444  60.133 0.0000000000
42981  26.855  -37.573  59.095 0.0000000000
42193  28.037  -38.238  56.685 0.0000000000
43016  27.398  -37.772  57.190 0.0000000000
42192  29.148  -37.914  56.335 0.0000000000
40495  31.106  -40.123  55.953 0.0000000000
40506  30.811  -39.865  55.436 0.0000000000
42220  29.569  -38.989  54.175 0.0000000000
41390  30.818  -39.228  55.270 0.0000000000
101678  30.569  -38.742  54.641 0.0000000000
36925  28.282  -44.850  61.442 0.0000000000
100773  30.259  -44.981  60.981 0.0000000000
36937  30.588  -44.777  60.310 0.0000000000
36955  30.599  -44.394  59.695 0.0000000000
37761  30.447  -44.155  59.789 0.0000000000
112158  29.500  -45.362  57.619 0.0000000000
37000  30.016  -44.668  57.909 0.0000000000
37007  30.120  -43.764  57.524 0.0000000000
37015  28.350  -44.291  55.932 0.0000000000
37044  27.080  -44.180  54.171 0.0000000000
34285  24.090  -47.145  57.635 0.0000000000
35241  24.142  -46.813  55.313 0.0000000000
34318  24.818  -47.039  55.117 0.0000000000
98821  23.049  -46.639  53.746 0.0000000000
35279  23.312  -46.637  52.904 0.0000000000
35278  24.894  -46.104  53.278 0.0000000000
35277  25.169  -46.321  53.904 0.0000000000
37885  26.274  -43.700  52.843 0.0000000000
52242  44.194  -26.956  52.267 0.0000000000
50649  41.026  -29.047  55.899 0.0000000000
50658  41.678  -28.696  55.375 0.0000000000
49819  40.276  -29.306  53.951 0.0000000000
50677  40.392  -28.994  53.327 0.0000000000
101548  37.672  -33.586  61.206 0.0000000000
26689  24.166  -56.974  70.535 0.0000000000
112385  23.808  -58.058  69.812 0.0000000000
25834  23.904  -57.672  70.303 0.0000000000
25028  23.289  -57.985  70.414 0.0000000000
25823  22.765  -57.674  70.817 0.0000000000
37711  27.843  -44.017  66.013 0.0000000000
97996  28.866  -44.032  66.903 0.0000000000
97860  28.301  -43.332  65.670 0.0000000000
38604  28.720  -42.595  65.355 0.0000000000
101860  27.145  -43.341  62.847 0.0000000000
48018  37.681  -32.015  60.504 0.0000000000
30199  19.838  -52.408  61.818 0.0000000000
107676  19.012  -52.339  61.674 0.0000000000
30190  19.093  -52.975  62.201 0.0000000000
29440  18.277  -53.207  62.253 0.0000000000
26774  15.294  -56.106  64.045 0.0000000000
111524  14.609  -56.128  64.062 0.0000000000
26776  13.985  -55.949  63.928 0.0000000000
116104  12.998  -55.250  63.168 0.0000000000
26765  12.778  -55.736  64.859 0.0000000000
32567  27.376  -49.098  63.314 0.0000000000
33396  27.100  -48.350  62.898 0.0000000000
32566  28.212  -49.081  63.640 0.0000000000
32548  29.674  -49.357  64.703 0.0000000000
32547  30.715  -48.777  65.326 0.0000000000
33369  31.691  -48.440  65.669 0.0000000000
32533  32.268  -48.789  65.920 0.0000000000
32523  32.588  -49.626  65.836 0.0000000000
30867  32.721  -51.121  65.673 0.0000000000
29423  22.745  -53.467  63.263 0.0000000000
30197  21.235  -52.315  61.901 0.0000000000
50503  40.851  -27.882  66.940 0.0000000000
113826  38.447  -31.732  70.207 0.0000000000
117045  37.559  -33.644  67.773 0.0000000000
47060  37.617  -32.742  67.844 0.0000000000
47077  37.373  -32.605  66.616 0.0000000000
43704  29.750  -36.807  65.087 0.0000000000
43713  30.091  -36.119  64.845 0.0000000000
44543  30.251  -35.129  63.609 0.0000000000
44556  29.838  -35.081  62.809 0.0000000000
109371  29.106  -35.367  61.841 0.0000000000
44569  29.193  -35.143  61.149 0.0000000000
44580  28.647  -35.535  60.461 0.0000000000
102449  27.950  -36.125  60.062 0.0000000000
33440  27.741  -48.589  59.140 0.0000000000
33461  27.405  -48.304  58.590 0.0000000000
33487  26.377  -47.999  57.748 0.0000000000
34283  25.743  -47.689  57.231 0.0000000000
51449  43.949  -27.654  55.016 0.0000000000
116466  21.824  -55.377  65.090 0.0000000000
27668  22.249  -55.498  65.403 0.0000000000
27669  21.543  -55.633  65.401 0.0000000000
26745  21.119  -56.075  65.889 0.0000000000
25871  20.587  -57.413  67.788 0.0000000000
25883  19.217  -57.119  66.853 0.0000000000
25884  18.310  -57.274  66.685 0.0000000000
25892  17.942  -56.946  66.003 0.0000000000
25875  16.916  -57.860  67.366 0.0000000000
30103  28.386  -52.936  67.721 0.0000000000
30092  29.692  -53.127  68.245 0.0000000000
30091  30.514  -52.913  68.171 0.0000000000
29337  30.035  -53.699  68.462 0.0000000000
101701  30.121  -54.987  68.266 0.0000000000
27640  29.571  -55.725  67.761 0.0000000000
26712  26.050  -56.654  68.019 0.0000000000
26728  26.872  -56.293  67.688 0.0000000000
102989  25.743  -56.019  67.233 0.0000000000
27651  25.254  -55.588  66.469 0.0000000000
27666  24.676  -55.237  65.853 0.0000000000
37692  31.119  -43.722  68.713 0.0000000000
37682  31.943  -43.832  69.977 0.0000000000
38547  31.993  -42.641  71.264 0.0000000000
41189  32.468  -39.753  71.813 0.0000000000
41199  32.575  -39.689  71.320 0.0000000000
41200  32.201  -39.942  70.507 0.0000000000
41211  31.588  -39.771  69.415 0.0000000000
40331  29.989  -40.607  66.106 0.0000000000
40347  29.604  -40.487  65.347 0.0000000000
41266  29.424  -39.139  65.477 0.0000000000
41280  29.135  -39.363  64.789 0.0000000000
116674  28.253  -39.156  62.820 0.0000000000
41314  27.035  -39.852  61.115 0.0000000000
40406  26.752  -40.864  60.954 0.0000000000
38642  27.663  -43.361  59.635 0.0000000000
38656  28.351  -42.819  59.072 0.0000000000
39543  31.044  -42.099  58.118 0.0000000000
34270  21.830  -47.553  58.172 0.0000000000
115047  21.254  -47.429  57.746 0.0000000000
35210  21.101  -47.107  57.074 0.0000000000
35226  20.529  -46.869  56.429 0.0000000000
49770  39.630  -29.847  57.470 0.0000000000
48929  37.548  -31.447  57.709 0.0000000000
30209  16.257  -52.278  60.592 0.0000000000
101515  18.688  -54.620  63.482 0.0000000000
28556  18.268  -54.239  62.931 0.0000000000
28558  16.371  -54.491  62.575 0.0000000000
35122  26.527  -46.256  64.223 0.0000000000
115565  27.011  -45.781  64.694 0.0000000000
103545  27.179  -45.260  65.219 0.0000000000
35154  29.715  -45.956  63.024 0.0000000000
32586  32.190  -49.427  62.919 0.0000000000
114013  32.427  -48.738  62.792 0.0000000000
32597  31.019  -49.484  61.563 0.0000000000
113884  29.666  -49.468  60.488 0.0000000000
29404  29.915  -53.608  64.861 0.0000000000
29416  29.307  -53.090  64.184 0.0000000000
30167  27.841  -52.648  63.416 0.0000000000
30922  24.968  -51.866  62.304 0.0000000000
30934  25.334  -51.263  61.812 0.0000000000
31747  25.614  -50.580  61.341 0.0000000000
31776  18.979  -50.060  59.873 0.0000000000
32636  18.589  -49.539  59.302 0.0000000000
32637  17.721  -49.636  59.104 0.0000000000
113755  39.002  -34.777  63.417 0.0000000000
43744  41.952  -35.949  61.754 0.0000000000
24198  16.917  -58.707  72.043 0.0000000000
25032  16.458  -58.615  71.875 0.0000000000
25060  16.563  -58.448  70.112 0.0000000000
25045  15.974  -58.392  71.565 0.0000000000
25061  15.920  -58.280  70.466 0.0000000000
25846  15.288  -58.061  69.741 0.0000000000
29283  13.345  -54.079  72.364 0.0000000000
27614  13.814  -55.184  70.904 0.0000000000
27629  14.356  -56.186  69.945 0.0000000000
27636  14.041  -55.572  68.310 0.0000000000
27655  13.285  -55.618  66.463 0.0000000000
110493  44.678  -27.405  58.528 0.0000000000
51422  44.629  -27.438  59.388 0.0000000000
50549  40.468  -28.880  63.907 0.0000000000
49698  39.923  -29.725  63.292 0.0000000000
47969  38.724  -31.709  64.645 0.0000000000
47095  39.449  -32.406  65.924 0.0000000000
46158  41.622  -33.327  67.068 0.0000000000
46157  42.116  -34.023  67.267 0.0000000000
45278  42.364  -35.024  67.076 0.0000000000
44503  42.584  -36.248  66.610 0.0000000000
44490  42.814  -36.104  67.175 0.0000000000
42881  42.270  -36.963  67.244 0.0000000000
42882  41.853  -37.151  67.837 0.0000000000
50480  40.809  -28.311  69.160 0.0000000000
49624  41.726  -29.549  68.947 0.0000000000
49625  40.985  -29.166  69.412 0.0000000000
48764  41.080  -30.171  69.530 0.0000000000
47026  40.703  -31.889  69.919 0.0000000000
44456  38.759  -35.949  70.309 0.0000000000
44419  39.008  -35.375  71.038 0.0000000000
43656  39.410  -36.662  70.131 0.0000000000
42871  39.658  -37.406  68.687 0.0000000000
42884  40.124  -37.702  68.106 0.0000000000
42885  39.188  -37.720  67.895 0.0000000000
42898  38.644  -38.290  67.343 0.0000000000
117187  38.037  -41.229  66.564 0.0000000000
42081  36.862  -38.999  65.773 0.0000000000
44522  36.345  -35.252  65.008 0.0000000000
43727  35.319  -36.849  63.894 0.0000000000
42936  34.416  -37.612  62.851 0.0000000000
43737  34.119  -36.940  62.545 0.0000000000
47851  35.382  -31.371  72.102 0.0000000000
48749  35.332  -30.788  71.053 0.0000000000
108546  33.394  -36.890  70.645 0.0000000000
43625  33.591  -36.621  71.642 0.0000000000
102707  33.620  -36.074  70.666 0.0000000000
44438  33.598  -35.441  69.776 0.0000000000
45267  33.110  -34.281  67.591 0.0000000000
46145  33.501  -33.676  67.738 0.0000000000
47042  34.179  -32.399  68.150 0.0000000000
47061  34.255  -32.036  67.276 0.0000000000
112563  34.881  -31.533  65.693 0.0000000000
113045  34.751  -31.845  65.030 0.0000000000
105339  34.602  -32.411  63.840 0.0000000000
46244  32.035  -33.547  61.926 0.0000000000
107782  32.168  -33.769  61.333 0.0000000000
45363  32.764  -33.946  61.057 0.0000000000
44576  32.653  -34.756  60.660 0.0000000000
44567  33.297  -35.553  60.975 0.0000000000
108461  32.294  -36.282  59.215 0.0000000000
43785  31.612  -36.124  58.501 0.0000000000
43827  30.347  -36.653  56.559 0.0000000000
42195  26.595  -38.882  57.597 0.0000000000
42178  26.476  -38.233  58.245 0.0000000000
109149  28.879  -38.794  56.505 0.0000000000
41392  29.253  -39.789  54.375 0.0000000000
41403  28.478  -39.231  53.845 0.0000000000
36923  30.963  -45.198  60.924 0.0000000000
35206  27.830  -46.985  56.928 0.0000000000
35205  28.561  -46.515  57.316 0.0000000000
36168  28.550  -45.127  56.424 0.0000000000
36197  27.156  -45.060  54.514 0.0000000000
35223  23.065  -46.621  56.569 0.0000000000
35222  23.658  -46.640  55.942 0.0000000000
35294  23.312  -46.479  52.063 0.0000000000
116116  23.678  -46.472  52.545 0.0000000000
36225  24.619  -45.841  52.546 0.0000000000
36224  25.334  -45.401  52.856 0.0000000000
115023  39.983  -29.699  54.992 0.0000000000
26715  23.839  -56.694  67.733 0.0000000000
111342  22.911  -56.716  67.524 0.0000000000
25869  22.514  -57.243  68.182 0.0000000000
25067  23.523  -58.043  69.581 0.0000000000
25857  22.152  -57.757  68.886 0.0000000000
25858  21.139  -57.797  68.737 0.0000000000
102046  19.842  -58.395  69.426 0.0000000000
26698  27.257  -56.717  69.087 0.0000000000
25842  26.695  -56.986  69.307 0.0000000000
25865  26.223  -57.198  68.675 0.0000000000
25866  25.376  -56.985  68.365 0.0000000000
26714  24.627  -56.694  67.886 0.0000000000
35976  28.819  -45.828  68.128 0.0000000000
35975  29.886  -45.076  68.620 0.0000000000
36858  29.402  -44.141  67.350 0.0000000000
37693  30.559  -43.873  68.186 0.0000000000
37691  31.303  -43.070  68.586 0.0000000000
38572  31.291  -42.430  68.141 0.0000000000
39400  31.427  -41.796  68.648 0.0000000000
38603  29.394  -42.173  65.765 0.0000000000
39443  29.688  -41.352  65.626 0.0000000000
39477  28.447  -40.969  63.518 0.0000000000
97752  27.930  -41.243  62.851 0.0000000000
101997  27.653  -41.056  62.198 0.0000000000
38634  26.969  -42.050  61.645 0.0000000000
38635  26.613  -42.639  61.214 0.0000000000
37740  26.658  -43.284  61.415 0.0000000000
37765  26.663  -43.245  60.707 0.0000000000
37777  30.340  -43.509  59.407 0.0000000000
33488  19.230  -48.016  57.774 0.0000000000
34308  18.162  -47.650  55.935 0.0000000000
49742  39.808  -29.773  59.606 0.0000000000
48916  39.196  -30.183  59.167 0.0000000000
115908  37.979  -30.987  58.657 0.0000000000
48918  37.621  -31.537  58.578 0.0000000000
48040  37.270  -32.209  58.081 0.0000000000
30949  17.319  -51.362  60.407 0.0000000000
114100  17.022  -51.974  60.786 0.0000000000
30210  15.532  -52.648  60.291 0.0000000000
27697  16.522  -55.428  63.621 0.0000000000
27709  15.255  -55.245  62.887 0.0000000000
28561  12.955  -54.543  61.993 0.0000000000
34229  26.923  -47.474  62.901 0.0000000000
35141  26.739  -46.679  63.362 0.0000000000
34228  28.760  -47.201  63.685 0.0000000000
34219  31.355  -47.137  64.367 0.0000000000
34218  32.659  -47.392  64.456 0.0000000000
33393  33.141  -48.097  64.303 0.0000000000
33367  32.931  -48.467  65.488 0.0000000000
32564  33.370  -48.902  64.519 0.0000000000
31736  31.842  -50.207  63.142 0.0000000000
31737  30.940  -50.650  62.589 0.0000000000
29419  26.314  -53.199  63.723 0.0000000000
29420  25.375  -53.369  63.727 0.0000000000
30170  24.961  -52.890  63.258 0.0000000000
30184  24.569  -52.444  62.727 0.0000000000
29429  23.436  -53.034  63.034 0.0000000000
30185  23.732  -52.555  62.648 0.0000000000
30923  24.081  -52.009  62.233 0.0000000000
30936  23.529  -51.593  61.749 0.0000000000
31750  22.815  -51.049  61.279 0.0000000000
31766  20.624  -50.810  60.870 0.0000000000
30939  20.624  -51.459  61.304 0.0000000000
44537  42.236  -35.884  64.099 0.0000000000
42934  41.879  -37.452  63.949 0.0000000000
29296  13.044  -54.100  71.345 0.0000000000
29310  12.826  -54.013  70.547 0.0000000000
28483  12.726  -53.800  68.849 0.0000000000
29346  11.958  -53.519  68.671 0.0000000000
103981  40.916  -30.917  67.119 0.0000000000
108628  41.813  -30.622  67.493 0.0000000000
47929  41.981  -31.458  67.432 0.0000000000
47058  42.441  -32.196  67.600 0.0000000000
47057  42.692  -32.762  67.798 0.0000000000
46124  42.851  -33.555  68.077 0.0000000000
48744  39.015  -30.508  70.569 0.0000000000
47868  39.638  -31.481  70.366 0.0000000000
109178  38.838  -33.149  70.769 0.0000000000
46100  38.596  -33.886  70.844 0.0000000000
45238  38.420  -34.523  70.678 0.0000000000
45253  38.347  -35.118  70.111 0.0000000000
44457  38.383  -35.673  69.314 0.0000000000
111554  37.472  -36.114  67.550 0.0000000000
44494  36.959  -35.876  66.633 0.0000000000
44508  36.636  -35.603  65.779 0.0000000000
44507  36.992  -35.016  66.224 0.0000000000
107735  36.691  -34.865  65.517 0.0000000000
107434  36.176  -34.837  64.301 0.0000000000
45314  36.307  -34.092  63.810 0.0000000000
46989  34.893  -32.852  72.958 0.0000000000
43672  31.719  -36.886  67.831 0.0000000000
43682  31.514  -36.565  67.272 0.0000000000
44477  31.791  -35.849  67.089 0.0000000000
44495  32.153  -35.132  66.830 0.0000000000
44496  31.653  -35.533  66.498 0.0000000000
45282  32.258  -34.588  66.115 0.0000000000
46180  32.900  -33.561  65.255 0.0000000000
46200  33.280  -33.034  64.768 0.0000000000
45339  30.975  -34.499  63.461 0.0000000000
45349  31.275  -33.961  62.487 0.0000000000
45364  31.323  -33.915  61.428 0.0000000000
44577  31.034  -34.915  60.052 0.0000000000
44587  30.392  -35.421  59.521 0.0000000000
40475  30.203  -40.588  57.151 0.0000000000
41360  30.644  -40.124  56.489 0.0000000000
40496  30.653  -40.528  55.644 0.0000000000
34254  30.462  -47.463  59.697 0.0000000000
34255  29.861  -47.316  59.168 0.0000000000
34280  28.203  -47.298  57.616 0.0000000000
34267  27.816  -47.901  58.056 0.0000000000
35280  21.499  -46.387  53.619 0.0000000000
35260  22.278  -46.428  54.080 0.0000000000
99228  22.687  -46.513  51.675 0.0000000000
51467  43.605  -27.612  53.450 0.0000000000
51459  43.570  -27.777  54.157 0.0000000000
116298  43.009  -27.831  53.102 0.0000000000
51468  41.803  -28.177  52.827 0.0000000000
29425  20.852  -53.826  63.227 0.0000000000
28548  20.438  -54.416  63.688 0.0000000000
27694  19.111  -55.028  64.027 0.0000000000
26746  20.248  -56.164  65.786 0.0000000000
26759  18.991  -55.911  65.076 0.0000000000
27683  17.742  -55.612  64.388 0.0000000000
26760  17.262  -56.169  64.833 0.0000000000
103321  16.677  -56.733  65.274 0.0000000000
25896  15.065  -57.181  66.124 0.0000000000
30870  28.625  -51.217  66.094 0.0000000000
111535  28.902  -50.750  65.635 0.0000000000
111545  31.978  -51.360  66.767 0.0000000000
117384  31.622  -51.869  67.632 0.0000000000
30100  31.911  -52.207  67.637 0.0000000000
29375  31.968  -53.326  66.735 0.0000000000
29356  31.377  -53.907  67.755 0.0000000000
29376  31.520  -54.053  67.044 0.0000000000
29392  30.427  -53.967  65.770 0.0000000000
29393  29.498  -54.132  65.472 0.0000000000
28533  28.444  -54.292  65.396 0.0000000000
28534  27.366  -54.180  65.107 0.0000000000
27619  28.841  -55.344  68.871 0.0000000000
26725  29.072  -56.016  67.689 0.0000000000
116532  29.120  -55.841  67.527 0.0000000000
26727  27.676  -55.988  67.505 0.0000000000
27649  27.884  -55.447  66.888 0.0000000000
27648  28.867  -55.528  67.135 0.0000000000
28521  27.565  -54.956  66.157 0.0000000000
28535  26.444  -54.169  64.942 0.0000000000
29409  24.924  -53.854  64.206 0.0000000000
29410  24.054  -53.976  64.067 0.0000000000
38612  40.040  -43.554  64.773 0.0000000000
40371  40.318  -41.844  64.018 0.0000000000
105978  39.178  -42.584  63.865 0.0000000000
40390  38.794  -40.612  62.509 0.0000000000
50481  39.878  -27.937  69.559 0.0000000000
49626  39.977  -28.739  70.006 0.0000000000
48745  38.201  -30.361  70.705 0.0000000000
47892  37.735  -30.796  70.285 0.0000000000
48765  37.168  -30.693  69.465 0.0000000000
42848  33.330  -37.495  71.339 0.0000000000
42849  33.104  -37.604  70.465 0.0000000000
42860  32.624  -37.621  69.631 0.0000000000
42873  31.696  -37.512  68.247 0.0000000000
41224  31.255  -39.990  68.552 0.0000000000
40320  30.682  -40.148  67.362 0.0000000000
41225  31.036  -39.662  67.941 0.0000000000
106476  31.461  -38.391  68.470 0.0000000000
42887  31.306  -37.284  67.513 0.0000000000
42902  30.438  -37.453  66.417 0.0000000000
42914  30.066  -37.163  65.745 0.0000000000
42083  29.544  -38.440  65.593 0.0000000000
42915  29.474  -37.690  65.227 0.0000000000
103098  29.250  -37.105  64.516 0.0000000000
43748  27.784  -36.834  61.221 0.0000000000
42945  27.791  -37.354  61.756 0.0000000000
42150  27.088  -38.268  60.683 0.0000000000
42138  27.346  -38.975  61.354 0.0000000000
41321  26.936  -39.123  60.722 0.0000000000
42151  26.657  -38.825  60.048 0.0000000000
98958  26.279  -39.278  58.463 0.0000000000
41363  26.690  -39.802  57.724 0.0000000000
39530  26.379  -41.432  59.354 0.0000000000
38658  26.536  -42.258  59.621 0.0000000000
39529  26.828  -41.917  58.895 0.0000000000
39547  26.616  -41.081  58.642 0.0000000000
40456  28.041  -40.887  57.775 0.0000000000
39572  31.103  -41.324  56.966 0.0000000000
39573  30.795  -41.603  56.588 0.0000000000
38700  31.031  -41.930  57.233 0.0000000000
39588  28.137  -42.122  55.075 0.0000000000
33464  24.894  -47.868  58.735 0.0000000000
106946  24.154  -47.528  58.412 0.0000000000
35207  23.265  -46.920  57.366 0.0000000000
35208  22.461  -46.822  57.092 0.0000000000
117721  22.230  -46.418  55.722 0.0000000000
35227  19.961  -46.677  55.811 0.0000000000
35261  21.188  -46.309  55.045 0.0000000000
108559  40.861  -29.126  56.721 0.0000000000
49800  39.808  -29.840  55.662 0.0000000000
110498  39.006  -30.255  57.322 0.0000000000
48928  38.128  -30.781  57.142 0.0000000000
48937  38.341  -30.683  56.108 0.0000000000
29435  17.826  -53.733  62.489 0.0000000000
28567  15.568  -54.375  62.114 0.0000000000
29448  14.602  -53.748  60.180 0.0000000000
99501  26.481  -46.579  66.719 0.0000000000
35977  28.222  -46.191  67.859 0.0000000000
35992  28.485  -45.459  67.553 0.0000000000
36860  28.021  -45.079  66.933 0.0000000000
36892  27.456  -44.480  64.706 0.0000000000
36910  28.417  -45.261  62.177 0.0000000000
103214  30.161  -45.605  62.339 0.0000000000
36102  30.657  -45.332  61.590 0.0000000000
35151  32.471  -46.513  63.179 0.0000000000
34240  32.438  -46.535  62.472 0.0000000000
33407  32.342  -48.172  62.303 0.0000000000
117728  31.798  -46.951  61.331 0.0000000000
34243  31.004  -47.539  60.281 0.0000000000
33438  29.715  -48.164  59.541 0.0000000000
32626  28.357  -48.816  59.403 0.0000000000
33441  27.043  -48.643  59.194 0.0000000000
33442  26.296  -48.562  59.343 0.0000000000
30841  32.161  -51.409  66.627 0.0000000000
113917  32.515  -51.738  65.906 0.0000000000
30887  32.417  -51.668  65.056 0.0000000000
30151  31.120  -52.746  64.604 0.0000000000
30888  31.573  -52.123  64.426 0.0000000000
30905  30.999  -51.700  63.666 0.0000000000
30918  29.648  -51.588  62.569 0.0000000000
30930  29.219  -51.183  61.908 0.0000000000
106614  26.917  -52.673  63.307 0.0000000000
30181  27.381  -52.203  62.816 0.0000000000
31745  27.855  -50.670  61.350 0.0000000000
32610  26.623  -49.733  60.554 0.0000000000
32631  23.125  -48.815  59.833 0.0000000000
33467  21.737  -48.136  58.807 0.0000000000
100320  20.328  -48.319  58.566 0.0000000000
32633  21.371  -49.495  59.943 0.0000000000
32647  17.372  -49.241  58.423 0.0000000000
32653  17.102  -48.953  57.743 0.0000000000
32654  16.526  -49.155  57.079 0.0000000000
47126  38.069  -32.485  62.661 0.0000000000
47146  37.841  -32.568  61.885 0.0000000000
46228  37.887  -33.215  62.312 0.0000000000
108784  37.899  -33.997  61.857 0.0000000000
45334  38.557  -34.402  63.043 0.0000000000
45360  38.667  -34.646  61.551 0.0000000000
41292  40.298  -40.447  63.395 0.0000000000
27595  21.883  -56.213  70.714 0.0000000000
25824  22.119  -57.327  71.130 0.0000000000
25825  21.428  -57.369  71.437 0.0000000000
109433  21.678  -57.904  71.256 0.0000000000
24224  21.066  -58.674  70.401 0.0000000000
25056  20.361  -58.604  69.784 0.0000000000
25057  19.740  -58.704  70.100 0.0000000000
25019  19.616  -58.138  71.895 0.0000000000
24215  19.272  -58.807  71.189 0.0000000000
24236  19.324  -58.860  70.857 0.0000000000
109359  18.964  -58.461  69.481 0.0000000000
25072  18.254  -58.300  68.629 0.0000000000
25083  17.609  -58.194  67.956 0.0000000000
25074  16.619  -58.415  69.068 0.0000000000
104701  16.266  -57.983  67.812 0.0000000000
100971  16.127  -57.735  67.310 0.0000000000
25887  15.535  -57.489  66.904 0.0000000000
25817  14.651  -57.482  72.801 0.0000000000
109065  14.886  -57.816  72.299 0.0000000000
25837  14.894  -57.572  70.169 0.0000000000
25847  14.788  -57.592  69.147 0.0000000000
26705  14.469  -56.817  68.703 0.0000000000
108634  14.753  -57.357  68.140 0.0000000000
26737  14.311  -56.879  66.527 0.0000000000
26751  14.273  -56.749  65.734 0.0000000000
26752  13.576  -56.249  65.345 0.0000000000
98174  11.968  -55.358  64.831 0.0000000000
50639  41.601  -28.665  58.038 0.0000000000
49741  40.335  -29.393  59.097 0.0000000000
48000  38.384  -31.395  61.785 0.0000000000
48871  39.413  -30.364  62.693 0.0000000000
106798  38.510  -31.351  62.609 0.0000000000
46215  38.411  -33.333  63.847 0.0000000000
45295  38.735  -34.055  64.428 0.0000000000
44520  40.779  -35.332  64.825 0.0000000000
46176  39.876  -33.284  66.206 0.0000000000
46159  40.775  -33.260  66.746 0.0000000000
45293  40.454  -34.664  65.998 0.0000000000
43711  42.421  -36.589  65.013 0.0000000000
42910  42.275  -37.062  65.512 0.0000000000
42895  42.224  -37.062  66.539 0.0000000000
42095  41.210  -38.183  65.526 0.0000000000
51300  41.253  -28.062  67.754 0.0000000000
50491  41.745  -28.637  68.027 0.0000000000
48782  42.429  -30.453  68.222 0.0000000000
109281  42.699  -31.816  68.038 0.0000000000
111278  42.591  -33.990  68.682 0.0000000000
47010  39.872  -32.427  70.461 0.0000000000
106112  40.779  -33.064  70.140 0.0000000000
44436  39.779  -35.644  70.710 0.0000000000
105448  40.491  -34.298  70.471 0.0000000000
46110  41.768  -33.897  69.526 0.0000000000
45252  42.151  -34.833  69.171 0.0000000000
44455  42.361  -35.524  68.731 0.0000000000
43666  42.320  -36.206  68.437 0.0000000000
42883  41.267  -37.461  67.778 0.0000000000
42039  40.536  -37.896  67.527 0.0000000000
42059  40.562  -38.305  66.852 0.0000000000
42080  39.983  -39.514  66.505 0.0000000000
40342  40.267  -41.827  65.918 0.0000000000
39439  40.156  -43.060  65.908 0.0000000000
38602  39.036  -43.690  65.356 0.0000000000
39458  38.507  -43.278  64.947 0.0000000000
40345  37.549  -41.229  65.883 0.0000000000
103074  36.485  -37.954  65.732 0.0000000000
42082  36.184  -38.553  65.199 0.0000000000
42913  35.925  -37.820  65.016 0.0000000000
42098  35.748  -38.653  64.495 0.0000000000
41294  35.726  -39.105  63.961 0.0000000000
48747  36.769  -30.175  71.092 0.0000000000
48766  36.508  -30.440  69.498 0.0000000000
46079  34.649  -33.721  72.520 0.0000000000
103220  34.730  -32.896  72.080 0.0000000000
45241  33.766  -34.530  69.343 0.0000000000
46101  34.350  -33.564  70.684 0.0000000000
46999  34.467  -32.821  71.091 0.0000000000
47014  34.531  -31.946  70.642 0.0000000000
47027  34.442  -31.881  68.784 0.0000000000
103743  34.833  -31.033  69.152 0.0000000000
48785  35.505  -30.506  69.054 0.0000000000
99530  36.085  -30.330  68.971 0.0000000000
48783  36.646  -30.593  68.521 0.0000000000
47931  37.092  -30.980  67.662 0.0000000000
47097  36.963  -31.859  66.102 0.0000000000
47971  35.709  -31.271  65.831 0.0000000000
47970  36.345  -31.723  65.458 0.0000000000
47098  36.731  -32.381  65.310 0.0000000000
46199  36.466  -33.422  64.350 0.0000000000
45337  35.893  -33.975  62.953 0.0000000000
109705  33.823  -32.575  64.235 0.0000000000
47115  34.029  -32.688  63.330 0.0000000000
46231  33.520  -33.206  62.016 0.0000000000
47130  34.208  -32.982  62.506 0.0000000000
47129  34.840  -32.805  63.043 0.0000000000
44553  35.190  -34.837  62.613 0.0000000000
117039  34.113  -36.248  62.170 0.0000000000
43757  27.587  -36.766  60.508 0.0000000000
43770  27.441  -36.795  59.620 0.0000000000
43789  27.498  -36.915  58.659 0.0000000000
42997  27.794  -37.134  57.700 0.0000000000
41380  30.911  -39.635  55.697 0.0000000000
36939  28.752  -44.516  60.568 0.0000000000
37776  30.796  -43.663  59.275 0.0000000000
35176  29.941  -46.665  58.905 0.0000000000
35191  30.270  -45.927  58.981 0.0000000000
36145  30.492  -45.019  59.139 0.0000000000
35204  29.273  -46.061  57.740 0.0000000000
36146  29.948  -45.449  58.309 0.0000000000
37796  31.026  -43.232  58.888 0.0000000000
37848  28.881  -43.450  56.135 0.0000000000
37862  26.994  -43.256  54.269 0.0000000000
34302  25.438  -47.379  56.310 0.0000000000
34316  25.934  -47.264  55.714 0.0000000000
35239  26.313  -46.654  55.245 0.0000000000
117603  23.480  -46.667  54.275 0.0000000000
35257  25.017  -46.774  54.446 0.0000000000
36186  26.755  -45.832  54.883 0.0000000000
36198  26.594  -45.487  54.271 0.0000000000
37028  26.726  -44.933  53.820 0.0000000000
37046  26.108  -44.977  53.194 0.0000000000
37872  26.654  -43.477  53.609 0.0000000000
50668  41.695  -28.671  54.486 0.0000000000
50691  40.404  -28.596  52.511 0.0000000000
48957  38.533  -30.353  53.868 0.0000000000
104273  37.443  -33.482  59.629 0.0000000000
24205  19.043  -58.731  71.468 0.0000000000
24206  18.102  -58.783  71.718 0.0000000000
24208  16.745  -58.677  71.837 0.0000000000
24213  21.067  -58.620  71.009 0.0000000000
24214  20.125  -58.742  71.061 0.0000000000
24225  20.426  -58.712  70.502 0.0000000000
24228  17.574  -58.761  71.373 0.0000000000
24229  16.832  -58.680  71.622 0.0000000000
24235  20.045  -58.753  70.484 0.0000000000
25010  17.356  -58.350  72.499 0.0000000000
25011  16.392  -58.308  72.477 0.0000000000
25020  18.686  -58.488  72.031 0.0000000000
25029  22.669  -58.184  70.525 0.0000000000
25030  22.098  -58.158  70.886 0.0000000000
25031  21.396  -58.389  71.059 0.0000000000
25042  21.561  -58.562  70.587 0.0000000000
25044  16.479  -58.464  70.846 0.0000000000
25052  23.974  -57.901  69.504 0.0000000000
25055  21.275  -58.667  70.229 0.0000000000
25058  18.770  -58.723  70.362 0.0000000000
25804  15.792  -57.797  73.087 0.0000000000
25805  15.004  -57.700  72.981 0.0000000000
25812  20.838  -57.437  71.677 0.0000000000
25826  15.333  -58.156  71.918 0.0000000000
25832  26.279  -56.914  69.790 0.0000000000
25835  23.430  -57.294  70.688 0.0000000000
25843  26.181  -57.350  69.276 0.0000000000
25844  25.403  -57.649  69.317 0.0000000000
25851  26.832  -57.043  68.625 0.0000000000
25864  26.842  -56.977  68.572 0.0000000000
26696  28.636  -56.000  68.552 0.0000000000
26697  28.054  -56.117  69.015 0.0000000000
26702  28.983  -56.230  67.974 0.0000000000
26703  28.204  -56.545  68.160 0.0000000000
26704  27.534  -56.707  68.162 0.0000000000
27634  29.347  -55.635  68.339 0.0000000000
27647  29.533  -55.617  67.371 0.0000000000
28469  28.490  -54.661  69.084 0.0000000000
28518  30.818  -54.444  66.639 0.0000000000
29335  31.346  -52.938  68.003 0.0000000000
29336  30.844  -53.513  68.192 0.0000000000
29338  29.002  -53.562  68.554 0.0000000000
29391  31.276  -53.747  66.265 0.0000000000
30101  31.167  -52.261  67.962 0.0000000000
30115  32.336  -52.575  67.067 0.0000000000
30118  27.833  -52.443  67.173 0.0000000000
30164  30.611  -52.371  63.965 0.0000000000
30842  31.981  -51.709  67.275 0.0000000000
30843  31.518  -51.533  67.117 0.0000000000
30852  32.445  -51.404  66.358 0.0000000000
31671  32.174  -50.654  66.321 0.0000000000
31700  32.839  -50.850  64.838 0.0000000000
33381  33.334  -48.237  65.002 0.0000000000
33422  31.506  -47.567  60.978 0.0000000000
35050  29.478  -45.876  68.787 0.0000000000
35139  32.233  -46.371  63.429 0.0000000000
37671  32.017  -43.239  70.592 0.0000000000
38601  39.850  -43.763  65.497 0.0000000000
38613  39.577  -43.788  65.012 0.0000000000
38622  39.242  -43.452  64.487 0.0000000000
39440  39.087  -43.384  66.177 0.0000000000
39457  40.419  -43.293  65.223 0.0000000000
39459  37.885  -42.477  64.941 0.0000000000
39474  40.469  -42.949  64.642 0.0000000000
39475  39.852  -42.812  64.149 0.0000000000
40290  32.396  -40.388  71.315 0.0000000000
42100  28.782  -38.754  64.295 0.0000000000
42194  26.777  -38.122  57.518 0.0000000000
42869  41.213  -37.330  68.444 0.0000000000
42925  28.768  -37.322  63.876 0.0000000000
43657  32.782  -36.749  69.334 0.0000000000
43667  40.860  -37.238  69.187 0.0000000000
43714  29.610  -36.472  64.484 0.0000000000
44491  42.629  -35.771  66.839 0.0000000000
46218  34.860  -33.227  62.475 0.0000000000
47059  41.554  -32.477  67.155 0.0000000000
47113  36.253  -32.208  64.781 0.0000000000
97631  24.701  -57.612  69.980 0.0000000000
99627  33.035  -47.736  64.690 0.0000000000
99851  18.910  -58.881  70.942 0.0000000000
99956  32.137  -41.961  71.297 0.0000000000
100343  26.791  -56.899  68.436 0.0000000000
101053  26.171  -39.947  58.972 0.0000000000
102701  27.120  -51.727  66.070 0.0000000000
103748  38.653  -35.330  70.819 0.0000000000
106957  29.309  -52.786  67.776 0.0000000000
109030  18.193  -58.846  71.107 0.0000000000
109617  36.533  -32.787  64.739 0.0000000000
113235  20.665  -58.700  70.373 0.0000000000
113753  32.319  -46.075  63.036 0.0000000000
116147  32.632  -50.853  66.004 0.0000000000
116264  29.316  -44.610  67.640 0.0000000000
116424  31.713  -53.165  66.017 0.0000000000
117691  30.436  -34.545  60.575 0.0000000000
118021  42.639  -32.171  67.823 0.0000000000
118098  40.163  -35.002  70.709 0.0000000000
