#!ascii label  , from subject sub-v1s23x0050554_ses-1 vox2ras=TkReg
888
98972  10.848  -40.066  62.118 0.0000000000
107084  22.035  -40.747  69.213 0.0000000000
53820  30.011  -23.653  53.702 0.0000000000
48923  20.586  -29.678  58.281 0.0000000000
45303  20.063  -34.664  65.676 0.0000000000
60525  42.263  -16.534  49.982 0.0000000000
102376  29.254  -23.561  57.170 0.0000000000
53808  23.947  -24.871  54.887 0.0000000000
39513  7.132  -41.324  61.321 0.0000000000
39435  16.232  -41.045  65.436 0.0000000000
39481  18.379  -41.278  63.519 0.0000000000
40443  12.434  -40.261  59.492 0.0000000000
57315  35.922  -20.072  51.746 0.0000000000
41241  14.697  -39.618  67.922 0.0000000000
107963  10.023  -37.510  66.093 0.0000000000
54620  35.131  -23.137  54.963 0.0000000000
40356  5.910  -41.373  66.037 0.0000000000
37722  1.982  -43.921  65.980 0.0000000000
51427  25.285  -28.007  58.646 0.0000000000
48007  20.076  -31.904  62.070 0.0000000000
43751  16.918  -35.996  60.780 0.0000000000
42141  19.561  -39.014  61.710 0.0000000000
54584  28.422  -23.149  59.537 0.0000000000
53776  26.360  -23.930  56.251 0.0000000000
53753  25.866  -23.978  58.314 0.0000000000
55447  30.775  -22.648  59.673 0.0000000000
105394  9.898  -41.661  59.944 0.0000000000
37772  8.713  -42.866  60.577 0.0000000000
40417  8.538  -40.385  61.530 0.0000000000
40380  13.356  -40.520  63.528 0.0000000000
39497  13.919  -41.398  62.855 0.0000000000
40413  11.969  -40.177  61.242 0.0000000000
38662  11.466  -42.168  59.314 0.0000000000
55496  30.494  -22.488  52.408 0.0000000000
53785  32.170  -24.252  55.711 0.0000000000
54623  32.291  -23.585  54.669 0.0000000000
56402  32.838  -21.738  52.861 0.0000000000
42052  8.696  -37.942  67.909 0.0000000000
41274  7.513  -39.429  65.705 0.0000000000
41244  7.178  -39.068  67.914 0.0000000000
39385  3.159  -41.785  70.763 0.0000000000
38579  3.482  -42.598  68.156 0.0000000000
37697  1.347  -43.738  68.455 0.0000000000
36855  -0.209  -44.979  68.763 0.0000000000
36828  -0.748  -44.461  70.382 0.0000000000
47990  22.314  -31.977  64.285 0.0000000000
46225  20.283  -33.279  63.895 0.0000000000
46239  18.097  -34.051  61.974 0.0000000000
44548  17.805  -35.587  62.834 0.0000000000
40424  16.775  -40.580  60.236 0.0000000000
40395  19.601  -40.462  62.164 0.0000000000
99109  17.219  -40.130  58.665 0.0000000000
41365  18.762  -39.258  57.835 0.0000000000
49764  23.597  -29.534  58.380 0.0000000000
49807  24.245  -29.472  55.756 0.0000000000
48941  21.432  -30.355  55.640 0.0000000000
61227  45.790  -15.590  48.508 0.0000000000
61229  43.808  -15.620  48.322 0.0000000000
98512  30.026  -24.412  55.072 0.0000000000
98691  27.344  -24.397  54.177 0.0000000000
54603  31.590  -23.580  57.503 0.0000000000
39418  18.934  -42.127  67.444 0.0000000000
39430  20.878  -41.476  66.368 0.0000000000
39466  17.079  -41.512  64.408 0.0000000000
39509  15.320  -41.349  61.356 0.0000000000
101279  13.391  -40.544  58.450 0.0000000000
56397  38.055  -21.120  54.229 0.0000000000
58133  38.609  -19.687  52.615 0.0000000000
59023  39.452  -18.050  50.799 0.0000000000
59816  39.580  -16.972  48.770 0.0000000000
41271  13.162  -38.534  64.787 0.0000000000
105125  11.086  -38.713  64.047 0.0000000000
42048  12.535  -38.135  67.439 0.0000000000
40336  15.969  -40.361  66.705 0.0000000000
56409  35.227  -21.276  52.933 0.0000000000
41300  8.694  -39.572  63.775 0.0000000000
40386  6.665  -40.782  63.923 0.0000000000
38625  4.163  -42.812  63.365 0.0000000000
39422  5.471  -41.277  67.686 0.0000000000
38596  4.132  -42.465  66.031 0.0000000000
36813  -3.651  -44.738  73.284 0.0000000000
52949  26.068  -25.052  59.760 0.0000000000
48896  22.558  -30.185  60.560 0.0000000000
48876  23.045  -30.791  62.433 0.0000000000
48021  20.114  -30.912  60.650 0.0000000000
47156  18.273  -32.344  60.558 0.0000000000
45400  16.667  -34.629  59.093 0.0000000000
106824  17.387  -37.159  56.042 0.0000000000
115175  21.145  -40.013  65.411 0.0000000000
115501  19.811  -37.837  65.589 0.0000000000
43732  18.435  -36.579  64.081 0.0000000000
42960  17.820  -37.118  61.246 0.0000000000
42181  18.428  -38.507  58.047 0.0000000000
102484  24.161  -26.228  56.941 0.0000000000
51464  22.866  -27.641  54.016 0.0000000000
54572  28.245  -23.129  60.413 0.0000000000
54597  27.115  -23.556  58.420 0.0000000000
101124  26.858  -23.707  59.285 0.0000000000
55434  29.722  -22.595  60.757 0.0000000000
40415  10.239  -40.121  61.183 0.0000000000
40432  8.851  -40.603  60.815 0.0000000000
40399  10.003  -39.953  62.098 0.0000000000
40381  12.615  -39.958  63.427 0.0000000000
40397  12.569  -40.519  62.900 0.0000000000
40414  11.139  -40.099  61.269 0.0000000000
99693  10.747  -40.267  60.564 0.0000000000
97923  29.987  -23.142  52.978 0.0000000000
53800  31.605  -24.133  55.227 0.0000000000
53799  32.216  -23.997  55.222 0.0000000000
54639  30.695  -23.407  53.851 0.0000000000
55495  31.370  -22.330  52.912 0.0000000000
38556  1.761  -42.484  70.658 0.0000000000
38567  2.666  -42.645  69.424 0.0000000000
37686  1.318  -43.366  69.373 0.0000000000
100307  0.534  -44.440  68.426 0.0000000000
36840  0.189  -44.274  69.270 0.0000000000
36841  -0.504  -44.752  69.570 0.0000000000
46205  21.224  -33.301  65.040 0.0000000000
46187  19.854  -34.347  64.892 0.0000000000
45322  19.163  -34.371  64.060 0.0000000000
101869  19.195  -34.894  64.750 0.0000000000
108290  22.444  -39.877  69.753 0.0000000000
118153  15.572  -40.118  59.191 0.0000000000
40439  16.490  -40.207  59.342 0.0000000000
98943  16.055  -40.154  58.330 0.0000000000
40460  17.487  -40.028  57.736 0.0000000000
100091  22.561  -29.602  58.163 0.0000000000
104105  22.465  -29.809  56.648 0.0000000000
59807  42.290  -16.995  50.798 0.0000000000
60509  43.521  -16.864  51.107 0.0000000000
60523  43.963  -16.379  50.454 0.0000000000
61219  44.187  -15.769  49.340 0.0000000000
60530  42.555  -15.934  49.072 0.0000000000
53774  29.464  -23.952  56.268 0.0000000000
53803  28.619  -24.363  54.642 0.0000000000
106601  28.323  -23.941  55.947 0.0000000000
116781  25.165  -24.430  55.753 0.0000000000
53806  26.158  -24.305  54.886 0.0000000000
53807  24.670  -24.580  54.570 0.0000000000
54594  30.415  -23.127  58.225 0.0000000000
53762  30.799  -23.605  57.342 0.0000000000
53773  30.758  -24.166  56.286 0.0000000000
39524  7.793  -41.675  60.759 0.0000000000
38639  5.795  -42.632  61.740 0.0000000000
39433  17.298  -41.179  66.731 0.0000000000
103942  17.813  -41.434  65.988 0.0000000000
39451  16.546  -41.447  64.958 0.0000000000
99514  13.005  -40.376  61.201 0.0000000000
39496  14.606  -41.627  62.318 0.0000000000
40412  14.006  -40.575  60.947 0.0000000000
40426  14.116  -40.039  60.019 0.0000000000
40442  13.265  -40.096  59.421 0.0000000000
39551  12.670  -41.074  58.600 0.0000000000
47177  17.435  -31.996  57.495 0.0000000000
57303  37.252  -20.396  52.686 0.0000000000
57302  38.098  -20.261  52.982 0.0000000000
58135  36.859  -19.850  51.879 0.0000000000
112740  37.701  -18.414  50.338 0.0000000000
59027  38.072  -17.850  49.601 0.0000000000
59811  39.013  -17.677  49.974 0.0000000000
41255  14.267  -38.892  66.431 0.0000000000
42086  12.791  -37.911  65.480 0.0000000000
42047  13.482  -38.374  67.029 0.0000000000
40326  15.427  -39.939  67.317 0.0000000000
41269  14.772  -39.646  65.820 0.0000000000
56391  36.172  -21.772  54.154 0.0000000000
55484  35.361  -21.837  53.798 0.0000000000
57308  32.577  -20.918  51.664 0.0000000000
42088  10.680  -37.645  65.470 0.0000000000
41288  9.173  -39.003  64.180 0.0000000000
41272  8.862  -38.542  64.838 0.0000000000
41258  7.093  -39.999  66.299 0.0000000000
40368  7.200  -40.283  64.485 0.0000000000
39453  5.935  -41.305  65.125 0.0000000000
39487  5.421  -41.728  63.590 0.0000000000
39454  5.337  -41.744  65.389 0.0000000000
40318  5.146  -41.124  68.639 0.0000000000
38598  2.902  -43.210  66.878 0.0000000000
38588  4.185  -42.423  66.898 0.0000000000
38610  2.731  -43.365  65.911 0.0000000000
37720  3.004  -43.432  64.990 0.0000000000
49735  24.532  -29.675  60.279 0.0000000000
47141  21.121  -32.046  63.091 0.0000000000
103610  22.663  -31.473  63.718 0.0000000000
48006  21.411  -31.451  62.532 0.0000000000
48888  20.981  -30.793  61.105 0.0000000000
48014  20.169  -31.330  61.344 0.0000000000
48023  18.840  -31.712  60.589 0.0000000000
47150  18.775  -32.495  61.311 0.0000000000
45370  17.354  -34.888  61.320 0.0000000000
45385  17.208  -34.385  60.518 0.0000000000
113405  16.561  -35.319  59.441 0.0000000000
43815  16.470  -36.290  57.365 0.0000000000
107092  16.671  -36.774  58.750 0.0000000000
39464  19.430  -41.426  64.582 0.0000000000
40335  21.435  -40.491  66.016 0.0000000000
39463  20.263  -40.972  64.340 0.0000000000
41310  19.877  -39.833  62.108 0.0000000000
105844  19.857  -39.710  62.960 0.0000000000
42129  19.417  -38.975  62.670 0.0000000000
42918  19.217  -37.022  65.165 0.0000000000
42120  18.886  -37.966  63.242 0.0000000000
114595  18.022  -36.776  62.778 0.0000000000
42142  19.095  -38.294  61.307 0.0000000000
40489  17.705  -40.093  56.191 0.0000000000
52171  25.571  -26.738  59.785 0.0000000000
52956  25.155  -25.556  58.573 0.0000000000
52181  24.804  -27.107  58.219 0.0000000000
108792  23.327  -29.582  54.523 0.0000000000
50664  23.628  -28.785  54.914 0.0000000000
61237  46.274  -15.726  47.786 0.0000000000
102099  29.134  -23.341  57.888 0.0000000000
54610  27.816  -23.619  56.806 0.0000000000
54605  27.414  -23.534  57.621 0.0000000000
53764  26.069  -23.820  56.983 0.0000000000
53777  25.422  -24.229  56.481 0.0000000000
55433  30.596  -22.464  60.531 0.0000000000
55448  29.925  -22.685  59.895 0.0000000000
38648  9.197  -42.072  60.183 0.0000000000
39523  8.567  -41.299  60.525 0.0000000000
40418  7.705  -40.649  61.768 0.0000000000
40364  14.701  -40.780  64.471 0.0000000000
39469  14.910  -41.208  64.143 0.0000000000
39470  14.113  -41.058  63.717 0.0000000000
40396  13.187  -40.889  62.396 0.0000000000
40428  12.203  -40.082  60.301 0.0000000000
106196  12.137  -40.798  59.090 0.0000000000
39535  10.859  -40.697  59.880 0.0000000000
38663  10.653  -41.709  59.631 0.0000000000
58148  34.695  -19.562  50.533 0.0000000000
41227  13.666  -39.535  68.546 0.0000000000
53771  33.711  -24.503  56.318 0.0000000000
54616  33.743  -23.868  55.140 0.0000000000
55474  33.820  -23.109  54.462 0.0000000000
55485  33.769  -22.379  53.840 0.0000000000
55487  32.099  -22.487  53.498 0.0000000000
56413  31.617  -21.714  52.165 0.0000000000
99816  8.973  -37.771  67.056 0.0000000000
42074  8.616  -38.174  65.586 0.0000000000
42075  8.075  -38.303  66.929 0.0000000000
41257  7.464  -39.090  66.464 0.0000000000
40338  6.608  -40.359  66.938 0.0000000000
39409  4.501  -41.579  69.013 0.0000000000
38566  3.369  -42.420  68.998 0.0000000000
38580  2.782  -42.874  68.557 0.0000000000
37706  2.260  -43.487  67.258 0.0000000000
36854  1.062  -44.279  67.827 0.0000000000
47119  21.706  -32.663  64.642 0.0000000000
47136  19.957  -32.922  63.222 0.0000000000
47144  19.020  -32.919  62.132 0.0000000000
45343  18.861  -33.968  63.189 0.0000000000
45357  17.935  -34.776  62.482 0.0000000000
110380  17.495  -35.814  62.096 0.0000000000
39507  17.557  -41.027  61.334 0.0000000000
111269  19.093  -40.848  62.187 0.0000000000
40410  18.470  -40.903  61.067 0.0000000000
100746  18.992  -40.610  60.532 0.0000000000
41331  19.420  -40.017  59.901 0.0000000000
41330  19.594  -39.282  60.082 0.0000000000
41346  18.849  -39.631  58.546 0.0000000000
40480  17.334  -40.204  56.874 0.0000000000
49763  24.925  -29.078  58.260 0.0000000000
50653  25.041  -29.083  56.727 0.0000000000
49779  24.164  -29.542  56.974 0.0000000000
49808  23.377  -29.997  55.349 0.0000000000
61218  45.340  -15.693  49.309 0.0000000000
61228  44.768  -15.577  48.440 0.0000000000
114863  30.070  -24.214  54.602 0.0000000000
54650  28.675  -23.920  52.806 0.0000000000
97728  28.845  -24.249  54.031 0.0000000000
53805  27.019  -24.316  54.779 0.0000000000
53824  26.481  -24.402  54.006 0.0000000000
55431  32.567  -22.259  60.316 0.0000000000
114189  32.496  -22.897  58.471 0.0000000000
54591  33.263  -23.153  58.086 0.0000000000
53772  31.958  -24.376  56.230 0.0000000000
53786  31.338  -24.299  55.620 0.0000000000
39404  20.984  -41.959  68.300 0.0000000000
39415  21.625  -41.365  67.803 0.0000000000
39417  19.889  -42.073  67.033 0.0000000000
39449  18.525  -41.652  65.252 0.0000000000
111139  17.570  -41.405  63.873 0.0000000000
39484  15.554  -41.460  63.496 0.0000000000
39483  16.083  -41.433  63.185 0.0000000000
39494  16.221  -41.423  62.322 0.0000000000
39520  15.997  -41.159  60.888 0.0000000000
99459  14.892  -40.066  59.597 0.0000000000
40462  14.252  -40.387  58.063 0.0000000000
58132  40.030  -19.170  52.816 0.0000000000
58145  37.593  -19.324  51.554 0.0000000000
59006  39.087  -18.633  51.480 0.0000000000
59005  39.922  -18.645  52.021 0.0000000000
59022  40.253  -17.869  50.954 0.0000000000
59809  40.657  -17.360  50.423 0.0000000000
60531  40.903  -16.518  49.098 0.0000000000
60536  41.256  -16.143  48.387 0.0000000000
41286  11.828  -39.325  63.614 0.0000000000
41298  10.661  -39.443  63.381 0.0000000000
102205  12.137  -38.579  64.274 0.0000000000
42087  11.857  -37.633  65.734 0.0000000000
42072  10.938  -37.579  66.644 0.0000000000
41243  13.133  -38.742  68.034 0.0000000000
42050  10.617  -37.906  67.796 0.0000000000
42030  10.290  -38.334  68.730 0.0000000000
39390  21.435  -41.424  69.765 0.0000000000
38561  20.070  -42.201  68.968 0.0000000000
38587  18.276  -41.948  67.963 0.0000000000
39434  16.726  -40.825  66.422 0.0000000000
39421  16.400  -40.698  67.110 0.0000000000
40352  15.811  -40.605  65.700 0.0000000000
40353  15.119  -40.431  65.298 0.0000000000
99708  13.381  -39.897  63.811 0.0000000000
56389  37.686  -21.747  54.777 0.0000000000
56398  36.796  -21.313  53.788 0.0000000000
57292  35.979  -20.970  52.803 0.0000000000
56400  34.473  -21.803  53.442 0.0000000000
56410  34.210  -21.172  52.570 0.0000000000
57306  34.517  -20.519  51.839 0.0000000000
40382  9.852  -39.816  62.904 0.0000000000
40383  9.004  -39.939  63.094 0.0000000000
40402  7.578  -40.541  62.733 0.0000000000
41290  7.647  -39.609  64.896 0.0000000000
40385  7.401  -40.396  63.614 0.0000000000
39499  6.248  -41.348  62.416 0.0000000000
39500  5.579  -41.815  62.697 0.0000000000
37745  4.605  -42.905  62.610 0.0000000000
40327  6.121  -40.572  67.607 0.0000000000
40339  6.099  -41.081  66.906 0.0000000000
39423  4.819  -41.934  67.302 0.0000000000
117680  5.249  -41.796  66.076 0.0000000000
38608  4.100  -42.483  65.159 0.0000000000
35928  -2.306  -44.974  72.265 0.0000000000
54574  26.994  -24.114  60.984 0.0000000000
50621  25.584  -28.755  59.609 0.0000000000
49748  24.680  -29.404  59.225 0.0000000000
49750  22.801  -29.670  59.074 0.0000000000
48921  21.809  -29.700  59.021 0.0000000000
114502  22.542  -30.415  61.132 0.0000000000
48897  21.587  -30.297  60.444 0.0000000000
48908  20.367  -30.105  59.492 0.0000000000
48910  18.762  -30.655  59.073 0.0000000000
48032  17.952  -31.228  59.004 0.0000000000
47170  17.261  -32.491  58.363 0.0000000000
47151  18.105  -32.994  60.949 0.0000000000
46255  17.273  -33.624  59.878 0.0000000000
46271  16.816  -34.100  58.369 0.0000000000
44600  16.462  -35.345  57.629 0.0000000000
43830  17.105  -36.249  55.963 0.0000000000
44499  20.163  -35.433  66.891 0.0000000000
40323  21.862  -40.485  67.347 0.0000000000
41239  21.562  -39.385  67.419 0.0000000000
42045  21.122  -38.452  67.584 0.0000000000
41283  20.463  -40.259  64.212 0.0000000000
42085  20.060  -38.512  65.455 0.0000000000
42906  20.115  -37.872  66.074 0.0000000000
43706  19.619  -37.226  65.759 0.0000000000
43696  19.331  -36.110  65.872 0.0000000000
44513  19.362  -35.682  65.710 0.0000000000
44547  18.185  -35.747  63.800 0.0000000000
43742  17.701  -36.288  62.480 0.0000000000
43760  17.259  -36.760  60.513 0.0000000000
42156  18.381  -38.150  60.043 0.0000000000
42971  17.593  -37.571  59.691 0.0000000000
42984  17.164  -37.310  59.033 0.0000000000
105804  17.739  -38.050  56.261 0.0000000000
53749  26.042  -24.294  59.063 0.0000000000
53766  24.993  -25.136  57.842 0.0000000000
52969  24.170  -25.470  56.521 0.0000000000
115544  24.121  -27.865  56.413 0.0000000000
51446  23.687  -27.203  55.989 0.0000000000
52218  23.060  -26.003  54.381 0.0000000000
117149  41.872  -15.973  47.497 0.0000000000
54585  27.608  -23.446  59.860 0.0000000000
54573  27.524  -23.529  60.713 0.0000000000
55435  28.866  -22.789  60.994 0.0000000000
114626  10.589  -39.887  62.763 0.0000000000
113424  11.521  -40.018  62.977 0.0000000000
40398  11.716  -40.258  62.149 0.0000000000
54649  29.120  -23.430  52.236 0.0000000000
53801  30.436  -23.915  54.318 0.0000000000
54624  31.390  -23.820  54.615 0.0000000000
38568  1.915  -42.825  69.817 0.0000000000
37677  1.169  -43.050  70.188 0.0000000000
37687  0.620  -43.621  69.732 0.0000000000
37688  -0.069  -44.027  70.039 0.0000000000
46168  21.133  -34.067  66.252 0.0000000000
46186  20.680  -34.024  65.531 0.0000000000
45304  19.512  -35.058  65.381 0.0000000000
40294  22.560  -40.266  70.768 0.0000000000
40461  15.119  -40.381  57.757 0.0000000000
40481  15.289  -40.786  57.238 0.0000000000
49765  21.399  -29.628  58.250 0.0000000000
49781  21.906  -29.670  57.388 0.0000000000
60524  42.998  -16.672  50.620 0.0000000000
60529  43.210  -16.137  49.764 0.0000000000
54609  28.650  -23.664  56.743 0.0000000000
53791  24.591  -24.628  55.373 0.0000000000
102729  25.327  -24.398  55.083 0.0000000000
53827  23.981  -24.829  54.061 0.0000000000
52989  23.506  -25.268  54.429 0.0000000000
98731  29.862  -23.394  57.661 0.0000000000
53763  30.029  -23.729  56.932 0.0000000000
38637  7.115  -42.269  61.034 0.0000000000
38638  6.400  -42.033  61.438 0.0000000000
37757  6.524  -42.896  61.407 0.0000000000
109122  16.967  -41.186  65.740 0.0000000000
104247  15.890  -41.348  64.733 0.0000000000
40427  12.865  -40.079  60.132 0.0000000000
104901  13.452  -40.153  60.338 0.0000000000
40463  12.729  -40.506  58.925 0.0000000000
101764  17.153  -32.996  57.638 0.0000000000
57304  36.373  -20.496  52.411 0.0000000000
59818  38.006  -17.619  48.732 0.0000000000
41242  14.120  -38.984  67.549 0.0000000000
41254  14.904  -39.418  66.895 0.0000000000
55468  35.902  -22.837  55.222 0.0000000000
55472  35.614  -22.405  54.517 0.0000000000
55473  34.652  -22.579  54.260 0.0000000000
42089  9.573  -37.895  65.284 0.0000000000
103997  6.579  -40.757  66.229 0.0000000000
114477  6.438  -40.965  65.578 0.0000000000
40309  4.888  -40.983  69.509 0.0000000000
37713  2.290  -43.581  66.537 0.0000000000
104090  20.749  -31.783  62.498 0.0000000000
97759  20.815  -31.323  61.921 0.0000000000
104551  19.480  -31.860  61.344 0.0000000000
47149  19.401  -32.359  61.879 0.0000000000
108296  17.239  -35.597  61.437 0.0000000000
44573  16.980  -35.249  60.703 0.0000000000
44582  16.694  -35.644  60.068 0.0000000000
43773  16.466  -36.064  59.310 0.0000000000
43761  16.761  -36.252  60.082 0.0000000000
99508  19.134  -41.301  63.889 0.0000000000
108260  19.807  -41.116  63.876 0.0000000000
42130  18.912  -38.185  62.251 0.0000000000
51417  25.205  -26.980  59.048 0.0000000000
112052  24.989  -28.164  57.965 0.0000000000
54596  28.626  -23.250  58.566 0.0000000000
54604  28.396  -23.472  57.579 0.0000000000
103629  27.861  -23.439  58.240 0.0000000000
54606  26.428  -23.699  57.769 0.0000000000
53765  25.471  -24.194  57.567 0.0000000000
55419  31.222  -22.137  61.182 0.0000000000
55449  29.075  -22.876  60.139 0.0000000000
54583  29.286  -22.966  59.267 0.0000000000
54595  29.564  -23.135  58.447 0.0000000000
39512  8.020  -40.868  60.992 0.0000000000
105963  13.382  -40.970  63.178 0.0000000000
100157  12.451  -40.490  62.035 0.0000000000
40444  11.701  -40.471  59.656 0.0000000000
40429  11.411  -40.194  60.417 0.0000000000
40430  10.159  -40.565  60.369 0.0000000000
39521  10.184  -41.101  59.959 0.0000000000
100741  32.884  -24.476  56.178 0.0000000000
53798  32.919  -23.969  55.195 0.0000000000
54622  33.088  -23.443  54.652 0.0000000000
54637  33.211  -22.811  54.155 0.0000000000
54638  32.514  -22.937  54.120 0.0000000000
55500  30.951  -21.984  52.022 0.0000000000
42051  9.659  -37.850  67.953 0.0000000000
104695  7.514  -38.864  67.209 0.0000000000
100463  7.058  -39.538  67.036 0.0000000000
106844  3.683  -41.756  70.118 0.0000000000
38581  2.040  -43.135  68.948 0.0000000000
37696  2.153  -43.345  68.081 0.0000000000
37707  1.617  -43.861  67.574 0.0000000000
35956  -1.062  -45.288  69.999 0.0000000000
36829  -1.335  -44.924  70.825 0.0000000000
46206  20.996  -32.988  64.256 0.0000000000
47135  20.702  -32.648  63.530 0.0000000000
46237  19.266  -33.245  62.865 0.0000000000
46226  19.561  -33.592  63.580 0.0000000000
45344  18.343  -34.835  63.381 0.0000000000
44562  17.571  -35.238  62.014 0.0000000000
39519  16.923  -41.050  60.895 0.0000000000
40438  17.803  -40.357  59.458 0.0000000000
99697  18.668  -40.442  59.867 0.0000000000
40408  19.636  -40.234  60.794 0.0000000000
40437  18.886  -40.145  59.156 0.0000000000
40459  18.284  -40.066  58.521 0.0000000000
101292  24.474  -29.330  57.670 0.0000000000
49778  24.867  -29.271  56.932 0.0000000000
49795  23.611  -29.776  56.269 0.0000000000
49796  22.465  -30.045  55.903 0.0000000000
61239  44.307  -15.768  47.601 0.0000000000
61240  43.354  -15.823  47.503 0.0000000000
53821  29.595  -24.029  54.012 0.0000000000
53802  29.408  -24.324  54.603 0.0000000000
53804  27.824  -24.362  54.700 0.0000000000
98079  28.052  -24.369  54.046 0.0000000000
53823  27.297  -24.321  53.346 0.0000000000
53775  27.273  -23.854  56.110 0.0000000000
53790  26.713  -24.132  55.502 0.0000000000
107450  25.510  -24.433  54.280 0.0000000000
53825  25.623  -24.468  53.410 0.0000000000
53836  25.716  -24.540  52.510 0.0000000000
55432  31.573  -22.404  60.247 0.0000000000
55418  32.130  -22.001  61.060 0.0000000000
54593  31.233  -23.164  58.085 0.0000000000
54580  31.723  -22.850  58.702 0.0000000000
54592  31.985  -23.222  57.953 0.0000000000
115773  32.644  -23.383  57.804 0.0000000000
54602  32.285  -23.809  57.352 0.0000000000
53761  31.697  -24.055  56.852 0.0000000000
53787  30.020  -24.277  55.653 0.0000000000
98924  30.601  -24.323  55.482 0.0000000000
97779  30.805  -24.276  54.951 0.0000000000
39405  20.108  -42.231  67.907 0.0000000000
109843  19.069  -41.972  66.716 0.0000000000
39450  17.477  -41.558  65.137 0.0000000000
39465  18.239  -41.535  64.386 0.0000000000
99194  16.787  -41.362  63.673 0.0000000000
39485  14.832  -41.479  63.347 0.0000000000
39510  14.650  -41.264  61.506 0.0000000000
39495  15.430  -41.627  62.555 0.0000000000
103948  15.146  -41.661  61.854 0.0000000000
99299  15.745  -41.544  61.725 0.0000000000
40441  14.088  -40.026  58.963 0.0000000000
39567  13.903  -40.996  57.768 0.0000000000
39534  11.444  -41.186  59.357 0.0000000000
39533  12.082  -41.607  58.967 0.0000000000
57282  38.842  -20.928  54.354 0.0000000000
58125  38.858  -20.023  53.246 0.0000000000
117320  39.261  -19.578  52.869 0.0000000000
58153  36.033  -19.167  50.527 0.0000000000
111293  36.822  -19.251  51.052 0.0000000000
97836  38.571  -18.228  50.572 0.0000000000
59018  38.131  -18.790  51.137 0.0000000000
103076  39.870  -18.298  51.388 0.0000000000
59017  40.560  -18.189  51.614 0.0000000000
115176  39.480  -17.302  49.515 0.0000000000
59810  39.851  -17.554  50.222 0.0000000000
59815  40.228  -17.032  49.550 0.0000000000
59814  40.963  -16.905  49.930 0.0000000000
40366  12.862  -39.258  63.975 0.0000000000
42070  12.762  -37.839  66.407 0.0000000000
42071  11.945  -37.707  66.789 0.0000000000
42028  12.132  -38.587  68.312 0.0000000000
42049  11.570  -38.003  67.641 0.0000000000
42029  11.198  -38.458  68.524 0.0000000000
117629  20.886  -41.718  69.884 0.0000000000
39419  17.509  -41.557  67.659 0.0000000000
114026  16.335  -40.613  66.193 0.0000000000
41270  14.054  -39.118  65.317 0.0000000000
41285  13.710  -39.490  64.402 0.0000000000
56399  36.045  -21.355  53.414 0.0000000000
56401  33.560  -21.753  53.127 0.0000000000
57307  33.496  -20.699  51.775 0.0000000000
103930  33.722  -20.141  51.094 0.0000000000
41287  10.077  -38.905  64.039 0.0000000000
40384  8.185  -40.106  63.327 0.0000000000
41256  7.943  -38.581  65.974 0.0000000000
41273  8.093  -38.865  65.210 0.0000000000
40403  6.809  -40.869  63.014 0.0000000000
39486  6.100  -41.285  63.315 0.0000000000
39488  4.720  -42.157  63.884 0.0000000000
101575  4.876  -42.281  62.988 0.0000000000
102662  5.723  -40.561  68.341 0.0000000000
39410  4.036  -42.115  68.578 0.0000000000
39424  4.157  -42.288  67.745 0.0000000000
39437  4.770  -42.066  66.466 0.0000000000
39455  4.726  -42.113  65.663 0.0000000000
36819  -1.643  -44.546  71.667 0.0000000000
36811  -2.131  -44.073  72.463 0.0000000000
36812  -2.910  -44.452  73.023 0.0000000000
52164  25.929  -26.431  60.481 0.0000000000
113099  25.688  -29.030  60.184 0.0000000000
49747  25.306  -29.014  58.969 0.0000000000
98790  25.265  -29.222  59.780 0.0000000000
48895  23.536  -29.979  60.440 0.0000000000
49736  23.932  -29.698  59.782 0.0000000000
48905  23.102  -29.813  59.818 0.0000000000
48906  22.159  -29.912  59.800 0.0000000000
47996  22.746  -31.175  63.107 0.0000000000
48886  22.560  -30.621  61.710 0.0000000000
48887  21.963  -30.533  61.136 0.0000000000
48898  20.694  -30.443  60.242 0.0000000000
48907  21.231  -29.986  59.699 0.0000000000
48899  19.895  -30.594  59.938 0.0000000000
48909  19.548  -30.291  59.222 0.0000000000
47162  18.051  -31.812  59.892 0.0000000000
48031  18.636  -31.179  59.767 0.0000000000
48033  17.527  -32.096  59.188 0.0000000000
46248  18.428  -33.275  61.695 0.0000000000
118109  17.969  -33.608  61.328 0.0000000000
45399  16.952  -34.267  59.717 0.0000000000
46261  16.959  -33.806  59.103 0.0000000000
45440  16.734  -34.415  57.633 0.0000000000
45419  16.596  -34.762  58.272 0.0000000000
43032  16.828  -36.632  56.616 0.0000000000
115027  21.607  -41.234  67.190 0.0000000000
40324  21.576  -40.977  66.677 0.0000000000
40334  21.587  -39.892  66.654 0.0000000000
41253  21.100  -39.493  66.096 0.0000000000
41240  21.068  -38.943  66.810 0.0000000000
114767  20.605  -39.224  65.635 0.0000000000
40379  20.099  -40.605  63.646 0.0000000000
99935  19.974  -40.285  62.890 0.0000000000
42102  19.759  -38.703  64.602 0.0000000000
41284  20.140  -39.508  64.184 0.0000000000
42892  20.012  -37.164  66.580 0.0000000000
42928  18.968  -37.173  64.544 0.0000000000
43707  19.263  -36.528  65.539 0.0000000000
43717  18.896  -36.510  64.874 0.0000000000
44514  19.033  -36.037  65.287 0.0000000000
44529  18.598  -35.926  64.604 0.0000000000
42949  17.882  -36.909  62.107 0.0000000000
43750  17.421  -36.339  61.553 0.0000000000
42167  19.213  -38.937  59.520 0.0000000000
42180  19.070  -39.083  58.629 0.0000000000
42168  18.511  -38.444  59.074 0.0000000000
42983  17.838  -37.892  58.799 0.0000000000
43000  17.291  -37.511  58.149 0.0000000000
43019  17.784  -37.973  57.169 0.0000000000
53746  26.516  -24.608  60.422 0.0000000000
109598  26.445  -24.274  59.758 0.0000000000
52957  24.711  -26.034  58.052 0.0000000000
52963  24.480  -25.660  57.332 0.0000000000
53778  24.722  -24.780  57.032 0.0000000000
50654  24.712  -29.051  56.132 0.0000000000
51445  24.679  -28.453  56.669 0.0000000000
51456  23.173  -27.899  54.762 0.0000000000
51455  23.663  -28.127  55.455 0.0000000000
52212  23.269  -27.311  55.256 0.0000000000
52211  23.238  -26.438  55.249 0.0000000000
52219  22.975  -26.970  54.594 0.0000000000
61236  47.311  -15.722  47.903 0.0000000000
97722  48.360  -15.742  48.123 0.0000000000
60535  41.967  -15.844  48.190 0.0000000000
101033  41.256  -16.200  47.527 0.0000000000
105429  27.735  -23.379  58.988 0.0000000000
54598  26.423  -23.753  58.582 0.0000000000
39522  9.434  -41.019  60.249 0.0000000000
40431  9.576  -40.429  60.746 0.0000000000
40416  9.367  -40.190  61.386 0.0000000000
40400  9.179  -40.056  62.239 0.0000000000
105175  32.741  -24.219  55.635 0.0000000000
100048  31.585  -23.054  53.909 0.0000000000
54648  30.808  -22.864  53.267 0.0000000000
42031  9.311  -38.258  68.908 0.0000000000
42032  8.400  -38.245  68.651 0.0000000000
37698  0.796  -43.872  69.057 0.0000000000
37679  -0.332  -43.728  70.791 0.0000000000
46185  21.476  -33.538  65.821 0.0000000000
107975  20.494  -33.624  64.634 0.0000000000
46207  19.865  -33.821  64.222 0.0000000000
45323  18.673  -35.223  64.299 0.0000000000
97709  16.141  -40.433  57.228 0.0000000000
49780  23.059  -29.678  57.185 0.0000000000
59801  41.888  -17.502  51.270 0.0000000000
59806  42.805  -17.269  51.384 0.0000000000
61212  44.958  -16.101  50.124 0.0000000000
61220  43.342  -15.757  48.942 0.0000000000
61230  42.914  -15.705  48.240 0.0000000000
53788  29.175  -24.313  55.322 0.0000000000
112105  28.306  -24.282  55.190 0.0000000000
53826  24.778  -24.619  53.716 0.0000000000
55446  31.456  -22.648  59.395 0.0000000000
38650  7.924  -42.628  60.792 0.0000000000
37743  5.963  -43.469  61.843 0.0000000000
39432  18.171  -41.717  66.962 0.0000000000
39467  16.140  -41.428  64.146 0.0000000000
39511  13.871  -41.155  61.898 0.0000000000
40411  14.970  -40.650  60.652 0.0000000000
39550  13.294  -41.444  58.160 0.0000000000
48042  17.855  -31.182  57.946 0.0000000000
57290  37.539  -20.849  53.499 0.0000000000
57289  38.427  -20.572  53.696 0.0000000000
58134  37.814  -19.802  52.299 0.0000000000
59019  36.789  -18.638  50.194 0.0000000000
103036  37.294  -18.199  49.640 0.0000000000
59817  38.751  -17.326  48.968 0.0000000000
42069  13.526  -38.329  65.883 0.0000000000
40337  15.455  -40.023  66.242 0.0000000000
55471  36.405  -22.268  54.807 0.0000000000
56411  33.175  -21.273  52.398 0.0000000000
42106  10.385  -38.200  64.632 0.0000000000
42107  9.593  -38.479  64.563 0.0000000000
41289  8.376  -39.191  64.487 0.0000000000
40355  7.035  -40.309  65.465 0.0000000000
40369  6.526  -40.814  64.832 0.0000000000
39471  5.991  -41.245  64.234 0.0000000000
39472  5.363  -41.698  64.518 0.0000000000
40317  5.464  -40.426  69.153 0.0000000000
38590  2.874  -43.054  67.716 0.0000000000
38589  3.549  -42.763  67.318 0.0000000000
38597  3.513  -42.858  66.439 0.0000000000
38609  3.506  -42.914  65.533 0.0000000000
49734  25.313  -29.429  60.579 0.0000000000
48894  23.991  -30.114  61.075 0.0000000000
47997  21.996  -31.661  63.299 0.0000000000
48005  22.223  -31.084  62.495 0.0000000000
48013  21.634  -30.924  61.837 0.0000000000
48022  19.375  -31.075  60.264 0.0000000000
114657  19.595  -31.366  60.853 0.0000000000
112765  17.706  -34.641  61.828 0.0000000000
46249  17.644  -34.190  61.287 0.0000000000
45386  16.772  -34.907  59.951 0.0000000000
44590  16.445  -35.364  58.678 0.0000000000
43792  16.383  -36.111  58.281 0.0000000000
106475  16.609  -36.766  57.962 0.0000000000
39447  20.194  -41.305  65.113 0.0000000000
40351  20.913  -41.071  65.575 0.0000000000
103816  20.792  -40.601  64.863 0.0000000000
102550  19.791  -40.258  61.475 0.0000000000
42119  19.581  -38.974  63.648 0.0000000000
42103  19.245  -37.946  64.153 0.0000000000
42917  19.498  -37.766  65.050 0.0000000000
102821  18.726  -37.331  63.882 0.0000000000
42939  18.346  -37.055  63.329 0.0000000000
113456  18.358  -37.392  62.607 0.0000000000
42948  18.392  -37.576  61.760 0.0000000000
41366  18.287  -39.628  57.053 0.0000000000
112186  18.125  -39.365  56.333 0.0000000000
42197  18.387  -38.825  56.908 0.0000000000
42205  18.032  -38.811  55.893 0.0000000000
114087  18.041  -39.594  55.719 0.0000000000
52945  25.746  -25.854  59.932 0.0000000000
114248  25.694  -25.510  59.519 0.0000000000
52950  25.267  -25.969  59.307 0.0000000000
52951  24.941  -26.294  58.675 0.0000000000
52191  24.438  -26.649  57.477 0.0000000000
106524  23.863  -29.372  55.211 0.0000000000
50663  24.229  -28.942  55.528 0.0000000000
61226  46.787  -15.598  48.539 0.0000000000
54611  26.869  -23.645  56.911 0.0000000000
101171  24.622  -24.719  56.165 0.0000000000
54582  30.138  -22.850  59.054 0.0000000000
38649  8.417  -42.129  60.484 0.0000000000
39452  15.424  -41.099  64.834 0.0000000000
58147  35.387  -19.632  50.991 0.0000000000
58146  36.210  -19.595  51.252 0.0000000000
40316  14.518  -40.094  68.737 0.0000000000
53758  34.236  -24.476  56.846 0.0000000000
53784  33.337  -24.311  55.717 0.0000000000
54615  34.629  -23.857  55.573 0.0000000000
54621  34.409  -23.369  54.821 0.0000000000
55486  32.882  -22.276  53.521 0.0000000000
55494  32.188  -21.968  52.904 0.0000000000
104742  9.908  -37.635  66.980 0.0000000000
42073  9.193  -37.648  66.189 0.0000000000
115261  8.473  -37.990  66.303 0.0000000000
39395  4.253  -41.434  69.851 0.0000000000
39396  3.869  -41.947  69.399 0.0000000000
37714  1.767  -43.973  66.764 0.0000000000
36869  1.271  -44.499  67.151 0.0000000000
47118  22.284  -32.408  65.035 0.0000000000
47134  21.483  -32.346  63.849 0.0000000000
47142  20.377  -32.317  62.826 0.0000000000
47143  19.668  -32.596  62.515 0.0000000000
46238  18.658  -33.609  62.440 0.0000000000
45356  18.362  -34.251  62.705 0.0000000000
101080  17.267  -41.107  62.256 0.0000000000
39493  18.343  -41.026  62.678 0.0000000000
39506  18.359  -40.961  61.795 0.0000000000
40409  19.240  -40.688  61.382 0.0000000000
40423  17.879  -40.751  60.480 0.0000000000
41316  19.904  -39.719  61.197 0.0000000000
41324  19.796  -39.704  60.513 0.0000000000
42154  19.700  -39.032  60.840 0.0000000000
101311  19.262  -39.589  59.188 0.0000000000
41347  18.504  -39.735  57.905 0.0000000000
50635  25.134  -28.742  58.177 0.0000000000
51437  25.103  -28.752  57.304 0.0000000000
50644  25.081  -29.057  57.372 0.0000000000
49794  24.601  -29.339  56.416 0.0000000000
61217  46.504  -15.682  49.349 0.0000000000
54640  29.386  -23.724  53.225 0.0000000000
54641  28.975  -24.049  53.494 0.0000000000
53822  28.287  -24.186  53.361 0.0000000000
53789  27.575  -24.165  55.369 0.0000000000
107449  26.362  -24.388  53.114 0.0000000000
110607  32.274  -22.578  59.430 0.0000000000
54601  33.193  -23.995  57.360 0.0000000000
53760  32.611  -24.353  56.756 0.0000000000
39403  21.579  -41.398  68.753 0.0000000000
39416  20.983  -41.752  67.271 0.0000000000
39431  19.891  -41.718  66.048 0.0000000000
105293  18.766  -41.721  66.088 0.0000000000
39448  19.385  -41.608  65.404 0.0000000000
39482  17.471  -41.175  63.193 0.0000000000
39468  15.430  -41.355  64.169 0.0000000000
98460  16.685  -41.238  62.940 0.0000000000
39508  16.568  -41.281  61.555 0.0000000000
40425  15.761  -40.358  60.042 0.0000000000
40440  14.928  -40.120  58.613 0.0000000000
101428  14.615  -40.850  57.512 0.0000000000
101310  20.033  -29.841  58.716 0.0000000000
58131  40.940  -18.978  53.073 0.0000000000
115395  37.410  -18.886  50.863 0.0000000000
58144  38.415  -19.244  51.927 0.0000000000
113716  39.218  -19.169  52.301 0.0000000000
59004  40.821  -18.552  52.360 0.0000000000
59802  41.053  -17.672  51.124 0.0000000000
59808  41.527  -17.092  50.512 0.0000000000
60526  41.489  -16.651  49.770 0.0000000000
108214  41.729  -16.215  49.114 0.0000000000
42104  12.329  -37.976  64.916 0.0000000000
42105  11.416  -38.002  64.761 0.0000000000
41228  12.602  -39.296  68.811 0.0000000000
40295  22.082  -40.879  70.184 0.0000000000
39391  20.921  -41.821  69.281 0.0000000000
38575  19.169  -42.278  68.288 0.0000000000
39420  16.843  -41.103  67.510 0.0000000000
40365  14.010  -40.324  64.084 0.0000000000
40354  14.449  -39.982  64.853 0.0000000000
56388  38.500  -21.529  54.814 0.0000000000
56390  36.912  -21.728  54.467 0.0000000000
118003  37.393  -21.321  54.158 0.0000000000
57291  36.692  -20.932  53.076 0.0000000000
57305  35.458  -20.649  52.254 0.0000000000
116447  34.875  -20.914  52.407 0.0000000000
115521  35.188  -20.170  51.594 0.0000000000
57316  34.576  -19.903  51.109 0.0000000000
41299  9.572  -39.448  63.530 0.0000000000
40401  8.364  -40.262  62.466 0.0000000000
39498  6.900  -40.918  62.090 0.0000000000
40367  7.914  -39.821  64.097 0.0000000000
112728  6.467  -41.461  61.800 0.0000000000
39514  5.856  -41.879  61.964 0.0000000000
38631  5.248  -42.410  62.281 0.0000000000
37744  5.189  -43.184  62.101 0.0000000000
41245  6.590  -39.845  67.640 0.0000000000
102787  4.720  -41.754  68.167 0.0000000000
39436  5.431  -41.632  66.768 0.0000000000
39473  4.723  -42.116  64.818 0.0000000000
38618  4.104  -42.555  64.273 0.0000000000
38619  3.584  -42.974  64.666 0.0000000000
38626  3.689  -43.056  63.953 0.0000000000
36818  -0.997  -44.140  71.184 0.0000000000
35943  -1.786  -45.440  71.417 0.0000000000
51416  25.594  -27.886  59.523 0.0000000000
50634  25.423  -28.599  58.974 0.0000000000
115010  24.353  -29.400  58.513 0.0000000000
49749  23.764  -29.611  59.133 0.0000000000
48922  20.875  -29.741  58.950 0.0000000000
103736  23.112  -30.315  61.109 0.0000000000
48924  19.105  -30.113  58.299 0.0000000000
48043  17.522  -31.751  58.410 0.0000000000
100468  17.636  -33.582  60.679 0.0000000000
47157  17.693  -32.747  60.061 0.0000000000
105674  17.258  -32.992  59.164 0.0000000000
46270  17.032  -33.328  58.378 0.0000000000
46283  16.943  -33.714  57.792 0.0000000000
44612  16.742  -34.838  56.909 0.0000000000
44627  17.536  -35.666  55.798 0.0000000000
43846  17.781  -36.238  55.529 0.0000000000
45288  19.832  -35.241  66.115 0.0000000000
40315  21.987  -40.686  68.261 0.0000000000
105503  22.175  -39.868  68.717 0.0000000000
115772  21.954  -39.874  67.960 0.0000000000
41226  21.663  -38.924  68.279 0.0000000000
42027  20.767  -37.707  67.728 0.0000000000
39480  19.448  -40.910  63.079 0.0000000000
41297  20.203  -39.944  63.541 0.0000000000
108569  20.440  -39.519  64.927 0.0000000000
42068  20.548  -38.658  66.177 0.0000000000
42046  20.561  -37.967  66.921 0.0000000000
42877  20.724  -37.144  68.310 0.0000000000
42891  20.346  -37.113  67.433 0.0000000000
43695  19.599  -36.525  66.224 0.0000000000
44500  19.640  -35.906  66.485 0.0000000000
45305  19.047  -35.513  65.000 0.0000000000
43733  17.995  -36.338  63.259 0.0000000000
42155  19.134  -38.553  60.433 0.0000000000
42959  18.475  -37.787  60.883 0.0000000000
104357  17.831  -37.469  60.501 0.0000000000
42972  16.882  -36.791  59.596 0.0000000000
43020  16.848  -37.134  57.281 0.0000000000
43031  17.245  -37.389  56.622 0.0000000000
104048  17.950  -37.983  55.489 0.0000000000
54586  26.947  -23.897  60.182 0.0000000000
53750  25.632  -25.194  59.099 0.0000000000
53754  25.523  -24.729  58.410 0.0000000000
52978  23.964  -25.079  55.709 0.0000000000
100946  24.648  -27.745  57.420 0.0000000000
52201  24.171  -27.217  56.798 0.0000000000
104134  24.211  -28.368  56.033 0.0000000000
52970  23.903  -26.363  56.459 0.0000000000
52979  23.635  -25.940  55.891 0.0000000000
105995  23.445  -25.514  55.122 0.0000000000
111481  42.461  -15.890  47.481 0.0000000000
44619  17.044  -35.307  56.267 0.0000000000
99375  25.863  -24.207  55.648 0.0000000000
99574  23.595  -29.542  57.665 0.0000000000
112446  19.473  -42.267  67.660 0.0000000000
115162  19.240  -30.754  59.662 0.0000000000
116879  19.514  -39.471  59.605 0.0000000000
