#!ascii label  , from subject sub-v1s23x0050554_ses-1 vox2ras=TkReg
1577
22557  29.313  -62.823  1.662 0.6000000238
21667  28.822  -63.842  2.657 0.5000000000
24115  29.701  -61.283  3.239 0.6999999881
113298  29.895  -61.142  2.454 0.6000000238
101478  30.421  -60.370  2.487 0.6000000238
24922  30.625  -59.860  3.293 0.6000000238
22533  29.177  -62.478  3.458 0.6999999881
23354  29.470  -61.844  2.899 0.6000000238
23366  29.554  -61.935  2.012 0.5000000000
23365  30.159  -61.380  1.557 0.5000000000
112021  30.369  -60.749  1.871 0.6000000238
24930  30.979  -59.731  2.395 0.6000000238
21649  28.972  -63.195  3.126 0.5000000000
110446  29.060  -63.201  2.371 0.5000000000
113518  31.474  -59.248  2.282 0.6000000238
19727  28.510  -65.689  2.664 0.5000000000
19722  28.294  -65.633  3.545 0.5000000000
24886  31.091  -59.186  6.026 0.6000000238
24902  31.078  -59.142  5.261 0.6999999881
23338  29.690  -61.366  5.442 0.6000000238
24103  29.865  -60.848  4.738 0.6999999881
24102  30.349  -60.154  4.979 0.6000000238
24914  30.671  -59.693  4.260 0.6000000238
24921  31.124  -59.177  3.768 0.6000000238
22523  29.141  -62.387  4.386 0.6000000238
23348  29.448  -61.769  3.745 0.6999999881
24929  31.249  -59.227  2.939 0.6000000238
21636  28.792  -63.141  4.039 0.5000000000
22513  29.300  -62.314  5.472 0.5000000000
25725  31.617  -58.654  3.353 0.6000000238
20708  28.545  -64.765  2.969 0.5000000000
25732  31.777  -58.746  2.583 0.6000000238
20686  28.308  -64.860  4.198 0.5000000000
25731  32.362  -58.350  2.200 0.6000000238
100085  33.054  -57.221  3.086 0.6999999881
26595  33.060  -57.972  1.810 0.6000000238
26589  33.542  -57.270  2.317 0.6999999881
25735  33.402  -58.321  1.155 0.6000000238
26603  33.996  -57.725  1.306 0.6000000238
26602  34.956  -57.303  1.087 0.6000000238
113938  34.922  -57.825  0.663 0.6000000238
28392  36.459  -55.870  0.163 0.5000000000
98401  36.593  -54.402  0.408 0.6999999881
118124  36.046  -55.419  0.098 0.6000000238
30019  35.579  -53.966  0.738 0.8000000119
29231  34.974  -54.639  0.368 0.6999999881
25694  31.512  -58.611  6.406 0.6000000238
25707  31.462  -58.640  5.567 0.6999999881
24094  30.396  -60.353  5.893 0.6999999881
106123  31.126  -59.307  6.920 0.6000000238
112753  31.389  -58.720  4.920 0.6999999881
25706  31.917  -58.043  5.811 0.6999999881
23325  29.742  -61.864  6.298 0.6000000238
23337  30.053  -61.057  6.138 0.6000000238
26562  32.416  -57.522  5.118 0.8000000119
22497  29.524  -62.765  6.553 0.5000000000
26576  32.639  -57.374  4.293 0.8000000119
100036  31.978  -58.159  3.670 0.6000000238
21624  29.097  -63.288  5.967 0.5000000000
98068  28.808  -63.120  5.023 0.5000000000
26583  32.503  -57.618  3.530 0.6000000238
20663  28.505  -64.693  5.247 0.5000000000
26582  33.089  -57.012  3.819 0.8000000119
27506  33.684  -56.758  3.227 0.8000000119
26590  32.728  -57.733  2.633 0.6999999881
26588  34.374  -56.698  2.541 0.6999999881
27505  34.616  -56.280  3.560 0.6999999881
27504  36.370  -55.932  2.780 0.6999999881
102504  35.315  -56.301  2.665 0.6999999881
116174  34.330  -57.128  1.787 0.6999999881
99470  36.010  -56.405  1.755 0.6000000238
26594  35.092  -56.757  1.752 0.6000000238
28380  37.474  -55.792  1.640 0.6999999881
103083  36.531  -56.446  0.904 0.6999999881
108048  37.202  -55.664  0.754 0.6999999881
27528  36.565  -56.320  0.349 0.6000000238
104297  37.577  -54.994  0.525 0.8000000119
107560  37.468  -54.052  0.469 0.8999999762
101579  35.067  -53.462  1.417 0.6999999881
30761  37.223  -53.061  0.791 0.8000000119
29218  34.618  -54.100  0.928 0.6999999881
25693  31.983  -57.894  6.792 0.6000000238
26541  32.281  -57.366  7.539 0.6999999881
25682  31.455  -58.670  7.363 0.6000000238
26550  32.576  -57.081  6.639 0.6000000238
24858  31.779  -59.493  9.438 0.4000000060
24063  30.772  -60.054  7.399 0.6000000238
107082  31.078  -59.443  7.917 0.6000000238
104597  32.372  -57.466  6.007 0.6999999881
114865  30.622  -60.718  7.705 0.6000000238
22454  30.830  -61.982  8.282 0.4000000060
102421  30.347  -61.829  7.751 0.5000000000
23324  30.139  -61.480  6.969 0.6000000238
26561  33.003  -56.835  5.721 0.8000000119
21593  29.907  -63.141  7.339 0.5000000000
26575  33.126  -56.928  4.708 0.8000000119
101940  29.462  -63.642  6.770 0.4000000060
27497  34.577  -56.168  4.565 0.8000000119
20662  28.900  -64.629  6.059 0.5000000000
27496  35.663  -55.948  3.616 0.8000000119
28346  37.503  -55.309  4.091 0.8000000119
28367  37.266  -55.725  2.443 0.8000000119
102298  39.266  -54.695  2.719 0.8999999762
28366  38.052  -55.570  2.084 0.8999999762
28357  37.111  -55.602  3.302 0.6999999881
28365  38.810  -55.295  1.560 0.8999999762
27516  36.825  -56.067  1.725 0.6999999881
28379  37.938  -55.591  1.224 0.6000000238
29229  38.513  -54.510  0.627 0.8999999762
29228  39.307  -54.639  0.855 0.8999999762
30751  35.392  -52.712  1.833 0.8000000119
29998  34.132  -53.238  2.435 0.8000000119
30750  36.281  -52.784  1.302 0.8000000119
30752  34.731  -53.123  2.001 0.8000000119
30008  35.767  -53.285  1.258 0.6999999881
27473  33.098  -56.158  8.010 0.6000000238
25681  31.747  -58.057  7.861 0.6000000238
25666  31.945  -57.529  8.460 0.5000000000
100897  33.290  -56.112  7.171 0.6999999881
117540  31.953  -58.989  9.599 0.4000000060
25654  31.591  -58.713  9.196 0.5000000000
25667  31.386  -58.757  8.348 0.6000000238
27481  33.184  -56.437  6.559 0.6999999881
24045  31.481  -60.288  9.163 0.5000000000
100992  33.655  -56.262  5.975 0.6999999881
23270  32.691  -61.051  9.511 0.5000000000
23285  30.682  -61.241  8.152 0.6000000238
22452  32.583  -62.243  8.599 0.4000000060
23283  32.161  -61.537  9.010 0.4000000060
28329  35.659  -55.213  6.038 0.8000000119
104405  34.685  -56.011  5.252 0.8000000119
22470  32.045  -62.862  8.160 0.4000000060
116714  35.220  -55.964  4.244 0.8000000119
28348  35.338  -55.892  4.975 0.8000000119
27498  33.790  -56.538  4.159 0.8000000119
20631  30.054  -63.948  7.253 0.3000000119
29186  37.959  -54.761  4.192 0.8000000119
29187  37.382  -54.872  4.887 0.8000000119
28347  35.982  -55.729  4.522 0.8000000119
28358  36.597  -55.654  3.903 0.8000000119
28355  38.702  -55.203  2.677 0.8999999762
29997  39.914  -54.293  2.196 0.8999999762
29207  39.512  -54.931  1.906 0.8999999762
29996  40.537  -53.687  1.547 0.8999999762
29216  40.078  -54.373  1.373 0.8999999762
29227  40.019  -54.275  0.903 0.8999999762
112390  34.629  -52.578  2.531 0.8000000119
30741  33.870  -52.695  3.207 0.8000000119
30017  39.458  -53.931  0.611 0.8999999762
30759  39.241  -53.094  0.436 0.8999999762
30749  36.947  -52.213  1.256 0.8000000119
30760  38.157  -52.451  0.672 0.8000000119
103337  32.113  -57.044  9.069 0.6000000238
27466  32.598  -56.400  8.929 0.6000000238
27465  33.087  -55.841  8.792 0.6000000238
115756  32.216  -57.320  9.528 0.6000000238
25640  33.622  -58.578  10.755 0.4000000060
25641  32.804  -58.519  10.302 0.4000000060
25653  32.127  -58.480  9.752 0.4000000060
26515  31.855  -57.788  9.295 0.5000000000
28321  33.648  -55.718  7.451 0.6999999881
24840  32.419  -59.271  9.952 0.4000000060
27480  33.875  -55.803  6.653 0.6999999881
24043  33.220  -60.532  9.951 0.5000000000
24857  32.949  -59.882  10.156 0.4000000060
27487  34.359  -55.891  5.851 0.6999999881
24042  34.157  -60.623  9.979 0.5000000000
29176  36.243  -54.655  5.963 0.8000000119
28339  35.201  -55.646  5.669 0.8000000119
29973  37.612  -54.159  4.673 0.8000000119
28338  36.082  -55.425  5.395 0.8000000119
29972  38.274  -54.062  3.949 0.8000000119
30723  39.188  -52.844  3.249 0.8999999762
29185  38.614  -54.675  3.434 0.8999999762
29982  40.225  -53.316  2.379 0.8999999762
30006  40.599  -53.655  1.031 0.8999999762
107143  39.861  -53.356  0.529 1.0000000000
31513  35.876  -51.382  2.035 0.8000000119
30758  40.202  -52.807  0.492 1.0000000000
31526  36.025  -52.054  1.739 0.8000000119
31533  39.511  -52.236  0.463 1.0000000000
31524  37.579  -51.522  1.106 0.8000000119
29145  33.817  -54.739  8.780 0.6000000238
27434  33.259  -56.332  10.488 0.6000000238
26505  33.230  -57.826  10.598 0.4000000060
26506  32.446  -57.670  10.006 0.4000000060
24838  34.123  -59.288  10.686 0.4000000060
28320  34.314  -55.216  7.337 0.6999999881
24856  35.523  -59.825  10.268 0.5000000000
25638  35.499  -58.613  11.065 0.4000000060
29167  34.990  -54.836  7.012 0.8000000119
29950  35.786  -53.999  6.538 0.8000000119
117752  37.189  -53.443  4.917 0.8000000119
29960  36.941  -54.184  5.372 0.8000000119
30724  38.243  -52.412  3.724 0.8000000119
29983  38.492  -53.289  3.704 0.8999999762
118237  40.829  -53.143  1.627 0.8999999762
30739  40.013  -52.200  2.637 0.8999999762
30737  41.569  -52.053  1.022 1.0000000000
30757  41.008  -52.494  0.637 1.0000000000
31532  40.750  -51.942  0.434 1.0000000000
31525  36.584  -51.443  1.605 0.8000000119
102197  34.412  -51.952  3.111 0.8000000119
102367  40.090  -51.514  0.335 1.0000000000
32363  38.255  -50.716  0.780 0.8000000119
31523  38.813  -51.540  0.600 0.8000000119
28286  33.746  -55.602  11.069 0.6000000238
27449  32.945  -55.980  9.577 0.6000000238
100027  33.342  -55.319  9.220 0.6000000238
28312  34.221  -54.843  8.037 0.6999999881
29930  34.312  -53.515  8.723 0.6999999881
26484  34.564  -57.498  11.368 0.4000000060
26485  33.685  -57.119  11.003 0.5000000000
27435  33.003  -57.139  10.388 0.5000000000
29157  34.722  -54.526  7.602 0.8000000119
29941  34.824  -53.701  7.788 0.8000000119
25639  34.548  -58.482  11.076 0.4000000060
29156  35.246  -54.233  7.087 0.8000000119
25617  36.833  -58.034  11.319 0.4000000060
25618  35.953  -58.031  11.350 0.4000000060
29961  36.251  -53.623  5.935 0.8000000119
102721  36.603  -53.097  5.314 0.8000000119
30715  37.734  -53.146  4.289 0.8000000119
31499  38.977  -51.833  3.280 0.8999999762
31500  38.078  -51.447  3.670 0.8000000119
31511  40.917  -51.426  2.019 1.0000000000
31510  41.794  -51.429  1.150 1.0000000000
32350  40.341  -50.474  2.357 1.0000000000
32361  42.119  -50.736  0.804 1.0000000000
104310  40.967  -50.185  -0.033 1.0000000000
32364  37.072  -50.689  1.406 0.8999999762
32352  35.447  -50.859  2.452 0.8000000119
33195  36.459  -49.911  1.665 0.8999999762
32373  39.282  -49.977  0.320 1.0000000000
33194  37.564  -49.786  0.977 1.0000000000
33203  40.860  -49.372  -0.227 1.0000000000
34031  41.936  -48.976  0.044 1.0000000000
116128  41.054  -48.743  -0.425 1.0000000000
34044  39.880  -48.272  -0.620 1.0000000000
34019  41.801  -47.898  -0.624 1.0000000000
34043  41.458  -48.197  -0.482 1.0000000000
29134  33.605  -54.683  9.774 0.6999999881
29133  33.990  -54.077  9.246 0.6999999881
29919  34.083  -53.411  9.716 0.6999999881
28271  34.286  -54.954  11.532 0.6000000238
29112  33.765  -54.761  10.810 0.6000000238
27419  33.849  -56.329  11.181 0.6000000238
27418  35.006  -56.673  11.624 0.5000000000
30682  34.497  -52.875  8.255 0.8000000119
26482  36.369  -57.385  11.493 0.4000000060
29951  35.280  -53.458  7.030 0.8000000119
106000  35.644  -53.089  6.391 0.8000000119
30705  35.941  -52.644  5.719 0.8000000119
30716  36.975  -52.572  4.724 0.8000000119
31477  36.310  -52.144  5.116 0.8000000119
31488  37.464  -52.034  4.171 0.6999999881
32339  38.935  -50.915  3.152 0.8999999762
32340  37.973  -50.536  3.567 0.8000000119
31512  39.781  -51.344  2.767 0.8999999762
32349  41.875  -50.649  1.304 1.0000000000
33179  40.098  -49.476  2.246 1.0000000000
32362  42.261  -50.162  0.685 1.0000000000
34006  41.309  -48.983  1.418 1.0000000000
33193  42.152  -49.441  0.560 1.0000000000
34020  41.809  -48.738  0.600 1.0000000000
33204  38.579  -49.208  0.259 1.0000000000
117648  36.611  -49.241  1.327 1.0000000000
34872  41.680  -48.243  -0.088 1.0000000000
34032  39.362  -48.701  -0.261 1.0000000000
34894  40.201  -47.884  -1.053 1.0000000000
34893  41.964  -47.605  -0.956 1.0000000000
103493  41.391  -47.841  -1.097 1.0000000000
29905  34.101  -53.282  10.732 0.6999999881
101387  34.155  -52.803  9.245 0.6999999881
29089  34.801  -54.367  11.956 0.5000000000
29090  34.241  -54.007  11.354 0.6999999881
28270  34.891  -55.138  11.916 0.6000000238
28269  35.525  -55.814  11.838 0.5000000000
111751  34.896  -52.970  7.516 0.8000000119
30694  35.071  -52.611  6.891 0.8000000119
30693  35.322  -52.187  6.180 0.6999999881
31478  35.643  -51.708  5.508 0.8000000119
31490  36.065  -51.247  4.900 0.8000000119
32330  37.281  -51.085  4.053 0.6999999881
32331  36.544  -50.753  4.404 0.6999999881
33170  37.795  -49.683  3.409 0.8999999762
33171  36.897  -49.351  3.751 0.8000000119
34003  36.099  -48.210  3.895 0.8000000119
34861  35.746  -47.543  3.947 0.8000000119
33169  38.892  -50.026  2.965 0.8999999762
34001  37.516  -48.880  3.201 0.8000000119
34002  36.691  -48.539  3.559 0.8000000119
33180  38.589  -49.199  2.764 1.0000000000
34009  37.178  -48.089  2.977 0.8999999762
34860  36.427  -47.730  3.437 0.8000000119
34008  38.157  -48.424  2.557 0.8999999762
34007  39.571  -48.682  2.142 1.0000000000
34873  41.044  -47.958  0.822 1.0000000000
34880  41.212  -47.516  0.334 1.0000000000
34910  39.181  -47.373  -1.265 1.0000000000
35813  40.280  -46.682  0.789 1.0000000000
34879  41.817  -47.612  -0.507 1.0000000000
34909  40.227  -47.312  -1.553 1.0000000000
35823  41.421  -46.842  0.083 1.0000000000
35822  42.123  -46.600  -0.528 1.0000000000
35845  41.750  -46.531  -1.795 1.0000000000
108696  34.796  -53.637  11.894 0.6999999881
29886  34.510  -53.096  11.493 0.6999999881
30645  34.196  -52.408  10.925 0.6999999881
100369  34.076  -52.806  10.150 0.6999999881
30661  33.921  -52.127  9.964 0.6999999881
105828  35.475  -53.825  12.155 0.6000000238
31440  33.961  -52.037  8.753 0.6999999881
29088  35.718  -54.738  12.095 0.5000000000
98009  33.929  -51.524  8.062 0.6999999881
29087  36.820  -54.599  12.057 0.5000000000
112421  34.429  -52.172  7.598 0.8000000119
31468  34.680  -51.768  6.703 0.6999999881
31467  34.945  -51.303  5.970 0.6999999881
32320  35.381  -50.698  5.270 0.6999999881
32332  35.947  -50.521  4.715 0.6999999881
32341  37.090  -50.207  3.909 0.6999999881
33989  36.163  -48.929  4.096 0.8000000119
33991  34.784  -47.881  4.998 0.8000000119
35793  34.773  -46.917  4.963 0.8000000119
34848  35.187  -47.473  4.476 0.8000000119
35804  35.386  -46.789  4.199 0.8000000119
34867  37.755  -47.621  2.397 1.0000000000
34868  36.907  -47.217  2.873 0.8999999762
35803  36.147  -46.766  3.471 0.8000000119
35807  37.519  -46.755  2.379 1.0000000000
36699  36.839  -46.334  2.856 0.8000000119
34021  40.434  -48.271  1.481 1.0000000000
34866  38.898  -47.950  1.997 1.0000000000
114905  40.202  -47.278  0.981 1.0000000000
115680  39.708  -46.667  -1.761 1.0000000000
34911  38.102  -47.140  -1.197 1.0000000000
36716  41.634  -45.838  -0.058 1.0000000000
36715  42.348  -45.785  -0.687 1.0000000000
35832  42.516  -45.586  -1.283 1.0000000000
35846  40.666  -46.502  -1.922 1.0000000000
37578  42.242  -44.572  -1.172 1.0000000000
30625  34.804  -52.322  11.632 0.6999999881
31388  34.535  -51.771  11.261 0.6999999881
31429  33.753  -51.191  9.694 0.6000000238
116911  33.727  -51.228  8.724 0.6000000238
31455  34.002  -51.215  7.266 0.6999999881
32321  34.537  -50.306  5.949 0.6999999881
32309  33.936  -50.421  6.777 0.6999999881
33149  35.067  -49.735  5.227 0.6999999881
33979  34.421  -48.357  5.660 0.8000000119
107151  35.613  -50.028  4.797 0.6999999881
33162  35.565  -49.286  4.630 0.8000000119
35779  34.836  -46.169  5.361 0.8000000119
100156  35.204  -46.105  4.699 0.8000000119
36693  36.406  -45.771  3.376 0.8000000119
36698  37.446  -45.924  2.440 0.8000000119
36692  36.980  -45.585  2.882 0.8000000119
35814  39.159  -46.631  1.382 1.0000000000
35815  38.124  -46.267  1.945 1.0000000000
101414  37.546  -45.111  2.613 0.6999999881
36706  38.696  -45.617  1.654 1.0000000000
36697  37.991  -45.511  2.131 0.8999999762
36705  39.611  -45.813  1.129 1.0000000000
101813  40.119  -45.158  0.929 1.0000000000
37561  40.213  -44.337  0.935 1.0000000000
35847  37.656  -46.507  -1.371 1.0000000000
36717  40.976  -44.998  0.376 1.0000000000
37571  41.991  -44.840  -0.538 1.0000000000
36737  40.787  -45.154  -2.051 1.0000000000
36738  39.379  -45.851  -1.828 1.0000000000
36735  42.309  -45.299  -1.605 1.0000000000
31409  34.121  -51.527  10.662 0.6999999881
32285  33.426  -49.927  8.205 0.6000000238
32298  33.575  -49.786  7.266 0.6999999881
33150  34.459  -49.258  5.756 0.6999999881
33138  33.972  -49.590  6.485 0.6999999881
33978  34.949  -48.806  5.097 0.6999999881
103388  34.077  -47.990  6.215 0.8000000119
34834  34.387  -47.496  5.695 0.6999999881
35780  34.451  -46.651  5.864 0.6999999881
37536  35.640  -44.544  5.518 0.6999999881
37544  35.848  -44.795  4.745 0.6999999881
37543  36.475  -44.307  4.154 0.6999999881
37550  36.893  -44.823  3.332 0.6999999881
37554  38.427  -44.676  2.161 0.8999999762
97644  39.391  -44.800  1.469 1.0000000000
37562  39.269  -43.898  1.943 1.0000000000
100204  38.257  -45.981  -1.604 1.0000000000
98451  39.504  -44.745  -1.894 1.0000000000
38436  41.540  -43.825  -1.273 1.0000000000
106243  34.154  -50.654  10.555 0.6000000238
32271  33.572  -50.484  9.011 0.6000000238
33096  33.527  -49.552  9.234 0.6000000238
115436  33.533  -48.812  9.114 0.6000000238
33114  33.410  -49.060  8.476 0.6000000238
33964  33.577  -48.998  7.034 0.6000000238
34814  33.727  -48.154  6.896 0.6000000238
35762  34.300  -46.292  6.751 0.6999999881
114296  35.032  -44.885  6.889 0.6999999881
36669  35.077  -45.162  6.228 0.6999999881
37529  35.426  -44.466  6.331 0.6999999881
38390  35.945  -43.825  5.862 0.6999999881
37535  36.219  -44.033  5.023 0.6999999881
43443  39.635  -37.610  10.422 0.3000000119
38400  36.895  -43.501  4.513 0.6999999881
44252  40.916  -36.555  9.260 0.3000000119
118025  37.238  -43.814  3.655 0.8000000119
100413  32.152  -48.146  0.914 0.8999999762
34898  34.847  -47.020  -0.383 1.0000000000
35848  36.758  -46.288  -1.177 1.0000000000
35834  36.150  -46.746  -0.873 1.0000000000
105712  39.845  -43.677  1.267 1.0000000000
38437  40.917  -42.643  -1.118 1.0000000000
37579  41.650  -43.772  -0.856 1.0000000000
37589  41.227  -44.010  -1.771 1.0000000000
38443  40.777  -42.996  -1.526 1.0000000000
32253  34.304  -49.790  10.458 0.6000000238
33075  34.418  -49.023  10.228 0.6000000238
112381  33.861  -48.881  9.679 0.6000000238
118113  34.765  -47.531  9.844 0.6000000238
34754  34.155  -47.567  9.442 0.6999999881
34775  33.913  -46.917  9.047 0.6999999881
112313  33.504  -47.811  8.260 0.6000000238
35724  33.955  -46.357  8.408 0.6999999881
36575  39.026  -44.982  12.164 0.3000000119
37474  37.994  -44.758  12.126 0.3000000119
35745  33.864  -46.708  7.550 0.6999999881
36670  34.657  -45.493  6.874 0.6999999881
37518  35.299  -44.321  7.267 0.6999999881
42661  39.172  -38.242  10.875 0.3000000119
43463  39.105  -36.971  10.001 0.4000000060
34039  31.413  -48.422  0.763 0.6999999881
34886  31.645  -47.790  0.654 0.6999999881
46824  41.282  -33.914  6.992 0.3000000119
43462  40.164  -36.956  9.802 0.3000000119
38388  37.246  -42.787  4.980 0.6999999881
35825  33.691  -47.001  0.337 0.8999999762
45934  41.743  -34.501  7.188 0.3000000119
116898  40.209  -36.298  9.252 0.3000000119
38406  37.982  -43.364  3.231 0.8000000119
35824  34.318  -46.885  -0.039 0.8999999762
116975  40.874  -34.910  7.980 0.3000000119
45042  39.825  -35.804  8.911 0.3000000119
106232  38.546  -43.678  2.595 0.8000000119
38411  39.078  -43.117  2.290 1.0000000000
97875  37.382  -44.669  -1.376 1.0000000000
38416  39.985  -42.726  0.568 1.0000000000
37591  39.031  -44.002  -1.830 1.0000000000
98160  38.375  -44.969  -1.668 1.0000000000
38427  40.903  -43.113  -0.363 1.0000000000
37590  40.134  -43.725  -1.905 1.0000000000
39301  40.206  -41.799  -1.388 1.0000000000
38444  40.108  -42.574  -1.779 1.0000000000
40224  39.802  -40.570  -1.384 1.0000000000
34753  35.247  -47.066  10.045 0.6999999881
35699  35.057  -46.215  9.817 0.6999999881
36590  38.455  -45.654  11.629 0.3000000119
36591  37.418  -45.413  11.582 0.4000000060
35700  34.346  -46.201  9.158 0.6999999881
36649  34.399  -45.584  8.516 0.6999999881
36661  34.251  -45.871  7.635 0.6999999881
38331  37.407  -43.946  12.193 0.4000000060
37505  35.188  -44.236  8.200 0.6999999881
38316  37.969  -43.314  12.474 0.3000000119
112011  37.115  -43.251  12.202 0.5000000000
38362  35.641  -43.585  8.604 0.6999999881
38376  35.683  -43.632  7.677 0.6999999881
39202  37.351  -42.578  12.319 0.5000000000
38384  35.803  -43.726  6.757 0.6999999881
41038  37.661  -40.425  11.865 0.4000000060
41039  36.998  -40.563  11.430 0.6000000238
42641  37.865  -39.157  11.145 0.5000000000
38383  36.385  -43.154  6.290 0.6999999881
41826  38.493  -39.538  11.586 0.3000000119
38389  36.619  -43.308  5.420 0.6999999881
46826  38.937  -33.725  7.056 0.4000000060
43445  37.761  -37.808  10.233 0.4000000060
39256  36.909  -42.581  5.821 0.6999999881
114370  30.957  -47.624  0.556 0.6999999881
108565  40.073  -33.226  6.675 0.4000000060
43444  38.665  -37.644  10.425 0.4000000060
34040  30.369  -48.593  0.231 0.6000000238
46839  40.872  -33.329  6.664 0.3000000119
46825  40.389  -33.892  7.199 0.3000000119
44253  39.465  -36.379  9.428 0.4000000060
43464  38.200  -37.139  9.893 0.4000000060
38399  37.619  -42.940  4.018 0.6999999881
39255  37.311  -42.135  5.361 0.6999999881
34885  32.525  -47.596  0.851 0.6999999881
45936  39.495  -34.244  7.544 0.4000000060
45043  38.963  -35.863  9.016 0.4000000060
44255  37.784  -36.704  9.310 0.4000000060
103501  41.036  -34.444  7.513 0.3000000119
45062  40.279  -35.221  8.364 0.3000000119
45063  39.371  -35.301  8.509 0.4000000060
115400  38.101  -42.781  3.377 0.8000000119
35849  36.050  -46.091  -0.937 1.0000000000
39266  38.343  -42.465  3.068 0.8999999762
38410  39.319  -42.547  1.612 1.0000000000
100029  39.196  -42.856  -1.851 1.0000000000
115540  39.979  -40.447  -1.153 1.0000000000
39294  40.279  -41.341  -1.148 1.0000000000
39283  40.472  -42.205  -0.646 1.0000000000
39302  39.402  -41.389  -1.827 1.0000000000
38445  38.252  -42.211  -1.753 1.0000000000
40225  39.251  -40.328  -1.685 1.0000000000
39303  38.647  -40.893  -1.808 1.0000000000
35682  35.736  -46.538  10.349 0.6000000238
36614  35.576  -45.846  10.264 0.6000000238
36633  35.254  -45.487  9.889 0.6999999881
35666  36.948  -46.066  11.103 0.5000000000
36592  36.494  -45.241  11.215 0.6000000238
36634  34.769  -45.493  9.312 0.6999999881
37475  36.959  -44.563  11.731 0.5000000000
37506  34.812  -44.836  8.762 0.6999999881
37519  34.716  -44.983  7.738 0.6999999881
37489  36.151  -44.343  11.178 0.6000000238
37496  35.258  -44.197  9.112 0.6999999881
38332  36.572  -43.620  11.670 0.6000000238
39203  36.873  -41.911  12.020 0.6000000238
38361  36.150  -43.004  8.080 0.6999999881
39237  36.463  -42.385  8.477 0.6999999881
40139  37.224  -41.127  12.017 0.5000000000
41828  36.865  -40.113  10.896 0.6000000238
99788  36.557  -40.891  9.913 0.6000000238
39248  36.570  -42.360  7.608 0.6000000238
46841  38.602  -33.330  6.462 0.4000000060
42662  38.252  -38.347  10.770 0.4000000060
41852  37.017  -39.408  10.559 0.4000000060
41058  36.690  -40.141  10.208 0.5000000000
41071  36.639  -40.333  9.421 0.6000000238
39252  36.681  -42.412  6.694 0.6999999881
42664  36.878  -38.787  9.997 0.5000000000
113775  39.625  -33.634  7.041 0.4000000060
45949  38.234  -33.926  6.856 0.5000000000
43465  37.407  -37.401  9.586 0.4000000060
39251  37.050  -41.818  6.155 0.6999999881
100211  32.937  -47.117  0.709 0.8999999762
35826  32.146  -47.175  0.826 0.6999999881
45921  39.686  -34.804  8.078 0.4000000060
44272  38.158  -36.059  8.936 0.4000000060
40188  37.435  -41.669  4.962 0.6999999881
45064  38.527  -35.437  8.486 0.4000000060
35836  34.787  -46.320  -0.173 0.8999999762
39270  38.792  -42.360  2.403 0.8999999762
36726  36.107  -45.429  -0.800 0.8999999762
37592  38.202  -43.695  -1.682 1.0000000000
37580  36.592  -44.554  -0.903 1.0000000000
39275  39.021  -41.868  1.539 1.0000000000
39284  39.964  -41.424  -0.465 1.0000000000
37593  37.424  -43.511  -1.340 1.0000000000
40207  39.599  -40.433  -0.598 1.0000000000
41121  38.192  -39.946  0.005 0.8999999762
41911  38.963  -40.118  -0.414 1.0000000000
40220  38.553  -40.272  -1.510 1.0000000000
39285  37.640  -41.149  -1.202 1.0000000000
113245  37.458  -42.532  -1.310 1.0000000000
40209  37.813  -40.109  -0.660 1.0000000000
40210  36.906  -40.982  0.059 0.8999999762
102745  37.313  -40.544  -0.278 0.8999999762
36613  35.680  -45.008  10.471 0.6000000238
115249  35.475  -44.315  9.859 0.6999999881
101606  35.998  -43.625  11.070 0.6999999881
38354  35.712  -43.595  9.604 0.6999999881
97930  36.169  -42.945  11.194 0.6000000238
39217  36.404  -42.114  11.296 0.6000000238
38353  36.098  -42.987  8.963 0.6999999881
39227  36.169  -42.383  10.334 0.6999999881
39232  36.319  -42.373  9.321 0.6000000238
112267  36.593  -41.840  8.855 0.6000000238
40174  36.749  -41.708  8.113 0.6000000238
47680  38.632  -32.412  5.394 0.3000000119
40140  36.674  -41.295  11.420 0.6000000238
40153  36.410  -41.496  10.585 0.6000000238
114402  36.903  -41.057  7.861 0.6000000238
46842  38.002  -33.584  6.194 0.4000000060
46857  37.817  -33.409  5.440 0.4000000060
111357  36.649  -39.497  9.555 0.6000000238
40165  36.766  -41.045  8.819 0.6000000238
41880  36.589  -39.202  8.721 0.5000000000
40179  36.833  -41.613  7.144 0.6000000238
43483  36.810  -37.783  9.098 0.4000000060
98842  36.892  -40.837  7.109 0.6000000238
45095  37.354  -34.978  6.568 0.5000000000
44273  37.482  -36.395  8.660 0.4000000060
43482  37.128  -37.043  8.923 0.4000000060
41094  36.955  -40.624  6.396 0.6000000238
45082  37.375  -35.451  7.433 0.5000000000
45065  37.763  -35.708  8.301 0.4000000060
40183  37.219  -41.109  5.254 0.6000000238
45081  38.104  -34.983  7.921 0.4000000060
114309  36.993  -36.786  8.293 0.4000000060
103739  34.048  -46.426  0.411 0.8999999762
99632  37.521  -40.873  4.046 0.8999999762
99685  37.662  -41.610  4.262 0.8000000119
36719  34.430  -45.743  0.509 0.8999999762
102800  35.784  -44.991  -0.350 0.8999999762
37581  36.176  -44.090  -0.081 0.8999999762
39274  39.379  -41.745  0.576 1.0000000000
41120  38.442  -40.170  0.068 1.0000000000
38438  36.822  -43.387  -0.809 1.0000000000
39296  37.078  -42.244  -0.779 0.8999999762
41912  38.180  -39.854  -0.762 1.0000000000
41122  36.986  -40.287  0.074 1.0000000000
41920  37.862  -39.402  -1.110 1.0000000000
41913  36.439  -39.830  0.048 0.8999999762
38346  35.933  -43.247  10.438 0.6999999881
48558  39.399  -31.503  4.250 0.3000000119
47688  38.363  -32.144  4.683 0.3000000119
47681  38.049  -32.730  5.051 0.3000000119
117672  36.814  -40.674  8.247 0.6000000238
45106  37.443  -34.610  5.802 0.5000000000
45970  37.511  -34.148  4.996 0.4000000060
107680  36.552  -38.419  8.316 0.5000000000
102104  36.621  -39.455  7.800 0.5000000000
41089  36.801  -40.090  6.999 0.5000000000
45950  37.694  -34.238  6.440 0.5000000000
44274  36.710  -37.449  8.296 0.5000000000
42716  36.557  -38.695  7.410 0.5000000000
45096  37.017  -35.776  6.557 0.5000000000
43499  36.547  -37.900  7.485 0.5000000000
40178  37.105  -41.158  5.928 0.6000000238
45083  36.933  -36.189  7.199 0.5000000000
44294  36.732  -36.945  7.495 0.5000000000
114384  37.389  -41.161  4.667 0.6999999881
107062  36.816  -37.421  5.867 0.5000000000
44304  36.809  -36.676  6.454 0.5000000000
41099  37.189  -40.456  4.786 0.6000000238
40192  37.865  -41.381  3.438 0.8999999762
40197  38.587  -41.530  1.948 0.8999999762
41108  38.061  -40.452  1.755 0.8999999762
41113  38.488  -40.264  0.437 0.8999999762
40202  38.990  -41.136  0.648 1.0000000000
38428  36.430  -43.091  0.108 0.8999999762
39286  36.657  -42.035  0.165 0.8999999762
42759  39.127  -39.210  -1.352 0.8000000119
42767  38.426  -38.701  -1.483 0.6999999881
39287  35.931  -42.749  0.869 0.8999999762
40211  36.210  -40.977  0.646 0.8999999762
39276  36.019  -41.844  0.871 0.8999999762
48568  39.373  -31.229  3.485 0.3000000119
48560  38.273  -31.933  4.049 0.3000000119
48570  37.992  -31.916  3.364 0.4000000060
48579  38.263  -31.381  2.763 0.3000000119
47689  37.882  -32.513  4.090 0.3000000119
46873  37.489  -33.216  3.655 0.4000000060
99424  36.787  -40.391  7.760 0.6000000238
45107  37.222  -35.753  5.151 0.5000000000
45963  37.368  -35.038  5.089 0.4000000060
105765  36.603  -38.416  6.704 0.5000000000
41894  36.664  -39.258  6.811 0.5000000000
106735  36.980  -36.787  5.567 0.5000000000
43507  36.643  -37.568  6.674 0.5000000000
106971  36.870  -39.869  6.171 0.5000000000
112886  36.715  -38.088  6.062 0.5000000000
113228  36.726  -38.926  5.869 0.5000000000
42733  36.871  -38.064  5.253 0.5000000000
41896  36.943  -39.741  5.321 0.5000000000
116139  36.998  -37.320  5.235 0.5000000000
42740  37.044  -38.242  4.296 0.6000000238
41901  37.294  -40.066  3.946 0.6000000238
42748  37.229  -38.299  3.313 0.6999999881
110088  37.289  -39.736  3.173 0.6999999881
41103  37.577  -40.520  3.021 0.6999999881
42747  37.385  -39.066  2.732 0.6999999881
41905  37.677  -39.806  2.208 0.8000000119
40198  38.088  -41.110  2.447 0.8000000119
38429  35.747  -43.615  0.717 0.8999999762
41908  38.421  -39.755  0.878 0.8999999762
114371  39.108  -38.684  -0.825 0.6999999881
39277  35.328  -42.490  1.365 0.8999999762
41123  35.968  -40.428  0.594 0.8999999762
42768  37.078  -38.457  -1.244 1.0000000000
49453  38.040  -31.182  1.866 0.3000000119
47696  37.561  -32.552  3.126 0.4000000060
48580  37.661  -31.893  2.317 0.3000000119
46864  37.419  -33.994  3.972 0.4000000060
45971  37.384  -34.814  4.257 0.4000000060
46874  37.291  -33.780  3.197 0.4000000060
108403  37.151  -36.820  4.871 0.4000000060
45114  37.319  -35.490  3.836 0.4000000060
45977  37.231  -34.655  3.153 0.4000000060
44315  37.241  -36.132  4.471 0.4000000060
107029  37.249  -36.840  4.115 0.4000000060
43534  37.220  -37.547  3.777 0.5000000000
43525  37.107  -37.475  4.604 0.5000000000
43540  37.587  -38.304  2.143 0.6000000238
42753  38.066  -39.131  1.442 0.8000000119
42756  38.949  -39.292  -0.130 0.6999999881
42766  38.873  -38.374  -1.419 0.6999999881
114043  35.378  -40.146  0.732 0.8999999762
43556  36.382  -37.532  -1.311 0.8999999762
42760  35.989  -39.008  -0.279 0.8000000119
43561  35.967  -36.746  -1.445 0.6999999881
43562  35.010  -36.567  -1.267 0.8000000119
49472  37.818  -30.974  0.931 0.3000000119
47703  37.236  -32.760  2.260 0.3000000119
47711  37.200  -32.226  1.330 0.4000000060
46884  36.988  -33.747  2.276 0.4000000060
45984  37.041  -34.573  2.254 0.5000000000
44321  37.269  -36.208  3.598 0.5000000000
115890  37.271  -35.854  2.274 0.5000000000
100078  37.027  -34.931  1.754 0.5000000000
44331  37.295  -36.327  2.767 0.5000000000
112320  37.494  -36.538  1.689 0.5000000000
117216  37.393  -36.942  2.525 0.5000000000
103896  37.681  -37.471  1.750 0.6000000238
43546  38.567  -38.303  0.498 0.6999999881
43547  38.133  -37.270  0.457 0.6999999881
43552  38.269  -37.053  -0.530 0.6999999881
44345  37.764  -36.361  -0.911 0.6999999881
44348  37.606  -36.783  -1.605 0.6999999881
108255  37.235  -36.112  -1.345 0.6999999881
43560  37.039  -36.961  -1.627 0.8000000119
44352  36.675  -36.247  -1.503 0.6999999881
48606  37.206  -31.165  -0.322 0.3000000119
48593  37.533  -31.505  1.121 0.3000000119
47704  36.828  -32.979  1.388 0.4000000060
104135  36.777  -34.348  1.599 0.4000000060
46891  36.553  -33.682  1.178 0.3000000119
45135  37.216  -35.637  1.394 0.6000000238
99362  36.525  -34.265  0.833 0.3000000119
45992  36.876  -34.905  0.987 0.5000000000
44340  37.701  -36.382  0.371 0.6999999881
45139  37.256  -35.557  0.143 0.6000000238
43551  38.759  -37.904  -0.689 0.6999999881
45145  37.088  -35.541  -0.844 0.6000000238
48594  36.996  -31.770  0.031 0.3000000119
106982  36.423  -32.996  0.477 0.3000000119
47712  36.769  -32.393  0.478 0.3000000119
47720  36.406  -32.251  -0.543 0.3000000119
46898  36.231  -33.743  0.154 0.3000000119
46899  36.152  -32.922  -0.314 0.4000000060
45998  36.683  -34.743  -0.082 0.5000000000
111108  36.231  -34.279  -0.613 0.5000000000
108350  36.534  -34.946  -0.941 0.6000000238
49492  36.705  -30.717  -1.625 0.4000000060
49508  35.896  -30.224  -2.446 0.3000000119
117199  36.674  -31.401  -1.020 0.3000000119
48629  36.337  -30.941  -1.812 0.3000000119
117772  36.673  -32.011  -0.322 0.3000000119
48607  36.373  -31.533  -1.385 0.3000000119
47736  36.073  -32.269  -1.201 0.3000000119
46910  35.968  -33.378  -0.889 0.6000000238
46920  35.809  -32.660  -1.642 0.4000000060
46007  35.734  -33.653  -1.324 0.5000000000
46006  36.049  -34.329  -1.078 0.6000000238
45152  35.087  -35.268  -1.416 0.6999999881
44354  34.534  -36.000  -1.344 0.8000000119
47735  36.187  -31.265  -1.650 0.3000000119
98886  35.958  -31.202  -2.272 0.4000000060
47753  35.665  -32.079  -2.416 0.4000000060
46018  36.250  -34.986  -1.276 0.6000000238
103656  35.256  -33.324  -1.724 0.6999999881
46932  34.844  -32.580  -2.453 0.4000000060
46020  34.639  -34.400  -1.510 0.6000000238
46921  34.135  -33.588  -1.879 0.5000000000
45153  34.083  -35.250  -1.360 0.6999999881
51188  35.639  -28.775  -1.642 0.3000000119
50355  35.698  -29.108  -1.234 0.3000000119
49509  36.087  -29.858  -1.563 0.3000000119
48630  36.159  -30.103  -1.510 0.3000000119
48648  35.686  -29.835  -3.098 0.3000000119
47764  35.749  -30.857  -3.039 0.3000000119
48660  35.463  -29.874  -3.720 0.3000000119
114150  35.305  -31.646  -2.941 0.3000000119
48661  34.891  -30.569  -3.674 0.3000000119
47765  34.191  -31.744  -3.106 0.3000000119
48662  33.209  -30.664  -3.894 0.4000000060
46933  33.485  -32.751  -2.507 0.5000000000
46021  33.555  -34.534  -1.547 0.5000000000
48631  35.921  -30.253  -1.589 0.3000000119
113652  35.388  -28.671  -3.492 0.3000000119
50382  35.203  -28.713  -4.333 0.3000000119
49531  34.253  -28.446  -4.659 0.3000000119
48667  33.795  -29.463  -4.426 0.3000000119
47766  32.546  -31.664  -3.276 0.4000000060
46934  32.042  -32.679  -2.631 0.5000000000
46922  32.903  -33.749  -1.971 0.5000000000
51181  35.208  -29.233  -1.479 0.3000000119
50342  35.098  -29.666  -1.250 0.3000000119
49493  35.089  -30.004  -1.022 0.3000000119
49516  34.650  -28.439  -3.237 0.3000000119
50376  34.436  -27.533  -4.279 0.3000000119
48668  31.969  -29.323  -4.461 0.4000000060
48663  31.690  -30.447  -3.878 0.4000000060
47767  30.805  -31.116  -3.391 0.4000000060
46935  30.786  -32.550  -2.650 0.4000000060
104159  35.500  -28.797  -1.607 0.3000000119
99293  35.246  -29.995  -0.900 0.3000000119
48632  35.300  -30.064  -0.987 0.3000000119
48649  34.781  -29.599  -2.360 0.3000000119
48650  33.601  -29.525  -2.275 0.3000000119
50377  33.438  -27.834  -4.241 0.3000000119
49529  32.339  -28.288  -3.947 0.3000000119
49530  31.650  -28.631  -4.203 0.3000000119
48664  30.827  -29.696  -3.955 0.4000000060
51171  36.236  -28.804  0.194 0.3000000119
50322  35.742  -29.329  0.225 0.3000000119
49473  35.366  -29.932  0.185 0.3000000119
49474  35.233  -30.403  0.809 0.3000000119
48608  34.927  -30.653  0.214 0.3000000119
48609  34.564  -30.937  -0.165 0.3000000119
104468  34.137  -30.212  -1.385 0.3000000119
49517  33.175  -28.602  -3.192 0.3000000119
111960  35.808  -29.630  1.068 0.3000000119
48634  32.680  -30.877  -1.377 0.3000000119
114745  31.763  -29.356  -2.933 0.3000000119
50321  36.316  -29.197  1.314 0.3000000119
50309  36.230  -29.683  2.102 0.3000000119
49455  35.333  -30.577  2.052 0.3000000119
49454  35.658  -30.058  1.550 0.4000000060
48581  34.865  -30.929  1.428 0.3000000119
48595  34.430  -31.273  0.873 0.3000000119
48633  33.863  -31.271  -0.383 0.3000000119
49441  35.832  -30.189  2.691 0.4000000060
49442  35.127  -30.538  3.099 0.4000000060
32371  41.327  -50.946  0.207 1.0000000000
33202  42.005  -49.881  0.303 1.0000000000
32372  39.780  -50.806  0.312 0.8999999762
43555  37.882  -37.734  -1.572 0.6999999881
44353  35.556  -36.042  -1.443 0.8000000119
45151  36.034  -35.443  -1.413 0.6999999881
24108  30.227  -60.386  4.066 0.6000000238
24114  30.058  -60.659  3.230 0.6000000238
25719  31.581  -58.553  4.224 0.6000000238
21637  28.513  -63.914  4.623 0.5000000000
21625  28.719  -63.930  5.572 0.5000000000
24887  30.742  -59.860  6.443 0.6000000238
28378  38.513  -55.153  0.918 0.8999999762
24062  31.247  -59.506  8.835 0.5000000000
22471  31.063  -62.741  8.131 0.4000000060
23284  31.306  -61.204  8.759 0.5000000000
21592  30.557  -63.328  7.671 0.4000000060
27488  33.879  -56.378  5.171 0.6999999881
29197  38.184  -55.102  3.598 0.8999999762
28313  33.656  -55.409  8.212 0.6999999881
23271  31.928  -60.867  9.289 0.5000000000
23269  33.630  -61.201  9.548 0.5000000000
29166  35.525  -54.748  6.526 0.8000000119
21591  31.496  -63.464  7.687 0.4000000060
29175  36.807  -54.966  5.374 0.8000000119
24837  35.033  -59.244  10.724 0.4000000060
32351  36.163  -50.707  1.914 0.8000000119
28301  33.335  -55.413  10.206 0.6000000238
25619  35.188  -58.028  11.356 0.4000000060
104528  35.932  -59.197  10.629 0.4000000060
32370  42.039  -50.657  0.629 1.0000000000
27417  35.910  -56.692  11.649 0.5000000000
108600  34.301  -56.704  11.395 0.5000000000
33178  41.718  -49.789  1.381 1.0000000000
34908  41.505  -47.295  -1.515 1.0000000000
34907  42.213  -46.942  -1.274 1.0000000000
33161  36.249  -49.867  4.320 0.8000000119
36694  35.746  -46.000  3.991 0.8000000119
34875  38.400  -47.152  1.869 1.0000000000
34874  39.609  -47.550  1.433 1.0000000000
34813  34.023  -47.253  6.629 0.6999999881
37555  37.768  -44.218  2.915 0.8000000119
115777  39.656  -44.168  1.454 1.0000000000
37560  40.447  -43.576  0.564 1.0000000000
38405  38.543  -42.966  2.886 1.0000000000
33920  33.787  -48.235  9.321 0.6000000238
34796  33.624  -47.565  7.570 0.6999999881
41037  38.685  -40.302  12.075 0.4000000060
34883  34.271  -47.343  0.187 1.0000000000
35835  35.453  -46.569  -0.642 1.0000000000
42640  38.771  -38.915  11.272 0.4000000060
40219  39.661  -40.077  -1.396 1.0000000000
40120  37.665  -41.796  12.357 0.4000000060
118188  37.969  -39.831  11.644 0.5000000000
41016  38.058  -41.050  12.316 0.5000000000
45937  38.559  -34.356  7.469 0.4000000060
45922  38.940  -34.813  8.051 0.4000000060
42684  37.084  -38.111  9.831 0.5000000000
111390  37.210  -35.378  5.830 0.5000000000
41898  36.928  -38.963  4.870 0.5000000000
41902  37.097  -39.143  3.859 0.6000000238
112206  37.292  -36.894  3.302 0.5000000000
102359  37.352  -37.565  2.844 0.5000000000
45122  37.236  -35.614  3.016 0.5000000000
45150  36.696  -35.545  -1.315 0.6999999881
46019  35.618  -34.486  -1.350 0.6000000238
100421  35.877  -57.530  0.340 0.5000000000
26601  36.508  -57.249  -0.102 0.5000000000
117663  36.830  -59.170  -0.829 0.5000000000
25744  36.781  -57.850  -0.469 0.5000000000
107005  34.112  -59.174  0.291 0.5000000000
25745  35.846  -58.203  0.080 0.5000000000
24949  32.261  -59.382  0.996 0.4000000060
25747  33.253  -58.897  0.750 0.5000000000
101368  32.376  -60.266  0.445 0.4000000060
25736  32.672  -58.628  1.432 0.5000000000
24121  30.872  -60.209  1.761 0.5000000000
24936  31.965  -58.961  1.834 0.5000000000
32346  30.599  -50.308  3.180 0.6999999881
32354  29.626  -50.549  2.754 0.6999999881
33174  32.484  -50.326  3.517 0.8000000119
32353  34.802  -50.115  2.734 0.8000000119
32343  33.317  -50.753  3.594 0.8000000119
33181  35.670  -49.989  2.248 0.8999999762
33186  30.851  -49.649  2.426 0.6999999881
33182  34.405  -49.312  2.529 0.8999999762
33183  33.587  -49.329  2.655 0.8999999762
109152  35.103  -49.421  2.317 0.8999999762
33196  35.764  -49.137  1.809 0.8999999762
33198  31.383  -49.200  1.930 0.6000000238
33197  32.206  -49.015  2.140 0.8000000119
34010  34.820  -48.800  1.999 0.8999999762
34023  36.160  -48.635  1.065 0.8999999762
34034  36.597  -48.214  0.373 0.8999999762
34045  38.346  -48.033  -0.352 0.8999999762
33054  36.850  -49.718  11.123 0.5000000000
32232  35.525  -50.690  11.413 0.5000000000
32252  34.899  -50.183  11.021 0.5000000000
31386  36.169  -51.690  11.960 0.6000000238
31387  35.294  -51.544  11.635 0.5000000000
32233  34.674  -51.050  11.181 0.5000000000
30624  35.532  -52.186  11.977 0.6000000238
33205  31.111  -48.996  1.015 0.6000000238
34027  32.612  -48.454  1.478 0.8999999762
34025  34.308  -48.340  1.343 0.8999999762
34012  33.074  -48.830  2.152 0.8999999762
34035  35.580  -48.100  0.431 0.8999999762
34046  37.042  -47.751  -0.295 0.8999999762
34895  37.636  -47.470  -0.752 0.8999999762
33900  35.772  -48.519  10.479 0.5000000000
33901  35.026  -48.572  10.344 0.5000000000
33073  36.290  -49.110  10.710 0.5000000000
33074  35.201  -49.270  10.677 0.5000000000
33072  37.254  -49.031  10.586 0.5000000000
33055  35.866  -49.858  11.167 0.5000000000
34038  32.969  -47.906  1.003 0.8999999762
34028  31.825  -48.666  1.348 0.6999999881
34026  33.440  -48.329  1.456 0.8999999762
34036  34.661  -47.961  0.514 0.8999999762
34881  35.977  -47.662  -0.210 0.8999999762
115475  36.942  -47.332  -0.737 0.8999999762
34737  36.521  -47.600  10.409 0.5000000000
34738  35.338  -47.885  10.204 0.5000000000
33899  36.691  -48.336  10.421 0.5000000000
33898  37.612  -48.384  10.309 0.5000000000
34037  33.815  -47.863  0.763 0.8999999762
34897  35.579  -47.152  -0.573 0.8999999762
34896  36.373  -47.249  -0.687 0.8999999762
99363  35.918  -47.296  10.345 0.5000000000
35681  36.588  -46.818  10.565 0.5000000000
34736  37.288  -47.560  10.410 0.5000000000
35817  31.867  -46.487  1.201 0.6000000238
35818  30.989  -46.341  1.247 0.6000000238
112634  32.570  -46.666  1.008 0.8000000119
36708  32.605  -45.874  1.446 0.6999999881
36709  31.559  -45.657  1.621 0.6999999881
37566  31.154  -44.757  1.931 0.6999999881
38422  30.670  -43.801  1.769 0.6999999881
36707  33.690  -45.609  1.189 0.8000000119
35816  33.285  -46.512  0.868 0.8000000119
37564  32.962  -45.045  1.737 0.6999999881
104237  32.662  -44.241  2.096 0.6999999881
104129  31.676  -44.012  2.188 0.6999999881
38420  33.299  -43.597  2.028 0.6999999881
38421  32.333  -43.338  2.112 0.6999999881
37563  34.547  -44.824  1.076 0.8000000119
38419  34.235  -43.812  1.708 0.8000000119
37573  35.424  -44.512  0.480 0.8000000119
107946  32.961  -42.841  2.015 0.6999999881
102947  33.888  -42.826  1.939 0.6999999881
100525  34.788  -43.090  1.650 0.8000000119
112686  33.932  -42.046  1.745 0.6999999881
39278  34.615  -42.291  1.639 0.8000000119
41115  33.999  -40.773  1.187 0.6000000238
103369  35.388  -43.182  1.281 0.8000000119
41124  34.509  -40.141  0.895 0.6000000238
41915  33.940  -39.517  0.559 0.6000000238
42770  33.941  -38.122  -0.254 0.6000000238
41114  35.103  -40.818  1.080 0.8000000119
42761  34.542  -38.811  0.098 0.6000000238
40203  35.269  -41.687  1.270 0.8000000119
41914  35.096  -39.548  0.452 0.6999999881
42769  35.285  -38.082  -0.624 0.6000000238
44355  33.596  -35.990  -1.176 0.6000000238
109664  34.324  -37.532  -0.668 0.6000000238
43557  35.108  -37.226  -1.049 0.6999999881
24133  30.810  -60.808  1.216 0.4000000060
24132  31.491  -60.153  1.053 0.5000000000
24937  31.470  -59.596  1.698 0.5000000000
25746  34.358  -58.440  0.569 0.5000000000
34022  37.141  -48.920  0.742 0.8999999762
35680  37.498  -46.697  10.779 0.3000000119
24947  35.552  -59.039  -0.191 0.5000000000
102200  33.252  -59.646  0.371 0.5000000000
33184  32.708  -49.499  2.795 0.8000000119
32231  36.424  -50.464  11.472 0.5000000000
105453  33.599  -44.538  1.704 0.8000000119
40205  33.488  -41.442  1.450 0.6999999881
40204  34.411  -41.524  1.461 0.6999999881
27416  36.782  -56.727  11.594 0.4000000060
28266  38.571  -55.667  11.592 0.4000000060
28268  36.523  -55.445  11.903 0.4000000060
103331  37.134  -56.068  11.720 0.4000000060
29085  39.088  -54.883  11.532 0.4000000060
28265  39.497  -55.599  11.325 0.4000000060
29884  36.272  -53.294  12.226 0.5000000000
30623  36.270  -52.450  12.157 0.5000000000
29882  38.061  -53.471  11.927 0.5000000000
105327  38.660  -54.131  11.704 0.4000000060
29086  37.770  -54.350  11.942 0.4000000060
114670  40.164  -54.312  10.977 0.4000000060
105847  39.515  -54.137  11.362 0.4000000060
106227  38.343  -54.868  11.741 0.4000000060
29110  40.504  -54.903  10.717 0.4000000060
29883  37.090  -53.748  12.161 0.5000000000
29881  39.097  -53.124  11.528 0.4000000060
29880  40.082  -53.536  10.981 0.4000000060
30670  41.782  -52.485  8.831 0.4000000060
30660  41.266  -52.830  9.538 0.4000000060
29904  40.731  -54.138  10.374 0.4000000060
29928  42.303  -53.010  8.197 0.4000000060
29929  41.769  -53.383  8.909 0.4000000060
104132  37.101  -51.839  11.983 0.5000000000
30622  37.342  -52.779  12.092 0.5000000000
30621  38.299  -52.756  11.799 0.4000000060
34811  43.650  -47.426  6.273 0.3000000119
33962  42.745  -48.679  6.554 0.3000000119
114916  40.014  -52.447  10.893 0.4000000060
33136  43.260  -49.303  6.155 0.3000000119
33137  42.728  -49.469  6.634 0.3000000119
32296  42.628  -50.692  7.183 0.3000000119
31438  42.112  -51.048  8.004 0.3000000119
31439  41.718  -51.627  8.730 0.4000000060
30659  41.276  -52.006  9.384 0.4000000060
106399  40.705  -53.145  10.293 0.4000000060
32307  43.085  -50.211  6.458 0.3000000119
31454  42.732  -51.604  7.393 0.3000000119
30669  42.292  -52.053  8.146 0.4000000060
31385  37.718  -51.132  11.641 0.4000000060
108737  38.237  -51.957  11.714 0.4000000060
30620  39.131  -52.150  11.385 0.4000000060
31383  38.953  -51.460  11.344 0.4000000060
34793  43.149  -47.068  6.881 0.3000000119
34794  42.394  -47.407  7.215 0.3000000119
33125  42.104  -49.222  7.060 0.3000000119
33126  41.421  -49.543  7.658 0.3000000119
32282  41.473  -50.342  8.125 0.4000000060
103089  41.524  -50.937  8.634 0.4000000060
30644  40.735  -52.267  10.054 0.4000000060
32297  42.011  -50.161  7.467 0.3000000119
102129  36.814  -51.093  11.762 0.4000000060
33937  40.273  -48.620  8.413 0.3000000119
33938  39.721  -48.965  8.943 0.3000000119
32269  40.172  -50.198  9.525 0.4000000060
33093  39.787  -49.545  9.315 0.4000000060
32250  39.940  -50.765  10.368 0.4000000060
32228  39.129  -50.652  11.019 0.4000000060
34795  41.629  -47.747  7.551 0.3000000119
33936  40.904  -48.189  7.939 0.3000000119
33113  40.313  -49.520  8.676 0.3000000119
31408  39.633  -51.480  10.984 0.4000000060
33950  41.446  -48.616  7.458 0.3000000119
33951  40.776  -49.045  7.934 0.3000000119
32283  40.895  -50.440  8.877 0.4000000060
101073  40.622  -50.942  9.756 0.4000000060
31407  40.325  -51.568  10.361 0.4000000060
31427  41.198  -51.243  9.241 0.4000000060
33897  38.218  -48.293  10.088 0.4000000060
33071  38.165  -49.010  10.270 0.4000000060
33053  37.793  -49.689  10.983 0.4000000060
32230  37.334  -50.404  11.421 0.4000000060
33917  39.245  -48.667  9.387 0.3000000119
33094  38.896  -49.211  9.900 0.4000000060
32251  38.657  -49.790  10.680 0.4000000060
32229  38.230  -50.431  11.271 0.4000000060
116452  39.367  -49.264  9.478 0.4000000060
31384  38.483  -51.108  11.432 0.4000000060
39279  33.151  -42.161  1.765 0.6000000238
39280  32.116  -42.399  1.678 0.6000000238
41125  33.624  -40.158  0.839 0.5000000000
42762  33.287  -38.837  0.226 0.5000000000
43558  33.440  -37.402  -0.471 0.5000000000
104645  33.239  -35.304  -1.307 0.5000000000
47737  31.776  -31.710  -0.928 0.3000000119
47722  31.724  -32.157  -0.217 0.3000000119
47723  30.833  -32.210  -0.285 0.3000000119
118266  33.999  -31.519  0.432 0.3000000119
100666  33.287  -31.880  0.469 0.3000000119
47721  32.689  -31.961  -0.293 0.3000000119
48611  31.383  -32.085  0.491 0.3000000119
48612  30.368  -32.034  0.412 0.3000000119
48600  30.188  -31.298  1.140 0.3000000119
48582  34.150  -31.241  1.842 0.3000000119
48610  32.342  -32.085  0.500 0.3000000119
48598  31.786  -31.603  1.351 0.3000000119
48599  30.958  -31.671  1.046 0.3000000119
49477  29.309  -30.642  1.123 0.3000000119
49456  34.623  -30.889  2.460 0.3000000119
48583  33.264  -31.310  2.049 0.3000000119
48597  32.806  -31.710  1.332 0.3000000119
48584  32.370  -31.172  2.081 0.3000000119
49459  31.561  -30.753  2.054 0.3000000119
49475  30.937  -31.033  1.595 0.3000000119
49476  30.170  -30.381  1.533 0.3000000119
50299  34.685  -30.149  3.934 0.3000000119
49457  33.715  -30.921  2.686 0.3000000119
49458  32.833  -30.753  2.701 0.3000000119
104441  32.017  -30.394  2.591 0.3000000119
113842  31.406  -30.018  2.395 0.3000000119
49460  30.905  -30.136  1.953 0.3000000119
50312  31.067  -29.346  2.197 0.3000000119
49443  34.198  -30.553  3.311 0.3000000119
49444  33.289  -30.379  3.316 0.3000000119
50310  32.456  -30.046  3.174 0.3000000119
51149  31.898  -28.678  2.974 0.3000000119
50289  34.192  -29.524  4.488 0.3000000119
50301  32.964  -29.677  3.697 0.3000000119
51139  33.094  -28.504  4.335 0.3000000119
50302  32.332  -29.204  3.384 0.3000000119
51138  33.707  -28.797  4.847 0.3000000119
51896  33.356  -28.034  5.076 0.3000000119
51887  33.813  -27.422  5.679 0.3000000119
27415  37.595  -56.683  11.542 0.4000000060
27413  39.194  -56.367  11.366 0.4000000060
29109  41.083  -54.969  10.121 0.4000000060
28264  40.233  -55.553  10.962 0.4000000060
105385  41.296  -54.441  9.723 0.4000000060
34833  44.270  -47.709  5.645 0.3000000119
33148  43.868  -49.130  5.684 0.3000000119
31453  43.187  -51.176  6.668 0.3000000119
33961  43.537  -48.330  6.007 0.3000000119
34772  41.234  -47.444  8.247 0.3000000119
35744  42.792  -46.826  7.606 0.3000000119
103402  37.969  -47.840  10.257 0.4000000060
34735  38.660  -47.702  10.150 0.4000000060
33918  38.704  -48.459  9.817 0.4000000060
102538  40.108  -47.666  9.174 0.3000000119
34773  40.469  -47.855  8.552 0.3000000119
106902  38.096  -47.212  10.531 0.4000000060
111813  31.409  -43.117  1.814 0.6000000238
50298  35.608  -30.048  3.730 0.3000000119
50288  35.144  -29.623  4.513 0.3000000119
51137  34.613  -29.022  5.070 0.3000000119
51126  34.095  -28.294  5.461 0.3000000119
51125  35.075  -28.476  5.596 0.3000000119
35761  43.925  -46.851  6.609 0.3000000119
102113  36.376  -56.153  11.753 0.4000000060
111080  36.259  -54.033  12.199 0.5000000000
33949  42.122  -48.174  6.984 0.3000000119
50311  31.743  -29.468  2.777 0.3000000119
51886  34.634  -27.780  5.954 0.3000000119
26481  37.247  -57.373  11.446 0.3000000119
26480  38.099  -57.317  11.380 0.3000000119
30009  34.307  -53.641  1.635 0.6000000238
30010  33.549  -53.819  2.010 0.6999999881
99033  32.223  -54.611  2.254 0.6999999881
27412  39.961  -56.236  11.077 0.3000000119
22469  33.103  -62.827  7.998 0.3000000119
22451  33.567  -62.260  8.485 0.3000000119
29986  31.901  -53.552  3.902 0.6999999881
25636  37.247  -58.603  10.913 0.3000000119
29198  32.109  -54.267  3.216 0.6999999881
26503  38.656  -58.016  11.111 0.3000000119
26479  38.952  -57.169  11.284 0.3000000119
29999  33.423  -53.460  2.939 0.6999999881
26502  39.596  -57.704  10.935 0.3000000119
105411  41.888  -56.454  9.553 0.3000000119
26500  41.030  -57.298  10.335 0.3000000119
106113  40.429  -56.846  10.745 0.3000000119
29131  42.150  -55.304  8.670 0.3000000119
29132  41.599  -55.076  9.435 0.3000000119
28284  41.428  -55.699  9.869 0.3000000119
23281  34.058  -61.763  8.971 0.3000000119
115528  35.981  -60.199  9.801 0.4000000060
113331  31.903  -52.217  4.233 0.6999999881
24835  37.628  -59.172  10.464 0.3000000119
24836  36.792  -59.168  10.538 0.3000000119
30727  32.454  -52.796  3.982 0.6999999881
29985  32.682  -53.589  3.422 0.6999999881
25634  39.274  -58.377  10.742 0.3000000119
25633  40.049  -58.441  10.512 0.3000000119
110286  41.608  -57.048  9.985 0.3000000119
28285  40.844  -55.604  10.466 0.3000000119
112543  42.518  -55.918  8.171 0.3000000119
24041  35.206  -60.551  9.746 0.4000000060
30728  31.217  -52.170  4.256 0.6999999881
24854  37.994  -59.713  9.954 0.3000000119
24855  37.168  -59.710  10.038 0.3000000119
24833  39.307  -59.053  10.388 0.3000000119
24834  38.439  -59.165  10.401 0.3000000119
31502  33.264  -51.548  3.789 0.6999999881
25632  40.905  -58.118  10.275 0.3000000119
30725  33.788  -52.001  3.553 0.6999999881
29143  41.781  -54.353  8.976 0.3000000119
28311  42.668  -55.279  7.768 0.3000000119
29142  42.317  -54.652  8.302 0.3000000119
32344  32.747  -51.062  3.888 0.6999999881
24853  38.830  -59.701  9.919 0.3000000119
32342  34.050  -50.474  3.233 0.6999999881
24851  40.462  -59.589  9.753 0.3000000119
24832  40.065  -59.166  10.195 0.3000000119
31514  34.688  -51.099  2.957 0.6999999881
29155  42.625  -54.429  7.788 0.3000000119
24037  39.204  -60.233  9.360 0.3000000119
102613  42.269  -53.912  8.274 0.3000000119
103860  39.346  -47.276  10.164 0.3000000119
107429  34.162  -54.690  0.526 0.5000000000
29221  31.803  -55.082  1.771 0.6999999881
28381  32.388  -55.129  0.987 0.6000000238
29219  33.788  -54.249  1.158 0.6000000238
106819  30.297  -54.018  4.070 0.6999999881
29987  30.945  -53.172  4.227 0.6999999881
101221  34.821  -61.640  8.777 0.3000000119
30729  30.317  -52.108  4.139 0.6999999881
23267  35.437  -61.232  9.001 0.4000000060
31505  30.855  -51.270  3.924 0.6999999881
24054  36.989  -60.729  8.962 0.4000000060
24040  36.695  -60.225  9.614 0.4000000060
32345  31.547  -50.636  3.682 0.6999999881
24038  38.359  -60.234  9.392 0.3000000119
24052  38.727  -60.700  8.744 0.3000000119
24051  39.590  -60.712  8.729 0.3000000119
25616  37.719  -58.026  11.249 0.3000000119
99731  32.178  -51.024  3.977 0.6999999881
29220  32.894  -54.477  1.533 0.6000000238
24036  40.056  -60.216  9.345 0.3000000119
24053  37.871  -60.702  8.812 0.3000000119
28401  35.859  -55.926  -0.267 0.5000000000
27543  35.337  -56.667  -0.859 0.5000000000
27529  36.352  -56.767  0.243 0.4000000060
115811  28.663  -59.060  -0.990 0.4000000060
24988  27.385  -59.742  -2.165 0.5000000000
27541  36.260  -56.385  -0.146 0.4000000060
26600  36.328  -56.973  -0.197 0.5000000000
28402  35.124  -55.671  -0.345 0.5000000000
24179  26.168  -60.890  -3.125 0.4000000060
23427  25.628  -61.634  -3.607 0.4000000060
24976  27.989  -59.191  -1.525 0.5000000000
28393  34.510  -55.243  0.021 0.4000000060
24180  25.238  -60.845  -3.295 0.4000000060
23434  25.082  -62.239  -4.143 0.4000000060
24989  26.427  -59.464  -2.258 0.4000000060
25774  27.490  -58.591  -1.255 0.5000000000
24977  27.083  -58.960  -1.747 0.4000000060
26622  28.710  -57.994  -0.164 0.5000000000
104030  29.859  -56.831  0.833 0.4000000060
29232  33.363  -54.905  0.613 0.5000000000
28397  31.238  -56.105  0.751 0.4000000060
28396  32.061  -55.794  0.489 0.4000000060
23428  24.663  -61.427  -3.699 0.4000000060
24183  21.592  -60.712  -3.144 0.4000000060
25775  26.251  -58.625  -1.730 0.4000000060
24993  22.512  -59.364  -2.734 0.4000000060
113906  27.350  -58.088  -0.811 0.5000000000
103132  26.824  -58.305  -1.283 0.4000000060
26638  23.570  -57.814  -1.977 0.4000000060
26623  27.831  -57.827  -0.280 0.5000000000
27549  23.875  -56.362  -0.598 0.4000000060
27553  23.533  -56.605  -1.118 0.4000000060
26606  28.267  -57.480  0.373 0.5000000000
27533  28.805  -57.061  0.969 0.5000000000
28405  23.628  -55.815  -0.200 0.4000000060
28399  23.465  -55.205  0.194 0.4000000060
26605  29.284  -57.480  0.379 0.5000000000
27518  29.946  -56.329  1.487 0.6000000238
28383  30.718  -55.933  1.405 0.6000000238
28382  31.524  -55.558  1.187 0.5000000000
104019  22.154  -61.263  -3.507 0.4000000060
24182  22.609  -60.596  -3.322 0.4000000060
24996  23.049  -59.951  -3.042 0.4000000060
26632  26.604  -57.743  -0.780 0.5000000000
111980  26.055  -57.922  -1.262 0.4000000060
25782  24.151  -58.590  -2.227 0.4000000060
102610  27.105  -57.671  -0.339 0.5000000000
26625  24.261  -56.895  -0.914 0.4000000060
26633  23.949  -57.252  -1.434 0.4000000060
27509  29.203  -56.249  2.201 0.5000000000
28398  24.125  -55.572  0.365 0.4000000060
28384  30.158  -55.857  2.147 0.6000000238
28368  30.997  -55.456  2.024 0.6000000238
25780  25.712  -58.941  -2.088 0.4000000060
24995  24.008  -60.004  -2.937 0.4000000060
24991  24.540  -59.422  -2.563 0.4000000060
26624  24.966  -57.205  -0.738 0.4000000060
27534  27.701  -57.090  1.200 0.5000000000
114675  24.834  -56.586  0.081 0.4000000060
27538  24.237  -56.222  -0.037 0.4000000060
27519  28.465  -56.691  1.720 0.5000000000
27537  24.806  -56.076  0.574 0.4000000060
29208  31.415  -54.963  2.862 0.6000000238
28369  30.481  -55.406  2.884 0.6000000238
28370  29.637  -55.664  2.869 0.6000000238
23435  23.998  -61.975  -4.156 0.4000000060
24181  24.326  -60.666  -3.310 0.4000000060
25781  25.007  -58.830  -2.201 0.4000000060
25777  24.403  -57.935  -1.724 0.4000000060
26608  26.338  -57.323  -0.041 0.5000000000
27548  25.303  -57.030  -0.207 0.5000000000
27536  25.580  -56.745  0.614 0.5000000000
118198  27.690  -56.623  1.969 0.5000000000
27535  26.596  -57.102  0.958 0.5000000000
110009  26.133  -56.563  1.349 0.5000000000
28385  25.774  -55.244  1.630 0.5000000000
28386  24.877  -55.204  0.994 0.4000000060
29199  30.558  -54.813  3.532 0.6000000238
28371  28.734  -55.752  2.905 0.6000000238
27511  27.239  -56.032  2.377 0.5000000000
27522  25.511  -56.034  1.265 0.5000000000
110260  27.938  -55.703  2.828 0.6000000238
27521  26.303  -56.018  1.843 0.5000000000
29200  29.714  -54.627  3.754 0.6000000238
101603  31.258  -54.227  3.742 0.6000000238
30742  28.426  -52.078  3.034 0.5000000000
108273  27.721  -52.529  2.564 0.5000000000
102491  28.885  -52.935  3.708 0.6000000238
30731  28.100  -52.997  3.211 0.6000000238
30001  27.185  -53.691  2.678 0.5000000000
30002  26.522  -53.652  2.118 0.5000000000
28360  29.193  -55.189  3.394 0.6000000238
28372  27.361  -55.171  2.783 0.5000000000
28373  26.560  -55.258  2.247 0.5000000000
29222  26.126  -54.432  1.927 0.5000000000
29223  25.326  -54.394  1.421 0.5000000000
31515  29.074  -51.259  3.025 0.5000000000
32355  28.979  -50.780  2.318 0.5000000000
31506  29.925  -51.191  3.548 0.6000000238
30730  29.356  -52.046  3.709 0.6000000238
29990  27.800  -53.696  3.189 0.6000000238
29210  26.845  -54.435  2.525 0.5000000000
105336  29.840  -53.031  4.123 0.6000000238
29989  28.502  -53.720  3.618 0.6000000238
28403  34.527  -55.950  -0.485 0.4000000060
28394  33.749  -55.438  0.004 0.4000000060
29230  35.856  -54.789  0.282 0.5000000000
29237  35.376  -55.266  0.002 0.4000000060
29201  28.854  -54.480  3.657 0.6000000238
26615  36.826  -57.561  -0.731 0.5000000000
26616  35.172  -57.116  -1.341 0.5000000000
27552  36.247  -57.319  -1.141 0.5000000000
100656  35.406  -56.203  -0.566 0.5000000000
25761  28.156  -58.469  -0.810 0.5000000000
24172  26.102  -60.150  -2.668 0.4000000060
24990  25.477  -59.623  -2.504 0.4000000060
26639  22.589  -57.731  -2.209 0.4000000060
27550  23.113  -55.963  -0.753 0.4000000060
24173  24.878  -60.159  -2.901 0.4000000060
113549  25.367  -57.606  -1.125 0.4000000060
23429  23.449  -61.181  -3.607 0.4000000060
29202  28.167  -54.284  3.430 0.6000000238
24997  22.019  -60.065  -3.021 0.3000000119
27554  22.723  -56.393  -1.339 0.3000000119
25784  21.712  -58.667  -2.490 0.3000000119
26635  22.137  -56.916  -1.889 0.3000000119
28411  22.247  -55.793  -1.088 0.3000000119
27555  21.311  -56.506  -1.701 0.3000000119
20646  29.533  -64.496  6.657 0.3000000119
21650  28.579  -63.926  3.602 0.5000000000
21666  29.034  -63.638  1.859 0.5000000000
22453  31.601  -62.087  8.543 0.4000000060
22472  30.369  -62.586  7.835 0.4000000060
22496  29.960  -62.296  7.189 0.5000000000
22543  29.242  -62.566  2.578 0.6000000238
23268  34.561  -61.203  9.377 0.4000000060
23282  33.112  -61.716  9.068 0.4000000060
23301  30.424  -61.198  7.521 0.6000000238
23343  29.490  -61.600  4.613 0.6000000238
24022  34.619  -59.947  10.354 0.5000000000
24023  33.709  -59.961  10.332 0.4000000060
24039  37.518  -60.237  9.470 0.3000000119
24044  32.309  -60.208  9.691 0.5000000000
24055  30.915  -60.357  8.374 0.6000000238
24077  30.444  -60.671  6.864 0.6000000238
24095  30.037  -60.731  5.429 0.6999999881
24109  29.777  -61.079  3.930 0.6999999881
24839  33.248  -59.276  10.430 0.4000000060
24850  41.286  -59.412  9.606 0.3000000119
24852  39.658  -59.667  9.847 0.3000000119
24903  30.720  -59.689  5.581 0.6000000238
24913  31.093  -59.133  4.559 0.6999999881
24992  23.583  -59.318  -2.646 0.4000000060
25635  38.751  -58.639  10.695 0.3000000119
25637  36.381  -58.610  10.991 0.4000000060
25652  40.732  -58.905  10.082 0.3000000119
25718  32.135  -57.889  4.305 0.6000000238
25724  32.111  -58.160  2.972 0.6000000238
25776  25.295  -58.205  -1.657 0.4000000060
25783  23.053  -58.554  -2.432 0.4000000060
26483  35.478  -57.393  11.510 0.5000000000
26501  40.358  -57.618  10.643 0.3000000119
26504  33.903  -57.930  11.051 0.4000000060
26516  31.587  -58.133  8.681 0.5000000000
26593  35.901  -56.905  0.796 0.6000000238
26607  27.314  -57.438  0.312 0.5000000000
26634  23.118  -57.064  -1.681 0.4000000060
27414  38.382  -56.546  11.488 0.4000000060
27432  41.141  -56.428  10.264 0.3000000119
27433  39.726  -56.947  11.104 0.3000000119
27450  32.556  -56.797  9.742 0.6000000238
27474  32.804  -56.656  7.336 0.6000000238
27510  28.199  -56.253  2.421 0.6000000238
27515  37.149  -56.010  0.994 0.6999999881
27517  30.533  -56.371  0.958 0.6000000238
27520  26.910  -56.653  1.715 0.5000000000
27542  36.067  -56.795  -0.562 0.4000000060
28267  37.583  -55.298  11.810 0.4000000060
28300  41.887  -55.724  9.275 0.3000000119
28330  34.888  -55.355  6.461 0.8000000119
28337  36.830  -55.371  4.808 0.8000000119
28356  37.827  -55.414  3.087 0.8999999762
28359  29.949  -55.209  3.364 0.6000000238
28361  28.223  -55.051  3.277 0.6000000238
29084  39.858  -54.892  11.190 0.4000000060
29111  33.914  -54.015  10.301 0.6999999881
29144  34.344  -54.233  8.333 0.6999999881
29209  27.545  -54.391  3.058 0.6000000238
29217  39.472  -54.836  1.173 0.8999999762
29885  35.294  -52.959  12.071 0.6999999881
29903  41.263  -53.709  9.650 0.4000000060
29984  33.153  -53.015  3.532 0.6999999881
29988  29.340  -53.837  3.970 0.6000000238
29995  41.138  -52.933  1.134 0.8999999762
30000  32.839  -54.078  2.580 0.6999999881
30007  36.454  -53.542  0.801 0.8000000119
30015  41.018  -52.956  0.844 0.8999999762
30016  40.406  -53.406  0.717 1.0000000000
30018  38.322  -53.550  0.497 0.8999999762
30726  33.202  -52.336  3.783 0.6999999881
30732  27.553  -53.153  2.780 0.5000000000
30738  41.073  -52.425  1.666 0.8999999762
30740  35.228  -51.822  2.423 0.8000000119
30748  41.402  -52.177  0.831 1.0000000000
31428  40.830  -51.604  9.769 0.4000000060
31489  36.746  -51.629  4.560 0.8000000119
31501  33.956  -51.308  3.449 0.6999999881
31503  32.502  -51.784  4.097 0.6999999881
31504  31.684  -51.498  4.130 0.6999999881
31522  41.809  -51.318  0.818 1.0000000000
31531  41.529  -51.548  0.598 1.0000000000
32270  39.458  -49.896  10.096 0.4000000060
32284  33.635  -50.828  8.122 0.6999999881
32308  42.498  -49.956  6.952 0.3000000119
33095  33.883  -49.480  9.961 0.6000000238
33112  40.934  -49.786  8.197 0.3000000119
33127  33.427  -49.249  7.747 0.6000000238
33172  34.054  -49.803  2.943 0.8999999762
33173  33.374  -49.971  3.226 0.8999999762
33185  31.645  -49.707  2.902 0.6999999881
33919  34.467  -48.232  9.894 0.6000000238
33939  33.487  -48.333  8.658 0.6000000238
33952  33.454  -48.450  7.792 0.6000000238
33963  34.009  -48.723  6.318 0.6000000238
33990  35.484  -48.304  4.433 0.8000000119
34011  33.948  -48.728  2.110 0.8999999762
34024  35.224  -48.465  1.234 0.8999999762
34033  37.778  -48.452  0.157 0.8999999762
34755  33.660  -47.642  8.891 0.6000000238
34774  39.837  -48.281  8.959 0.3000000119
34812  42.897  -47.786  6.629 0.3000000119
34882  35.095  -47.528  -0.110 0.8999999762
34884  33.404  -47.421  0.694 1.0000000000
34892  42.214  -47.148  -0.834 1.0000000000
34912  37.001  -46.980  -1.050 0.8999999762
35725  33.631  -47.129  8.337 0.6999999881
35827  31.352  -47.097  0.809 0.6000000238
35833  42.563  -46.268  -1.041 1.0000000000
35844  42.327  -46.089  -1.509 1.0000000000
36679  34.724  -45.847  6.049 0.6999999881
36686  36.116  -45.169  3.986 0.8000000119
36687  35.597  -45.473  4.538 0.8000000119
36718  35.079  -45.402  0.135 0.8999999762
36725  42.568  -45.329  -1.075 1.0000000000
36727  35.516  -45.828  -0.533 0.8999999762
36736  41.816  -45.678  -1.921 1.0000000000
36739  37.438  -45.679  -1.416 1.0000000000
36740  36.670  -45.487  -1.123 1.0000000000
37497  35.173  -44.866  9.576 0.6999999881
37565  32.105  -44.939  1.990 0.6999999881
37572  41.097  -44.066  0.028 1.0000000000
37577  42.465  -45.069  -1.329 1.0000000000
37588  42.067  -44.641  -1.501 1.0000000000
38317  36.657  -42.730  11.872 0.6000000238
38347  35.736  -44.008  10.479 0.6999999881
38375  36.247  -43.059  7.184 0.6999999881
38417  39.507  -43.221  1.630 1.0000000000
38418  35.057  -43.866  1.251 0.8000000119
39262  37.589  -42.245  4.575 0.6999999881
39267  37.964  -42.205  3.700 0.8000000119
39295  37.822  -41.351  -1.539 1.0000000000
40160  36.443  -41.665  9.626 0.6000000238
40191  38.328  -41.860  2.909 0.8999999762
40208  39.299  -40.033  -0.906 1.0000000000
41079  36.661  -40.089  8.613 0.6000000238
41096  37.047  -40.504  5.645 0.6000000238
41107  38.401  -40.796  1.275 1.0000000000
41827  37.345  -39.887  11.299 0.5000000000
42663  37.442  -38.562  10.464 0.4000000060
42685  36.704  -38.602  9.285 0.4000000060
44254  38.592  -36.493  9.467 0.4000000060
44271  40.646  -35.891  8.814 0.3000000119
44293  37.167  -36.223  7.932 0.4000000060
44344  38.259  -37.427  -1.252 0.6999999881
44349  34.113  -36.779  -0.980 0.6000000238
45128  37.156  -35.207  2.342 0.5000000000
45935  40.305  -34.576  7.788 0.3000000119
45938  37.812  -34.591  7.187 0.5000000000
46840  39.300  -33.196  6.606 0.4000000060
46856  38.309  -32.979  5.823 0.4000000060
46863  37.656  -33.309  4.554 0.3000000119
46883  37.310  -33.212  2.914 0.4000000060
47660  40.574  -32.723  6.229 0.4000000060
48550  39.007  -31.902  4.923 0.3000000119
48559  38.699  -31.756  4.338 0.3000000119
48596  33.690  -31.572  1.218 0.3000000119
48665  35.538  -29.003  -4.161 0.3000000119
48666  35.227  -29.148  -4.332 0.3000000119
49526  35.272  -29.389  -4.099 0.3000000119
49527  35.171  -27.830  -3.851 0.3000000119
49528  33.952  -27.800  -3.817 0.3000000119
49532  32.955  -28.494  -4.518 0.3000000119
50290  33.357  -29.275  4.260 0.3000000119
50291  32.791  -28.997  3.879 0.3000000119
50300  33.743  -30.012  3.933 0.3000000119
50383  35.157  -28.107  -4.383 0.3000000119
50384  33.828  -27.833  -4.581 0.3000000119
50385  32.772  -28.199  -4.234 0.3000000119
96814  42.318  -56.133  8.826 0.3000000119
99004  31.787  -58.198  4.990 0.6999999881
99488  34.364  -51.026  6.486 0.6999999881
100076  39.230  -53.979  3.195 0.8999999762
100977  24.708  -57.481  -1.245 0.4000000060
101228  29.044  -64.008  6.288 0.4000000060
101408  24.541  -56.719  -0.424 0.4000000060
101443  37.016  -36.115  5.792 0.5000000000
102059  25.777  -57.422  -0.722 0.5000000000
102875  36.156  -45.928  10.687 0.6000000238
103166  32.493  -56.885  8.226 0.6000000238
103174  21.971  -56.233  -1.512 0.3000000119
103620  30.944  -48.200  0.456 0.6999999881
103780  35.249  -45.359  5.360 0.6999999881
103987  23.520  -60.468  -3.270 0.4000000060
104897  38.850  -46.743  -1.554 1.0000000000
105787  28.329  -66.290  3.163 0.5000000000
105872  36.631  -40.722  10.780 0.6000000238
106274  33.737  -50.193  9.887 0.6000000238
106375  36.058  -47.943  10.381 0.5000000000
107407  34.572  -46.907  9.559 0.6999999881
108086  38.816  -47.695  -0.838 1.0000000000
108240  36.671  -55.255  0.326 0.6000000238
108251  31.684  -52.799  4.195 0.6999999881
108595  37.863  -56.059  11.643 0.4000000060
108607  40.601  -45.908  0.591 1.0000000000
109363  30.759  -59.545  4.925 0.6000000238
109533  37.231  -41.599  5.536 0.6999999881
110582  25.582  -60.350  -2.882 0.4000000060
112235  37.325  -35.460  4.552 0.4000000060
112342  34.460  -55.884  11.594 0.6000000238
112425  36.056  -42.926  9.737 0.6999999881
112437  37.062  -39.675  4.572 0.5000000000
113256  36.353  -59.720  10.154 0.4000000060
113261  40.550  -56.125  10.733 0.3000000119
113886  37.721  -46.073  11.268 0.4000000060
114194  38.083  -58.605  10.821 0.3000000119
114529  36.121  -60.718  9.258 0.4000000060
114870  37.143  -36.330  5.177 0.4000000060
114942  29.248  -56.638  1.424 0.5000000000
115104  40.049  -57.284  10.885 0.3000000119
115141  36.962  -41.214  6.540 0.6000000238
115377  40.599  -43.270  -1.752 1.0000000000
115426  24.717  -58.378  -1.935 0.4000000060
115577  38.698  -52.492  11.606 0.4000000060
115790  33.919  -55.083  0.280 0.5000000000
115812  35.338  -44.880  5.856 0.6999999881
116046  41.272  -46.013  -1.996 1.0000000000
116263  36.048  -51.087  11.707 0.5000000000
116362  41.802  -44.905  -1.882 1.0000000000
117146  37.627  -33.952  5.811 0.5000000000
117482  32.320  -54.820  1.586 0.6000000238
117492  33.641  -50.455  7.500 0.6000000238
118152  41.979  -47.173  -0.509 1.0000000000
