#!ascii label  , from subject sub-v1s23x0050554_ses-1 vox2ras=TkReg
1607
100676  39.249  -74.522  4.258 0.2000000030
12274  39.140  -74.513  5.251 0.2000000030
12294  38.356  -74.540  4.546 0.2000000030
11453  39.607  -75.732  2.127 0.1000000015
12259  39.650  -74.817  6.098 0.3000000119
12293  40.231  -74.463  4.464 0.2000000030
12321  39.250  -75.104  2.882 0.1000000015
12308  38.770  -74.669  3.633 0.2000000030
12307  40.012  -74.768  3.538 0.1000000015
12320  40.348  -75.172  2.691 0.1000000015
11452  40.665  -75.363  1.902 0.1000000015
12335  41.548  -74.567  1.505 0.1000000015
11470  40.051  -75.892  1.314 0.1000000015
12366  41.676  -73.755  0.101 0.1000000015
11490  40.809  -75.296  1.085 0.1000000015
12352  41.309  -74.582  0.337 0.1000000015
13139  41.450  -73.272  -0.458 0.2000000030
12367  41.362  -73.907  -0.663 0.1000000015
12291  42.244  -73.559  3.864 0.1000000015
13092  42.205  -73.267  3.358 0.1000000015
12319  41.378  -74.718  2.395 0.1000000015
12306  41.355  -74.401  3.770 0.1000000015
108332  41.119  -74.721  3.087 0.1000000015
12334  42.051  -73.872  1.687 0.1000000015
13957  41.453  -73.066  0.758 0.1000000015
13959  39.188  -72.520  0.891 0.2000000030
13958  40.429  -72.782  0.722 0.2000000030
13980  40.910  -72.781  -0.346 0.2000000030
13981  38.344  -71.876  -0.041 0.2000000030
14805  38.024  -71.816  -0.622 0.1000000015
14806  37.448  -71.159  -0.139 0.1000000015
13094  42.078  -73.542  2.366 0.1000000015
13928  42.218  -72.872  3.775 0.1000000015
13108  41.890  -73.446  1.370 0.1000000015
13960  38.226  -72.165  1.311 0.2000000030
13939  37.463  -71.929  1.897 0.2000000030
14766  37.010  -71.205  1.373 0.2000000030
13961  37.584  -71.366  0.676 0.2000000030
14786  37.117  -70.630  0.342 0.1000000015
14807  36.890  -70.729  -0.172 0.2000000030
13929  41.715  -72.804  3.121 0.1000000015
13935  41.739  -73.193  1.999 0.1000000015
99629  41.110  -72.874  1.769 0.2000000030
13937  39.317  -72.654  2.679 0.2000000030
113114  38.907  -72.562  1.887 0.3000000119
14768  36.364  -70.759  2.095 0.3000000119
14787  36.963  -70.267  0.810 0.2000000030
15638  36.745  -70.175  0.018 0.2000000030
13998  35.829  -72.063  -0.160 0.2000000030
13938  38.199  -72.435  2.554 0.3000000119
103792  39.900  -72.757  1.807 0.2000000030
14756  35.907  -71.222  3.128 0.3000000119
15602  36.406  -70.190  1.942 0.3000000119
15616  36.854  -69.829  0.821 0.3000000119
15627  36.930  -69.697  0.238 0.2000000030
14808  36.003  -70.984  -0.102 0.2000000030
13982  35.061  -71.988  0.249 0.2000000030
15599  34.549  -69.810  4.272 0.4000000060
111981  36.130  -71.769  3.671 0.3000000119
14749  35.367  -70.929  3.682 0.3000000119
105414  37.354  -72.195  2.821 0.2000000030
13940  36.858  -71.695  2.461 0.2000000030
15617  37.013  -69.419  0.472 0.3000000119
15639  36.021  -70.279  0.020 0.2000000030
14809  35.220  -71.127  0.230 0.2000000030
104909  35.470  -70.082  3.231 0.3000000119
16431  35.896  -69.323  0.277 0.2000000030
15629  34.640  -70.271  0.691 0.1000000015
15628  36.152  -69.844  0.280 0.2000000030
14789  33.859  -71.439  1.161 0.2000000030
14788  35.025  -70.714  0.374 0.2000000030
13962  34.313  -71.935  0.755 0.2000000030
16396  34.857  -68.964  3.875 0.3000000119
17124  36.231  -68.061  2.575 0.3000000119
16395  35.847  -69.188  2.847 0.3000000119
16404  37.148  -68.242  1.319 0.3000000119
17132  36.961  -67.260  1.387 0.2000000030
15603  36.875  -69.290  1.404 0.3000000119
16417  36.985  -68.595  0.369 0.1000000015
17144  36.474  -67.881  0.432 0.1000000015
111521  34.595  -69.593  0.761 0.1000000015
16418  35.367  -68.636  0.537 0.1000000015
14769  33.310  -71.174  1.679 0.1000000015
17125  34.879  -68.050  3.918 0.3000000119
17895  35.730  -66.553  2.958 0.2000000030
97797  35.432  -66.147  3.643 0.1000000015
101815  36.283  -67.055  2.310 0.1000000015
17904  36.193  -66.401  1.729 0.1000000015
17146  33.873  -68.441  1.540 0.1000000015
106352  33.635  -69.386  1.587 0.1000000015
17890  34.470  -67.536  4.853 0.2000000030
18771  35.456  -65.899  2.385 0.1000000015
18786  34.908  -66.257  2.060 0.1000000015
17905  35.230  -66.805  1.486 0.1000000015
17903  36.486  -67.136  0.858 0.1000000015
17133  33.889  -67.623  1.907 0.1000000015
17145  35.315  -67.623  0.844 0.1000000015
18772  34.684  -65.539  2.793 0.1000000015
113221  32.914  -67.816  2.835 0.1000000015
17134  32.889  -68.456  2.593 0.1000000015
109213  35.213  -65.448  2.664 0.1000000015
12351  41.902  -73.880  0.902 0.1000000015
12305  42.098  -74.029  2.957 0.1000000015
13995  38.859  -72.285  -0.822 0.1000000015
17758  43.776  -66.225  23.096 0.5000000000
18561  44.378  -65.393  23.486 0.5000000000
18562  43.602  -65.123  22.986 0.5000000000
17759  42.725  -65.716  22.653 0.5000000000
108528  43.553  -67.074  25.029 0.2000000030
17737  44.425  -66.169  24.690 0.2000000030
110495  43.508  -66.143  24.656 0.3000000119
18543  44.093  -65.439  24.216 0.3000000119
19367  43.474  -65.048  23.790 0.5000000000
19380  43.568  -64.951  23.211 0.5000000000
20387  42.750  -64.598  22.811 0.5000000000
19400  43.082  -64.811  22.787 0.5000000000
19401  42.590  -64.767  22.352 0.5000000000
17774  41.641  -67.049  22.665 0.5000000000
18581  41.679  -66.098  22.242 0.5000000000
116971  41.084  -67.624  22.612 0.5000000000
16262  40.707  -69.475  21.738 0.5000000000
17738  42.605  -66.790  24.821 0.3000000119
110534  42.147  -66.100  24.542 0.3000000119
108157  42.948  -64.741  23.419 0.5000000000
20397  42.209  -64.358  22.212 0.5000000000
115362  42.393  -65.213  22.184 0.5000000000
17775  40.779  -67.204  22.413 0.5000000000
17030  40.015  -67.779  22.257 0.5000000000
14622  40.851  -71.756  18.271 0.4000000060
14608  40.168  -71.285  18.904 0.5000000000
15478  40.562  -70.956  19.670 0.5000000000
16278  40.317  -70.069  21.071 0.5000000000
17038  40.207  -68.674  22.199 0.5000000000
14640  40.481  -71.896  17.477 0.4000000060
17721  41.957  -67.860  25.126 0.3000000119
18545  41.352  -66.201  24.477 0.4000000060
19369  41.024  -65.524  24.152 0.4000000060
19381  42.328  -64.636  23.383 0.5000000000
20389  40.779  -64.510  23.124 0.5000000000
20388  41.931  -64.352  22.894 0.5000000000
20398  41.414  -63.994  22.362 0.5000000000
20414  41.708  -64.121  21.604 0.5000000000
18597  42.119  -64.853  21.709 0.5000000000
18582  40.746  -66.556  22.015 0.5000000000
15461  39.957  -70.438  20.293 0.5000000000
16263  39.762  -69.345  21.628 0.5000000000
17039  39.377  -68.441  21.957 0.5000000000
13814  41.209  -72.272  15.607 0.4000000060
14654  41.148  -72.190  16.572 0.4000000060
14623  39.863  -71.511  18.111 0.5000000000
16179  40.057  -70.205  27.348 0.1000000015
16193  39.762  -69.871  26.667 0.1000000015
16209  38.428  -69.599  25.776 0.1000000015
16207  40.440  -69.506  25.987 0.1000000015
16208  39.352  -69.545  25.820 0.1000000015
16980  38.837  -69.042  25.100 0.1000000015
16979  39.837  -69.065  25.278 0.1000000015
110504  38.164  -68.648  24.772 0.1000000015
17001  40.245  -68.468  24.966 0.1000000015
17739  41.626  -67.037  24.738 0.3000000119
19382  41.514  -64.815  23.616 0.5000000000
107958  40.883  -67.116  24.636 0.4000000060
18546  40.340  -66.568  24.398 0.4000000060
108879  40.657  -65.154  23.733 0.4000000060
20399  40.341  -64.025  22.434 0.5000000000
106309  40.953  -63.737  21.856 0.5000000000
17776  40.127  -67.061  22.048 0.5000000000
16279  39.384  -69.886  20.930 0.5000000000
15479  39.590  -70.734  19.507 0.5000000000
100768  40.105  -71.899  16.816 0.4000000060
13838  41.251  -72.330  13.965 0.5000000000
100607  37.960  -71.774  29.512 0.1000000015
14455  39.326  -71.057  29.180 0.1000000015
105022  39.188  -70.521  28.266 0.1000000015
16180  39.228  -70.230  27.430 0.1000000015
111779  38.882  -69.893  26.525 0.1000000015
16210  37.505  -69.718  25.928 0.1000000015
15355  38.541  -70.346  28.065 0.1000000015
15370  38.377  -70.119  27.175 0.1000000015
16981  37.884  -69.195  25.202 0.1000000015
18566  36.624  -66.545  23.267 0.2000000030
16978  40.703  -68.927  25.357 0.1000000015
17002  39.528  -68.354  24.793 0.1000000015
17003  38.723  -68.178  24.615 0.1000000015
17760  37.908  -67.192  23.914 0.2000000030
17740  40.213  -67.674  24.673 0.2000000030
17741  39.383  -67.367  24.425 0.1000000015
18548  38.857  -66.803  24.001 0.2000000030
18564  38.408  -66.265  23.566 0.2000000030
18583  36.262  -65.992  22.786 0.2000000030
18547  39.578  -66.483  24.153 0.2000000030
19370  40.107  -65.793  24.023 0.3000000119
19384  38.958  -65.430  23.293 0.3000000119
19403  38.629  -64.895  22.696 0.4000000060
19402  39.627  -64.670  22.933 0.5000000000
17053  37.445  -68.475  20.710 0.5000000000
17040  37.949  -67.894  21.240 0.5000000000
112428  38.556  -67.404  21.435 0.5000000000
16281  37.804  -69.325  20.450 0.5000000000
17052  38.131  -68.806  21.128 0.5000000000
105076  38.621  -68.187  21.609 0.5000000000
19421  41.493  -64.761  21.034 0.5000000000
15496  39.171  -70.962  18.630 0.5000000000
15480  38.727  -70.473  19.380 0.5000000000
16280  38.548  -69.628  20.725 0.5000000000
17784  39.334  -67.383  21.777 0.5000000000
14641  39.607  -71.592  17.352 0.5000000000
16264  38.902  -69.110  21.416 0.5000000000
15462  39.042  -70.274  20.173 0.5000000000
13828  40.684  -72.166  14.901 0.4000000060
14438  37.270  -71.358  29.523 0.1000000015
15331  37.882  -70.865  29.367 0.1000000015
15344  37.931  -70.419  28.647 0.1000000015
15357  37.251  -70.151  28.419 0.1000000015
113362  36.547  -69.867  28.186 0.1000000015
14456  38.745  -70.708  28.905 0.1000000015
15356  37.808  -70.154  27.788 0.1000000015
16194  36.989  -69.881  26.577 0.1000000015
16982  36.993  -69.228  25.199 0.1000000015
17744  36.156  -67.849  24.022 0.1000000015
100326  37.984  -68.025  24.404 0.1000000015
115341  36.177  -67.148  23.539 0.2000000030
17761  36.920  -67.225  23.687 0.2000000030
19385  38.049  -65.657  23.056 0.3000000119
19405  36.761  -65.300  22.360 0.2000000030
20400  39.251  -64.169  22.312 0.4000000060
20401  38.233  -64.369  22.132 0.3000000119
18608  37.761  -66.695  20.482 0.5000000000
18607  38.702  -66.391  20.650 0.5000000000
18600  39.003  -66.758  21.259 0.5000000000
20416  39.967  -63.681  21.718 0.5000000000
18621  38.415  -66.100  20.005 0.5000000000
19438  39.480  -65.811  20.127 0.5000000000
20415  40.961  -63.938  21.086 0.5000000000
98950  40.266  -65.307  19.623 0.5000000000
19437  40.431  -65.435  20.263 0.5000000000
18606  39.728  -66.106  20.789 0.6000000238
18599  40.097  -66.480  21.501 0.5000000000
18598  41.274  -65.746  21.500 0.5000000000
13855  40.585  -72.486  12.992 0.4000000060
14681  40.570  -72.175  13.316 0.4000000060
13827  42.007  -72.469  14.746 0.4000000060
16962  34.365  -69.069  28.213 0.1000000015
16182  35.850  -69.653  27.826 0.1000000015
110328  34.539  -69.276  27.081 0.1000000015
16181  37.078  -69.993  27.449 0.1000000015
16195  36.249  -69.789  26.944 0.1000000015
16196  35.334  -69.541  26.961 0.1000000015
16212  35.661  -69.482  26.031 0.1000000015
102921  34.799  -69.267  26.138 0.1000000015
16983  36.078  -69.160  25.211 0.1000000015
17006  35.628  -68.530  24.617 0.1000000015
17763  34.666  -67.389  23.673 0.2000000030
18567  35.004  -66.818  23.170 0.2000000030
18584  35.395  -66.169  22.708 0.2000000030
19406  35.857  -65.457  22.285 0.2000000030
22351  37.714  -62.593  16.788 0.2000000030
22350  38.637  -62.742  16.801 0.2000000030
22335  38.274  -63.033  17.499 0.2000000030
21431  37.900  -63.255  18.339 0.2000000030
20402  37.296  -64.599  21.931 0.2000000030
21444  39.389  -63.347  17.523 0.2000000030
21430  38.803  -63.398  18.095 0.2000000030
21417  38.825  -63.506  18.769 0.2000000030
21404  38.781  -63.456  19.521 0.2000000030
99478  38.088  -63.399  19.130 0.3000000119
21383  38.778  -63.449  20.391 0.4000000060
20457  40.498  -64.607  18.655 0.2000000030
97907  39.717  -63.775  18.373 0.3000000119
21416  39.730  -63.829  19.124 0.3000000119
21365  38.310  -63.582  21.107 0.4000000060
20417  38.799  -63.816  21.701 0.5000000000
19464  40.261  -65.213  18.783 0.5000000000
20445  40.569  -64.873  19.325 0.4000000060
20446  40.322  -64.296  19.678 0.4000000060
20434  40.587  -64.170  20.429 0.5000000000
21382  39.893  -63.644  20.392 0.5000000000
19452  40.665  -64.778  19.943 0.5000000000
19422  40.761  -65.592  20.854 0.5000000000
16957  33.805  -68.597  28.826 0.1000000015
16963  33.450  -68.619  27.670 0.1000000015
116445  32.790  -68.281  27.266 0.1000000015
98314  33.999  -68.962  26.294 0.1000000015
16968  33.222  -68.532  26.587 0.1000000015
16985  33.552  -68.455  25.602 0.1000000015
17007  34.740  -68.428  24.708 0.1000000015
17008  33.924  -68.240  24.829 0.1000000015
17746  34.317  -67.850  24.231 0.2000000030
17764  33.899  -67.361  23.765 0.2000000030
23166  37.248  -62.092  16.139 0.1000000015
22336  37.305  -62.881  17.514 0.2000000030
19423  36.354  -64.798  21.814 0.2000000030
23167  36.374  -61.848  16.195 0.1000000015
22352  36.782  -62.432  16.795 0.1000000015
22337  36.404  -62.686  17.548 0.1000000015
22321  36.885  -63.084  18.288 0.1000000015
21405  37.819  -63.349  19.864 0.1000000015
20418  37.824  -63.993  21.538 0.3000000119
99031  37.306  -63.312  19.066 0.1000000015
21384  37.883  -63.462  20.566 0.3000000119
21363  40.207  -63.626  20.948 0.5000000000
21364  39.312  -63.544  21.113 0.5000000000
19436  41.001  -64.733  20.472 0.5000000000
17696  33.368  -68.153  29.347 0.1000000015
17697  32.159  -67.525  28.202 0.1000000015
16964  32.255  -67.808  27.392 0.1000000015
17711  32.460  -67.982  26.582 0.1000000015
17712  31.826  -67.429  26.684 0.1000000015
17724  32.441  -67.551  25.145 0.1000000015
103508  32.105  -67.539  25.892 0.1000000015
17723  33.165  -67.917  24.974 0.1000000015
17765  33.276  -67.253  23.886 0.2000000030
18568  34.206  -66.871  23.244 0.2000000030
18586  33.711  -66.341  22.813 0.2000000030
18585  34.547  -66.295  22.717 0.2000000030
19408  34.067  -65.734  22.271 0.2000000030
19407  34.956  -65.628  22.241 0.2000000030
19424  35.430  -64.971  21.746 0.2000000030
23168  35.571  -61.570  16.240 0.1000000015
22353  35.829  -62.216  16.864 0.1000000015
22322  36.043  -62.864  18.269 0.1000000015
21418  36.447  -63.195  18.979 0.1000000015
20435  36.431  -63.772  20.719 0.1000000015
20419  36.888  -64.180  21.345 0.2000000030
20420  35.913  -64.328  21.268 0.2000000030
21406  36.846  -63.339  19.695 0.1000000015
21385  37.139  -63.467  20.343 0.1000000015
21366  37.419  -63.711  20.946 0.2000000030
102868  31.575  -66.545  28.838 0.1000000015
17698  31.583  -66.920  28.240 0.1000000015
19346  30.898  -65.542  28.912 0.1000000015
17704  31.673  -67.242  27.493 0.1000000015
18524  30.811  -66.200  27.209 0.1000000015
18530  30.776  -66.335  26.312 0.1000000015
118195  31.389  -66.802  25.343 0.1000000015
18529  31.396  -66.970  25.956 0.1000000015
116066  32.111  -67.123  24.719 0.1000000015
19387  32.176  -66.240  23.446 0.1000000015
18570  32.774  -66.825  23.690 0.1000000015
18587  32.901  -66.318  23.030 0.1000000015
19425  34.499  -65.133  21.729 0.2000000030
20421  34.976  -64.517  21.218 0.2000000030
23949  34.870  -60.556  15.848 0.1000000015
23148  35.120  -61.825  16.685 0.1000000015
22338  35.081  -62.229  17.303 0.1000000015
107640  35.693  -62.536  17.635 0.1000000015
22339  34.366  -62.243  17.675 0.1000000015
22323  35.161  -62.673  18.210 0.1000000015
21407  35.920  -63.322  19.581 0.1000000015
108854  36.428  -63.469  20.134 0.1000000015
20367  30.188  -64.871  28.020 0.1000000015
19355  30.216  -65.583  26.680 0.1000000015
19359  30.335  -65.784  25.808 0.1000000015
19371  30.935  -65.917  24.607 0.1000000015
19388  31.534  -66.113  24.011 0.1000000015
19409  32.215  -65.647  22.650 0.1000000015
100139  33.166  -65.757  22.367 0.2000000030
107379  32.611  -65.097  21.802 0.1000000015
19426  33.584  -65.208  21.762 0.1000000015
102746  33.233  -64.689  21.352 0.2000000030
20438  33.438  -64.135  20.760 0.1000000015
20422  34.031  -64.629  21.252 0.2000000030
23135  33.058  -61.999  18.004 0.1000000015
22340  33.731  -62.251  17.983 0.1000000015
22325  33.469  -62.501  18.587 0.1000000015
22306  34.016  -62.940  19.179 0.1000000015
21388  34.064  -63.645  20.276 0.1000000015
20437  34.493  -64.093  20.720 0.1000000015
23169  34.787  -61.232  16.280 0.1000000015
23149  34.457  -61.724  16.938 0.1000000015
22324  34.287  -62.631  18.482 0.1000000015
22305  34.972  -63.072  19.155 0.1000000015
108663  35.206  -63.359  19.843 0.1000000015
21387  34.914  -63.624  20.284 0.1000000015
20436  35.420  -63.968  20.730 0.1000000015
21386  35.739  -63.563  20.236 0.1000000015
20372  29.661  -64.786  26.529 0.1000000015
19356  29.896  -65.246  26.021 0.1000000015
20379  30.276  -65.181  24.518 0.1000000015
19389  30.911  -65.469  23.857 0.1000000015
112738  31.478  -65.232  22.703 0.1000000015
20403  31.738  -64.990  22.104 0.1000000015
23126  31.087  -61.755  18.980 0.1000000015
22309  31.475  -62.446  19.416 0.1000000015
21390  31.409  -63.450  20.528 0.1000000015
21389  32.425  -63.728  20.492 0.1000000015
102159  31.961  -64.600  21.564 0.1000000015
23152  31.980  -61.044  17.759 0.1000000015
23137  31.533  -61.407  18.362 0.1000000015
22327  31.869  -62.077  18.777 0.1000000015
21411  31.884  -63.130  19.869 0.1000000015
23151  32.752  -61.358  17.544 0.1000000015
23136  32.290  -61.713  18.154 0.1000000015
22308  32.297  -62.671  19.283 0.1000000015
21410  32.767  -63.239  19.783 0.1000000015
104621  33.274  -63.607  20.229 0.1000000015
20404  30.392  -64.427  22.920 0.1000000015
20405  29.919  -63.834  22.782 0.1000000015
99984  31.032  -64.684  22.445 0.1000000015
21369  30.033  -63.335  21.608 0.1000000015
20424  30.420  -63.959  22.132 0.1000000015
20423  31.266  -64.334  21.751 0.1000000015
23138  30.806  -61.006  18.607 0.1000000015
22310  30.717  -62.110  19.663 0.1000000015
22293  30.395  -62.468  20.344 0.1000000015
21368  30.774  -63.633  21.218 0.1000000015
21367  31.717  -64.041  21.111 0.1000000015
23939  31.349  -60.752  18.113 0.1000000015
22292  31.073  -62.832  20.029 0.1000000015
19368  42.241  -65.155  24.079 0.4000000060
19383  39.880  -65.239  23.525 0.4000000060
103855  37.648  -70.006  26.860 0.1000000015
18565  37.494  -66.452  23.408 0.3000000119
109773  35.805  -66.672  23.184 0.2000000030
17742  38.555  -67.508  24.287 0.2000000030
18563  39.287  -65.997  23.772 0.3000000119
19386  37.136  -65.838  22.902 0.2000000030
17785  38.126  -67.023  21.087 0.5000000000
112683  37.369  -70.427  29.064 0.1000000015
15345  36.713  -70.156  29.165 0.1000000015
16211  36.547  -69.632  25.923 0.1000000015
17005  36.571  -68.592  24.617 0.1000000015
17004  37.452  -68.635  24.696 0.1000000015
17743  37.165  -67.947  24.191 0.1000000015
17745  35.151  -67.928  24.115 0.1000000015
17762  35.478  -67.325  23.606 0.2000000030
19404  37.687  -65.109  22.491 0.3000000119
16183  35.192  -69.444  28.055 0.1000000015
115701  33.858  -68.962  27.131 0.1000000015
98912  35.190  -69.001  25.301 0.1000000015
16984  34.347  -68.765  25.436 0.1000000015
22366  38.122  -62.272  16.132 0.2000000030
21429  40.417  -64.089  17.909 0.2000000030
21403  39.581  -63.612  19.812 0.5000000000
16958  32.880  -68.138  28.199 0.1000000015
16986  32.799  -68.034  25.768 0.1000000015
17747  33.554  -67.674  24.337 0.2000000030
18569  33.452  -66.852  23.397 0.2000000030
112709  32.702  -67.697  28.882 0.1000000015
17692  32.189  -67.105  29.063 0.1000000015
18523  31.272  -66.826  26.865 0.1000000015
106802  32.767  -67.336  24.385 0.1000000015
23189  36.059  -61.182  15.711 0.1000000015
104329  31.259  -66.672  27.598 0.1000000015
18516  31.058  -66.112  28.212 0.1000000015
20364  30.469  -64.862  28.751 0.1000000015
109113  30.626  -65.377  28.291 0.1000000015
19352  30.457  -65.527  27.609 0.1000000015
18549  31.522  -66.632  24.768 0.1000000015
18532  30.931  -66.353  25.402 0.1000000015
111210  32.141  -66.734  24.150 0.1000000015
114232  31.530  -65.648  23.285 0.1000000015
101295  35.364  -61.023  15.858 0.1000000015
21419  35.717  -63.052  18.867 0.1000000015
20371  29.881  -64.948  27.281 0.1000000015
107202  30.484  -65.705  25.129 0.1000000015
20439  32.556  -64.384  21.180 0.1000000015
23150  33.615  -61.673  17.352 0.1000000015
22307  33.145  -62.810  19.215 0.1000000015
22326  32.667  -62.315  18.648 0.1000000015
21409  33.643  -63.273  19.742 0.1000000015
21408  34.485  -63.304  19.775 0.1000000015
20376  29.544  -64.631  25.752 0.1000000015
20375  30.006  -65.216  25.351 0.1000000015
20380  29.634  -64.606  24.941 0.1000000015
20390  30.317  -64.809  23.655 0.1000000015
19410  30.925  -65.071  23.126 0.1000000015
23127  30.390  -61.326  19.324 0.1000000015
21391  30.708  -63.117  20.576 0.1000000015
20391  29.803  -64.116  23.434 0.1000000015
22284  30.112  -62.937  20.971 0.1000000015
103125  29.496  -62.556  21.661 0.1000000015
23935  30.215  -60.474  19.090 0.1000000015
16228  46.845  -68.849  24.294 0.1000000015
16238  46.612  -69.046  23.402 0.1000000015
16227  47.349  -67.799  23.930 0.1000000015
17755  47.383  -66.980  23.911 0.1000000015
18541  46.181  -65.844  24.148 0.1000000015
16974  46.262  -68.450  25.100 0.1000000015
17718  45.891  -67.408  24.994 0.1000000015
15394  46.246  -69.658  24.116 0.2000000030
17719  44.674  -67.255  25.123 0.1000000015
15428  45.986  -69.404  22.661 0.2000000030
17015  46.956  -68.193  23.413 0.1000000015
15437  45.600  -69.532  22.197 0.2000000030
102485  47.188  -67.342  23.619 0.1000000015
18542  45.209  -65.522  24.196 0.1000000015
14550  45.315  -70.821  21.448 0.2000000030
16247  46.236  -68.847  22.818 0.2000000030
17756  46.980  -66.599  23.812 0.2000000030
17024  46.459  -67.963  23.035 0.2000000030
17771  45.831  -67.067  23.108 0.2000000030
19365  45.639  -65.519  23.946 0.3000000119
19366  44.618  -65.306  23.741 0.3000000119
102712  46.223  -66.235  23.577 0.3000000119
17757  45.137  -66.116  23.369 0.3000000119
16248  45.725  -68.984  22.412 0.2000000030
17025  45.224  -68.188  22.726 0.2000000030
14573  45.361  -70.922  20.561 0.2000000030
17772  44.490  -67.277  23.038 0.2000000030
15439  45.033  -70.088  20.802 0.2000000030
12084  42.686  -74.496  18.623 0.1000000015
16258  45.279  -69.642  21.687 0.2000000030
15438  45.268  -70.247  21.234 0.2000000030
109689  44.228  -73.138  19.602 0.1000000015
13725  45.135  -71.696  20.320 0.1000000015
16249  44.700  -68.998  22.190 0.2000000030
17026  43.875  -68.282  22.681 0.2000000030
12057  43.566  -73.927  19.636 0.1000000015
116701  43.362  -67.513  22.931 0.4000000060
13742  44.573  -72.662  20.114 0.2000000030
14589  45.258  -71.029  19.890 0.2000000030
12932  43.373  -73.715  17.732 0.1000000015
12083  43.547  -73.774  18.644 0.1000000015
12914  44.173  -72.973  18.830 0.1000000015
15456  45.169  -70.676  20.306 0.2000000030
16259  44.341  -69.568  21.525 0.2000000030
16250  43.391  -68.988  22.258 0.2000000030
16260  42.987  -69.560  21.674 0.4000000060
17773  42.531  -67.187  22.864 0.4000000060
14603  45.008  -71.150  19.496 0.3000000119
15457  44.698  -70.506  20.189 0.3000000119
13760  44.664  -71.548  19.104 0.2000000030
16251  42.179  -68.924  22.338 0.4000000060
17028  41.596  -68.013  22.725 0.4000000060
15440  43.955  -70.040  20.864 0.3000000119
14605  43.797  -71.297  18.986 0.4000000060
14604  44.647  -71.251  19.268 0.3000000119
23205  38.029  -61.221  14.975 0.1000000015
23187  37.698  -61.675  15.555 0.1000000015
15441  42.569  -70.111  21.039 0.4000000060
15476  42.957  -71.002  19.694 0.4000000060
15475  44.260  -70.863  19.612 0.3000000119
15458  43.441  -70.535  20.303 0.4000000060
15459  42.115  -70.615  20.409 0.4000000060
16252  41.117  -68.812  22.332 0.5000000000
16261  41.763  -69.538  21.745 0.5000000000
17029  40.707  -68.030  22.554 0.5000000000
23186  38.652  -61.849  15.534 0.1000000015
22365  38.874  -62.439  16.204 0.1000000015
22364  39.536  -62.426  15.942 0.1000000015
22349  39.501  -62.905  16.699 0.1000000015
15375  46.170  -69.731  25.092 0.1000000015
16973  46.977  -68.183  24.547 0.1000000015
17736  45.580  -66.271  24.641 0.1000000015
16202  46.394  -69.188  25.114 0.1000000015
16975  45.200  -68.423  25.454 0.1000000015
17720  42.795  -67.781  25.192 0.1000000015
114092  45.559  -70.150  23.796 0.1000000015
17027  42.706  -68.232  22.724 0.4000000060
16204  44.746  -69.333  25.994 0.1000000015
12198  32.986  -74.254  13.231 0.1000000015
111594  32.638  -75.665  12.697 0.1000000015
105577  34.036  -77.535  13.600 0.1000000015
12205  32.400  -74.813  12.691 0.1000000015
10467  34.303  -76.691  13.600 0.1000000015
13030  32.398  -73.965  12.953 0.1000000015
13031  31.724  -74.100  12.568 0.1000000015
12214  30.851  -75.081  11.804 0.1000000015
11317  31.966  -75.676  12.354 0.1000000015
9637  27.382  -77.249  17.470 0.1000000015
117133  26.833  -73.312  13.109 0.1000000015
13042  27.567  -73.651  11.979 0.1000000015
12197  33.709  -74.391  13.612 0.1000000015
13034  28.361  -73.114  12.264 0.1000000015
11316  33.286  -75.176  13.118 0.1000000015
13032  30.178  -73.766  12.075 0.1000000015
12196  34.147  -75.095  13.595 0.1000000015
12215  30.028  -74.637  11.627 0.1000000015
9678  34.753  -77.562  13.962 0.1000000015
9638  26.543  -77.517  17.490 0.1000000015
10423  27.603  -76.869  17.706 0.1000000015
9622  25.491  -78.214  19.069 0.1000000015
9629  26.054  -77.634  18.565 0.1000000015
100793  26.839  -77.249  18.031 0.1000000015
10422  28.151  -76.433  17.503 0.1000000015
12153  28.259  -74.243  15.655 0.1000000015
13012  27.165  -73.046  14.451 0.1000000015
13021  33.333  -73.804  13.646 0.1000000015
13022  32.759  -73.557  13.438 0.1000000015
13023  31.938  -73.282  13.075 0.1000000015
13011  34.456  -73.616  14.537 0.1000000015
10452  35.069  -76.488  13.916 0.1000000015
10416  27.642  -76.640  18.268 0.1000000015
9612  25.786  -78.327  19.922 0.1000000015
9628  26.929  -77.188  18.875 0.1000000015
10407  27.619  -76.653  19.218 0.1000000015
11243  28.744  -75.448  18.206 0.1000000015
11259  28.741  -75.471  16.554 0.1000000015
116242  28.710  -75.351  15.994 0.1000000015
12113  29.065  -74.657  16.910 0.1000000015
104245  28.722  -74.853  16.140 0.1000000015
12994  28.148  -73.326  15.875 0.1000000015
12995  27.575  -73.556  15.093 0.1000000015
13834  27.653  -72.559  15.304 0.1000000015
13852  27.533  -72.125  13.902 0.1000000015
14685  30.330  -71.710  13.868 0.1000000015
12178  33.874  -73.704  14.070 0.1000000015
13840  33.113  -72.560  14.486 0.1000000015
13848  32.569  -72.877  13.766 0.1000000015
14684  31.008  -72.076  13.645 0.1000000015
99723  31.036  -72.705  13.016 0.1000000015
13010  35.108  -73.930  14.753 0.1000000015
11303  34.587  -75.791  13.699 0.1000000015
10406  28.271  -76.128  19.604 0.1000000015
8848  25.379  -79.449  20.118 0.1000000015
9621  26.279  -77.651  19.448 0.1000000015
10397  27.752  -76.728  20.141 0.1000000015
10415  28.180  -76.045  18.694 0.1000000015
11242  29.452  -75.032  18.553 0.1000000015
12112  29.547  -74.056  17.569 0.1000000015
12958  29.122  -73.179  17.373 0.1000000015
8847  26.193  -78.581  20.669 0.1000000015
9611  26.540  -77.789  20.290 0.1000000015
9620  27.057  -77.209  19.774 0.1000000015
9610  27.281  -77.350  20.633 0.1000000015
12133  29.139  -73.878  16.920 0.1000000015
13818  28.175  -72.428  16.215 0.1000000015
14661  28.396  -71.276  16.291 0.1000000015
14678  27.766  -71.822  15.122 0.1000000015
15532  28.883  -70.809  15.998 0.1000000015
14677  28.257  -71.410  14.822 0.1000000015
14675  30.040  -71.295  14.507 0.1000000015
14676  29.050  -71.232  14.583 0.1000000015
14666  32.228  -71.250  15.615 0.1000000015
13850  28.860  -72.041  13.233 0.1000000015
13831  33.562  -72.235  15.254 0.1000000015
13841  32.338  -72.248  14.258 0.1000000015
116259  31.673  -71.983  14.095 0.1000000015
12993  34.766  -73.230  15.121 0.1000000015
11284  35.279  -75.615  14.064 0.1000000015
100694  35.369  -74.784  14.453 0.1000000015
11268  36.141  -74.898  14.794 0.1000000015
12152  35.792  -74.304  15.128 0.1000000015
10396  28.503  -76.304  20.474 0.1000000015
11231  28.839  -75.542  19.061 0.1000000015
8840  26.092  -79.540  21.028 0.1000000015
8829  26.782  -79.407  21.733 0.1000000015
112564  26.619  -78.750  21.274 0.1000000015
8839  27.228  -78.447  21.686 0.1000000015
9600  27.592  -77.629  21.399 0.1000000015
11230  29.724  -75.219  19.316 0.1000000015
12091  29.807  -74.431  18.274 0.1000000015
115199  29.929  -73.913  18.221 0.1000000015
9601  26.876  -78.031  21.035 0.1000000015
12935  30.068  -73.415  18.641 0.1000000015
13799  29.225  -72.347  17.880 0.1000000015
13800  28.636  -72.216  17.076 0.1000000015
14646  29.003  -71.475  17.665 0.1000000015
14647  28.587  -71.345  16.976 0.1000000015
15504  29.373  -70.944  18.128 0.1000000015
15517  28.756  -70.895  16.706 0.1000000015
15523  31.007  -70.526  16.498 0.1000000015
15524  30.132  -70.480  16.693 0.1000000015
13817  33.920  -71.937  16.070 0.1000000015
14658  34.226  -71.701  16.877 0.1000000015
14665  33.146  -71.588  15.835 0.1000000015
15522  31.864  -70.723  16.411 0.1000000015
15529  31.320  -70.831  15.765 0.1000000015
13816  34.664  -72.269  16.366 0.1000000015
13832  32.772  -71.893  15.017 0.1000000015
13830  34.352  -72.559  15.533 0.1000000015
13815  35.404  -72.594  16.729 0.1000000015
13829  35.159  -72.855  15.875 0.1000000015
12151  36.548  -74.522  15.548 0.1000000015
7413  26.586  -81.405  22.314 0.1000000015
7423  26.259  -80.744  21.480 0.1000000015
97599  25.497  -80.781  20.486 0.1000000015
8828  27.602  -79.069  22.396 0.1000000015
11219  29.062  -75.702  19.921 0.1000000015
8097  27.005  -80.183  22.286 0.1000000015
9599  28.373  -77.265  21.715 0.1000000015
10395  29.396  -76.022  20.657 0.1000000015
11218  29.984  -75.449  20.076 0.1000000015
11229  30.612  -75.015  19.528 0.1000000015
12090  30.331  -74.142  18.704 0.1000000015
10394  30.426  -75.849  20.678 0.1000000015
12074  31.060  -74.187  19.695 0.1000000015
13783  30.105  -72.736  19.106 0.1000000015
13784  29.680  -72.483  18.588 0.1000000015
13764  29.929  -71.712  19.207 0.1000000015
13763  30.398  -72.505  19.723 0.1000000015
15487  29.724  -71.076  18.784 0.1000000015
15503  29.990  -70.698  18.498 0.1000000015
104541  30.497  -70.502  18.015 0.1000000015
113294  31.464  -70.486  17.034 0.1000000015
15514  30.705  -70.448  17.288 0.1000000015
14659  33.498  -71.376  16.678 0.1000000015
15513  32.189  -70.584  17.185 0.1000000015
13798  34.914  -72.025  17.203 0.1000000015
14644  34.406  -71.512  17.695 0.1000000015
13797  35.561  -72.421  17.585 0.1000000015
12957  35.990  -72.922  17.157 0.1000000015
12992  35.494  -73.590  15.484 0.1000000015
12991  36.064  -74.021  15.814 0.1000000015
9586  29.661  -77.495  22.472 0.1000000015
9597  30.191  -76.818  21.994 0.1000000015
7412  27.140  -80.798  22.849 0.1000000015
8086  27.627  -79.969  22.973 0.1000000015
8096  28.313  -79.263  23.053 0.1000000015
9588  27.973  -78.041  22.096 0.1000000015
9598  29.226  -76.970  21.938 0.1000000015
10385  30.878  -76.268  21.305 0.1000000015
9587  28.795  -77.693  22.343 0.1000000015
105113  28.830  -76.584  21.258 0.1000000015
10393  31.392  -75.554  20.749 0.1000000015
12048  31.808  -74.998  20.793 0.1000000015
98142  31.345  -74.188  20.343 0.1000000015
11217  30.866  -75.321  20.136 0.1000000015
12063  31.213  -74.864  20.000 0.1000000015
13747  30.753  -72.307  20.476 0.1000000015
15466  30.789  -70.922  20.073 0.1000000015
15485  31.159  -70.610  19.561 0.1000000015
15502  30.792  -70.540  18.728 0.1000000015
15500  32.913  -70.549  18.661 0.1000000015
15501  31.775  -70.451  18.757 0.1000000015
14626  34.496  -71.326  18.559 0.1000000015
14627  33.809  -70.963  18.119 0.1000000015
111901  33.086  -70.810  17.471 0.1000000015
14625  35.194  -71.698  18.955 0.1000000015
13782  35.739  -72.291  18.450 0.1000000015
8084  29.808  -79.436  23.835 0.1000000015
7384  28.275  -80.879  24.097 0.1000000015
7398  29.150  -80.212  24.139 0.1000000015
8816  29.586  -78.757  23.321 0.1000000015
8826  29.236  -78.185  22.854 0.1000000015
9585  30.594  -77.381  22.532 0.1000000015
6726  26.829  -81.949  23.236 0.1000000015
7400  27.595  -80.821  23.493 0.1000000015
7399  28.303  -80.043  23.576 0.1000000015
114625  28.915  -78.789  23.108 0.1000000015
10375  31.157  -76.699  22.028 0.1000000015
11208  31.908  -75.611  21.186 0.1000000015
10384  31.699  -76.099  21.454 0.1000000015
105384  31.599  -73.918  21.229 0.1000000015
105403  31.169  -73.125  20.849 0.1000000015
13746  31.186  -72.121  21.197 0.1000000015
15465  31.582  -70.770  20.438 0.1000000015
15484  32.170  -70.479  19.619 0.1000000015
15483  33.131  -70.550  19.715 0.1000000015
14609  35.236  -71.524  19.826 0.1000000015
15499  33.841  -70.796  19.078 0.1000000015
13762  35.918  -72.156  19.421 0.1000000015
104163  36.441  -72.767  18.765 0.1000000015
8083  30.524  -79.566  24.017 0.1000000015
8824  31.016  -77.999  23.018 0.1000000015
8825  30.085  -78.083  22.979 0.1000000015
10374  31.857  -76.538  22.200 0.1000000015
10373  32.240  -76.389  22.589 0.1000000015
10383  32.152  -75.931  21.782 0.1000000015
12031  32.239  -75.204  22.178 0.1000000015
104248  32.108  -74.300  22.423 0.1000000015
105807  31.496  -72.859  21.632 0.1000000015
13711  32.389  -72.067  22.484 0.1000000015
13731  31.736  -71.963  21.849 0.1000000015
14579  33.511  -71.088  21.895 0.1000000015
14581  31.630  -71.324  21.222 0.1000000015
15443  33.907  -70.809  20.990 0.1000000015
15444  32.977  -70.757  21.140 0.1000000015
107938  34.739  -71.191  21.132 0.1000000015
15482  33.908  -70.751  20.013 0.1000000015
14577  35.572  -71.531  21.221 0.1000000015
14590  35.195  -71.425  20.560 0.1000000015
14610  34.561  -71.176  19.455 0.1000000015
101565  36.322  -72.309  20.098 0.1000000015
114817  37.189  -73.284  19.773 0.1000000015
112005  38.158  -74.270  19.724 0.1000000015
8073  30.146  -80.171  24.308 0.1000000015
8814  31.481  -78.599  23.503 0.1000000015
9572  31.827  -77.841  23.113 0.1000000015
9583  32.086  -77.103  22.821 0.1000000015
7383  29.807  -80.989  24.502 0.1000000015
11199  32.337  -75.823  22.492 0.1000000015
12879  32.261  -73.568  22.922 0.1000000015
13691  32.687  -72.709  23.230 0.1000000015
13710  33.106  -71.946  23.009 0.1000000015
97999  34.930  -71.305  21.898 0.1000000015
14578  34.269  -71.094  21.681 0.1000000015
13744  36.341  -72.018  20.795 0.1000000015
13730  36.943  -72.203  21.216 0.1000000015
99221  37.502  -72.746  20.920 0.1000000015
12905  39.047  -74.161  20.725 0.1000000015
113904  40.794  -75.448  21.065 0.1000000015
6710  31.453  -81.752  24.475 0.1000000015
7382  30.713  -80.959  24.483 0.1000000015
7396  31.836  -80.209  24.305 0.1000000015
103131  31.989  -79.260  23.942 0.1000000015
9570  32.708  -77.999  23.852 0.1000000015
10361  32.840  -77.334  23.975 0.1000000015
8082  31.222  -79.403  23.962 0.1000000015
11184  32.526  -75.938  23.356 0.1000000015
98902  32.369  -75.339  22.985 0.1000000015
12014  32.345  -74.512  23.189 0.1000000015
13690  33.870  -71.910  23.327 0.1000000015
14561  33.721  -71.530  22.671 0.1000000015
15416  41.005  -70.921  24.522 0.1000000015
14530  39.440  -71.232  23.918 0.1000000015
104688  38.897  -71.413  23.552 0.1000000015
14531  38.197  -71.446  23.706 0.1000000015
14533  36.802  -71.515  23.329 0.1000000015
99726  35.082  -71.436  22.664 0.1000000015
14560  34.328  -71.329  22.315 0.1000000015
14529  40.817  -71.015  23.722 0.1000000015
14555  39.616  -71.522  22.997 0.1000000015
14556  38.590  -71.648  22.836 0.1000000015
99335  35.876  -71.500  23.004 0.1000000015
14528  41.479  -71.126  23.398 0.1000000015
14554  40.748  -71.482  22.978 0.1000000015
105509  39.294  -72.121  22.326 0.1000000015
101448  37.611  -72.224  21.692 0.1000000015
14576  36.315  -71.705  21.640 0.1000000015
14553  41.952  -71.540  22.871 0.1000000015
13707  40.278  -72.292  22.249 0.1000000015
102036  40.462  -73.409  21.594 0.1000000015
12896  38.127  -73.035  21.124 0.1000000015
13728  42.141  -73.222  21.856 0.1000000015
12046  39.723  -74.155  21.142 0.1000000015
12044  41.539  -74.959  21.245 0.1000000015
6724  32.540  -81.309  24.528 0.1000000015
6725  31.999  -81.110  24.419 0.1000000015
7395  32.603  -80.728  24.389 0.1000000015
8081  32.551  -79.857  24.268 0.1000000015
111637  32.518  -79.112  24.092 0.1000000015
8812  32.863  -78.605  24.171 0.1000000015
10348  32.961  -76.396  24.221 0.1000000015
11174  32.877  -75.437  24.169 0.1000000015
12865  32.666  -73.591  23.700 0.1000000015
12854  33.196  -73.645  24.226 0.1000000015
13680  33.938  -72.429  23.930 0.1000000015
14517  36.171  -71.876  24.397 0.1000000015
14535  34.491  -71.573  23.025 0.1000000015
14514  39.331  -71.358  24.784 0.1000000015
14515  37.876  -71.557  24.425 0.1000000015
14532  37.488  -71.501  23.817 0.1000000015
108192  36.071  -71.628  23.764 0.1000000015
114683  39.913  -71.319  25.184 0.1000000015
15413  43.913  -70.780  23.417 0.1000000015
15414  42.496  -70.878  23.561 0.1000000015
6709  32.634  -81.521  24.670 0.1000000015
7394  33.185  -80.308  24.448 0.1000000015
6723  33.041  -81.037  24.538 0.1000000015
8798  33.559  -78.721  24.785 0.1000000015
9554  33.803  -77.784  25.078 0.1000000015
8080  33.091  -79.409  24.360 0.1000000015
9555  33.185  -77.926  24.432 0.1000000015
106111  33.379  -77.118  24.704 0.1000000015
10338  33.663  -76.322  24.976 0.1000000015
106955  33.361  -75.741  24.651 0.1000000015
12002  33.659  -74.140  24.597 0.1000000015
12852  34.655  -73.330  24.776 0.1000000015
12853  33.938  -73.241  24.428 0.1000000015
13677  36.235  -72.250  24.875 0.1000000015
13671  35.939  -72.829  25.194 0.1000000015
13679  34.771  -72.544  24.393 0.1000000015
14496  38.537  -71.641  25.140 0.1000000015
14498  36.708  -71.921  24.788 0.1000000015
13689  34.625  -71.900  23.717 0.1000000015
15379  41.458  -71.078  25.237 0.1000000015
103417  40.257  -71.564  25.809 0.1000000015
14516  36.931  -71.633  24.254 0.1000000015
15378  42.373  -70.928  25.188 0.1000000015
7380  33.707  -80.578  24.914 0.1000000015
8072  33.698  -79.734  24.780 0.1000000015
8783  34.102  -79.173  25.208 0.1000000015
9541  34.625  -77.636  25.485 0.1000000015
9542  34.118  -76.974  25.240 0.1000000015
10337  34.500  -76.208  25.357 0.1000000015
11162  34.024  -75.554  25.110 0.1000000015
11994  34.345  -74.643  25.101 0.1000000015
12846  35.621  -73.504  25.346 0.1000000015
12851  35.256  -73.071  24.956 0.1000000015
13670  36.745  -72.502  25.342 0.1000000015
14497  37.479  -71.856  25.071 0.1000000015
14513  40.614  -71.194  25.195 0.1000000015
15397  42.425  -70.697  24.421 0.1000000015
102716  44.675  -70.453  24.018 0.1000000015
8059  34.287  -79.830  25.368 0.1000000015
97667  35.141  -78.353  25.743 0.1000000015
108693  34.294  -78.439  25.350 0.1000000015
9540  35.533  -77.569  25.830 0.1000000015
10336  35.246  -76.193  25.639 0.1000000015
101622  34.988  -76.860  25.578 0.1000000015
11161  34.973  -75.434  25.482 0.1000000015
100248  35.133  -74.630  25.447 0.1000000015
11992  35.669  -74.181  25.590 0.1000000015
12844  37.161  -73.223  25.975 0.1000000015
13668  38.185  -72.155  25.727 0.1000000015
13669  37.498  -72.474  25.671 0.1000000015
14494  41.182  -71.464  25.868 0.1000000015
14495  39.424  -71.625  25.558 0.1000000015
111392  44.720  -70.599  24.972 0.1000000015
15395  45.673  -70.210  24.730 0.1000000015
9539  36.476  -77.628  26.176 0.1000000015
10335  35.876  -76.730  25.994 0.1000000015
104109  36.546  -76.228  26.255 0.1000000015
11159  35.790  -75.816  25.890 0.1000000015
11160  35.711  -74.996  25.782 0.1000000015
11991  36.319  -74.495  25.995 0.1000000015
12845  36.314  -73.524  25.678 0.1000000015
14491  44.862  -71.157  25.922 0.1000000015
14493  42.222  -71.393  25.847 0.1000000015
14480  38.908  -71.925  25.878 0.1000000015
15376  45.600  -70.551  25.908 0.1000000015
10326  36.717  -76.983  26.280 0.1000000015
11150  37.373  -75.891  26.506 0.1000000015
115722  38.599  -74.660  27.006 0.1000000015
11982  38.023  -75.211  26.747 0.1000000015
11151  36.428  -75.368  26.201 0.1000000015
12818  38.788  -73.634  26.940 0.1000000015
12835  36.878  -74.005  26.181 0.1000000015
14492  43.491  -71.328  25.800 0.1000000015
14476  43.333  -71.939  26.455 0.1000000015
14477  42.005  -71.892  26.426 0.1000000015
14478  40.911  -71.928  26.427 0.1000000015
14479  39.803  -72.172  26.409 0.1000000015
13657  38.808  -72.564  26.378 0.1000000015
12817  39.910  -73.902  27.254 0.1000000015
12834  37.725  -74.035  26.595 0.1000000015
11983  37.070  -74.824  26.446 0.1000000015
12833  39.468  -73.007  26.879 0.1000000015
13655  41.820  -72.576  26.850 0.1000000015
13645  40.376  -73.143  27.068 0.1000000015
13656  40.812  -72.553  26.818 0.1000000015
11286  26.585  -74.047  13.222 0.1000000015
13843  27.433  -72.329  14.518 0.1000000015
14687  28.360  -71.658  13.981 0.1000000015
13861  27.396  -72.599  13.277 0.1000000015
13860  28.169  -72.508  12.822 0.1000000015
11315  33.112  -76.209  12.926 0.1000000015
13859  29.169  -72.637  12.622 0.1000000015
99510  33.821  -75.966  13.363 0.1000000015
13857  31.012  -73.491  12.524 0.1000000015
13849  30.017  -72.218  13.202 0.1000000015
12206  31.527  -74.916  12.229 0.1000000015
12208  26.876  -73.751  12.424 0.1000000015
13013  26.863  -73.387  13.748 0.1000000015
13033  29.345  -73.352  12.134 0.1000000015
110104  28.306  -75.961  17.876 0.1000000015
12134  28.754  -74.058  16.328 0.1000000015
12154  27.749  -74.409  15.023 0.1000000015
13847  33.282  -73.231  13.984 0.1000000015
13842  31.789  -72.517  13.610 0.1000000015
11250  28.801  -75.390  17.389 0.1000000015
11249  29.254  -74.832  17.780 0.1000000015
12959  28.627  -73.193  16.655 0.1000000015
108852  28.305  -71.771  16.496 0.1000000015
14674  31.060  -71.545  14.417 0.1000000015
13839  33.956  -72.969  14.670 0.1000000015
102276  29.618  -70.857  15.335 0.1000000015
15525  29.319  -70.635  16.754 0.1000000015
15530  30.417  -70.622  15.908 0.1000000015
14660  32.701  -71.028  16.518 0.1000000015
10386  27.997  -76.906  21.000 0.1000000015
12076  30.203  -74.718  18.899 0.1000000015
12916  30.585  -73.610  19.265 0.1000000015
15515  29.791  -70.577  17.573 0.1000000015
8827  28.463  -78.478  22.672 0.1000000015
107523  29.803  -76.408  21.329 0.1000000015
12075  30.725  -74.466  19.329 0.1000000015
12907  30.872  -73.347  20.059 0.1000000015
14611  30.465  -71.535  19.964 0.1000000015
99014  32.302  -70.505  17.978 0.1000000015
12975  35.925  -73.368  16.383 0.1000000015
12047  32.087  -75.380  21.388 0.1000000015
14592  30.999  -71.442  20.619 0.1000000015
13796  36.240  -72.864  17.903 0.1000000015
8085  29.003  -79.381  23.526 0.1000000015
9584  31.475  -77.248  22.619 0.1000000015
12032  31.998  -74.623  21.629 0.1000000015
13712  31.862  -72.613  22.212 0.1000000015
15464  32.553  -70.607  20.426 0.1000000015
15445  32.217  -70.838  21.045 0.1000000015
13745  35.778  -71.810  20.312 0.1000000015
12915  36.646  -72.761  19.584 0.1000000015
12934  37.026  -73.359  19.087 0.1000000015
8815  30.522  -78.806  23.528 0.1000000015
10362  32.512  -76.847  23.328 0.1000000015
14580  32.445  -71.261  21.790 0.1000000015
14562  32.996  -71.518  22.415 0.1000000015
14591  34.601  -71.105  20.334 0.1000000015
14559  35.682  -71.481  22.180 0.1000000015
12906  37.828  -73.545  20.273 0.1000000015
102790  37.590  -73.854  19.453 0.1000000015
110369  38.501  -73.735  20.687 0.1000000015
12061  39.462  -74.996  20.520 0.1000000015
7397  30.968  -80.176  24.299 0.1000000015
9571  32.391  -77.625  23.380 0.1000000015
114786  33.336  -72.355  23.518 0.1000000015
12895  38.889  -73.399  21.197 0.1000000015
106108  39.525  -72.901  21.652 0.1000000015
12045  40.666  -74.602  21.309 0.1000000015
8813  32.250  -78.437  23.642 0.1000000015
12003  32.840  -74.474  24.132 0.1000000015
106073  38.694  -71.409  24.298 0.1000000015
97802  37.693  -71.513  23.126 0.1000000015
14557  37.230  -71.658  22.497 0.1000000015
14558  36.453  -71.576  22.467 0.1000000015
14534  35.261  -71.607  23.391 0.1000000015
15415  41.593  -70.768  23.978 0.1000000015
13706  41.193  -72.070  22.466 0.1000000015
13708  38.552  -72.416  21.874 0.1000000015
12893  42.329  -74.084  21.449 0.1000000015
12894  41.400  -73.875  21.593 0.1000000015
13688  35.417  -71.885  24.078 0.1000000015
15396  43.492  -70.605  24.221 0.1000000015
11173  33.471  -75.000  24.659 0.1000000015
11993  34.988  -73.896  25.188 0.1000000015
15377  43.479  -70.773  25.067 0.1000000015
13658  37.971  -72.939  26.293 0.1000000015
15442  41.362  -70.135  21.106 0.4000000060
14620  43.322  -71.766  18.262 0.3000000119
14606  42.492  -71.444  19.012 0.3000000119
15477  41.671  -71.072  19.747 0.3000000119
15460  40.959  -70.589  20.403 0.4000000060
9754  40.523  -77.387  8.708 0.1000000015
105747  40.459  -77.054  9.474 0.1000000015
11339  39.583  -75.494  10.002 0.2000000030
13029  39.378  -72.908  11.622 0.3000000119
103062  38.400  -70.574  18.721 0.4000000060
14619  44.164  -71.747  18.536 0.3000000119
14655  40.150  -71.965  15.950 0.4000000060
13856  39.816  -72.310  12.212 0.3000000119
14663  39.606  -71.740  15.128 0.4000000060
14656  39.398  -71.606  16.591 0.4000000060
9764  39.883  -78.086  8.363 0.1000000015
13039  38.998  -73.678  10.921 0.3000000119
14642  38.856  -71.264  17.175 0.4000000060
9763  40.479  -77.497  8.013 0.1000000015
112183  37.627  -69.694  19.796 0.5000000000
117408  39.598  -74.768  9.837 0.2000000030
108441  39.270  -71.599  15.886 0.4000000060
16291  37.125  -69.066  20.034 0.4000000060
17799  37.378  -67.517  20.761 0.4000000060
14671  40.026  -71.817  14.053 0.4000000060
14672  38.990  -71.392  14.508 0.4000000060
14657  38.606  -71.239  16.290 0.4000000060
15511  38.141  -70.865  17.005 0.4000000060
15497  38.427  -70.837  17.912 0.5000000000
10537  40.170  -77.297  7.438 0.2000000030
10520  40.969  -76.748  8.982 0.2000000030
11338  40.737  -76.082  9.471 0.2000000030
114119  39.284  -73.629  10.257 0.2000000030
106328  40.023  -71.933  12.649 0.3000000119
14682  39.877  -71.714  13.204 0.3000000119
9782  39.106  -77.714  7.080 0.1000000015
14664  38.770  -71.358  15.404 0.4000000060
14683  39.189  -71.384  13.567 0.4000000060
15527  38.154  -71.019  15.659 0.4000000060
15498  37.745  -70.331  18.450 0.5000000000
16299  37.166  -69.670  19.123 0.5000000000
15520  37.842  -70.792  16.255 0.4000000060
97940  37.622  -70.474  17.561 0.5000000000
16304  37.005  -69.967  18.096 0.5000000000
10529  41.023  -76.775  8.385 0.2000000030
108533  40.323  -75.007  9.515 0.2000000030
12226  39.699  -74.055  9.623 0.2000000030
107550  39.294  -72.876  10.657 0.4000000060
13044  39.536  -73.008  9.818 0.2000000030
13864  39.415  -72.209  11.260 0.3000000119
98198  39.429  -71.707  11.893 0.3000000119
112488  37.531  -70.567  16.844 0.5000000000
16292  36.502  -68.847  19.473 0.5000000000
17054  36.714  -68.105  20.160 0.4000000060
15534  38.153  -71.059  14.895 0.4000000060
12225  41.329  -75.167  8.975 0.2000000030
10536  40.971  -76.723  7.805 0.2000000030
12233  40.760  -74.178  8.995 0.2000000030
17800  36.886  -67.086  20.226 0.4000000060
102275  39.363  -71.453  12.719 0.3000000119
15538  38.290  -71.048  13.947 0.4000000060
10550  39.579  -76.637  6.856 0.2000000030
11348  42.013  -75.047  8.305 0.2000000030
13866  39.364  -72.111  10.273 0.4000000060
14691  38.764  -71.191  12.167 0.3000000119
107862  37.135  -70.490  16.297 0.5000000000
16300  36.407  -69.326  18.629 0.5000000000
19453  39.245  -65.708  19.327 0.4000000060
10549  40.621  -76.320  7.177 0.2000000030
10535  41.585  -76.023  8.075 0.2000000030
102506  38.539  -71.040  13.008 0.4000000060
15535  37.424  -70.681  15.439 0.4000000060
17069  35.913  -68.579  18.944 0.5000000000
17815  36.258  -67.462  19.681 0.4000000060
11376  40.019  -75.588  6.581 0.2000000030
11360  42.050  -75.123  7.739 0.2000000030
12232  41.834  -74.169  8.491 0.2000000030
13048  40.157  -73.181  9.041 0.2000000030
15521  36.536  -70.184  16.398 0.5000000000
16305  36.266  -69.573  17.734 0.5000000000
11378  37.868  -75.463  6.165 0.2000000030
104106  39.092  -71.721  11.021 0.4000000060
15528  36.621  -70.347  15.725 0.5000000000
15512  36.875  -70.190  17.110 0.5000000000
17062  36.161  -68.135  19.509 0.5000000000
11377  38.648  -74.882  5.990 0.2000000030
20467  40.785  -64.878  17.853 0.2000000030
18622  37.436  -66.408  19.855 0.4000000060
11361  41.450  -75.815  7.500 0.2000000030
13870  39.794  -72.280  9.310 0.4000000060
17063  35.648  -67.687  19.055 0.4000000060
18623  36.549  -66.689  19.621 0.4000000060
11375  41.020  -75.291  6.704 0.2000000030
13047  41.228  -73.262  8.496 0.2000000030
11374  41.950  -74.904  7.084 0.2000000030
19465  39.505  -65.569  18.543 0.4000000060
18636  37.189  -66.083  19.216 0.4000000060
18637  36.139  -66.363  18.940 0.4000000060
102274  37.418  -70.677  14.374 0.3000000119
16308  36.080  -69.739  16.856 0.5000000000
16301  35.824  -69.013  18.262 0.5000000000
18624  35.865  -67.007  19.344 0.4000000060
14695  39.016  -71.574  10.303 0.4000000060
15543  37.967  -70.811  12.354 0.4000000060
101230  37.522  -70.669  13.274 0.3000000119
15536  36.638  -70.385  14.877 0.4000000060
14696  38.569  -71.184  10.780 0.4000000060
16313  35.987  -69.968  16.027 0.5000000000
11347  42.435  -74.406  7.802 0.2000000030
19466  38.234  -65.728  18.703 0.4000000060
17070  35.354  -68.312  18.364 0.5000000000
15539  36.478  -70.285  13.781 0.4000000060
102923  36.090  -70.112  15.329 0.5000000000
16306  35.411  -69.023  17.498 0.5000000000
16314  35.391  -69.663  15.423 0.5000000000
16317  35.882  -70.027  14.623 0.5000000000
14624  39.156  -71.254  17.846 0.4000000060
109492  38.080  -65.971  19.434 0.4000000060
16309  35.357  -69.391  16.438 0.5000000000
13812  43.103  -72.655  15.963 0.3000000119
13795  42.453  -72.350  16.683 0.3000000119
14638  42.857  -72.133  17.511 0.2000000030
14621  42.044  -71.842  18.299 0.2000000030
12145  42.825  -73.718  14.721 0.2000000030
13826  42.971  -72.679  15.088 0.3000000119
13813  42.194  -72.413  15.774 0.3000000119
13009  42.509  -73.308  13.828 0.2000000030
13845  42.119  -72.942  13.567 0.2000000030
13837  42.338  -72.749  13.894 0.2000000030
12213  38.777  -74.528  11.192 0.2000000030
12295  37.436  -74.727  4.719 0.1000000015
12310  36.930  -74.829  3.867 0.1000000015
99822  40.528  -72.444  6.067 0.1000000015
118193  43.918  -72.799  17.882 0.1000000015
14637  43.609  -72.202  17.757 0.2000000030
12973  43.435  -72.909  16.203 0.2000000030
13794  43.258  -72.544  16.884 0.2000000030
115303  42.460  -74.259  16.976 0.1000000015
100411  42.409  -74.156  15.493 0.1000000015
12974  43.396  -73.316  16.083 0.2000000030
12126  42.849  -73.991  16.192 0.1000000015
98617  38.948  -75.589  6.428 0.1000000015
11392  38.036  -74.740  5.460 0.1000000015
13069  42.926  -73.339  6.246 0.1000000015
13892  42.876  -72.730  6.750 0.1000000015
13882  42.355  -72.608  7.320 0.1000000015
14716  40.082  -71.856  8.130 0.1000000015
101001  42.203  -73.842  5.866 0.1000000015
116667  42.626  -72.591  6.446 0.1000000015
101993  41.073  -72.273  6.871 0.1000000015
13893  42.026  -72.500  6.043 0.1000000015
14728  39.443  -71.834  7.732 0.1000000015
14701  37.451  -71.097  9.405 0.1000000015
14709  37.880  -71.510  8.537 0.1000000015
115703  36.987  -71.375  8.755 0.1000000015
12953  43.619  -73.109  16.925 0.2000000030
12954  43.145  -73.778  16.891 0.1000000015
14699  39.343  -71.747  9.522 0.1000000015
15544  37.183  -70.504  12.419 0.3000000119
98420  41.705  -74.535  6.463 0.1000000015
12257  42.510  -74.073  6.649 0.1000000015
13053  42.269  -73.274  8.045 0.1000000015
14698  39.937  -71.991  8.881 0.1000000015
14700  38.700  -71.234  9.907 0.2000000030
15550  37.518  -70.595  11.661 0.3000000119
16333  36.197  -70.106  12.865 0.3000000119
16324  35.808  -69.937  13.329 0.3000000119
101538  37.823  -74.636  3.847 0.1000000015
12273  40.395  -74.426  5.405 0.1000000015
14706  40.464  -72.175  8.292 0.1000000015
108862  39.062  -71.499  9.258 0.1000000015
15552  37.862  -70.706  10.900 0.2000000030
16343  36.093  -70.020  12.082 0.3000000119
12272  41.507  -74.167  5.405 0.1000000015
103507  38.396  -71.311  9.289 0.1000000015
15553  36.532  -70.478  10.412 0.2000000030
109003  35.403  -69.786  11.706 0.3000000119
15558  36.810  -70.753  9.814 0.1000000015
15554  35.667  -70.304  10.427 0.2000000030
114503  34.829  -69.527  12.150 0.4000000060
14710  36.946  -71.693  8.076 0.1000000015
15559  36.051  -70.654  9.784 0.1000000015
15555  34.677  -70.109  10.320 0.3000000119
15412  45.146  -70.425  23.125 0.1000000015
17074  34.680  -68.098  17.746 0.4000000060
16310  34.660  -69.093  15.971 0.4000000060
16315  34.675  -69.318  15.190 0.4000000060
16325  35.224  -69.654  13.491 0.4000000060
117718  33.848  -69.042  14.073 0.4000000060
16335  34.667  -69.455  12.924 0.4000000060
16336  33.962  -69.229  12.285 0.5000000000
16355  35.307  -69.912  10.989 0.3000000119
16345  34.504  -69.570  11.322 0.5000000000
102222  36.216  -71.405  8.486 0.2000000030
111430  37.533  -72.232  6.948 0.1000000015
14730  36.849  -72.074  7.314 0.1000000015
15563  35.478  -70.972  9.045 0.2000000030
111286  35.295  -70.507  9.791 0.2000000030
13906  38.651  -72.577  5.234 0.1000000015
13896  37.849  -72.440  6.128 0.1000000015
14711  35.344  -71.415  8.074 0.2000000030
115381  39.819  -72.642  3.413 0.1000000015
13922  38.182  -72.586  4.376 0.1000000015
17823  34.991  -67.484  18.355 0.4000000060
18638  35.366  -66.952  18.830 0.3000000119
17830  34.323  -67.261  17.692 0.4000000060
17077  34.638  -68.680  16.885 0.4000000060
16319  34.243  -69.184  14.638 0.4000000060
17835  33.452  -67.750  16.538 0.4000000060
16327  33.909  -69.141  13.291 0.4000000060
17105  33.254  -68.724  12.911 0.4000000060
17098  33.256  -68.625  13.832 0.4000000060
16346  33.422  -69.196  11.378 0.4000000060
15560  34.562  -70.549  9.364 0.3000000119
16356  33.626  -69.643  10.532 0.4000000060
13898  36.035  -72.303  5.959 0.2000000030
15564  34.416  -71.012  8.424 0.2000000030
13907  37.520  -72.550  5.183 0.1000000015
114769  36.929  -72.475  5.791 0.2000000030
13140  41.182  -73.295  -1.206 0.1000000015
17824  34.819  -66.812  18.217 0.4000000060
113012  35.419  -66.433  18.470 0.4000000060
17831  33.531  -66.967  16.894 0.4000000060
17847  32.827  -67.880  15.389 0.4000000060
17840  32.980  -67.403  16.067 0.4000000060
17088  32.600  -67.896  14.457 0.4000000060
17106  32.629  -68.202  12.641 0.4000000060
17099  32.694  -68.156  13.421 0.4000000060
17107  33.065  -68.740  12.082 0.3000000119
16347  32.596  -69.144  10.635 0.4000000060
115649  32.660  -68.740  11.412 0.4000000060
15561  33.785  -70.549  8.901 0.3000000119
16363  33.693  -70.170  9.649 0.4000000060
13908  36.568  -72.417  5.135 0.2000000030
106235  35.043  -71.831  5.758 0.2000000030
14720  35.344  -71.746  7.216 0.2000000030
14721  34.558  -71.394  7.501 0.2000000030
13930  37.704  -72.454  3.543 0.2000000030
11521  39.474  -74.827  -1.872 0.1000000015
12383  40.207  -73.801  -2.041 0.1000000015
14006  40.551  -72.860  -1.639 0.1000000015
104990  36.963  -65.819  18.496 0.3000000119
18647  35.112  -66.151  17.913 0.4000000060
19467  35.999  -65.943  18.211 0.3000000119
18656  33.951  -66.236  17.001 0.4000000060
19518  33.763  -65.604  15.872 0.4000000060
18657  33.443  -66.164  16.440 0.4000000060
17841  32.540  -67.190  15.311 0.4000000060
18668  32.890  -66.562  15.935 0.4000000060
17858  32.296  -67.409  13.589 0.4000000060
108700  32.259  -67.003  14.462 0.4000000060
17108  32.400  -68.155  11.860 0.4000000060
17867  32.189  -67.426  12.505 0.3000000119
15566  32.604  -70.222  7.791 0.3000000119
107209  32.252  -69.653  9.009 0.3000000119
16365  32.041  -69.226  9.482 0.3000000119
17111  31.972  -68.807  10.083 0.3000000119
17110  31.984  -68.231  10.907 0.3000000119
97624  35.068  -71.423  4.805 0.2000000030
14741  34.425  -71.200  5.426 0.2000000030
14722  33.874  -71.159  6.919 0.3000000119
15574  33.195  -70.717  7.282 0.2000000030
16364  32.885  -70.178  8.816 0.3000000119
98155  32.722  -69.655  9.760 0.3000000119
14747  36.280  -72.175  4.343 0.2000000030
14733  34.642  -71.595  6.576 0.2000000030
19478  39.052  -65.621  17.827 0.3000000119
19479  37.671  -65.606  17.874 0.3000000119
112295  36.682  -65.669  17.842 0.4000000060
19496  35.144  -65.465  16.442 0.3000000119
19495  36.180  -65.398  16.513 0.4000000060
113575  34.148  -65.210  15.260 0.4000000060
100612  34.652  -65.319  15.790 0.4000000060
19497  34.234  -65.743  16.497 0.4000000060
20514  34.030  -64.951  14.521 0.4000000060
19520  32.815  -66.016  15.413 0.4000000060
108319  32.356  -65.777  13.325 0.3000000119
18676  32.344  -66.267  14.116 0.4000000060
19548  32.740  -65.818  14.683 0.4000000060
18722  31.828  -67.139  9.101 0.3000000119
106436  31.724  -67.105  9.735 0.2000000030
18711  31.794  -66.754  10.224 0.2000000030
19584  32.051  -65.892  12.042 0.2000000030
18693  32.023  -66.542  12.309 0.3000000119
18685  32.169  -66.586  13.218 0.3000000119
16379  32.041  -69.437  7.503 0.3000000119
17112  31.735  -68.620  9.363 0.3000000119
111158  31.739  -68.189  10.013 0.2000000030
17875  31.855  -67.398  11.086 0.2000000030
17868  31.907  -67.021  11.689 0.2000000030
15593  34.640  -70.657  4.534 0.2000000030
15594  33.810  -70.397  5.382 0.3000000119
15584  33.313  -70.605  6.393 0.3000000119
15575  32.601  -70.119  6.862 0.3000000119
19477  40.134  -65.423  18.038 0.3000000119
20531  34.834  -64.547  13.873 0.3000000119
20573  32.989  -64.676  11.313 0.2000000030
20572  33.435  -64.135  11.949 0.2000000030
20557  33.574  -64.432  12.722 0.2000000030
20532  33.810  -64.718  13.601 0.2000000030
19608  32.514  -65.698  9.981 0.2000000030
19602  32.399  -65.435  10.854 0.2000000030
19591  32.362  -65.319  11.725 0.2000000030
20558  32.870  -64.773  12.272 0.2000000030
101237  40.577  -65.152  18.149 0.2000000030
114480  38.747  -72.615  3.503 0.1000000015
14607  41.246  -71.459  19.027 0.3000000119
14639  41.610  -72.101  17.517 0.3000000119
13846  41.452  -72.655  13.500 0.2000000030
15429  45.601  -70.062  22.167 0.1000000015
101730  43.937  -72.227  18.000 0.2000000030
13869  40.499  -72.473  8.549 0.1000000015
15549  38.265  -70.948  11.552 0.3000000119
13874  41.628  -72.594  7.985 0.1000000015
15545  36.783  -70.379  12.963 0.2000000030
13062  43.081  -73.053  7.022 0.1000000015
12989  43.449  -73.071  15.336 0.2000000030
13008  43.019  -73.206  14.164 0.1000000015
13836  42.992  -72.940  14.063 0.2000000030
13793  43.537  -72.621  17.290 0.2000000030
13075  42.877  -72.987  5.466 0.1000000015
13873  42.492  -72.864  7.588 0.1000000015
14707  39.664  -71.783  8.804 0.1000000015
13884  40.352  -72.087  7.527 0.1000000015
14708  39.065  -71.591  8.574 0.1000000015
117478  36.591  -70.270  12.425 0.3000000119
104922  38.074  -70.967  9.836 0.2000000030
98502  36.751  -70.323  11.791 0.3000000119
16334  35.473  -69.752  12.628 0.4000000060
16318  35.099  -69.593  14.431 0.4000000060
15557  37.450  -70.694  10.231 0.3000000119
16344  36.114  -70.164  11.199 0.3000000119
17075  33.963  -67.860  17.134 0.4000000060
17087  33.378  -68.582  14.846 0.4000000060
13897  36.848  -72.337  6.511 0.2000000030
14731  36.074  -72.104  6.880 0.2000000030
18648  34.297  -66.547  17.577 0.4000000060
17082  33.300  -68.196  15.867 0.4000000060
14732  35.404  -71.980  6.492 0.2000000030
19481  34.793  -65.847  17.168 0.4000000060
15565  33.424  -70.676  8.161 0.3000000119
15573  33.855  -71.071  7.672 0.2000000030
115478  34.481  -71.495  5.971 0.2000000030
112146  35.468  -65.556  16.898 0.4000000060
19480  35.851  -65.654  17.418 0.4000000060
16366  31.833  -69.169  8.605 0.3000000119
14734  34.006  -71.149  6.099 0.2000000030
99377  36.978  -65.508  17.177 0.4000000060
19568  33.217  -65.265  14.201 0.4000000060
19583  32.399  -65.443  12.560 0.2000000030
17880  32.029  -67.160  8.467 0.2000000030
18715  32.060  -66.473  9.643 0.2000000030
18704  31.840  -66.711  10.954 0.2000000030
100512  37.362  -65.431  16.372 0.3000000119
99182  38.124  -65.582  17.074 0.2000000030
116041  39.940  -65.538  17.485 0.2000000030
13019  41.113  -73.288  13.271 0.1000000015
13020  39.947  -73.527  12.842 0.1000000015
117220  39.463  -73.376  12.173 0.1000000015
13780  44.355  -72.135  18.496 0.1000000015
13027  41.382  -72.927  13.282 0.1000000015
13028  40.278  -72.904  12.643 0.1000000015
99326  38.982  -73.872  11.682 0.1000000015
21442  40.915  -63.992  16.930 0.1000000015
20477  41.002  -64.961  17.098 0.1000000015
19476  40.553  -65.281  17.495 0.1000000015
109941  40.132  -65.554  16.928 0.1000000015
100611  39.237  -65.625  16.997 0.1000000015
112150  40.291  -65.573  16.367 0.2000000030
19516  36.720  -65.214  15.666 0.2000000030
19493  39.426  -65.593  16.267 0.2000000030
19494  38.417  -65.529  16.317 0.2000000030
19514  38.655  -65.415  15.657 0.2000000030
19513  39.852  -65.548  15.758 0.2000000030
116125  39.245  -65.490  15.693 0.2000000030
19515  37.729  -65.300  15.640 0.2000000030
19517  35.656  -65.191  15.702 0.2000000030
19546  35.018  -64.903  14.924 0.2000000030
115314  35.172  -64.179  13.152 0.1000000015
19512  40.859  -65.601  15.916 0.2000000030
19544  37.140  -64.974  14.946 0.2000000030
19545  36.144  -64.892  14.956 0.2000000030
20513  35.660  -64.628  14.312 0.1000000015
20512  36.534  -64.580  14.164 0.1000000015
21443  40.265  -63.619  17.199 0.1000000015
21428  40.793  -64.390  17.466 0.1000000015
15585  32.999  -69.879  6.033 0.2000000030
16386  32.491  -69.494  6.618 0.2000000030
16391  33.794  -69.303  5.034 0.2000000030
17115  31.881  -68.704  7.477 0.2000000030
17121  32.977  -69.105  5.989 0.2000000030
17118  32.381  -68.758  6.776 0.2000000030
17116  31.709  -68.244  7.953 0.2000000030
115291  32.726  -68.056  6.691 0.1000000015
17117  33.230  -68.344  6.040 0.2000000030
17886  32.171  -68.113  7.285 0.2000000030
98550  32.082  -67.558  7.885 0.2000000030
101943  33.603  -67.642  6.235 0.1000000015
17883  32.907  -67.413  7.223 0.1000000015
17889  34.682  -66.953  5.336 0.1000000015
19491  41.404  -65.465  16.151 0.1000000015
18720  33.191  -66.216  8.476 0.1000000015
18727  34.540  -66.442  7.365 0.1000000015
18729  32.615  -66.882  8.050 0.1000000015
18739  33.967  -66.981  6.705 0.1000000015
18738  34.948  -66.711  6.032 0.1000000015
18753  35.417  -66.011  4.196 0.1000000015
19511  41.701  -65.527  15.692 0.1000000015
19490  42.028  -65.386  15.985 0.1000000015
19607  33.069  -65.008  10.342 0.1000000015
19617  32.707  -65.966  9.183 0.1000000015
18728  33.525  -66.653  7.658 0.1000000015
18719  33.991  -66.137  8.072 0.1000000015
18737  35.659  -66.259  5.470 0.1000000015
19542  39.113  -65.289  15.108 0.1000000015
19606  34.176  -65.137  9.250 0.1000000015
20596  33.888  -64.750  9.897 0.1000000015
19614  35.595  -65.541  8.158 0.1000000015
111095  34.814  -65.272  8.762 0.1000000015
19615  33.937  -65.650  8.699 0.1000000015
19616  33.349  -65.402  9.456 0.1000000015
19634  34.709  -65.849  8.123 0.1000000015
19633  36.047  -65.974  7.261 0.1000000015
111316  35.271  -66.041  7.575 0.1000000015
19655  36.619  -66.025  6.437 0.1000000015
19656  36.021  -66.249  6.352 0.1000000015
18726  35.420  -66.393  6.775 0.1000000015
19541  40.129  -65.435  15.080 0.1000000015
20584  33.650  -64.378  10.693 0.1000000015
19632  36.926  -65.656  7.288 0.1000000015
19613  36.336  -65.503  7.841 0.1000000015
19654  37.364  -65.798  6.412 0.1000000015
21555  34.130  -63.835  11.064 0.1000000015
112629  33.731  -68.549  5.246 0.1000000015
98713  36.220  -65.835  5.347 0.1000000015
20595  34.810  -64.623  9.514 0.1000000015
106078  35.280  -74.842  -0.585 0.1000000015
12353  34.416  -73.960  0.189 0.1000000015
11506  34.614  -75.471  -0.728 0.1000000015
116998  35.418  -75.514  -1.001 0.1000000015
10655  34.483  -76.751  -1.725 0.1000000015
10674  33.911  -77.317  -2.268 0.1000000015
9896  33.593  -78.815  -4.314 0.1000000015
12370  36.060  -74.147  -0.639 0.1000000015
13143  35.152  -74.004  -0.193 0.1000000015
107869  34.024  -76.109  -1.115 0.1000000015
11524  35.021  -76.108  -1.292 0.1000000015
13124  34.975  -73.092  0.181 0.1000000015
13997  36.709  -72.069  -0.570 0.1000000015
13141  36.884  -73.243  -0.802 0.1000000015
11505  36.152  -75.120  -1.032 0.1000000015
12371  34.269  -74.734  -0.176 0.1000000015
14826  36.545  -71.313  -0.323 0.1000000015
14825  37.240  -71.362  -0.493 0.1000000015
12354  33.604  -74.274  0.335 0.1000000015
114632  34.384  -72.710  0.564 0.1000000015
13125  33.099  -73.795  0.763 0.1000000015
105240  34.017  -73.506  0.527 0.1000000015
13963  33.222  -72.445  1.348 0.1000000015
13142  35.922  -73.114  -0.335 0.1000000015
112084  33.001  -78.321  -4.564 0.1000000015
7381  31.400  -80.843  24.421 0.1000000015
10519  41.392  -76.050  8.727 0.2000000030
11283  35.906  -75.476  14.422 0.1000000015
11322  31.241  -75.729  11.917 0.1000000015
11434  36.289  -75.117  3.126 0.1000000015
11503  40.721  -74.712  -0.729 0.1000000015
12001  34.324  -73.863  24.827 0.1000000015
12060  40.150  -75.357  20.890 0.1000000015
12062  38.692  -74.488  20.184 0.1000000015
12069  42.923  -74.499  19.352 0.1000000015
12177  34.507  -74.353  14.127 0.1000000015
12207  30.909  -74.314  12.125 0.1000000015
12221  39.159  -74.479  10.339 0.3000000119
12231  42.536  -73.951  8.012 0.2000000030
12242  42.763  -73.658  7.435 0.1000000015
12243  42.530  -74.266  7.305 0.2000000030
12256  42.969  -73.453  6.848 0.1000000015
12258  40.873  -74.566  6.073 0.1000000015
12318  42.027  -74.110  2.186 0.1000000015
12382  40.851  -73.857  -1.502 0.1000000015
12864  33.202  -72.926  23.947 0.1000000015
12880  31.852  -73.538  22.140 0.1000000015
12936  29.599  -73.269  18.050 0.1000000015
12990  43.163  -73.561  15.387 0.2000000030
13007  43.273  -72.955  14.654 0.1000000015
13017  42.650  -73.023  13.771 0.2000000030
13018  42.066  -73.172  13.533 0.2000000030
13024  27.110  -72.764  13.830 0.1000000015
13035  27.416  -73.093  12.611 0.1000000015
13041  28.577  -73.761  11.765 0.1000000015
13052  42.746  -73.213  7.531 0.1000000015
13068  43.126  -72.971  6.395 0.1000000015
13109  33.610  -72.998  0.920 0.1000000015
13123  41.679  -73.318  0.431 0.1000000015
13153  40.767  -73.173  -1.782 0.1000000015
13678  35.631  -72.366  24.654 0.1000000015
13709  37.929  -71.843  22.398 0.1000000015
13741  45.011  -71.598  19.601 0.2000000030
13743  36.974  -72.699  20.371 0.1000000015
13761  44.645  -72.278  19.191 0.1000000015
13833  27.995  -71.813  15.858 0.1000000015
13851  28.021  -72.119  13.400 0.1000000015
13858  30.158  -72.986  12.532 0.1000000015
13881  42.830  -72.845  7.232 0.1000000015
13883  41.207  -72.340  7.578 0.1000000015
13903  42.845  -72.810  6.041 0.1000000015
13909  35.697  -72.096  5.039 0.2000000030
13921  39.546  -72.617  4.312 0.1000000015
13923  37.139  -72.473  4.367 0.2000000030
13931  36.771  -72.126  3.476 0.2000000030
13979  41.355  -73.009  -0.185 0.2000000030
13993  41.080  -72.867  -1.100 0.2000000030
13994  40.522  -72.701  -1.143 0.1000000015
14575  36.914  -71.798  21.908 0.1000000015
14628  29.448  -71.571  18.412 0.1000000015
14643  35.066  -71.868  18.072 0.1000000015
14645  33.817  -71.267  17.365 0.1000000015
14667  31.473  -71.259  15.124 0.1000000015
14668  28.268  -71.312  15.568 0.1000000015
14673  31.984  -71.666  14.745 0.1000000015
14686  29.442  -71.620  13.835 0.1000000015
14688  27.776  -71.823  14.477 0.1000000015
14693  38.846  -71.353  11.479 0.4000000060
14702  36.492  -71.068  9.233 0.1000000015
14717  38.548  -71.733  7.925 0.1000000015
14719  36.120  -71.750  7.676 0.2000000030
14748  35.668  -71.638  4.169 0.2000000030
14755  36.333  -71.476  2.887 0.3000000119
14767  36.559  -71.039  1.862 0.3000000119
15398  41.707  -70.820  24.662 0.1000000015
15463  33.293  -70.641  20.469 0.1000000015
15474  45.028  -70.898  19.713 0.3000000119
15481  37.952  -70.195  19.265 0.5000000000
15486  30.277  -70.892  19.366 0.1000000015
15516  29.008  -70.852  17.367 0.1000000015
15531  29.653  -70.595  16.129 0.1000000015
15556  38.160  -70.887  10.308 0.2000000030
16290  38.243  -70.020  20.004 0.5000000000
16326  34.509  -69.372  13.796 0.4000000060
16373  32.218  -69.789  8.337 0.3000000119
16380  31.693  -68.833  8.019 0.2000000030
16403  37.140  -67.741  0.630 0.1000000015
16419  32.883  -69.123  2.396 0.1000000015
17078  33.948  -68.426  16.361 0.4000000060
17081  34.015  -68.838  15.493 0.4000000060
17114  31.645  -68.420  8.638 0.3000000119
17717  46.767  -67.543  24.649 0.1000000015
17722  41.002  -68.015  24.966 0.2000000030
17725  31.793  -67.150  25.284 0.1000000015
17734  47.273  -67.165  24.195 0.1000000015
17735  46.612  -66.639  24.439 0.1000000015
17874  32.062  -67.625  11.591 0.2000000030
17877  31.729  -67.445  10.325 0.2000000030
17878  31.642  -67.805  9.387 0.2000000030
17881  31.705  -67.721  8.562 0.2000000030
18540  46.964  -66.442  24.024 0.1000000015
18544  43.016  -65.624  24.387 0.3000000119
18559  46.327  -65.916  23.930 0.3000000119
18560  45.477  -65.584  23.742 0.3000000119
18669  32.526  -66.458  15.041 0.4000000060
18721  32.327  -66.606  8.805 0.2000000030
19519  33.104  -65.924  15.858 0.4000000060
19547  33.357  -65.522  15.139 0.4000000060
19592  31.999  -65.941  11.279 0.2000000030
19603  32.012  -66.136  10.481 0.2000000030
20533  32.930  -65.103  13.247 0.3000000119
20583  34.411  -64.149  10.330 0.1000000015
21538  33.947  -63.835  11.656 0.2000000030
98906  35.692  -69.909  13.924 0.3000000119
100160  40.136  -71.216  23.549 0.1000000015
101018  40.137  -71.077  24.409 0.1000000015
102591  33.608  -64.116  11.344 0.2000000030
103366  30.675  -71.034  15.154 0.1000000015
103531  31.397  -70.446  17.862 0.1000000015
104515  42.039  -73.049  2.902 0.1000000015
104964  32.167  -72.862  22.643 0.1000000015
106358  42.880  -72.773  14.385 0.2000000030
106837  28.761  -71.029  15.242 0.1000000015
106988  32.550  -75.130  23.626 0.1000000015
108942  37.054  -70.434  11.011 0.3000000119
109651  43.341  -72.899  15.383 0.2000000030
109927  32.120  -66.001  12.703 0.2000000030
111679  41.609  -72.904  2.545 0.1000000015
111687  36.887  -70.141  1.114 0.2000000030
112254  32.662  -65.621  13.936 0.4000000060
112716  31.951  -66.410  11.651 0.2000000030
113188  42.197  -72.411  6.839 0.1000000015
113915  47.076  -68.428  23.751 0.1000000015
113955  34.792  -75.098  13.967 0.1000000015
115566  46.740  -66.969  23.420 0.2000000030
115617  32.429  -67.819  13.044 0.3000000119
116001  32.276  -69.237  10.009 0.3000000119
116224  33.279  -65.773  8.932 0.1000000015
116488  38.164  -69.883  26.427 0.1000000015
116587  32.214  -66.804  13.875 0.4000000060
116733  40.305  -74.991  6.346 0.3000000119
118204  43.273  -73.225  14.780 0.2000000030
