#!ascii label  , from subject sub-v1s23x0050551_ses-1 vox2ras=TkReg
1230
41113  -3.453  -21.386  66.222 0.0000000000
52881  -27.411  -7.882  58.589 0.0000000000
58202  -26.522  -2.563  54.580 0.0000000000
47491  -19.598  -13.727  62.517 0.0000000000
121339  -33.150  2.760  44.782 0.0000000000
61967  -28.239  1.083  46.683 0.0000000000
112908  -30.203  -5.973  63.664 0.0000000000
53848  -22.643  -7.036  62.956 0.0000000000
66832  -39.286  7.357  46.659 0.0000000000
67735  -41.361  8.524  42.620 0.0000000000
68735  -43.643  9.573  39.702 0.0000000000
64251  -28.535  4.987  54.674 0.0000000000
60993  -25.590  0.639  50.310 0.0000000000
129909  -32.253  4.276  51.677 0.0000000000
61898  -34.716  1.260  50.523 0.0000000000
46672  -14.669  -15.022  59.587 0.0000000000
39328  -0.423  -23.608  68.635 0.0000000000
123499  -29.590  -6.103  55.749 0.0000000000
61823  -30.302  0.880  58.168 0.0000000000
44950  -17.100  -17.380  56.179 0.0000000000
47544  -20.137  -13.760  57.219 0.0000000000
127334  -40.687  8.162  36.288 0.0000000000
70609  -44.377  12.230  37.202 0.0000000000
123466  -31.906  -1.034  45.560 0.0000000000
62777  -38.092  2.607  47.833 0.0000000000
43934  -5.800  -18.572  62.867 0.0000000000
35821  1.899  -28.228  66.197 0.0000000000
114185  -40.965  8.561  44.506 0.0000000000
122549  -29.903  5.540  53.435 0.0000000000
47532  -12.191  -13.402  57.375 0.0000000000
40185  -2.737  -22.416  67.503 0.0000000000
52934  -27.426  -8.253  54.292 0.0000000000
53919  -28.801  -7.691  56.897 0.0000000000
44908  -19.560  -17.450  59.475 0.0000000000
45816  -19.658  -16.961  57.116 0.0000000000
120936  -20.058  -13.721  59.940 0.0000000000
53878  -25.643  -7.595  60.716 0.0000000000
53885  -21.073  -6.888  59.630 0.0000000000
53916  -23.231  -7.077  57.521 0.0000000000
45753  -19.018  -16.073  63.279 0.0000000000
43980  -17.222  -18.499  59.428 0.0000000000
66870  -36.844  7.022  39.623 0.0000000000
66883  -40.212  7.187  37.213 0.0000000000
69674  -43.806  11.001  38.207 0.0000000000
129296  -26.509  1.478  48.161 0.0000000000
61055  -30.552  0.028  46.438 0.0000000000
61010  -37.091  0.663  48.629 0.0000000000
46623  -9.036  -13.600  62.652 0.0000000000
46621  -7.976  -14.413  63.527 0.0000000000
45739  -6.318  -16.405  64.476 0.0000000000
131539  -6.704  -17.150  61.600 0.0000000000
35823  0.137  -27.604  64.903 0.0000000000
53881  -28.543  -7.718  61.134 0.0000000000
54776  -31.315  -7.070  59.644 0.0000000000
133075  -32.014  -5.158  62.245 0.0000000000
50042  -22.032  -11.234  65.530 0.0000000000
51005  -21.594  -11.106  63.137 0.0000000000
52814  -24.450  -8.003  65.797 0.0000000000
53833  -26.950  -7.036  63.440 0.0000000000
65133  -35.940  5.134  46.173 0.0000000000
66843  -37.393  7.680  44.443 0.0000000000
67732  -37.983  8.422  42.474 0.0000000000
111393  -40.276  8.403  40.836 0.0000000000
67764  -40.393  8.385  39.472 0.0000000000
133451  -43.225  8.692  40.885 0.0000000000
60971  -28.355  0.806  54.560 0.0000000000
60086  -25.442  -0.503  52.375 0.0000000000
62699  -27.831  2.883  52.628 0.0000000000
63507  -28.600  3.279  50.516 0.0000000000
62741  -30.293  2.873  49.319 0.0000000000
61926  -31.605  1.509  48.196 0.0000000000
62708  -33.957  2.994  50.923 0.0000000000
48314  -13.814  -13.673  61.942 0.0000000000
47497  -10.247  -12.864  60.675 0.0000000000
70623  -42.853  11.908  33.493 0.0000000000
38481  2.110  -23.876  68.025 0.0000000000
54845  -28.802  -7.154  52.993 0.0000000000
56465  -27.963  -4.257  55.223 0.0000000000
56435  -31.370  -4.369  57.667 0.0000000000
58170  -29.649  -2.102  57.137 0.0000000000
59140  -28.743  -0.886  55.952 0.0000000000
63460  -29.344  3.140  56.445 0.0000000000
113463  -20.361  -10.275  60.349 0.0000000000
44865  -14.927  -17.909  61.297 0.0000000000
45806  -15.681  -16.411  57.946 0.0000000000
123553  -41.198  9.625  37.829 0.0000000000
69676  -41.234  10.406  36.339 0.0000000000
70614  -42.004  11.520  35.191 0.0000000000
72212  -44.645  13.620  35.717 0.0000000000
40231  -3.152  -22.144  63.020 0.0000000000
39380  -2.032  -23.861  64.002 0.0000000000
61068  -32.508  0.235  44.656 0.0000000000
60112  -33.379  -0.625  47.622 0.0000000000
119335  -34.369  0.121  46.431 0.0000000000
62794  -35.324  2.496  46.122 0.0000000000
65125  -38.836  5.284  47.619 0.0000000000
43035  -4.771  -19.700  64.718 0.0000000000
37661  -1.094  -25.212  66.070 0.0000000000
37649  0.897  -25.522  67.523 0.0000000000
122734  3.062  -25.758  66.925 0.0000000000
125161  -3.051  -22.090  66.240 0.0000000000
52900  -25.901  -7.954  57.030 0.0000000000
52902  -27.041  -7.906  56.294 0.0000000000
52892  -27.894  -7.776  57.693 0.0000000000
45774  -19.768  -15.712  61.222 0.0000000000
46673  -20.115  -15.175  59.931 0.0000000000
47499  -19.619  -13.903  61.174 0.0000000000
52868  -25.858  -7.945  59.277 0.0000000000
122028  -24.658  -7.617  59.221 0.0000000000
53918  -24.764  -7.943  57.900 0.0000000000
123543  -24.068  -7.364  56.095 0.0000000000
48291  -20.660  -12.965  64.202 0.0000000000
123271  -19.875  -13.728  64.900 0.0000000000
47480  -19.356  -14.303  62.873 0.0000000000
45762  -19.508  -16.491  61.891 0.0000000000
112975  -39.114  7.107  38.357 0.0000000000
57321  -26.312  -3.582  53.785 0.0000000000
57320  -25.693  -3.101  53.575 0.0000000000
61943  -27.535  1.474  47.272 0.0000000000
61052  -27.369  0.003  46.033 0.0000000000
61054  -29.668  0.446  46.274 0.0000000000
46646  -8.136  -14.440  61.226 0.0000000000
46622  -8.509  -13.992  62.969 0.0000000000
46645  -7.612  -14.928  61.789 0.0000000000
45760  -7.081  -15.625  62.406 0.0000000000
45780  -7.495  -16.022  60.359 0.0000000000
53854  -30.036  -6.644  62.125 0.0000000000
54764  -30.800  -6.426  61.631 0.0000000000
54747  -31.161  -5.690  63.123 0.0000000000
121391  -23.836  -10.180  66.998 0.0000000000
52812  -23.186  -9.296  65.826 0.0000000000
52800  -24.748  -8.397  66.511 0.0000000000
54731  -28.893  -6.133  64.567 0.0000000000
53817  -27.357  -6.663  64.305 0.0000000000
53835  -28.708  -6.686  63.156 0.0000000000
53852  -27.924  -7.400  62.384 0.0000000000
65967  -37.843  6.737  46.500 0.0000000000
65972  -36.501  6.693  45.568 0.0000000000
66830  -37.900  7.367  45.928 0.0000000000
67721  -41.417  8.583  43.614 0.0000000000
67710  -39.596  8.458  44.083 0.0000000000
67734  -40.538  8.509  42.422 0.0000000000
67743  -38.547  8.415  41.688 0.0000000000
111500  -41.172  8.495  41.767 0.0000000000
67745  -40.964  8.490  40.968 0.0000000000
111499  -42.038  8.515  41.923 0.0000000000
62694  -28.464  2.970  54.408 0.0000000000
61876  -27.722  1.488  53.549 0.0000000000
63479  -28.324  3.645  53.805 0.0000000000
64287  -31.000  4.965  52.387 0.0000000000
126298  -28.869  4.245  51.847 0.0000000000
125365  -29.631  4.050  51.256 0.0000000000
63518  -28.903  3.109  49.815 0.0000000000
63510  -31.148  3.463  50.388 0.0000000000
62724  -31.882  2.905  49.903 0.0000000000
63499  -32.597  3.780  51.221 0.0000000000
45761  -14.288  -16.166  61.842 0.0000000000
47479  -13.996  -14.723  63.210 0.0000000000
48327  -13.904  -13.710  61.071 0.0000000000
48337  -11.050  -12.643  59.937 0.0000000000
72218  -44.040  13.776  34.055 0.0000000000
72223  -44.121  13.669  33.291 0.0000000000
39327  0.440  -23.532  68.419 0.0000000000
53948  -29.135  -7.432  55.290 0.0000000000
52952  -28.608  -7.783  53.438 0.0000000000
54824  -29.307  -6.822  54.264 0.0000000000
55665  -28.320  -5.547  53.733 0.0000000000
56466  -28.639  -4.550  55.662 0.0000000000
56424  -32.637  -4.842  59.777 0.0000000000
54784  -31.746  -6.156  58.236 0.0000000000
57265  -32.495  -3.786  59.180 0.0000000000
59995  -30.719  -0.172  58.943 0.0000000000
130287  -30.574  -1.265  58.433 0.0000000000
60007  -30.015  -0.473  57.784 0.0000000000
59133  -28.844  -1.513  56.286 0.0000000000
60027  -29.625  -0.190  57.009 0.0000000000
61853  -29.381  1.410  56.166 0.0000000000
125098  -29.813  1.949  57.274 0.0000000000
127998  -20.282  -15.558  57.361 0.0000000000
52846  -21.273  -8.860  63.005 0.0000000000
51960  -20.896  -10.343  61.817 0.0000000000
133583  -21.142  -8.199  62.228 0.0000000000
52879  -20.169  -8.073  58.700 0.0000000000
118272  -16.911  -18.662  62.247 0.0000000000
44923  -17.116  -18.059  57.801 0.0000000000
44906  -16.130  -18.167  58.994 0.0000000000
44938  -16.708  -17.350  57.019 0.0000000000
45838  -15.786  -16.986  55.602 0.0000000000
67765  -41.704  9.104  39.386 0.0000000000
67773  -40.889  8.798  38.838 0.0000000000
131323  -42.082  9.801  38.630 0.0000000000
70603  -44.097  11.608  37.712 0.0000000000
70601  -42.572  11.049  37.429 0.0000000000
70607  -42.687  11.486  36.860 0.0000000000
70613  -41.498  10.952  35.793 0.0000000000
71363  -42.931  12.014  36.164 0.0000000000
71371  -43.411  12.605  35.687 0.0000000000
71365  -44.664  12.790  36.702 0.0000000000
60981  -25.681  0.185  52.087 0.0000000000
59201  -24.740  -1.688  51.930 0.0000000000
60172  -31.721  -0.359  43.551 0.0000000000
60163  -32.421  -0.625  45.317 0.0000000000
61914  -33.605  1.108  49.515 0.0000000000
61948  -32.232  0.001  47.899 0.0000000000
61008  -34.027  0.409  49.254 0.0000000000
61019  -37.638  1.107  48.339 0.0000000000
60134  -36.030  0.838  47.832 0.0000000000
61949  -36.533  1.487  47.230 0.0000000000
61971  -35.197  1.411  46.194 0.0000000000
62796  -36.828  2.799  47.016 0.0000000000
64333  -37.425  4.481  47.134 0.0000000000
64318  -38.684  4.503  47.789 0.0000000000
44822  -5.967  -17.823  64.218 0.0000000000
43904  -5.598  -18.469  64.712 0.0000000000
43903  -5.164  -19.066  65.196 0.0000000000
43043  -4.850  -19.728  63.771 0.0000000000
42080  -4.395  -20.201  63.038 0.0000000000
43058  -4.791  -19.796  62.307 0.0000000000
124503  -1.428  -25.396  62.997 0.0000000000
38527  -1.568  -24.567  65.513 0.0000000000
37677  -0.665  -26.071  64.541 0.0000000000
35822  0.878  -28.102  65.698 0.0000000000
36748  0.570  -27.271  65.962 0.0000000000
35809  1.401  -27.535  66.603 0.0000000000
37658  2.248  -26.297  67.132 0.0000000000
35808  2.294  -27.278  66.682 0.0000000000
53782  -26.346  -7.514  67.031 0.0000000000
67701  -41.581  8.686  46.475 0.0000000000
130146  -40.031  8.177  45.758 0.0000000000
67706  -41.402  8.695  45.388 0.0000000000
65083  -29.155  5.477  53.743 0.0000000000
47533  -14.404  -14.048  57.651 0.0000000000
48361  -13.896  -13.510  58.221 0.0000000000
40156  -2.150  -22.102  69.193 0.0000000000
40184  -1.797  -23.635  67.955 0.0000000000
52933  -26.584  -8.150  54.562 0.0000000000
52903  -28.015  -7.792  55.963 0.0000000000
54812  -29.871  -6.852  56.039 0.0000000000
62662  -30.272  2.458  58.540 0.0000000000
43993  -18.347  -18.206  58.361 0.0000000000
113046  -18.262  -17.847  56.712 0.0000000000
125255  -19.262  -17.575  57.765 0.0000000000
46691  -20.280  -15.445  58.114 0.0000000000
114239  -20.169  -13.838  59.017 0.0000000000
111390  -24.169  -6.716  62.053 0.0000000000
53861  -22.585  -6.718  61.473 0.0000000000
111703  -22.951  -6.706  60.030 0.0000000000
53900  -22.497  -6.807  58.296 0.0000000000
53944  -22.481  -6.681  55.273 0.0000000000
45752  -18.931  -17.157  63.546 0.0000000000
43951  -18.164  -18.383  61.626 0.0000000000
44866  -18.942  -17.935  61.451 0.0000000000
44907  -18.797  -17.997  59.918 0.0000000000
66866  -35.507  7.040  40.665 0.0000000000
111082  -40.496  8.022  36.902 0.0000000000
69656  -44.773  10.191  39.318 0.0000000000
68746  -43.962  10.079  39.277 0.0000000000
131270  -26.290  1.352  49.209 0.0000000000
59263  -29.949  -1.413  44.931 0.0000000000
60144  -30.956  -0.829  45.903 0.0000000000
61887  -36.897  1.482  51.475 0.0000000000
60996  -36.061  0.488  50.068 0.0000000000
61902  -38.217  1.540  50.640 0.0000000000
114684  -10.964  -12.666  63.953 0.0000000000
47466  -9.086  -13.548  64.372 0.0000000000
47453  -7.647  -14.532  65.178 0.0000000000
45740  -6.678  -15.591  64.248 0.0000000000
45749  -6.597  -16.300  63.026 0.0000000000
43935  -6.315  -17.739  62.141 0.0000000000
43070  -5.242  -19.439  61.557 0.0000000000
117727  -6.370  -18.343  60.539 0.0000000000
52871  -28.010  -7.886  59.351 0.0000000000
52883  -29.135  -7.862  58.680 0.0000000000
129006  -30.684  -7.403  60.018 0.0000000000
55614  -32.287  -5.655  60.405 0.0000000000
126024  -21.282  -12.251  64.182 0.0000000000
49165  -20.998  -12.253  62.730 0.0000000000
50995  -22.062  -10.941  64.498 0.0000000000
51941  -22.176  -9.204  64.604 0.0000000000
112065  -23.539  -7.342  64.137 0.0000000000
53798  -25.947  -7.322  66.059 0.0000000000
53815  -25.784  -7.003  64.609 0.0000000000
111930  -25.403  -6.966  63.030 0.0000000000
53850  -25.955  -7.341  62.113 0.0000000000
53879  -26.664  -7.907  60.644 0.0000000000
49127  -21.992  -11.689  66.605 0.0000000000
64330  -34.497  4.140  45.534 0.0000000000
64352  -33.355  3.995  44.328 0.0000000000
65138  -34.705  5.440  45.116 0.0000000000
65978  -35.209  6.597  44.520 0.0000000000
66849  -36.325  7.656  43.433 0.0000000000
66845  -38.964  8.100  44.838 0.0000000000
66851  -37.860  8.093  43.841 0.0000000000
67730  -36.729  8.122  42.061 0.0000000000
66863  -36.836  8.040  41.165 0.0000000000
66868  -38.074  7.857  40.021 0.0000000000
67762  -38.925  7.933  39.740 0.0000000000
127569  -39.502  7.671  38.600 0.0000000000
67755  -40.681  8.466  40.250 0.0000000000
124584  -41.820  8.838  39.955 0.0000000000
67767  -43.278  9.180  40.087 0.0000000000
133720  -44.221  8.629  41.850 0.0000000000
68728  -44.745  9.297  40.286 0.0000000000
60058  -27.505  -0.439  54.606 0.0000000000
59172  -26.039  -1.290  53.807 0.0000000000
60075  -27.071  -0.013  53.915 0.0000000000
61880  -26.983  1.283  52.850 0.0000000000
61884  -26.475  1.428  51.746 0.0000000000
112811  -28.362  4.249  53.156 0.0000000000
63485  -27.950  3.087  51.743 0.0000000000
62721  -27.066  1.987  50.261 0.0000000000
62738  -27.566  2.446  49.784 0.0000000000
62756  -28.399  2.494  48.582 0.0000000000
62773  -29.450  2.304  48.076 0.0000000000
61946  -30.509  1.514  47.493 0.0000000000
62759  -31.323  2.216  48.606 0.0000000000
62743  -32.447  2.309  49.424 0.0000000000
62727  -34.331  2.109  50.767 0.0000000000
63502  -35.237  3.195  51.682 0.0000000000
62711  -36.469  2.076  51.858 0.0000000000
125914  -13.253  -13.290  63.826 0.0000000000
49184  -12.631  -12.770  59.979 0.0000000000
48325  -12.443  -12.864  61.634 0.0000000000
48311  -11.203  -12.676  62.227 0.0000000000
47478  -10.233  -12.875  62.278 0.0000000000
56492  -27.458  -4.752  53.479 0.0000000000
57295  -27.195  -2.909  55.130 0.0000000000
53905  -30.651  -7.591  58.358 0.0000000000
120082  -30.793  -6.249  57.066 0.0000000000
126903  -30.142  -5.018  56.515 0.0000000000
57277  -30.567  -2.874  57.570 0.0000000000
117841  -29.616  -3.691  56.570 0.0000000000
58183  -28.678  -2.787  56.145 0.0000000000
58182  -28.253  -2.090  55.941 0.0000000000
59139  -27.728  -1.671  55.421 0.0000000000
60059  -28.206  0.022  54.915 0.0000000000
121223  -29.156  1.914  55.507 0.0000000000
63466  -28.943  3.489  55.680 0.0000000000
63447  -29.714  3.947  58.130 0.0000000000
115914  -29.245  5.035  56.896 0.0000000000
50080  -20.601  -11.924  61.365 0.0000000000
50091  -20.408  -11.721  60.566 0.0000000000
50110  -20.010  -11.710  58.858 0.0000000000
53860  -20.765  -7.806  60.892 0.0000000000
51038  -19.811  -10.037  59.022 0.0000000000
118180  -14.104  -17.060  62.360 0.0000000000
116912  -14.640  -15.828  60.246 0.0000000000
44886  -15.971  -18.395  59.981 0.0000000000
45796  -15.299  -16.719  58.943 0.0000000000
45805  -15.221  -15.717  58.396 0.0000000000
46699  -15.248  -15.487  56.455 0.0000000000
67771  -40.091  8.161  38.548 0.0000000000
67777  -40.546  8.616  37.366 0.0000000000
67779  -40.724  8.826  36.533 0.0000000000
68744  -42.579  10.172  38.544 0.0000000000
68751  -41.302  10.141  37.196 0.0000000000
68758  -40.930  9.314  35.933 0.0000000000
69681  -41.176  10.070  35.634 0.0000000000
117371  -41.520  9.852  34.819 0.0000000000
69686  -42.062  10.451  34.159 0.0000000000
71376  -42.511  11.954  34.405 0.0000000000
72217  -43.625  13.243  34.428 0.0000000000
41140  -3.207  -21.963  64.725 0.0000000000
117236  -2.820  -22.537  65.097 0.0000000000
119023  -2.711  -22.769  63.399 0.0000000000
58213  -24.911  -2.047  52.642 0.0000000000
112044  -33.258  1.988  45.059 0.0000000000
61032  -31.050  0.536  47.156 0.0000000000
61033  -31.860  -0.298  47.337 0.0000000000
60129  -32.288  -1.010  46.773 0.0000000000
60114  -34.721  0.111  48.238 0.0000000000
60131  -33.820  -0.555  47.192 0.0000000000
60164  -33.325  -0.656  45.944 0.0000000000
60165  -33.890  -0.024  45.874 0.0000000000
61970  -34.221  1.789  45.610 0.0000000000
62793  -34.467  2.702  45.711 0.0000000000
64331  -35.787  4.261  46.268 0.0000000000
117666  -37.243  5.063  46.909 0.0000000000
65969  -39.365  6.768  47.186 0.0000000000
43008  -4.261  -19.873  67.069 0.0000000000
43022  -4.701  -19.609  65.638 0.0000000000
42070  -3.924  -20.785  64.911 0.0000000000
42079  -3.865  -20.924  63.345 0.0000000000
41180  -3.610  -21.547  62.558 0.0000000000
39370  -2.381  -23.299  65.565 0.0000000000
39343  -2.034  -23.874  66.938 0.0000000000
38500  -0.524  -24.722  67.836 0.0000000000
36749  -0.172  -26.727  65.253 0.0000000000
37660  -0.380  -25.700  66.652 0.0000000000
131937  -0.002  -24.898  68.014 0.0000000000
37636  1.281  -24.893  67.683 0.0000000000
38499  2.435  -24.507  67.595 0.0000000000
34927  2.596  -28.717  65.794 0.0000000000
36747  3.112  -27.214  66.242 0.0000000000
42052  -3.867  -20.599  66.665 0.0000000000
52890  -26.397  -7.910  57.598 0.0000000000
52891  -27.095  -7.823  57.208 0.0000000000
124838  -27.008  -7.903  57.946 0.0000000000
124402  -19.584  -14.689  61.505 0.0000000000
46663  -19.857  -14.927  60.779 0.0000000000
133588  -19.715  -13.381  62.291 0.0000000000
131890  -26.348  -7.959  58.595 0.0000000000
53903  -25.256  -7.934  58.729 0.0000000000
52880  -25.612  -7.994  57.824 0.0000000000
48302  -20.495  -13.063  63.522 0.0000000000
47469  -20.015  -13.475  64.104 0.0000000000
47481  -19.848  -13.555  63.204 0.0000000000
46651  -19.505  -15.374  61.866 0.0000000000
57308  -26.111  -3.009  54.161 0.0000000000
58201  -25.856  -2.288  53.935 0.0000000000
61944  -28.546  1.681  47.314 0.0000000000
61966  -27.419  0.804  46.586 0.0000000000
114421  -28.011  0.525  46.229 0.0000000000
61053  -28.768  0.564  46.221 0.0000000000
61968  -29.176  1.162  46.739 0.0000000000
45768  -7.828  -15.105  60.632 0.0000000000
122785  -7.332  -15.778  61.420 0.0000000000
54755  -30.078  -6.302  62.984 0.0000000000
54756  -30.660  -6.140  62.525 0.0000000000
54746  -30.613  -5.951  63.263 0.0000000000
51882  -24.820  -9.517  67.571 0.0000000000
51897  -24.348  -9.362  66.949 0.0000000000
52784  -25.070  -8.766  67.222 0.0000000000
54732  -29.945  -5.827  64.593 0.0000000000
53818  -28.371  -6.505  63.879 0.0000000000
54745  -29.372  -6.288  63.628 0.0000000000
53836  -29.363  -6.663  62.720 0.0000000000
50958  -24.300  -10.218  67.580 0.0000000000
65968  -38.727  6.748  46.880 0.0000000000
66831  -38.533  7.380  46.258 0.0000000000
67720  -40.768  8.534  43.127 0.0000000000
63465  -28.526  3.906  54.730 0.0000000000
64299  -31.616  4.588  51.956 0.0000000000
64298  -30.599  4.477  51.720 0.0000000000
63497  -30.619  3.922  51.018 0.0000000000
63498  -31.582  3.968  51.234 0.0000000000
63511  -32.185  3.355  50.596 0.0000000000
46662  -14.498  -14.861  60.425 0.0000000000
47498  -14.357  -14.570  61.120 0.0000000000
47511  -14.350  -14.148  59.792 0.0000000000
132958  -44.452  14.200  34.440 0.0000000000
73075  -44.446  14.310  33.691 0.0000000000
39313  -0.867  -23.015  69.053 0.0000000000
39312  -0.053  -22.919  68.930 0.0000000000
54811  -29.506  -6.955  55.164 0.0000000000
55650  -29.182  -6.139  54.948 0.0000000000
113036  -29.109  -5.332  55.572 0.0000000000
112045  -32.568  -3.052  59.916 0.0000000000
60894  -30.287  0.051  58.349 0.0000000000
60912  -29.994  0.294  57.659 0.0000000000
132292  -29.782  0.609  57.057 0.0000000000
61838  -30.006  1.135  57.464 0.0000000000
118011  -17.147  -17.588  55.546 0.0000000000
53828  -21.952  -7.927  63.491 0.0000000000
53847  -21.680  -7.572  62.637 0.0000000000
44939  -17.626  -17.949  57.034 0.0000000000
44967  -16.522  -17.352  55.559 0.0000000000
66888  -40.988  7.795  35.810 0.0000000000
121740  -42.999  9.474  39.634 0.0000000000
68734  -42.380  9.573  39.152 0.0000000000
68745  -43.175  9.909  39.207 0.0000000000
70602  -43.287  11.312  37.578 0.0000000000
70608  -43.534  11.879  37.041 0.0000000000
71364  -43.850  12.448  36.504 0.0000000000
60986  -25.432  0.259  51.182 0.0000000000
60091  -24.952  -0.597  51.103 0.0000000000
60094  -25.015  -0.196  50.205 0.0000000000
60162  -31.159  -1.121  45.149 0.0000000000
60173  -31.599  -0.864  44.630 0.0000000000
61915  -34.350  0.809  49.851 0.0000000000
113289  -38.106  1.847  48.150 0.0000000000
61950  -37.244  1.477  47.718 0.0000000000
61951  -37.614  2.137  47.654 0.0000000000
62775  -37.079  2.091  47.303 0.0000000000
62776  -37.495  2.747  47.436 0.0000000000
116288  -38.026  3.302  47.648 0.0000000000
63537  -38.591  3.726  47.941 0.0000000000
44836  -6.126  -17.840  63.300 0.0000000000
43918  -5.716  -18.537  63.818 0.0000000000
43917  -5.286  -19.148  64.282 0.0000000000
43044  -5.360  -19.181  63.387 0.0000000000
124728  -4.928  -19.624  63.001 0.0000000000
43059  -5.307  -19.219  62.516 0.0000000000
37678  -1.125  -25.462  63.839 0.0000000000
118183  1.070  -28.797  65.564 0.0000000000
36737  1.622  -26.923  67.041 0.0000000000
65050  -30.280  6.221  55.037 0.0000000000
47552  -13.477  -13.919  56.828 0.0000000000
41086  -2.811  -21.509  68.717 0.0000000000
40173  -2.547  -22.293  68.362 0.0000000000
40172  -1.781  -22.921  68.753 0.0000000000
126639  -2.346  -22.940  68.008 0.0000000000
52932  -25.609  -7.839  54.642 0.0000000000
115196  -27.846  -7.755  56.749 0.0000000000
53932  -28.910  -7.633  55.971 0.0000000000
53933  -29.587  -7.412  56.440 0.0000000000
44924  -18.846  -17.922  58.951 0.0000000000
127445  -18.881  -17.907  58.249 0.0000000000
44925  -19.481  -17.481  58.599 0.0000000000
47512  -19.941  -14.273  60.367 0.0000000000
46681  -20.193  -15.344  59.011 0.0000000000
47524  -20.132  -14.490  59.491 0.0000000000
47534  -20.234  -14.594  58.543 0.0000000000
113615  -24.857  -7.054  61.345 0.0000000000
53862  -23.801  -6.714  61.200 0.0000000000
53877  -24.695  -7.216  60.478 0.0000000000
53901  -23.479  -7.172  58.462 0.0000000000
53887  -23.842  -7.137  59.341 0.0000000000
54791  -22.147  -6.690  57.313 0.0000000000
53915  -22.844  -6.826  56.776 0.0000000000
53929  -23.554  -7.161  56.602 0.0000000000
53946  -24.234  -7.316  55.266 0.0000000000
47468  -19.274  -14.317  64.313 0.0000000000
47458  -19.493  -14.316  65.314 0.0000000000
128611  -18.858  -15.310  63.983 0.0000000000
45743  -18.699  -16.244  64.260 0.0000000000
44852  -18.840  -18.076  62.148 0.0000000000
44840  -19.235  -16.997  62.717 0.0000000000
44888  -19.579  -17.339  60.386 0.0000000000
66867  -36.238  7.062  40.082 0.0000000000
61923  -26.695  1.714  48.880 0.0000000000
61922  -26.068  1.107  48.633 0.0000000000
61941  -26.171  1.030  47.775 0.0000000000
61067  -30.087  -0.324  45.792 0.0000000000
60161  -30.408  -0.994  45.300 0.0000000000
61889  -38.346  2.111  51.337 0.0000000000
61901  -37.371  1.099  50.814 0.0000000000
62762  -39.154  2.544  48.836 0.0000000000
47477  -9.890  -13.027  63.098 0.0000000000
48287  -9.868  -13.020  64.159 0.0000000000
47476  -9.104  -13.544  63.521 0.0000000000
47475  -8.583  -13.935  63.788 0.0000000000
47465  -8.312  -14.099  64.585 0.0000000000
46611  -7.069  -15.022  64.764 0.0000000000
46620  -7.213  -14.936  63.850 0.0000000000
45759  -6.803  -16.624  62.091 0.0000000000
118440  -6.435  -17.125  62.868 0.0000000000
43947  -6.163  -18.234  61.348 0.0000000000
44863  -6.603  -17.535  61.011 0.0000000000
52860  -28.324  -7.859  60.263 0.0000000000
52861  -29.295  -7.693  60.489 0.0000000000
123379  -31.840  -5.594  61.808 0.0000000000
54765  -31.646  -6.125  61.144 0.0000000000
55608  -32.205  -5.536  61.152 0.0000000000
113368  -21.714  -11.580  64.960 0.0000000000
49156  -21.586  -11.793  64.207 0.0000000000
50054  -21.891  -11.319  64.744 0.0000000000
52799  -23.956  -8.816  66.263 0.0000000000
117501  -22.651  -9.278  65.198 0.0000000000
132098  -23.139  -8.622  65.254 0.0000000000
52826  -22.763  -8.471  64.765 0.0000000000
53796  -24.151  -7.723  65.197 0.0000000000
53783  -27.258  -6.951  66.902 0.0000000000
53799  -26.759  -6.925  66.071 0.0000000000
53816  -26.515  -6.866  64.194 0.0000000000
53832  -26.086  -6.988  63.660 0.0000000000
115832  -25.142  -7.024  64.129 0.0000000000
111704  -25.093  -6.964  62.146 0.0000000000
112530  -26.530  -7.274  62.710 0.0000000000
53866  -28.643  -7.448  61.900 0.0000000000
53865  -27.834  -7.708  61.694 0.0000000000
53880  -27.627  -7.890  60.903 0.0000000000
52859  -27.382  -7.970  60.076 0.0000000000
50026  -22.888  -11.056  66.950 0.0000000000
49140  -22.259  -11.275  66.369 0.0000000000
49149  -21.433  -12.018  64.821 0.0000000000
64343  -35.075  4.790  45.708 0.0000000000
124598  -34.309  4.802  45.122 0.0000000000
65139  -35.431  5.625  45.575 0.0000000000
66835  -36.913  7.269  45.045 0.0000000000
65979  -36.107  6.985  44.810 0.0000000000
66841  -35.764  7.231  44.007 0.0000000000
66842  -36.600  7.469  44.246 0.0000000000
67705  -40.514  8.441  45.256 0.0000000000
67704  -39.756  8.293  45.036 0.0000000000
131217  -40.256  8.475  44.535 0.0000000000
67719  -39.130  8.484  43.209 0.0000000000
67709  -38.656  8.293  43.974 0.0000000000
67718  -38.305  8.385  43.201 0.0000000000
66858  -36.842  8.050  42.892 0.0000000000
67731  -37.315  8.285  42.463 0.0000000000
67742  -37.512  8.326  41.783 0.0000000000
67744  -39.543  8.389  41.207 0.0000000000
67753  -38.768  8.224  40.626 0.0000000000
67754  -39.765  8.228  40.209 0.0000000000
67746  -41.777  8.523  41.086 0.0000000000
67756  -41.457  8.619  40.383 0.0000000000
67757  -42.209  8.731  40.473 0.0000000000
67766  -42.484  9.105  39.892 0.0000000000
118191  -42.919  8.858  40.500 0.0000000000
60970  -27.766  0.373  54.257 0.0000000000
61873  -27.987  0.973  53.991 0.0000000000
62695  -27.532  2.070  52.846 0.0000000000
61885  -27.159  1.960  52.052 0.0000000000
64268  -28.641  4.992  53.369 0.0000000000
64285  -29.444  5.156  52.884 0.0000000000
120546  -28.633  3.644  51.255 0.0000000000
63506  -28.048  2.994  50.942 0.0000000000
62707  -27.537  2.483  51.439 0.0000000000
62722  -27.547  2.472  50.621 0.0000000000
62723  -28.137  2.902  50.150 0.0000000000
62740  -29.503  2.947  49.350 0.0000000000
122490  -28.942  2.785  49.027 0.0000000000
120352  -29.051  2.512  48.453 0.0000000000
62757  -29.701  2.601  48.685 0.0000000000
62774  -30.131  2.178  47.999 0.0000000000
110864  -30.986  2.627  49.073 0.0000000000
62725  -32.751  2.737  50.115 0.0000000000
62744  -33.246  2.028  49.718 0.0000000000
62726  -33.556  2.477  50.395 0.0000000000
62700  -36.121  2.865  51.976 0.0000000000
62710  -35.617  2.261  51.623 0.0000000000
62712  -37.256  2.142  51.896 0.0000000000
124640  -14.128  -14.467  62.333 0.0000000000
48301  -13.675  -13.847  63.595 0.0000000000
48300  -13.187  -13.269  63.106 0.0000000000
48371  -13.106  -13.240  57.810 0.0000000000
48350  -13.329  -13.070  59.626 0.0000000000
49197  -12.744  -12.778  59.186 0.0000000000
48336  -10.831  -12.666  60.480 0.0000000000
49182  -11.641  -12.663  60.887 0.0000000000
48324  -11.058  -12.646  61.230 0.0000000000
49163  -11.757  -12.695  61.695 0.0000000000
47489  -10.363  -12.818  61.514 0.0000000000
52971  -28.069  -8.266  52.840 0.0000000000
55679  -28.426  -6.264  52.879 0.0000000000
56479  -27.715  -4.631  54.371 0.0000000000
57310  -27.298  -3.817  54.830 0.0000000000
53891  -30.744  -7.625  59.252 0.0000000000
53904  -29.837  -7.782  58.109 0.0000000000
55628  -31.874  -5.124  58.163 0.0000000000
55627  -31.324  -5.501  57.464 0.0000000000
55634  -30.663  -5.248  56.890 0.0000000000
119887  -30.946  -4.581  57.163 0.0000000000
58160  -30.238  -1.989  57.860 0.0000000000
58171  -29.984  -2.584  57.279 0.0000000000
57276  -30.144  -3.290  57.021 0.0000000000
57288  -29.451  -2.823  56.696 0.0000000000
57287  -29.034  -3.375  56.279 0.0000000000
129198  -28.314  -1.414  55.792 0.0000000000
60039  -28.052  -0.855  55.313 0.0000000000
60040  -28.668  -0.211  55.586 0.0000000000
62680  -29.471  2.173  56.461 0.0000000000
61867  -29.146  1.026  55.649 0.0000000000
112929  -29.178  2.667  55.854 0.0000000000
63448  -30.160  3.356  58.695 0.0000000000
63454  -29.915  3.093  57.892 0.0000000000
64236  -29.973  4.219  58.861 0.0000000000
44940  -18.894  -17.592  56.893 0.0000000000
44952  -18.491  -17.576  56.003 0.0000000000
44953  -19.238  -17.170  55.973 0.0000000000
50071  -21.299  -11.741  62.670 0.0000000000
49172  -20.817  -12.076  62.107 0.0000000000
50081  -21.015  -11.560  61.818 0.0000000000
51021  -20.676  -10.497  61.019 0.0000000000
50092  -20.735  -11.320  61.123 0.0000000000
51028  -20.498  -10.992  60.421 0.0000000000
50101  -20.229  -11.376  59.741 0.0000000000
53875  -21.222  -6.989  60.529 0.0000000000
126704  -21.433  -7.234  61.608 0.0000000000
53874  -20.660  -7.554  60.055 0.0000000000
44851  -14.570  -17.845  62.127 0.0000000000
44864  -14.449  -17.192  61.550 0.0000000000
44884  -14.726  -17.338  60.827 0.0000000000
43966  -17.516  -18.513  60.804 0.0000000000
43965  -16.561  -18.577  60.834 0.0000000000
125293  -16.912  -18.537  60.067 0.0000000000
44937  -16.180  -17.023  57.669 0.0000000000
44921  -15.834  -17.396  58.521 0.0000000000
46689  -15.408  -15.439  57.367 0.0000000000
68742  -40.838  9.091  37.993 0.0000000000
67772  -40.442  8.565  38.083 0.0000000000
126855  -40.832  9.347  37.192 0.0000000000
69663  -43.476  10.439  38.704 0.0000000000
69673  -42.983  10.780  38.063 0.0000000000
69677  -41.827  10.944  36.781 0.0000000000
69672  -42.132  10.567  37.726 0.0000000000
68754  -40.935  9.709  36.435 0.0000000000
70618  -41.578  10.748  34.970 0.0000000000
70619  -42.040  11.226  34.489 0.0000000000
70622  -42.427  11.240  33.823 0.0000000000
71372  -44.197  13.032  36.072 0.0000000000
72211  -43.828  13.198  35.269 0.0000000000
130332  -44.208  13.759  34.868 0.0000000000
41159  -3.164  -22.034  63.873 0.0000000000
60073  -25.696  -0.842  53.090 0.0000000000
59171  -25.385  -1.702  53.273 0.0000000000
59188  -25.150  -1.272  52.551 0.0000000000
61080  -31.980  -0.053  44.262 0.0000000000
61990  -32.276  1.076  44.102 0.0000000000
61980  -32.840  1.109  44.755 0.0000000000
61925  -30.911  1.942  48.038 0.0000000000
116995  -31.176  1.293  47.696 0.0000000000
61017  -32.870  -0.171  48.159 0.0000000000
61034  -32.610  -0.651  47.491 0.0000000000
60130  -33.117  -0.934  46.958 0.0000000000
120540  -36.394  0.428  49.021 0.0000000000
60105  -35.473  0.410  48.614 0.0000000000
60115  -35.831  0.616  48.226 0.0000000000
60149  -34.787  0.379  46.989 0.0000000000
60132  -34.535  0.092  47.515 0.0000000000
60148  -34.138  -0.215  46.805 0.0000000000
60147  -33.517  -0.676  46.566 0.0000000000
133611  -33.853  -0.349  46.336 0.0000000000
132680  -34.854  2.085  45.856 0.0000000000
63550  -34.835  3.396  45.851 0.0000000000
63551  -35.590  3.418  46.251 0.0000000000
64317  -37.980  5.021  47.312 0.0000000000
65136  -38.296  5.949  47.163 0.0000000000
65960  -39.069  6.079  47.444 0.0000000000
43034  -4.332  -20.232  65.217 0.0000000000
42071  -4.271  -20.415  64.177 0.0000000000
42093  -4.376  -20.420  62.097 0.0000000000
42092  -4.029  -20.812  62.580 0.0000000000
42104  -4.064  -21.195  61.805 0.0000000000
39381  -2.448  -23.175  64.783 0.0000000000
130308  -2.589  -22.905  65.325 0.0000000000
39356  -2.029  -23.916  65.993 0.0000000000
38515  -1.558  -24.530  66.512 0.0000000000
38501  -1.359  -24.387  67.468 0.0000000000
38514  -0.911  -25.060  67.073 0.0000000000
35840  -0.365  -27.875  64.129 0.0000000000
36758  -0.472  -26.936  64.139 0.0000000000
36738  0.929  -26.884  66.925 0.0000000000
36739  0.124  -26.459  66.318 0.0000000000
37659  0.470  -26.057  67.091 0.0000000000
37650  -0.008  -25.332  67.560 0.0000000000
37637  0.519  -24.903  67.904 0.0000000000
37647  2.406  -25.360  67.309 0.0000000000
38513  3.033  -25.004  67.154 0.0000000000
35838  3.301  -28.123  65.207 0.0000000000
35820  2.836  -27.877  66.100 0.0000000000
40197  -2.758  -22.566  66.681 0.0000000000
131388  -26.244  -7.982  55.567 0.0000000000
125407  -26.250  -7.926  56.429 0.0000000000
45787  -20.061  -16.793  59.938 0.0000000000
45797  -20.048  -16.907  59.020 0.0000000000
45788  -20.079  -15.940  60.383 0.0000000000
124033  -19.827  -13.592  60.615 0.0000000000
129195  -25.262  -7.701  59.716 0.0000000000
53888  -24.489  -7.340  59.786 0.0000000000
53902  -24.348  -7.650  58.582 0.0000000000
53917  -24.020  -7.614  57.847 0.0000000000
114811  -23.918  -7.467  57.231 0.0000000000
117338  -24.425  -7.757  57.356 0.0000000000
53931  -25.062  -7.879  57.057 0.0000000000
48282  -20.858  -12.775  65.446 0.0000000000
47470  -20.464  -13.167  64.979 0.0000000000
125058  -19.447  -14.030  63.570 0.0000000000
46626  -19.056  -14.869  63.404 0.0000000000
133005  -19.255  -16.294  62.605 0.0000000000
46639  -19.245  -15.395  62.563 0.0000000000
45773  -19.868  -16.645  60.863 0.0000000000
66871  -37.621  7.250  39.398 0.0000000000
66877  -39.739  7.466  37.966 0.0000000000
119258  -26.667  -4.207  53.234 0.0000000000
61924  -27.098  1.852  48.071 0.0000000000
61942  -26.747  1.360  47.538 0.0000000000
61965  -26.909  1.056  46.980 0.0000000000
61051  -26.582  0.408  46.626 0.0000000000
61066  -29.206  -0.069  45.758 0.0000000000
46635  -8.515  -13.955  62.017 0.0000000000
46634  -8.023  -14.391  62.357 0.0000000000
46633  -7.441  -14.911  62.856 0.0000000000
45767  -7.012  -16.669  61.126 0.0000000000
44878  -7.138  -17.000  60.207 0.0000000000
131451  -29.765  -6.994  61.725 0.0000000000
53868  -30.218  -6.953  61.366 0.0000000000
54757  -31.263  -5.911  62.118 0.0000000000
55600  -31.608  -5.484  62.591 0.0000000000
50968  -23.219  -10.596  66.700 0.0000000000
51912  -22.899  -10.324  66.076 0.0000000000
51896  -23.574  -9.788  66.512 0.0000000000
54715  -27.720  -6.455  65.090 0.0000000000
54730  -28.132  -6.391  64.615 0.0000000000
53834  -27.872  -6.953  63.164 0.0000000000
127438  -27.303  -7.292  62.765 0.0000000000
53853  -28.633  -7.053  62.538 0.0000000000
126977  -29.332  -7.050  62.059 0.0000000000
50027  -23.578  -10.752  67.343 0.0000000000
65966  -36.956  6.316  46.249 0.0000000000
65140  -36.164  5.973  45.979 0.0000000000
65973  -37.251  7.071  45.830 0.0000000000
66836  -37.671  7.506  45.238 0.0000000000
67711  -40.498  8.540  43.833 0.0000000000
114184  -40.014  8.525  43.154 0.0000000000
114183  -38.701  8.467  42.571 0.0000000000
67733  -39.549  8.483  42.265 0.0000000000
111700  -40.345  8.464  41.584 0.0000000000
67747  -42.697  8.583  41.170 0.0000000000
118576  -28.682  2.112  54.643 0.0000000000
61874  -28.308  1.522  54.217 0.0000000000
62696  -28.103  2.486  53.658 0.0000000000
121792  -28.072  3.463  53.092 0.0000000000
65100  -30.430  5.311  52.906 0.0000000000
64286  -30.204  4.925  52.375 0.0000000000
63508  -29.260  3.544  50.516 0.0000000000
63509  -30.139  3.628  50.482 0.0000000000
130098  -30.482  3.260  49.939 0.0000000000
63520  -31.078  2.966  49.637 0.0000000000
63512  -33.107  3.206  50.725 0.0000000000
46625  -13.883  -15.833  63.208 0.0000000000
46638  -14.125  -15.424  62.506 0.0000000000
47490  -14.199  -14.257  61.666 0.0000000000
47522  -11.244  -13.117  58.109 0.0000000000
72222  -43.673  13.186  33.667 0.0000000000
71390  -43.393  12.533  33.224 0.0000000000
72232  -43.849  13.065  33.043 0.0000000000
72233  -44.329  13.284  32.511 0.0000000000
39326  1.405  -23.476  68.224 0.0000000000
52935  -28.279  -8.047  54.318 0.0000000000
122898  -29.051  -7.481  54.423 0.0000000000
124215  -29.160  -7.241  53.678 0.0000000000
111037  -28.975  -6.571  53.586 0.0000000000
130202  -28.929  -6.087  54.235 0.0000000000
56480  -28.514  -5.237  54.828 0.0000000000
55620  -32.297  -5.692  59.455 0.0000000000
54777  -31.856  -6.404  59.106 0.0000000000
56429  -32.369  -4.882  58.861 0.0000000000
56436  -31.869  -4.089  58.352 0.0000000000
60008  -30.403  -0.643  58.384 0.0000000000
59116  -30.115  -1.172  57.881 0.0000000000
59127  -29.823  -1.582  57.434 0.0000000000
59126  -29.425  -1.556  56.874 0.0000000000
60019  -29.734  -1.005  57.269 0.0000000000
60026  -29.284  -0.920  56.588 0.0000000000
60934  -29.163  -0.245  56.216 0.0000000000
127123  -29.059  0.319  55.811 0.0000000000
60935  -29.429  0.611  56.383 0.0000000000
113508  -29.686  1.309  56.797 0.0000000000
62673  -29.684  2.753  57.168 0.0000000000
64229  -29.852  4.965  58.929 0.0000000000
46690  -20.101  -16.123  56.866 0.0000000000
51952  -21.462  -10.089  63.515 0.0000000000
122777  -21.146  -10.214  62.654 0.0000000000
125121  -20.863  -9.251  62.149 0.0000000000
51959  -20.629  -9.502  61.370 0.0000000000
121653  -20.966  -6.864  58.785 0.0000000000
53884  -20.561  -7.424  59.205 0.0000000000
43948  -15.363  -18.414  61.975 0.0000000000
43991  -16.975  -18.369  58.669 0.0000000000
43979  -16.591  -18.437  59.412 0.0000000000
44922  -16.496  -17.794  58.135 0.0000000000
45815  -15.956  -16.280  56.872 0.0000000000
45826  -16.357  -16.803  56.126 0.0000000000
68743  -41.548  9.443  38.592 0.0000000000
116004  -42.116  11.519  36.052 0.0000000000
132322  -42.385  11.797  35.641 0.0000000000
71370  -42.647  12.142  35.298 0.0000000000
72203  -44.848  13.271  36.338 0.0000000000
40244  -3.265  -22.401  62.203 0.0000000000
125162  -2.871  -22.766  62.606 0.0000000000
120637  -25.277  -0.296  51.729 0.0000000000
60090  -24.673  -1.386  51.212 0.0000000000
61913  -32.858  1.472  49.082 0.0000000000
61927  -32.372  0.837  48.394 0.0000000000
61928  -33.319  0.436  48.797 0.0000000000
133333  -33.561  -0.264  48.234 0.0000000000
60116  -36.441  0.661  48.298 0.0000000000
61037  -36.815  0.891  47.961 0.0000000000
61036  -36.214  1.082  47.496 0.0000000000
61972  -35.785  1.124  46.898 0.0000000000
61058  -35.057  0.674  46.620 0.0000000000
116597  -35.982  1.804  46.622 0.0000000000
62795  -36.125  2.698  46.587 0.0000000000
63552  -36.376  3.566  46.666 0.0000000000
63553  -37.260  3.651  47.178 0.0000000000
63536  -38.007  4.108  47.498 0.0000000000
44823  -6.109  -17.194  64.561 0.0000000000
44808  -5.863  -17.747  65.072 0.0000000000
38546  -1.573  -24.714  63.390 0.0000000000
39369  -2.036  -23.915  65.063 0.0000000000
38536  -1.522  -24.597  64.454 0.0000000000
37670  -1.088  -25.285  64.991 0.0000000000
35839  0.291  -28.446  64.835 0.0000000000
36729  1.325  -26.248  67.235 0.0000000000
110907  3.058  -26.570  66.601 0.0000000000
52785  -25.769  -8.358  67.561 0.0000000000
54717  -29.272  -5.981  65.460 0.0000000000
66839  -39.944  7.835  46.455 0.0000000000
67700  -40.691  8.353  46.254 0.0000000000
111701  -42.400  8.738  43.925 0.0000000000
111501  -42.212  8.566  42.890 0.0000000000
111394  -42.938  8.560  42.155 0.0000000000
122358  -28.821  5.344  55.252 0.0000000000
131612  -29.570  5.995  54.840 0.0000000000
65064  -29.894  5.877  54.190 0.0000000000
65084  -30.702  5.664  53.549 0.0000000000
65101  -31.302  5.347  52.981 0.0000000000
64300  -32.988  4.236  51.753 0.0000000000
47523  -14.532  -14.219  58.743 0.0000000000
48351  -13.951  -13.495  59.203 0.0000000000
48372  -13.031  -13.554  57.165 0.0000000000
39329  -1.167  -23.535  68.625 0.0000000000
52916  -27.454  -8.083  55.184 0.0000000000
52917  -28.536  -7.792  55.178 0.0000000000
53949  -29.447  -7.265  55.766 0.0000000000
61839  -30.124  1.746  57.991 0.0000000000
44951  -17.792  -17.597  55.991 0.0000000000
115068  -18.436  -18.068  57.572 0.0000000000
45808  -20.202  -16.218  58.563 0.0000000000
45817  -20.162  -16.271  57.685 0.0000000000
47545  -20.313  -14.661  57.470 0.0000000000
48374  -20.203  -13.828  58.084 0.0000000000
127282  -23.585  -6.761  62.681 0.0000000000
122730  -22.241  -6.930  62.190 0.0000000000
53876  -22.118  -6.704  60.773 0.0000000000
114606  -21.922  -6.687  59.895 0.0000000000
53886  -22.766  -6.758  59.177 0.0000000000
111379  -21.751  -6.702  59.019 0.0000000000
53899  -21.544  -6.733  58.182 0.0000000000
53945  -23.435  -6.996  55.654 0.0000000000
43922  -18.339  -18.477  63.397 0.0000000000
44839  -18.995  -17.910  62.926 0.0000000000
43967  -18.400  -18.204  60.762 0.0000000000
44867  -19.475  -17.303  61.265 0.0000000000
44887  -19.066  -17.765  60.763 0.0000000000
119512  -17.803  -18.391  60.007 0.0000000000
43981  -17.958  -18.397  59.040 0.0000000000
43992  -17.727  -18.309  58.069 0.0000000000
66861  -35.157  7.171  41.437 0.0000000000
66886  -40.662  7.420  36.452 0.0000000000
68736  -44.391  9.657  39.757 0.0000000000
69664  -44.313  10.614  38.781 0.0000000000
126662  -45.187  12.534  37.254 0.0000000000
61894  -26.099  1.178  50.271 0.0000000000
118633  -25.366  0.365  49.631 0.0000000000
61911  -25.899  0.978  49.534 0.0000000000
60145  -31.806  -1.105  46.052 0.0000000000
61899  -35.567  0.954  50.776 0.0000000000
60995  -35.183  0.582  50.029 0.0000000000
61900  -36.507  0.867  50.870 0.0000000000
60997  -36.934  0.630  50.028 0.0000000000
60998  -37.724  0.900  49.980 0.0000000000
61011  -37.811  0.901  49.104 0.0000000000
61929  -38.363  1.433  48.805 0.0000000000
61930  -38.699  2.020  48.649 0.0000000000
63527  -39.040  3.312  48.447 0.0000000000
123908  -38.517  3.084  47.997 0.0000000000
45750  -6.862  -15.525  63.357 0.0000000000
117733  -6.467  -16.121  63.763 0.0000000000
44837  -6.285  -16.969  63.749 0.0000000000
43946  -5.750  -18.673  61.921 0.0000000000
43959  -5.789  -18.855  61.007 0.0000000000
34928  1.754  -29.079  65.738 0.0000000000
52870  -27.017  -7.968  59.331 0.0000000000
52872  -29.076  -7.856  59.524 0.0000000000
114889  -30.046  -7.757  59.827 0.0000000000
54771  -30.997  -6.875  60.670 0.0000000000
54772  -31.776  -6.356  60.080 0.0000000000
132117  -31.617  -5.310  63.297 0.0000000000
48303  -20.971  -12.621  63.854 0.0000000000
48316  -20.793  -12.649  63.123 0.0000000000
49155  -21.274  -12.179  63.460 0.0000000000
50061  -21.572  -11.682  63.456 0.0000000000
133393  -21.817  -10.863  63.848 0.0000000000
51911  -22.618  -10.008  65.545 0.0000000000
51927  -22.250  -10.127  64.955 0.0000000000
50994  -21.826  -10.099  64.271 0.0000000000
52838  -21.668  -9.056  63.937 0.0000000000
52839  -22.314  -8.246  64.212 0.0000000000
53829  -22.775  -7.453  63.802 0.0000000000
52801  -25.479  -7.965  66.743 0.0000000000
119219  -25.649  -7.218  65.380 0.0000000000
132863  -27.156  -6.651  65.304 0.0000000000
124016  -26.419  -6.877  65.125 0.0000000000
114094  -24.932  -7.350  65.123 0.0000000000
53814  -24.248  -7.318  64.554 0.0000000000
53831  -24.374  -6.988  63.703 0.0000000000
53830  -23.541  -6.971  63.378 0.0000000000
112941  -24.380  -6.816  62.838 0.0000000000
53863  -25.605  -7.339  61.523 0.0000000000
53851  -27.211  -7.574  62.177 0.0000000000
112625  -26.267  -7.637  61.405 0.0000000000
53889  -26.070  -7.932  59.949 0.0000000000
52858  -26.687  -7.991  59.890 0.0000000000
127233  -21.534  -12.107  66.173 0.0000000000
48283  -21.239  -12.276  65.484 0.0000000000
48292  -20.984  -12.555  64.674 0.0000000000
63564  -33.421  3.435  44.875 0.0000000000
64342  -33.827  4.221  44.947 0.0000000000
132025  -33.953  4.771  44.733 0.0000000000
65971  -35.741  6.345  45.279 0.0000000000
132283  -35.096  6.018  45.032 0.0000000000
65977  -34.524  6.431  44.053 0.0000000000
66838  -39.259  7.873  45.800 0.0000000000
66837  -38.414  7.690  45.464 0.0000000000
66844  -38.166  7.888  44.636 0.0000000000
66850  -37.099  7.872  43.661 0.0000000000
122760  -36.100  7.770  42.567 0.0000000000
66862  -35.949  7.663  41.527 0.0000000000
116705  -37.056  7.643  40.225 0.0000000000
67752  -37.780  8.182  40.898 0.0000000000
66872  -38.364  7.555  39.368 0.0000000000
66873  -38.952  7.591  38.978 0.0000000000
67763  -39.620  7.996  39.254 0.0000000000
111188  -41.167  8.687  39.698 0.0000000000
67748  -43.681  8.621  41.377 0.0000000000
67758  -43.571  8.881  40.598 0.0000000000
67768  -43.990  9.231  40.193 0.0000000000
68737  -45.187  9.758  39.818 0.0000000000
59156  -26.535  -1.725  54.456 0.0000000000
60057  -26.763  -0.849  54.219 0.0000000000
60074  -26.358  -0.409  53.532 0.0000000000
60087  -26.023  -0.056  52.812 0.0000000000
60977  -27.382  0.757  53.639 0.0000000000
60976  -26.683  0.399  53.225 0.0000000000
60982  -26.225  0.733  52.488 0.0000000000
60987  -25.878  0.797  51.740 0.0000000000
60994  -25.999  1.000  50.990 0.0000000000
64256  -28.417  4.597  53.950 0.0000000000
64284  -28.754  4.600  52.569 0.0000000000
63486  -28.260  3.829  52.278 0.0000000000
125846  -27.559  2.489  52.155 0.0000000000
61896  -27.082  1.955  51.128 0.0000000000
61895  -26.531  1.557  50.702 0.0000000000
61912  -26.517  1.562  49.777 0.0000000000
62754  -27.074  2.006  49.515 0.0000000000
62755  -27.527  2.282  48.856 0.0000000000
62739  -28.233  2.718  49.355 0.0000000000
62771  -27.950  2.113  47.958 0.0000000000
62772  -28.812  2.231  47.928 0.0000000000
61945  -29.557  1.783  47.442 0.0000000000
62742  -31.650  2.525  49.214 0.0000000000
62760  -32.091  1.896  48.744 0.0000000000
61897  -33.936  1.609  50.183 0.0000000000
63500  -33.466  3.644  51.322 0.0000000000
63501  -34.336  3.456  51.475 0.0000000000
63489  -35.669  3.715  52.176 0.0000000000
62709  -34.762  2.643  51.269 0.0000000000
62728  -35.133  1.726  51.147 0.0000000000
61886  -36.003  1.451  51.419 0.0000000000
61888  -37.676  1.747  51.401 0.0000000000
48339  -13.869  -13.565  60.144 0.0000000000
48338  -13.270  -13.138  60.532 0.0000000000
48326  -13.205  -13.183  61.406 0.0000000000
48349  -11.790  -12.651  59.262 0.0000000000
49170  -12.532  -12.838  60.819 0.0000000000
48313  -13.153  -13.211  62.263 0.0000000000
48312  -12.356  -12.858  62.566 0.0000000000
48299  -12.638  -12.931  63.573 0.0000000000
126866  -10.795  -12.710  62.974 0.0000000000
46624  -9.587  -13.227  62.274 0.0000000000
46649  -9.622  -13.194  60.608 0.0000000000
46637  -9.700  -13.150  61.573 0.0000000000
46636  -9.123  -13.536  61.730 0.0000000000
73086  -44.558  14.164  32.838 0.0000000000
127802  -27.842  -5.420  52.916 0.0000000000
56478  -26.971  -4.075  54.065 0.0000000000
57309  -26.663  -3.347  54.484 0.0000000000
52882  -28.319  -7.809  58.547 0.0000000000
52893  -28.960  -7.778  57.862 0.0000000000
53920  -29.719  -7.608  57.256 0.0000000000
54793  -31.125  -6.768  57.730 0.0000000000
53921  -30.462  -7.354  57.551 0.0000000000
54792  -30.309  -6.981  56.815 0.0000000000
55641  -30.207  -5.979  56.453 0.0000000000
55651  -29.665  -5.254  56.134 0.0000000000
57268  -31.233  -3.400  57.898 0.0000000000
58161  -31.010  -2.516  58.208 0.0000000000
56445  -30.799  -3.743  57.298 0.0000000000
56444  -30.332  -4.252  56.788 0.0000000000
56456  -29.663  -4.479  56.384 0.0000000000
56455  -29.065  -4.055  56.165 0.0000000000
57297  -28.397  -3.605  55.841 0.0000000000
119516  -29.031  -2.133  56.528 0.0000000000
58189  -27.943  -2.834  55.674 0.0000000000
58188  -27.125  -2.071  54.989 0.0000000000
59157  -27.271  -1.277  54.844 0.0000000000
60956  -28.749  0.548  55.228 0.0000000000
61866  -28.824  1.331  54.922 0.0000000000
62686  -28.846  2.792  55.148 0.0000000000
64252  -28.731  4.565  55.450 0.0000000000
62674  -29.949  2.431  57.764 0.0000000000
63453  -29.463  3.802  57.218 0.0000000000
64235  -29.663  4.808  58.310 0.0000000000
64241  -29.479  4.622  57.657 0.0000000000
64246  -29.089  4.194  56.299 0.0000000000
118276  -28.971  5.191  55.993 0.0000000000
49164  -20.459  -12.558  62.415 0.0000000000
49171  -20.230  -12.467  61.669 0.0000000000
114584  -20.162  -12.402  60.827 0.0000000000
49185  -19.993  -13.030  60.313 0.0000000000
124175  -20.145  -13.110  59.424 0.0000000000
49208  -20.067  -12.526  58.672 0.0000000000
48362  -19.995  -12.944  57.662 0.0000000000
52851  -20.806  -8.393  61.581 0.0000000000
128260  -20.556  -8.765  60.972 0.0000000000
52867  -20.250  -8.328  59.506 0.0000000000
51973  -20.157  -9.501  59.796 0.0000000000
51039  -20.176  -10.541  59.750 0.0000000000
51048  -19.979  -10.898  58.972 0.0000000000
124702  -19.692  -11.877  57.790 0.0000000000
45772  -14.535  -16.527  60.927 0.0000000000
131785  -17.647  -18.556  62.159 0.0000000000
43949  -16.275  -18.588  61.649 0.0000000000
43964  -15.656  -18.371  61.004 0.0000000000
44905  -15.470  -17.694  59.453 0.0000000000
44885  -15.204  -17.857  60.412 0.0000000000
45786  -14.873  -16.909  60.006 0.0000000000
45795  -14.897  -15.922  59.347 0.0000000000
115701  -14.887  -15.122  58.824 0.0000000000
46680  -14.959  -14.779  57.951 0.0000000000
46688  -14.778  -14.625  56.937 0.0000000000
45825  -15.573  -16.253  55.980 0.0000000000
66878  -40.212  8.002  37.671 0.0000000000
68752  -41.771  9.992  38.115 0.0000000000
67783  -40.917  8.637  35.840 0.0000000000
68759  -41.248  9.243  35.396 0.0000000000
68766  -41.629  9.042  34.844 0.0000000000
71381  -43.108  12.624  33.964 0.0000000000
71377  -43.115  12.684  34.821 0.0000000000
73071  -44.811  14.216  35.155 0.0000000000
41125  -3.550  -21.343  65.226 0.0000000000
41124  -3.158  -21.999  65.556 0.0000000000
40223  -2.789  -22.586  64.327 0.0000000000
119713  -2.457  -23.160  63.995 0.0000000000
39399  -2.502  -23.491  62.543 0.0000000000
39391  -2.329  -23.474  63.367 0.0000000000
58214  -25.264  -2.526  53.204 0.0000000000
61969  -30.119  1.013  46.839 0.0000000000
61947  -31.709  0.662  47.781 0.0000000000
61056  -31.453  -0.634  46.614 0.0000000000
60146  -32.695  -1.042  46.200 0.0000000000
60104  -34.814  0.310  49.134 0.0000000000
61018  -34.114  -0.019  48.597 0.0000000000
60113  -34.068  -0.337  47.855 0.0000000000
132246  -35.137  0.504  48.042 0.0000000000
61069  -33.125  0.007  45.320 0.0000000000
61057  -34.492  0.680  45.968 0.0000000000
61981  -33.635  0.894  45.386 0.0000000000
62806  -33.666  2.748  45.300 0.0000000000
63565  -34.054  3.476  45.423 0.0000000000
126529  -35.144  4.014  45.942 0.0000000000
64332  -36.681  4.531  46.700 0.0000000000
65134  -36.735  5.469  46.488 0.0000000000
65135  -37.483  5.765  46.805 0.0000000000
63538  -39.131  4.153  48.303 0.0000000000
43021  -4.303  -20.107  66.121 0.0000000000
42060  -3.906  -20.733  65.724 0.0000000000
41141  -3.626  -21.270  64.241 0.0000000000
41160  -3.472  -21.557  63.424 0.0000000000
43069  -4.773  -20.083  61.612 0.0000000000
40211  -2.733  -22.653  65.831 0.0000000000
39357  -2.408  -23.244  66.371 0.0000000000
39344  -2.411  -23.141  67.248 0.0000000000
38485  -0.913  -24.138  68.263 0.0000000000
37669  -0.570  -25.906  65.626 0.0000000000
38484  -0.003  -24.334  68.221 0.0000000000
38483  0.895  -24.221  67.996 0.0000000000
38482  1.701  -24.311  67.851 0.0000000000
37648  1.696  -25.556  67.389 0.0000000000
129536  1.915  -24.931  67.576 0.0000000000
34002  2.242  -29.613  65.818 0.0000000000
41112  -3.100  -21.868  66.942 0.0000000000
43940  -18.341  -18.380  62.529 0.0000000000
43950  -17.182  -18.591  61.550 0.0000000000
44853  -19.249  -17.504  62.098 0.0000000000
45798  -20.198  -16.096  59.470 0.0000000000
45807  -19.944  -17.002  58.117 0.0000000000
46616  -18.857  -15.107  64.802 0.0000000000
46650  -14.484  -15.523  61.081 0.0000000000
47543  -14.166  -14.005  56.981 0.0000000000
48315  -20.145  -13.116  62.726 0.0000000000
48328  -19.806  -13.096  61.934 0.0000000000
48340  -19.816  -13.040  61.117 0.0000000000
48359  -12.422  -12.906  58.369 0.0000000000
48360  -13.290  -13.054  58.707 0.0000000000
48363  -20.172  -13.249  58.565 0.0000000000
48373  -13.700  -13.635  57.392 0.0000000000
49139  -21.708  -11.677  65.683 0.0000000000
49183  -11.924  -12.626  60.236 0.0000000000
50043  -22.553  -10.928  66.190 0.0000000000
50062  -21.787  -11.358  63.958 0.0000000000
50981  -22.322  -10.833  65.368 0.0000000000
51012  -21.266  -11.093  62.220 0.0000000000
51022  -21.011  -11.043  61.551 0.0000000000
51967  -20.439  -9.553  60.642 0.0000000000
52813  -23.713  -8.355  65.550 0.0000000000
52857  -20.412  -8.567  60.328 0.0000000000
52869  -26.381  -7.969  59.412 0.0000000000
52901  -26.521  -7.867  56.917 0.0000000000
53797  -25.203  -7.690  65.945 0.0000000000
53813  -23.469  -7.882  64.863 0.0000000000
53849  -23.150  -6.670  62.114 0.0000000000
53864  -27.032  -7.805  61.487 0.0000000000
53867  -29.465  -7.372  61.378 0.0000000000
53882  -30.166  -7.389  60.649 0.0000000000
53890  -29.978  -7.981  58.956 0.0000000000
53928  -22.937  -6.789  56.112 0.0000000000
53930  -24.315  -7.579  56.757 0.0000000000
54783  -31.363  -7.082  58.696 0.0000000000
56467  -29.210  -4.726  56.002 0.0000000000
57296  -27.699  -3.479  55.404 0.0000000000
58229  -24.981  -2.717  52.572 0.0000000000
59202  -25.017  -0.945  51.822 0.0000000000
60133  -35.248  0.732  47.633 0.0000000000
61009  -35.615  0.366  49.371 0.0000000000
61031  -26.438  0.913  47.183 0.0000000000
61035  -35.485  0.878  47.243 0.0000000000
62758  -30.564  2.437  48.604 0.0000000000
62761  -38.642  2.556  48.316 0.0000000000
63519  -29.749  3.264  49.892 0.0000000000
63521  -39.621  3.151  49.055 0.0000000000
64297  -29.535  4.630  52.076 0.0000000000
65063  -28.643  5.205  54.069 0.0000000000
66848  -35.512  7.391  43.147 0.0000000000
67717  -37.557  8.247  43.099 0.0000000000
112266  -23.063  -6.681  60.761 0.0000000000
112784  -23.845  -6.893  60.260 0.0000000000
115980  -29.013  5.629  54.615 0.0000000000
116197  -36.277  7.545  40.693 0.0000000000
120668  -13.755  -13.789  62.766 0.0000000000
124382  -24.951  -10.054  68.172 0.0000000000
124400  -19.402  -14.539  62.174 0.0000000000
125115  -14.321  -15.077  61.775 0.0000000000
125364  -31.966  -4.891  63.790 0.0000000000
126549  -19.500  -13.852  61.918 0.0000000000
126914  -26.611  -7.579  61.975 0.0000000000
127582  -20.152  -12.277  59.790 0.0000000000
127878  -36.558  2.127  46.922 0.0000000000
128831  -22.948  -7.821  64.373 0.0000000000
129820  -32.119  -5.680  58.719 0.0000000000
130747  -30.722  -6.876  57.267 0.0000000000
130908  -37.220  0.619  49.334 0.0000000000
131009  -36.701  1.207  47.610 0.0000000000
131714  -28.388  -7.683  56.394 0.0000000000
131728  -28.626  -7.847  59.039 0.0000000000
132091  -27.610  -2.305  55.461 0.0000000000
132363  -14.241  -14.123  60.538 0.0000000000
