#!ascii label  , from subject sub-v1s23x0050551_ses-1 vox2ras=TkReg
524
7768  -40.461  -62.838  13.373 0.0000000000
11388  -41.700  -56.744  5.954 0.0000000000
10500  -35.275  -58.485  12.817 0.0000000000
9818  -40.011  -59.732  9.921 0.0000000000
12892  -34.452  -55.373  6.423 0.0000000000
11291  -42.965  -57.218  14.564 0.0000000000
13617  -36.507  -53.886  12.182 0.0000000000
129656  -39.061  -50.030  12.605 0.0000000000
115620  -32.440  -55.177  11.004 0.0000000000
126513  -34.406  -57.671  9.388 0.0000000000
14446  -32.426  -53.669  8.952 0.0000000000
132396  -40.653  -55.685  12.643 0.0000000000
13652  -41.139  -54.297  10.524 0.0000000000
17227  -38.866  -49.203  9.973 0.0000000000
17225  -36.427  -49.361  10.789 0.0000000000
7136  -38.348  -63.986  12.101 0.0000000000
10569  -40.318  -58.657  6.505 0.0000000000
130728  -41.495  -61.196  8.867 0.0000000000
9161  -43.851  -60.621  7.680 0.0000000000
9775  -38.137  -59.801  13.940 0.0000000000
9118  -39.689  -60.904  12.406 0.0000000000
10555  -36.848  -58.517  7.527 0.0000000000
12149  -38.282  -56.328  5.634 0.0000000000
11288  -39.458  -57.599  14.741 0.0000000000
12056  -35.951  -56.205  13.590 0.0000000000
14388  -32.719  -53.635  13.067 0.0000000000
15128  -41.199  -52.142  13.243 0.0000000000
15157  -37.282  -52.484  11.104 0.0000000000
15807  -34.633  -51.614  13.079 0.0000000000
18863  -31.792  -48.315  13.296 0.0000000000
7813  -38.550  -61.947  9.960 0.0000000000
127518  -40.313  -50.030  3.834 0.0000000000
14493  -44.104  -53.261  4.983 0.0000000000
12161  -44.855  -55.552  4.255 0.0000000000
14436  -32.102  -53.382  11.081 0.0000000000
13664  -32.369  -54.714  9.777 0.0000000000
7137  -40.001  -63.870  12.338 0.0000000000
11373  -41.377  -57.678  6.153 0.0000000000
9856  -41.944  -59.441  7.004 0.0000000000
11374  -43.289  -57.598  6.329 0.0000000000
10573  -45.464  -58.300  6.239 0.0000000000
12140  -44.299  -56.483  6.152 0.0000000000
9773  -36.620  -59.141  13.286 0.0000000000
124354  -35.660  -59.209  11.567 0.0000000000
128087  -33.724  -56.028  7.632 0.0000000000
11355  -35.206  -57.737  8.254 0.0000000000
11367  -35.831  -57.194  6.851 0.0000000000
121776  -37.639  -57.714  6.348 0.0000000000
12146  -36.059  -56.140  5.974 0.0000000000
9754  -40.070  -59.194  15.478 0.0000000000
11289  -40.978  -57.224  14.658 0.0000000000
12829  -38.503  -55.176  12.206 0.0000000000
130756  -38.787  -55.870  13.437 0.0000000000
111397  -36.169  -55.256  13.357 0.0000000000
13602  -34.480  -54.854  13.377 0.0000000000
112481  -34.870  -53.948  13.320 0.0000000000
15827  -40.036  -50.968  12.501 0.0000000000
15838  -39.714  -51.497  11.651 0.0000000000
127778  -38.738  -50.973  11.465 0.0000000000
17997  -35.007  -48.662  12.672 0.0000000000
16476  -34.932  -49.985  12.606 0.0000000000
17204  -34.464  -49.342  13.037 0.0000000000
16474  -33.129  -50.339  13.383 0.0000000000
9135  -40.586  -60.191  11.077 0.0000000000
7801  -39.741  -61.742  11.306 0.0000000000
9136  -41.003  -60.337  10.623 0.0000000000
8512  -38.197  -61.568  7.646 0.0000000000
15918  -39.915  -50.236  3.093 0.0000000000
14504  -42.225  -52.074  4.348 0.0000000000
13725  -45.043  -53.004  3.526 0.0000000000
11327  -33.635  -57.417  11.630 0.0000000000
10531  -34.619  -58.358  10.696 0.0000000000
12099  -32.743  -56.188  10.191 0.0000000000
12120  -32.797  -55.787  8.881 0.0000000000
13684  -32.852  -54.406  7.663 0.0000000000
118970  -41.948  -56.203  13.149 0.0000000000
12844  -41.247  -54.877  10.862 0.0000000000
13632  -38.742  -54.323  10.747 0.0000000000
124773  -38.839  -49.670  11.794 0.0000000000
16498  -37.501  -50.613  11.072 0.0000000000
17226  -37.575  -49.274  9.981 0.0000000000
18017  -36.712  -48.717  10.586 0.0000000000
18867  -35.641  -47.260  12.161 0.0000000000
9841  -40.026  -59.617  8.019 0.0000000000
8483  -41.318  -60.411  10.127 0.0000000000
9830  -41.708  -60.056  8.746 0.0000000000
8499  -42.949  -60.772  8.343 0.0000000000
8531  -42.715  -61.711  7.427 0.0000000000
8519  -44.227  -60.903  6.956 0.0000000000
123942  -45.249  -59.446  5.612 0.0000000000
10592  -45.371  -58.476  4.684 0.0000000000
115607  -39.545  -61.037  14.459 0.0000000000
116994  -40.117  -62.521  12.699 0.0000000000
9126  -39.094  -60.386  12.092 0.0000000000
9817  -38.880  -59.627  9.871 0.0000000000
10539  -35.586  -58.587  9.367 0.0000000000
9826  -36.859  -59.088  8.804 0.0000000000
9839  -38.201  -59.335  8.097 0.0000000000
10567  -38.546  -58.711  6.845 0.0000000000
11371  -39.721  -57.759  6.133 0.0000000000
116042  -39.996  -56.050  5.618 0.0000000000
129292  -39.671  -59.791  15.355 0.0000000000
10492  -38.514  -58.717  14.708 0.0000000000
10502  -36.738  -58.296  13.759 0.0000000000
12060  -40.089  -56.441  14.019 0.0000000000
11286  -37.902  -57.128  14.203 0.0000000000
112029  -34.936  -57.244  13.317 0.0000000000
12053  -33.891  -56.390  13.044 0.0000000000
13616  -32.581  -54.606  12.366 0.0000000000
121359  -31.587  -51.970  12.008 0.0000000000
15162  -41.724  -52.453  11.728 0.0000000000
14423  -39.527  -53.351  10.662 0.0000000000
14420  -36.826  -53.289  11.457 0.0000000000
15825  -36.477  -51.340  11.332 0.0000000000
15141  -35.919  -52.261  12.057 0.0000000000
14405  -35.638  -52.920  12.626 0.0000000000
15806  -33.457  -51.791  13.374 0.0000000000
15804  -31.869  -51.475  12.950 0.0000000000
7789  -39.859  -62.395  11.956 0.0000000000
7152  -38.420  -63.052  10.970 0.0000000000
122625  -39.638  -61.566  9.498 0.0000000000
8481  -37.662  -61.843  9.148 0.0000000000
13697  -36.656  -54.809  5.406 0.0000000000
117198  -38.771  -55.138  5.355 0.0000000000
122084  -40.873  -55.043  5.530 0.0000000000
14491  -41.547  -53.376  4.962 0.0000000000
12908  -43.348  -54.900  5.776 0.0000000000
12909  -44.867  -54.716  5.637 0.0000000000
12911  -46.460  -55.378  4.944 0.0000000000
15845  -31.600  -51.923  11.235 0.0000000000
15167  -31.904  -52.562  10.760 0.0000000000
7127  -40.421  -63.869  12.797 0.0000000000
129824  -40.405  -63.349  12.812 0.0000000000
113750  -42.138  -58.156  6.353 0.0000000000
127443  -42.206  -57.358  6.167 0.0000000000
12139  -42.886  -56.592  6.094 0.0000000000
9772  -35.862  -59.019  12.693 0.0000000000
9785  -36.443  -59.499  12.454 0.0000000000
10511  -35.236  -58.908  12.079 0.0000000000
12883  -34.005  -55.746  7.018 0.0000000000
12131  -35.079  -56.845  7.117 0.0000000000
12136  -34.730  -56.144  6.740 0.0000000000
12137  -35.529  -56.517  6.521 0.0000000000
12893  -35.250  -55.756  6.187 0.0000000000
11276  -43.458  -57.828  15.121 0.0000000000
11275  -42.375  -57.785  15.190 0.0000000000
11274  -41.347  -57.873  15.213 0.0000000000
11290  -41.905  -57.221  14.652 0.0000000000
13618  -37.826  -54.719  11.811 0.0000000000
12828  -37.764  -55.233  12.724 0.0000000000
13605  -36.996  -54.678  12.571 0.0000000000
13603  -35.467  -54.558  13.267 0.0000000000
14392  -35.762  -53.683  12.854 0.0000000000
15808  -38.715  -50.639  13.739 0.0000000000
15809  -39.484  -50.525  12.806 0.0000000000
15810  -39.755  -51.179  13.439 0.0000000000
15826  -39.434  -50.820  11.883 0.0000000000
16478  -39.129  -50.325  11.852 0.0000000000
120563  -34.591  -47.873  13.090 0.0000000000
17996  -33.781  -48.548  13.348 0.0000000000
18865  -33.576  -47.569  13.412 0.0000000000
118994  -40.595  -60.936  11.045 0.0000000000
15898  -43.239  -50.674  3.068 0.0000000000
14514  -44.947  -52.228  3.343 0.0000000000
14533  -44.489  -51.735  2.578 0.0000000000
12078  -32.881  -56.105  11.822 0.0000000000
12092  -33.160  -56.732  11.343 0.0000000000
12842  -32.661  -56.035  10.953 0.0000000000
131750  -32.358  -54.058  9.532 0.0000000000
12865  -32.520  -55.343  9.281 0.0000000000
13674  -32.458  -54.564  8.912 0.0000000000
12881  -32.894  -55.112  7.822 0.0000000000
120012  -32.596  -54.033  8.252 0.0000000000
13633  -39.518  -54.583  10.831 0.0000000000
13634  -40.456  -54.552  10.732 0.0000000000
17207  -38.857  -49.328  11.341 0.0000000000
16488  -38.123  -49.789  10.533 0.0000000000
122886  -35.613  -48.049  12.022 0.0000000000
116752  -37.873  -63.595  11.492 0.0000000000
9854  -40.106  -59.304  7.111 0.0000000000
9842  -40.953  -59.771  7.973 0.0000000000
9855  -41.033  -59.384  7.016 0.0000000000
9857  -42.815  -59.441  6.959 0.0000000000
9844  -42.744  -60.024  7.811 0.0000000000
9160  -43.220  -60.593  8.086 0.0000000000
8517  -43.364  -61.197  7.861 0.0000000000
126039  -43.790  -61.266  7.299 0.0000000000
11376  -45.996  -57.349  5.960 0.0000000000
9859  -45.569  -58.910  6.078 0.0000000000
10574  -46.150  -57.864  5.724 0.0000000000
9878  -45.850  -58.493  5.077 0.0000000000
10583  -46.612  -57.251  4.996 0.0000000000
9096  -38.795  -60.278  14.219 0.0000000000
113675  -39.173  -60.769  13.670 0.0000000000
9808  -38.691  -59.742  10.668 0.0000000000
9807  -37.569  -59.636  10.598 0.0000000000
11344  -34.068  -57.669  10.177 0.0000000000
10532  -35.329  -58.783  10.314 0.0000000000
10538  -34.792  -58.205  9.807 0.0000000000
10548  -36.159  -58.666  8.681 0.0000000000
116631  -36.620  -58.741  8.179 0.0000000000
9827  -37.840  -59.428  9.033 0.0000000000
10557  -38.527  -59.157  7.450 0.0000000000
11384  -38.043  -57.154  5.908 0.0000000000
11370  -38.591  -57.925  6.285 0.0000000000
11385  -38.921  -57.080  5.813 0.0000000000
11386  -39.778  -56.809  5.770 0.0000000000
12150  -39.192  -56.240  5.627 0.0000000000
10479  -39.804  -58.404  15.161 0.0000000000
9753  -39.197  -59.145  15.116 0.0000000000
10493  -39.077  -58.326  14.904 0.0000000000
130851  -38.084  -58.434  14.501 0.0000000000
11287  -38.472  -57.870  14.591 0.0000000000
12061  -40.888  -56.176  13.448 0.0000000000
12040  -40.708  -56.694  14.217 0.0000000000
12815  -40.019  -55.860  13.235 0.0000000000
125923  -36.627  -55.994  13.574 0.0000000000
12058  -38.307  -56.247  13.794 0.0000000000
117693  -36.492  -56.749  13.709 0.0000000000
11303  -37.035  -57.366  13.930 0.0000000000
113378  -35.693  -57.046  13.570 0.0000000000
12054  -34.550  -56.676  13.277 0.0000000000
12055  -35.199  -56.490  13.468 0.0000000000
124937  -33.248  -54.026  13.248 0.0000000000
12809  -33.010  -55.105  12.779 0.0000000000
14404  -32.459  -53.865  12.563 0.0000000000
14403  -32.212  -53.402  12.265 0.0000000000
15140  -32.337  -53.144  12.739 0.0000000000
15159  -39.082  -52.455  11.016 0.0000000000
15158  -38.110  -52.554  10.887 0.0000000000
14422  -38.510  -53.604  10.653 0.0000000000
120921  -36.974  -49.767  10.399 0.0000000000
16487  -36.862  -50.345  10.937 0.0000000000
15823  -35.142  -50.734  12.532 0.0000000000
15824  -35.559  -51.503  12.269 0.0000000000
15126  -35.159  -52.389  12.935 0.0000000000
133901  -34.718  -52.853  13.276 0.0000000000
17202  -32.323  -49.789  13.363 0.0000000000
16473  -32.186  -50.749  13.251 0.0000000000
17201  -31.531  -50.065  13.089 0.0000000000
16472  -31.585  -50.813  12.904 0.0000000000
8456  -39.847  -61.648  12.568 0.0000000000
7800  -38.981  -62.302  10.690 0.0000000000
7799  -38.000  -62.602  10.350 0.0000000000
7812  -37.686  -62.175  9.778 0.0000000000
8497  -41.204  -61.056  9.628 0.0000000000
8496  -40.317  -61.411  9.072 0.0000000000
128563  -37.260  -61.535  7.458 0.0000000000
8494  -37.905  -61.627  8.386 0.0000000000
13696  -35.765  -54.451  5.526 0.0000000000
127343  -36.407  -54.044  5.298 0.0000000000
13700  -39.181  -54.590  5.216 0.0000000000
12905  -39.471  -55.388  5.456 0.0000000000
13701  -40.132  -54.620  5.317 0.0000000000
14503  -40.916  -52.586  4.606 0.0000000000
14492  -42.742  -53.201  4.959 0.0000000000
13703  -42.168  -54.037  5.374 0.0000000000
126393  -43.168  -53.813  5.361 0.0000000000
13704  -44.179  -54.052  5.472 0.0000000000
13714  -45.518  -53.712  4.214 0.0000000000
13706  -45.880  -54.396  4.736 0.0000000000
12922  -45.878  -54.718  4.578 0.0000000000
13629  -32.278  -54.277  11.161 0.0000000000
13649  -32.356  -54.737  10.483 0.0000000000
13648  -32.260  -53.959  10.306 0.0000000000
14445  -32.299  -53.343  9.685 0.0000000000
14454  -32.359  -52.814  9.028 0.0000000000
18038  -39.036  -48.501  9.454 0.0000000000
131313  -39.060  -63.787  11.895 0.0000000000
11372  -40.621  -57.986  6.213 0.0000000000
10570  -41.308  -58.646  6.453 0.0000000000
115218  -42.154  -58.901  6.589 0.0000000000
9858  -43.795  -59.400  6.803 0.0000000000
113871  -44.839  -59.321  6.484 0.0000000000
10572  -44.230  -58.491  6.496 0.0000000000
11375  -44.862  -57.424  6.283 0.0000000000
12141  -45.642  -56.459  5.890 0.0000000000
9774  -37.453  -59.459  13.599 0.0000000000
9786  -37.190  -59.741  12.900 0.0000000000
9795  -36.344  -59.530  11.545 0.0000000000
12122  -33.886  -56.620  8.275 0.0000000000
10546  -34.987  -57.982  9.002 0.0000000000
11360  -34.719  -57.115  7.842 0.0000000000
11361  -35.516  -57.498  7.504 0.0000000000
11368  -36.340  -57.814  7.105 0.0000000000
10566  -37.200  -58.181  6.837 0.0000000000
130185  -36.326  -57.377  6.700 0.0000000000
11369  -37.232  -57.067  6.084 0.0000000000
12147  -36.889  -56.420  5.832 0.0000000000
11273  -40.399  -57.774  15.007 0.0000000000
113581  -40.050  -55.412  12.226 0.0000000000
12814  -39.190  -55.553  12.862 0.0000000000
12813  -38.393  -55.590  13.118 0.0000000000
12812  -37.127  -55.499  13.306 0.0000000000
12811  -35.449  -55.816  13.505 0.0000000000
111539  -35.254  -55.272  13.417 0.0000000000
113835  -33.971  -54.038  13.372 0.0000000000
15811  -40.537  -51.544  13.164 0.0000000000
15143  -40.532  -51.491  12.044 0.0000000000
15837  -38.831  -51.594  11.297 0.0000000000
15836  -37.989  -51.642  11.087 0.0000000000
17998  -35.805  -48.833  11.548 0.0000000000
16486  -35.950  -50.070  11.370 0.0000000000
17205  -35.442  -49.363  12.056 0.0000000000
16475  -34.073  -50.063  13.220 0.0000000000
117433  -34.000  -50.858  13.278 0.0000000000
17203  -33.378  -49.491  13.377 0.0000000000
116798  -32.560  -48.884  13.422 0.0000000000
119466  -32.693  -48.019  13.445 0.0000000000
9127  -40.085  -60.552  11.615 0.0000000000
8463  -40.077  -61.165  11.714 0.0000000000
8464  -40.583  -60.555  11.097 0.0000000000
8472  -39.732  -61.610  10.406 0.0000000000
8514  -39.801  -61.510  7.987 0.0000000000
15919  -40.811  -50.114  3.118 0.0000000000
16599  -40.694  -50.093  3.503 0.0000000000
15895  -40.699  -50.573  4.036 0.0000000000
15897  -42.283  -50.695  3.527 0.0000000000
15220  -43.449  -51.209  3.566 0.0000000000
14505  -43.607  -52.372  4.338 0.0000000000
131282  -44.921  -53.572  5.114 0.0000000000
13726  -45.166  -52.918  3.821 0.0000000000
12921  -44.929  -54.173  3.852 0.0000000000
11328  -34.144  -57.975  11.924 0.0000000000
10521  -34.610  -58.452  11.582 0.0000000000
11336  -34.055  -57.892  11.136 0.0000000000
11343  -33.514  -57.055  10.122 0.0000000000
12853  -32.475  -55.502  10.167 0.0000000000
12111  -32.719  -56.007  9.527 0.0000000000
12121  -33.199  -56.341  8.979 0.0000000000
12129  -33.163  -55.828  8.183 0.0000000000
12891  -33.658  -54.936  6.730 0.0000000000
12042  -42.494  -56.672  13.882 0.0000000000
12816  -41.420  -55.728  12.438 0.0000000000
12832  -41.813  -55.331  11.411 0.0000000000
12831  -40.900  -55.345  11.719 0.0000000000
12830  -39.327  -55.110  11.670 0.0000000000
13619  -38.624  -54.737  11.253 0.0000000000
14407  -37.220  -54.122  11.513 0.0000000000
131051  -38.704  -49.697  13.012 0.0000000000
126963  -38.723  -50.064  11.451 0.0000000000
18018  -37.998  -48.662  9.718 0.0000000000
130479  -35.056  -47.353  12.838 0.0000000000
9828  -40.024  -59.711  9.000 0.0000000000
9819  -41.019  -59.931  10.019 0.0000000000
9829  -40.975  -59.885  9.040 0.0000000000
9153  -41.764  -60.399  9.116 0.0000000000
114963  -41.935  -61.012  8.955 0.0000000000
8530  -41.058  -61.945  7.074 0.0000000000
118204  -44.811  -59.792  6.481 0.0000000000
9168  -44.636  -60.300  6.358 0.0000000000
9177  -44.663  -60.280  5.509 0.0000000000
9184  -44.665  -60.043  4.841 0.0000000000
9877  -45.021  -59.311  4.740 0.0000000000
8432  -40.273  -62.146  14.332 0.0000000000
8444  -39.815  -61.734  13.414 0.0000000000
133873  -39.517  -61.085  13.068 0.0000000000
9134  -39.593  -60.094  11.323 0.0000000000
9809  -39.910  -59.818  10.693 0.0000000000
10522  -35.169  -58.900  11.195 0.0000000000
9794  -35.839  -59.234  10.865 0.0000000000
120842  -36.335  -58.994  9.294 0.0000000000
128285  -37.971  -59.535  9.958 0.0000000000
115236  -38.969  -59.579  8.967 0.0000000000
9840  -39.105  -59.527  8.064 0.0000000000
9853  -39.233  -59.226  7.255 0.0000000000
10568  -39.387  -58.631  6.596 0.0000000000
126145  -37.935  -58.303  6.658 0.0000000000
11387  -40.615  -57.084  5.900 0.0000000000
12151  -40.990  -55.937  5.720 0.0000000000
8418  -40.252  -61.494  15.177 0.0000000000
9765  -39.173  -60.101  14.902 0.0000000000
9764  -38.552  -59.552  14.564 0.0000000000
9763  -37.848  -59.051  14.293 0.0000000000
126197  -37.212  -58.848  13.865 0.0000000000
10501  -35.981  -58.470  13.297 0.0000000000
12041  -41.468  -56.661  14.075 0.0000000000
128920  -39.537  -56.840  14.373 0.0000000000
12059  -39.242  -56.222  13.787 0.0000000000
12038  -38.795  -56.957  14.356 0.0000000000
11302  -36.216  -57.646  13.649 0.0000000000
10499  -34.733  -57.921  12.947 0.0000000000
12080  -34.180  -57.263  12.886 0.0000000000
12079  -33.441  -56.824  12.280 0.0000000000
124537  -33.732  -55.506  13.160 0.0000000000
13630  -32.466  -54.845  11.713 0.0000000000
133096  -32.198  -53.749  11.521 0.0000000000
15156  -31.858  -52.644  11.544 0.0000000000
15161  -40.910  -52.293  11.482 0.0000000000
14424  -40.489  -53.184  10.764 0.0000000000
13651  -40.172  -54.072  10.438 0.0000000000
13650  -39.247  -54.085  10.532 0.0000000000
13631  -37.980  -54.288  10.969 0.0000000000
16499  -38.215  -50.840  11.237 0.0000000000
15835  -37.218  -51.535  11.112 0.0000000000
114149  -35.971  -50.807  11.512 0.0000000000
15142  -36.582  -52.341  11.445 0.0000000000
14406  -36.203  -53.070  12.053 0.0000000000
14391  -35.122  -53.178  13.168 0.0000000000
14390  -34.377  -53.319  13.369 0.0000000000
15125  -33.254  -52.575  13.379 0.0000000000
123405  -33.014  -51.076  13.398 0.0000000000
15805  -32.501  -51.622  13.254 0.0000000000
15123  -32.179  -52.316  12.944 0.0000000000
117539  -31.790  -51.959  12.564 0.0000000000
16485  -31.217  -50.436  12.390 0.0000000000
121971  -40.090  -63.346  12.310 0.0000000000
7153  -39.539  -63.459  11.878 0.0000000000
129588  -38.792  -63.479  11.544 0.0000000000
7788  -39.270  -62.799  11.340 0.0000000000
7165  -37.402  -63.201  10.882 0.0000000000
129235  -40.937  -61.036  10.318 0.0000000000
130676  -39.086  -61.738  9.731 0.0000000000
8495  -39.002  -61.578  8.407 0.0000000000
8482  -38.533  -61.739  9.200 0.0000000000
127574  -38.100  -61.912  9.523 0.0000000000
15852  -31.897  -51.548  9.665 0.0000000000
14462  -32.796  -53.585  7.597 0.0000000000
13685  -33.233  -54.072  6.978 0.0000000000
13690  -34.279  -54.583  6.165 0.0000000000
13695  -35.024  -54.956  5.857 0.0000000000
12902  -36.688  -55.682  5.617 0.0000000000
12903  -37.271  -55.332  5.432 0.0000000000
121251  -37.119  -54.031  5.132 0.0000000000
13698  -37.559  -54.705  5.253 0.0000000000
12904  -38.061  -55.410  5.406 0.0000000000
12906  -40.282  -55.407  5.524 0.0000000000
115150  -40.345  -51.786  4.392 0.0000000000
119820  -39.965  -52.966  4.698 0.0000000000
14490  -40.500  -53.677  5.004 0.0000000000
13702  -41.148  -54.314  5.338 0.0000000000
12907  -41.925  -54.912  5.674 0.0000000000
12152  -42.420  -55.773  5.880 0.0000000000
12153  -43.852  -55.624  5.946 0.0000000000
12154  -45.320  -55.528  5.754 0.0000000000
12155  -46.343  -55.714  5.313 0.0000000000
12910  -46.024  -54.823  5.212 0.0000000000
12156  -46.690  -56.103  5.053 0.0000000000
11406  -46.488  -57.082  4.878 0.0000000000
8484  -41.563  -60.515  9.389 0.0000000000
8498  -42.189  -60.645  8.772 0.0000000000
8500  -43.530  -60.816  7.997 0.0000000000
8518  -43.985  -60.899  7.666 0.0000000000
9143  -40.914  -60.022  10.626 0.0000000000
9144  -41.211  -60.238  10.340 0.0000000000
9784  -35.861  -59.288  12.092 0.0000000000
9820  -41.418  -60.276  9.799 0.0000000000
9838  -37.311  -59.061  8.102 0.0000000000
9845  -43.564  -60.063  7.557 0.0000000000
9846  -44.294  -60.086  7.105 0.0000000000
9868  -45.931  -58.427  5.576 0.0000000000
10491  -37.572  -58.133  14.254 0.0000000000
10510  -34.673  -58.332  12.332 0.0000000000
10547  -35.574  -58.242  8.628 0.0000000000
10571  -42.980  -58.707  6.529 0.0000000000
10582  -46.319  -57.728  5.219 0.0000000000
10593  -46.282  -57.619  4.915 0.0000000000
11301  -35.434  -57.855  13.334 0.0000000000
11315  -33.893  -57.520  12.265 0.0000000000
11316  -34.300  -57.847  12.487 0.0000000000
11335  -33.541  -57.267  10.820 0.0000000000
11354  -34.476  -57.386  8.665 0.0000000000
11390  -46.577  -57.133  5.229 0.0000000000
11391  -46.700  -56.884  5.012 0.0000000000
12039  -40.180  -57.083  14.566 0.0000000000
12057  -37.328  -56.372  13.750 0.0000000000
12100  -33.107  -56.646  10.537 0.0000000000
12112  -33.149  -56.566  9.775 0.0000000000
12130  -34.333  -56.431  7.415 0.0000000000
12138  -36.368  -56.909  6.340 0.0000000000
12148  -37.583  -56.604  5.772 0.0000000000
12162  -46.150  -55.854  4.661 0.0000000000
12163  -46.584  -56.381  5.141 0.0000000000
12810  -34.636  -55.877  13.386 0.0000000000
12826  -32.721  -55.383  12.159 0.0000000000
12827  -33.213  -55.916  12.571 0.0000000000
12843  -40.234  -54.995  11.233 0.0000000000
12874  -32.680  -55.255  8.518 0.0000000000
12882  -33.398  -55.425  7.415 0.0000000000
12901  -35.883  -55.316  5.712 0.0000000000
13600  -32.828  -54.348  12.930 0.0000000000
13601  -33.498  -54.676  13.214 0.0000000000
13604  -36.206  -54.382  12.915 0.0000000000
13615  -32.261  -54.025  11.952 0.0000000000
13699  -38.376  -54.620  5.198 0.0000000000
14389  -33.440  -53.314  13.361 0.0000000000
14419  -32.095  -53.317  11.797 0.0000000000
14421  -37.546  -53.480  10.959 0.0000000000
14437  -41.040  -53.772  10.488 0.0000000000
14487  -35.837  -53.498  5.329 0.0000000000
14494  -45.184  -53.243  4.512 0.0000000000
14513  -44.961  -52.192  3.149 0.0000000000
15124  -32.672  -52.908  13.164 0.0000000000
15144  -41.187  -51.863  12.408 0.0000000000
15160  -40.022  -52.329  11.265 0.0000000000
15219  -41.286  -51.205  4.132 0.0000000000
15229  -44.722  -51.545  3.005 0.0000000000
15822  -31.529  -51.301  12.478 0.0000000000
15896  -41.321  -50.288  3.511 0.0000000000
17995  -31.612  -49.164  13.231 0.0000000000
111644  -33.776  -57.077  9.324 0.0000000000
113304  -32.741  -52.256  13.290 0.0000000000
113578  -37.788  -55.746  13.397 0.0000000000
114639  -40.830  -61.392  8.553 0.0000000000
115050  -33.163  -54.813  7.285 0.0000000000
115463  -31.957  -52.691  12.290 0.0000000000
116969  -43.244  -61.762  7.005 0.0000000000
118021  -38.755  -55.700  5.500 0.0000000000
118493  -34.159  -52.543  13.374 0.0000000000
118583  -41.945  -61.925  7.326 0.0000000000
118742  -45.945  -57.598  4.728 0.0000000000
119131  -39.339  -64.093  12.330 0.0000000000
119443  -36.826  -57.536  6.539 0.0000000000
120360  -33.751  -54.197  6.437 0.0000000000
125279  -37.455  -55.978  5.585 0.0000000000
126289  -46.595  -57.151  4.946 0.0000000000
126970  -32.611  -55.531  11.540 0.0000000000
129788  -46.738  -56.548  5.067 0.0000000000
130152  -32.162  -53.135  10.356 0.0000000000
130619  -40.326  -56.482  5.728 0.0000000000
131366  -31.491  -51.303  10.893 0.0000000000
131704  -42.897  -54.375  5.581 0.0000000000
132525  -32.640  -54.702  8.203 0.0000000000
132799  -34.539  -50.403  13.005 0.0000000000
