#!ascii label  , from subject sub-v1s23x0050551_ses-1 vox2ras=TkReg
1684
3562  21.342  -69.851  -1.194 0.6999999881
3563  20.708  -69.917  -1.924 0.8000000119
3564  19.490  -69.426  -1.337 0.8000000119
3565  18.963  -69.227  -1.967 0.6999999881
3117  21.497  -70.253  -2.943 0.6000000238
3118  20.827  -70.149  -2.679 0.6000000238
115733  19.498  -69.533  -2.278 0.6000000238
3124  22.138  -70.226  -3.405 0.6000000238
3555  19.966  -69.458  -0.415 0.8000000119
4040  18.668  -68.962  -1.344 0.6999999881
4032  18.169  -68.438  -0.671 0.6999999881
4579  17.591  -67.923  -1.437 0.6999999881
3111  22.009  -69.949  -1.660 0.6000000238
110018  20.401  -69.699  -1.170 0.6999999881
4052  18.431  -68.782  -2.155 0.6999999881
3598  22.717  -70.020  -3.995 0.6000000238
3583  23.419  -69.600  -3.723 0.6000000238
3607  22.996  -69.872  -5.466 0.6000000238
3614  24.286  -68.986  -6.410 0.6000000238
3615  23.611  -69.530  -6.824 0.6000000238
4008  18.639  -68.261  0.884 0.8000000119
4549  18.107  -67.655  1.041 0.8000000119
115042  17.621  -67.514  0.488 0.6999999881
5032  16.586  -66.425  0.161 0.6999999881
128966  16.492  -66.597  -0.516 0.6999999881
4021  19.197  -68.784  0.550 0.8000000119
4568  18.033  -68.078  0.284 0.6999999881
5051  16.860  -66.906  -0.530 0.6999999881
3546  20.391  -69.331  0.332 0.6999999881
4031  19.061  -69.067  -0.373 0.8000000119
110342  17.436  -67.620  -0.423 0.6999999881
3554  20.838  -69.639  -0.353 0.6999999881
3116  22.259  -70.056  -2.446 0.6999999881
115934  23.627  -69.420  -2.824 0.6000000238
127636  23.006  -69.771  -2.351 0.6000000238
3605  24.339  -68.974  -5.703 0.6000000238
127468  23.488  -69.549  -5.268 0.6000000238
4105  24.927  -68.628  -6.839 0.6000000238
4112  26.724  -68.583  -8.413 0.6999999881
116257  25.843  -68.652  -8.920 0.6000000238
4111  27.501  -68.736  -9.198 0.5000000000
124061  26.594  -68.670  -9.422 0.6000000238
4125  27.993  -68.805  -10.196 0.5000000000
5024  17.856  -66.312  1.751 0.8999999762
4550  17.594  -67.054  1.127 0.8000000119
5610  16.548  -65.663  0.961 0.6999999881
4007  19.394  -68.369  1.242 0.6999999881
4537  18.833  -67.625  1.539 0.8999999762
5624  16.098  -65.900  0.217 0.6999999881
4020  20.738  -69.001  0.973 0.8000000119
4006  20.233  -68.417  1.390 0.8000000119
4019  21.589  -68.965  0.953 0.8000000119
3560  23.088  -69.449  -0.831 0.6999999881
3553  21.695  -69.626  -0.301 0.6999999881
3570  23.440  -69.438  -1.827 0.8000000119
123337  23.981  -69.189  -3.552 0.6999999881
3582  23.944  -69.216  -4.245 0.6999999881
4097  25.045  -68.644  -5.987 0.6000000238
4103  26.471  -68.534  -7.428 0.6999999881
121651  27.497  -68.758  -8.364 0.6999999881
5596  18.693  -65.777  1.998 0.8999999762
5609  17.243  -65.704  1.545 0.8000000119
5611  15.800  -65.197  0.613 0.6999999881
5022  19.917  -67.079  1.789 0.8000000119
123684  19.328  -67.123  1.841 0.8000000119
4005  21.109  -68.419  1.375 0.6999999881
4017  23.253  -68.468  0.443 0.6999999881
4018  22.451  -68.716  0.858 0.6000000238
3552  22.406  -69.499  -0.284 0.8000000119
4030  23.590  -68.797  -0.336 0.8000000119
4051  24.144  -68.882  -2.215 0.8000000119
4063  24.539  -68.817  -3.887 0.6999999881
4089  25.613  -68.526  -5.261 0.8000000119
4090  24.787  -68.768  -5.171 0.6999999881
4088  26.431  -68.545  -5.412 0.8000000119
4102  27.300  -68.713  -7.661 0.6999999881
111784  25.910  -68.493  -5.992 0.6999999881
4101  27.975  -68.968  -7.970 0.6999999881
125036  9.160  -59.352  -4.289 0.6000000238
9983  10.423  -59.236  -3.768 0.6000000238
120470  9.122  -59.340  -2.266 0.6000000238
9296  9.643  -59.585  -1.828 0.6999999881
5597  17.928  -65.126  1.982 0.8999999762
5598  17.013  -64.943  1.605 0.6999999881
5020  21.340  -66.835  1.548 0.6000000238
121717  22.928  -67.305  1.117 0.6000000238
5019  22.206  -67.056  1.401 0.6000000238
4567  23.939  -67.976  0.031 0.6999999881
4566  24.549  -67.414  -0.398 0.6999999881
4029  24.240  -68.166  -0.824 0.6999999881
7908  15.864  -61.931  -1.704 0.6999999881
7370  15.112  -62.070  -1.609 0.6999999881
4038  24.531  -68.243  -1.714 0.8000000119
7926  15.513  -61.341  -3.167 0.6000000238
7916  15.283  -61.706  -2.328 0.6000000238
7927  14.602  -61.468  -2.987 0.6999999881
4050  24.933  -68.267  -2.567 0.6999999881
108691  13.919  -61.287  -3.706 0.5000000000
4076  26.200  -68.441  -4.604 0.8000000119
4077  25.258  -68.552  -4.390 0.8000000119
112943  14.809  -61.081  -3.998 0.5000000000
127625  14.578  -60.897  -4.762 0.5000000000
4094  27.125  -68.697  -6.683 0.6999999881
7983  14.396  -60.551  -6.141 0.5000000000
8688  15.204  -60.106  -6.685 0.6000000238
8689  13.809  -60.466  -6.398 0.5000000000
7984  13.118  -60.680  -6.153 0.6000000238
119155  12.379  -60.590  -6.256 0.6999999881
8692  10.715  -60.395  -6.114 0.6999999881
8705  13.616  -60.143  -6.645 0.5000000000
8690  12.828  -60.161  -6.573 0.6000000238
8691  11.490  -60.543  -6.188 0.6000000238
10000  10.697  -59.227  -5.479 0.6000000238
9371  14.282  -59.490  -6.880 0.6000000238
9347  11.692  -59.397  -6.252 0.6000000238
9999  11.476  -58.932  -5.574 0.6000000238
10011  13.841  -58.694  -6.735 0.5000000000
111597  13.079  -58.680  -6.429 0.5000000000
9992  11.810  -58.715  -4.685 0.6000000238
111475  10.020  -59.286  -3.055 0.6000000238
9295  10.400  -59.481  -2.009 0.6999999881
8595  10.877  -60.365  -0.578 0.6000000238
8584  10.528  -60.910  -0.072 0.6999999881
120893  12.325  -58.750  -6.056 0.6000000238
9998  12.371  -58.500  -5.439 0.6000000238
9982  11.420  -59.014  -3.705 0.6000000238
9970  11.538  -59.083  -2.811 0.6999999881
116804  11.904  -59.762  -0.942 0.5000000000
6156  17.573  -64.155  1.795 0.8999999762
5021  20.450  -66.573  1.686 0.6000000238
6157  16.763  -64.117  1.490 0.8000000119
6176  15.260  -64.444  0.633 0.6999999881
7336  16.272  -62.715  0.424 0.6999999881
7335  17.131  -62.662  0.738 0.8000000119
115168  23.487  -67.623  0.663 0.6999999881
7357  16.414  -62.217  -1.057 0.8000000119
7358  15.445  -62.350  -0.840 0.6000000238
7369  16.692  -61.932  -1.908 0.6999999881
125843  16.557  -61.129  -4.051 0.6000000238
4062  25.969  -68.267  -3.732 0.8000000119
4586  25.864  -67.651  -2.205 0.8000000119
4048  26.616  -68.051  -3.049 0.8000000119
7938  15.790  -61.052  -4.008 0.5000000000
111573  26.871  -68.385  -3.952 0.8000000119
7957  15.210  -60.778  -4.899 0.5000000000
8687  16.108  -60.179  -6.828 0.5000000000
8703  15.838  -59.878  -7.046 0.6000000238
7982  15.317  -60.390  -6.295 0.6000000238
123267  15.097  -59.142  -7.164 0.6000000238
10705  15.048  -57.734  -6.880 0.6000000238
7891  12.563  -61.100  0.742 0.5000000000
127055  13.648  -58.206  -6.355 0.5000000000
8582  12.160  -60.654  0.116 0.5000000000
7892  11.748  -61.229  0.581 0.6000000238
10680  13.711  -57.802  -5.532 0.6000000238
130136  12.786  -58.429  -3.874 0.6999999881
9969  12.192  -58.787  -3.011 0.6999999881
9294  11.628  -59.452  -1.550 0.6999999881
10679  14.448  -57.349  -5.730 0.6000000238
9958  12.109  -59.020  -2.097 0.6000000238
10664  14.268  -57.506  -4.804 0.6999999881
10642  13.555  -58.075  -2.961 0.6000000238
10632  13.799  -57.977  -2.112 0.5000000000
113809  19.395  -65.310  1.875 0.6999999881
126386  18.754  -64.926  2.012 0.6999999881
6155  18.441  -64.195  1.925 0.6999999881
6761  18.040  -63.314  1.572 0.8000000119
126450  17.634  -62.549  0.309 0.6999999881
7356  17.365  -62.255  -1.288 0.6999999881
7346  16.971  -62.371  -0.202 0.6999999881
7869  14.956  -61.738  2.760 0.5000000000
10023  17.057  -58.294  -7.902 0.5000000000
108028  16.321  -58.597  -7.629 0.6000000238
7870  13.265  -61.838  2.093 0.5000000000
10703  17.181  -57.470  -7.497 0.5000000000
10688  17.983  -57.508  -7.215 0.5000000000
10704  16.390  -57.822  -7.451 0.6000000238
108431  14.729  -57.427  -6.353 0.6000000238
9293  12.338  -59.294  -1.164 0.5000000000
10675  18.378  -57.603  -6.306 0.5000000000
10689  17.255  -57.053  -6.976 0.6000000238
10678  15.212  -56.947  -5.967 0.6000000238
122913  17.392  -56.891  -5.553 0.6000000238
6174  19.673  -64.114  1.160 0.6999999881
6760  18.925  -63.628  1.497 0.6999999881
6782  18.591  -62.947  1.011 0.6999999881
121062  15.721  -56.856  -4.309 0.5000000000
9997  19.090  -58.286  -5.929 0.5000000000
10641  14.175  -57.719  -2.703 0.5000000000
11394  18.024  -57.285  -5.531 0.5000000000
128588  17.168  -56.699  -4.841 0.5000000000
10652  14.085  -57.749  -3.684 0.5000000000
11365  16.610  -56.550  -2.950 0.5000000000
124640  16.432  -56.549  -2.145 0.5000000000
10648  19.011  -57.802  -2.921 0.5000000000
11364  17.681  -56.538  -2.865 0.5000000000
11378  15.619  -56.900  -3.248 0.5000000000
9980  18.718  -58.006  -3.910 0.5000000000
10650  18.041  -56.786  -3.627 0.5000000000
11376  17.229  -56.611  -3.911 0.5000000000
9990  18.797  -58.304  -4.890 0.5000000000
10662  17.799  -56.955  -4.610 0.5000000000
10638  18.905  -56.973  -2.579 0.5000000000
7288  14.749  -62.303  5.620 0.6000000238
7289  13.996  -62.526  5.700 0.6000000238
7842  15.953  -61.789  5.088 0.5000000000
8513  14.122  -61.074  6.516 0.6999999881
7832  13.584  -61.723  6.657 0.6000000238
125062  13.619  -62.380  6.268 0.6000000238
110192  11.926  -60.879  6.858 0.6999999881
122490  12.790  -59.199  5.548 0.6000000238
8515  12.439  -60.280  6.507 0.6999999881
123996  12.769  -61.027  6.827 0.6999999881
7278  12.924  -62.414  6.592 0.6999999881
9186  10.809  -59.791  5.661 0.8000000119
109813  12.608  -58.011  5.164 0.5000000000
9184  13.662  -59.245  5.762 0.5000000000
9185  11.491  -59.474  5.397 0.8000000119
9198  11.545  -59.124  4.696 0.6000000238
9222  9.209  -59.356  3.342 0.6999999881
11251  12.578  -56.528  5.570 0.5000000000
9846  13.674  -58.331  5.681 0.5000000000
9873  9.961  -58.959  3.312 0.6999999881
112856  9.892  -59.703  4.538 0.6999999881
9855  11.220  -58.899  4.096 0.6999999881
115143  12.147  -58.015  4.469 0.6999999881
9895  7.968  -58.858  2.087 0.6999999881
10579  9.879  -58.106  2.040 0.6999999881
10533  12.351  -57.262  4.922 0.6000000238
9871  11.602  -58.113  3.671 0.8000000119
12766  8.653  -54.495  -4.071 0.6999999881
12753  7.888  -54.738  -3.174 0.8000000119
13307  14.727  -53.880  5.270 0.4000000060
9917  7.524  -58.430  1.516 0.6999999881
12633  13.361  -54.600  5.382 0.5000000000
9894  8.687  -58.664  2.198 0.6999999881
11981  12.470  -55.690  5.431 0.6000000238
12002  11.770  -55.779  4.038 0.6000000238
9872  10.797  -58.620  3.380 0.6999999881
10534  11.943  -57.256  4.064 0.8000000119
10558  11.500  -57.118  3.133 0.8000000119
17046  12.909  -48.290  7.624 0.5000000000
17053  12.880  -48.378  6.701 0.5000000000
113048  13.632  -48.748  5.507 0.5000000000
14806  10.428  -51.530  -2.889 0.5000000000
14063  11.182  -52.609  -4.907 0.6000000238
14819  11.641  -51.893  -4.297 0.6000000238
115549  10.323  -51.288  -2.265 0.6000000238
15537  12.944  -50.297  2.388 0.6000000238
14065  9.449  -53.074  -4.145 0.6999999881
14821  9.921  -52.186  -3.468 0.6999999881
126380  9.164  -53.918  -4.589 0.6999999881
14053  7.963  -52.942  -3.038 0.6999999881
11326  8.234  -56.365  0.399 0.6999999881
12704  8.687  -55.172  -0.257 0.6999999881
12717  9.008  -55.112  -0.716 0.8000000119
13325  13.869  -54.023  4.114 0.5000000000
10594  8.536  -57.596  1.077 0.6999999881
111638  12.458  -54.852  4.386 0.6000000238
10593  9.337  -57.676  1.399 0.8000000119
11283  11.440  -56.073  3.328 0.6999999881
111672  10.257  -55.924  1.408 0.8000000119
10578  10.531  -57.842  2.270 0.8000000119
17773  12.102  -47.863  8.002 0.5000000000
17777  12.028  -48.060  7.106 0.6000000238
17785  11.092  -47.801  6.539 0.5000000000
17802  12.119  -48.159  5.295 0.6000000238
17068  12.995  -48.423  4.906 0.6000000238
17067  13.746  -48.812  4.620 0.6000000238
17830  12.605  -48.349  3.248 0.6000000238
17086  13.404  -48.748  3.079 0.5000000000
15603  12.107  -51.204  -3.606 0.5000000000
15592  10.946  -50.711  -2.333 0.5000000000
14075  12.765  -53.003  -5.618 0.6000000238
15581  10.660  -50.809  -1.791 0.6000000238
14773  10.843  -51.207  -0.374 0.6999999881
16354  13.332  -49.622  2.100 0.6000000238
14076  11.824  -53.308  -5.410 0.6000000238
111465  9.918  -53.743  -4.980 0.6999999881
14807  8.961  -52.381  -3.123 0.6999999881
108394  9.739  -51.730  -2.589 0.6999999881
129012  9.472  -51.520  -0.601 0.8000000119
122868  11.727  -50.842  0.833 0.6999999881
12762  12.211  -54.659  -4.663 0.6999999881
13423  9.609  -54.486  -4.704 0.6999999881
12763  11.379  -54.961  -4.554 0.6999999881
12752  8.886  -55.227  -3.401 0.8000000119
12734  10.458  -55.235  -1.422 0.8000000119
12735  8.453  -55.260  -2.109 0.8000000119
13342  13.412  -54.133  3.536 0.5000000000
13372  13.361  -53.734  1.337 0.6000000238
11325  9.502  -55.319  0.459 0.8000000119
129788  9.660  -55.052  -0.458 0.8000000119
12001  12.015  -55.134  3.926 0.6000000238
12674  12.326  -54.484  2.710 0.6999999881
12031  10.102  -55.306  1.063 0.8000000119
12675  11.600  -54.773  2.378 0.6999999881
12676  10.960  -55.058  1.949 0.6999999881
11298  11.101  -56.401  2.507 0.8000000119
17774  11.353  -47.489  8.424 0.4000000060
17778  11.262  -47.626  7.511 0.5000000000
17804  10.536  -47.738  5.021 0.4000000060
17818  12.163  -48.154  4.275 0.5000000000
17102  12.850  -48.627  2.238 0.5000000000
14818  12.706  -52.020  -4.985 0.5000000000
16384  10.920  -49.645  -1.914 0.6000000238
16378  10.817  -49.741  -1.533 0.6000000238
16363  13.123  -49.096  1.690 0.6000000238
14074  13.646  -53.358  -5.390 0.6000000238
15572  11.554  -50.663  -0.125 0.6999999881
15560  12.726  -50.006  0.999 0.6999999881
13420  13.685  -54.009  -4.739 0.6000000238
124574  10.553  -55.435  -2.466 0.8000000119
13385  12.730  -53.967  0.722 0.6999999881
12702  11.149  -54.608  0.789 0.6999999881
108353  10.475  -54.809  0.449 0.8000000119
12715  11.267  -54.824  -0.659 0.8000000119
12691  12.148  -54.402  1.882 0.6999999881
17779  10.356  -47.195  7.895 0.4000000060
114773  10.524  -47.070  9.065 0.4000000060
17762  10.638  -46.980  10.688 0.4000000060
110364  10.497  -47.775  5.839 0.5000000000
110585  10.488  -47.491  7.084 0.4000000060
17755  10.900  -46.940  11.305 0.5000000000
17831  11.636  -48.009  3.411 0.5000000000
17119  10.421  -48.548  -0.146 0.5000000000
17113  11.405  -48.553  0.867 0.5000000000
17873  9.591  -47.565  -0.303 0.5000000000
17118  11.893  -49.189  0.544 0.6999999881
111368  13.018  -54.575  -4.155 0.6000000238
12733  11.317  -55.236  -1.881 0.8000000119
13371  14.084  -53.363  0.939 0.6000000238
13398  12.753  -53.961  -0.150 0.6000000238
13397  13.440  -53.651  -0.615 0.6999999881
13407  13.575  -53.809  -1.810 0.6999999881
114058  11.615  -54.446  0.198 0.6999999881
20052  11.704  -44.764  12.603 0.3000000119
17805  9.513  -47.657  5.573 0.4000000060
108095  9.596  -47.318  7.095 0.3000000119
17775  9.721  -46.847  8.467 0.4000000060
17769  9.998  -46.721  10.161 0.4000000060
18502  10.277  -46.474  11.004 0.4000000060
18498  10.944  -46.209  11.652 0.5000000000
17820  10.146  -47.594  4.164 0.4000000060
19253  10.937  -45.317  11.560 0.3000000119
17832  10.672  -47.662  3.402 0.4000000060
124310  9.891  -48.061  -1.363 0.5000000000
108711  10.228  -47.434  2.583 0.4000000060
17137  11.279  -48.057  -2.228 0.6000000238
17833  9.538  -47.309  3.320 0.4000000060
17888  10.854  -47.364  -1.828 0.4000000060
17865  10.288  -47.795  0.885 0.5000000000
13413  13.008  -54.622  -2.735 0.6999999881
13408  12.738  -54.346  -1.299 0.6999999881
128397  11.536  -46.123  12.323 0.4000000060
19254  10.064  -45.886  11.119 0.4000000060
20065  11.026  -44.362  11.350 0.3000000119
107971  8.712  -47.554  4.892 0.3000000119
17849  9.671  -46.945  1.617 0.4000000060
121118  9.779  -46.657  -0.879 0.4000000060
17866  9.378  -46.741  0.503 0.4000000060
17780  9.195  -46.959  7.791 0.3000000119
18513  9.450  -46.660  9.234 0.3000000119
18506  8.920  -46.389  10.009 0.4000000060
18504  8.477  -45.985  10.301 0.3000000119
20066  10.056  -45.156  11.063 0.3000000119
108120  8.414  -47.282  7.129 0.3000000119
17834  8.417  -47.028  3.605 0.3000000119
18581  8.671  -46.168  0.936 0.3000000119
18566  8.661  -46.386  1.883 0.3000000119
18598  9.770  -45.870  -0.418 0.3000000119
113595  8.510  -46.470  9.283 0.3000000119
20080  9.065  -44.971  10.638 0.3000000119
18518  7.936  -46.881  7.870 0.3000000119
19281  7.514  -45.837  9.978 0.3000000119
18567  7.535  -46.051  2.167 0.3000000119
116684  7.885  -45.837  1.300 0.3000000119
18592  8.381  -45.393  0.572 0.3000000119
130097  11.569  -44.164  12.323 0.3000000119
17781  7.124  -47.121  7.162 0.3000000119
18519  6.558  -46.604  7.855 0.3000000119
19356  6.792  -44.998  1.884 0.3000000119
111713  14.019  -61.020  -4.655 0.6000000238
7959  13.314  -60.904  -5.471 0.6999999881
114549  11.791  -60.965  -5.423 0.6999999881
7986  10.970  -60.753  -5.933 0.6999999881
17864  11.608  -48.215  1.790 0.4000000060
17126  10.349  -48.873  -1.113 0.6000000238
108674  10.169  -44.248  10.755 0.3000000119
3119  20.288  -70.108  -3.272 0.6999999881
5068  17.082  -67.161  -1.337 0.6999999881
3561  22.225  -69.745  -0.959 0.8000000119
4113  25.766  -68.558  -8.018 0.6000000238
4104  25.634  -68.508  -7.184 0.6999999881
4004  21.843  -68.419  1.271 0.6000000238
6175  15.971  -64.212  1.095 0.6999999881
111285  25.159  -68.447  -3.435 0.8000000119
126496  26.585  -68.587  -6.084 0.6999999881
4075  27.073  -68.607  -4.834 0.8000000119
9282  10.387  -59.907  -1.288 0.6999999881
124779  13.750  -60.693  -6.034 0.5000000000
9348  10.936  -59.454  -6.017 0.6000000238
7880  11.320  -61.732  1.052 0.6000000238
10665  13.520  -57.989  -4.650 0.6999999881
108978  16.098  -62.434  -0.300 0.8000000119
7937  17.058  -61.049  -4.584 0.5000000000
119416  15.812  -60.591  -5.586 0.6000000238
10691  15.519  -57.167  -6.624 0.6000000238
12032  9.757  -55.848  0.962 0.8000000119
1939  29.857  -72.955  -9.617 0.4000000060
1560  29.467  -73.295  -9.008 0.4000000060
2326  31.083  -71.749  -10.624 0.3000000119
1947  30.034  -72.614  -10.305 0.4000000060
1573  29.196  -73.000  -10.062 0.4000000060
1566  28.753  -73.454  -9.514 0.4000000060
2700  32.581  -71.688  -7.868 0.4000000060
2702  32.630  -72.112  -8.182 0.5000000000
2318  32.218  -72.405  -8.497 0.5000000000
2703  32.409  -71.762  -8.742 0.3000000119
2321  32.336  -72.021  -8.872 0.4000000060
1937  31.573  -72.546  -9.149 0.4000000060
3170  31.783  -71.331  -10.306 0.3000000119
1946  30.975  -72.199  -10.206 0.3000000119
1938  30.862  -72.598  -9.677 0.3000000119
3176  31.323  -70.985  -11.059 0.3000000119
3155  31.781  -70.977  -8.249 0.4000000060
115748  31.873  -70.959  -7.317 0.4000000060
3147  32.714  -71.562  -6.104 0.5000000000
3156  31.097  -70.483  -7.530 0.3000000119
3162  31.936  -71.241  -9.346 0.3000000119
3647  30.741  -69.993  -11.470 0.4000000060
3171  31.293  -70.571  -9.906 0.3000000119
3649  28.911  -68.996  -10.548 0.4000000060
3648  29.904  -69.402  -11.050 0.4000000060
3659  29.130  -69.158  -11.663 0.4000000060
3148  31.853  -70.768  -6.468 0.4000000060
3140  30.884  -69.988  -5.993 0.4000000060
3149  30.975  -70.343  -6.844 0.4000000060
3611  30.270  -69.908  -6.544 0.4000000060
3593  30.385  -69.191  -4.629 0.5000000000
121387  30.775  -70.357  -8.013 0.4000000060
3612  29.558  -69.645  -6.683 0.4000000060
109703  30.617  -69.889  -10.440 0.4000000060
3637  29.582  -69.389  -9.895 0.5000000000
3621  29.332  -69.631  -7.462 0.4000000060
3638  28.529  -69.040  -9.366 0.4000000060
4119  25.881  -68.750  -9.688 0.6000000238
120712  27.168  -68.762  -10.152 0.4000000060
4072  30.188  -68.765  -3.961 0.6000000238
4073  29.518  -68.815  -4.314 0.6000000238
3604  29.050  -69.343  -6.027 0.6000000238
3595  28.634  -69.091  -5.430 0.6000000238
3613  28.742  -69.347  -6.846 0.6000000238
3622  28.592  -69.292  -7.647 0.5000000000
4093  27.965  -68.987  -7.152 0.6000000238
109759  27.910  -68.856  -5.162 0.6999999881
4046  29.150  -67.982  -2.804 0.6999999881
4047  28.254  -67.983  -2.832 0.6999999881
4059  29.567  -68.407  -3.509 0.6000000238
129320  28.787  -68.264  -3.318 0.6999999881
4585  27.390  -67.798  -2.552 0.6999999881
117379  26.621  -67.645  -2.279 0.6999999881
4587  25.187  -67.794  -1.975 0.6999999881
109006  27.864  -68.554  -4.206 0.6999999881
4061  27.533  -68.215  -3.348 0.6999999881
4574  28.285  -67.172  -1.500 0.5000000000
5065  27.801  -66.642  -0.861 0.6000000238
4575  27.336  -67.285  -1.648 0.6000000238
4576  26.370  -67.251  -1.548 0.6999999881
5048  26.357  -66.203  -0.243 0.6999999881
4577  25.572  -67.357  -1.439 0.6999999881
4565  25.209  -67.038  -0.695 0.6000000238
5066  26.864  -66.717  -0.854 0.6000000238
5047  27.275  -65.899  -0.227 0.6000000238
5067  25.987  -66.839  -0.819 0.6000000238
5602  26.483  -65.474  0.129 0.6000000238
5030  22.836  -66.385  1.186 0.5000000000
4588  17.353  -67.300  -2.287 0.6000000238
4053  17.840  -68.178  -2.245 0.6000000238
5049  25.555  -66.410  -0.161 0.6000000238
5050  24.813  -66.670  0.047 0.6000000238
5604  24.256  -65.319  0.768 0.5000000000
5029  23.522  -65.799  0.961 0.5000000000
5647  16.194  -66.265  -1.995 0.6000000238
5069  16.477  -66.619  -1.146 0.6000000238
5078  16.824  -66.636  -2.082 0.6000000238
5623  25.854  -65.818  0.144 0.6000000238
5028  24.243  -66.221  0.610 0.5000000000
4546  24.114  -67.093  0.320 0.5000000000
5638  13.820  -66.063  -1.079 0.6000000238
5626  14.355  -65.533  -0.294 0.6000000238
5637  14.883  -66.119  -0.996 0.6000000238
5648  15.513  -66.092  -1.770 0.6000000238
110316  15.785  -66.275  -1.049 0.6000000238
5612  15.049  -65.205  0.246 0.6000000238
5625  15.442  -65.832  -0.220 0.6000000238
6154  19.951  -64.880  1.458 0.6000000238
5027  25.080  -65.798  0.410 0.6000000238
5627  13.317  -65.510  -0.566 0.6000000238
6804  13.449  -63.956  -0.253 0.6000000238
6177  14.532  -64.638  0.299 0.6000000238
7348  14.732  -62.913  -0.286 0.6000000238
6803  14.263  -63.758  0.096 0.6000000238
7359  14.546  -62.484  -1.103 0.5000000000
6785  15.585  -63.444  0.647 0.6000000238
7347  15.470  -62.780  0.051 0.5000000000
129520  12.669  -66.002  -1.908 0.6999999881
5639  12.741  -65.917  -1.260 0.6000000238
6190  13.752  -64.758  -0.042 0.6000000238
7360  13.726  -62.688  -1.332 0.6000000238
125044  14.351  -62.053  -2.050 0.6000000238
7375  9.542  -63.208  -2.522 0.6000000238
6191  12.966  -64.814  -0.377 0.6000000238
6805  12.747  -64.004  -0.630 0.6000000238
7371  13.358  -62.282  -2.097 0.5000000000
6824  12.041  -63.998  -1.046 0.6000000238
7373  11.517  -62.473  -2.535 0.6000000238
7374  10.426  -62.912  -2.355 0.6000000238
7388  9.020  -62.605  -3.010 0.6000000238
6192  12.215  -64.826  -0.721 0.6000000238
7384  13.042  -62.009  -2.796 0.6000000238
7372  12.506  -62.454  -2.263 0.6000000238
7386  11.573  -61.652  -3.793 0.6000000238
116787  10.839  -62.122  -3.088 0.5000000000
7398  9.640  -61.765  -3.812 0.5000000000
115450  12.502  -61.054  -5.066 0.6000000238
128333  11.896  -61.219  -4.702 0.6000000238
7397  10.614  -61.671  -3.950 0.6000000238
7940  10.354  -61.130  -4.878 0.6000000238
118503  9.160  -60.962  -5.079 0.6999999881
7964  7.830  -60.428  -4.823 0.6999999881
8656  7.112  -60.015  -4.527 0.6999999881
9331  6.442  -59.544  -3.850 0.6999999881
7960  11.101  -60.892  -5.532 0.6000000238
7961  10.540  -60.792  -5.555 0.6999999881
9350  8.825  -59.880  -5.271 0.6999999881
8676  8.056  -59.939  -4.878 0.6999999881
9341  7.526  -59.567  -4.305 0.6999999881
9330  7.318  -59.150  -3.523 0.6000000238
9349  9.536  -59.769  -5.549 0.6000000238
116085  22.663  -64.677  0.746 0.5000000000
5592  22.010  -66.135  1.326 0.5000000000
6187  21.215  -64.356  -0.615 0.5000000000
5607  21.766  -65.223  1.058 0.5000000000
6172  21.117  -64.737  0.384 0.6000000238
6228  21.737  -63.748  -3.145 0.6000000238
6202  21.268  -64.154  -1.297 0.6000000238
5608  20.763  -65.200  1.173 0.6000000238
6173  20.457  -64.556  0.699 0.6000000238
6229  21.339  -63.614  -3.386 0.5000000000
6204  20.660  -63.946  -1.368 0.6000000238
6189  19.975  -64.006  0.131 0.6000000238
6864  20.258  -63.299  -2.927 0.6000000238
6841  19.624  -63.173  -2.187 0.5000000000
6820  19.445  -63.299  -1.211 0.6000000238
124303  18.857  -62.984  0.286 0.6000000238
7366  19.452  -62.778  -3.192 0.5000000000
6821  18.774  -62.796  -1.643 0.6000000238
7914  16.953  -61.700  -2.733 0.5000000000
7923  18.033  -61.827  -3.764 0.5000000000
7345  17.863  -62.486  -0.438 0.6000000238
4110  28.002  -68.908  -8.644 0.6000000238
4087  28.071  -69.058  -6.137 0.6999999881
5593  21.089  -65.945  1.397 0.5000000000
7929  12.448  -61.378  -4.119 0.6000000238
118977  9.218  -60.090  -5.638 0.6999999881
6801  18.692  -62.838  -0.597 0.6000000238
108578  18.038  -62.372  -1.977 0.6000000238
2327  30.397  -72.139  -10.779 0.3000000119
113936  31.576  -71.887  -10.097 0.3000000119
2322  32.006  -72.049  -9.456 0.4000000060
114394  31.329  -70.595  -10.946 0.3000000119
3163  31.053  -70.452  -8.830 0.4000000060
3636  30.314  -69.879  -9.325 0.4000000060
3592  31.091  -69.786  -5.134 0.4000000060
3620  30.214  -70.059  -7.316 0.3000000119
3603  29.908  -69.587  -5.951 0.5000000000
3594  29.494  -69.195  -5.189 0.6000000238
3628  29.961  -69.922  -8.242 0.5000000000
3629  29.323  -69.446  -8.854 0.5000000000
4074  28.697  -68.841  -4.701 0.6000000238
120296  27.998  -67.565  -2.135 0.6999999881
118429  12.791  -63.095  -1.377 0.6000000238
9315  6.460  -58.918  -2.850 0.6000000238
6216  21.039  -63.855  -1.902 0.6000000238
6880  20.522  -63.293  -4.499 0.5000000000
6188  20.720  -64.277  -0.490 0.6000000238
117209  20.074  -63.861  -0.867 0.6000000238
6863  20.758  -63.437  -3.601 0.5000000000
126083  20.083  -63.680  -1.565 0.6000000238
115904  20.320  -63.176  -5.105 0.5000000000
7367  18.741  -62.562  -2.576 0.5000000000
7382  18.662  -62.253  -3.479 0.5000000000
555  24.724  -78.935  3.026 0.4000000060
110551  25.128  -78.940  3.314 0.4000000060
739  24.238  -77.771  3.337 0.5000000000
284  22.558  -80.213  2.223 0.5000000000
170  22.233  -80.742  2.886 0.5000000000
177  20.947  -80.778  2.294 0.5000000000
423  23.291  -79.879  2.143 0.5000000000
280  23.817  -79.766  2.553 0.5000000000
554  25.839  -78.297  3.735 0.4000000060
412  26.781  -77.923  4.184 0.4000000060
737  26.270  -76.981  3.600 0.5000000000
1284  28.187  -75.114  -8.096 0.3000000119
1022  27.840  -76.034  -7.479 0.3000000119
1285  27.661  -75.154  -9.050 0.3000000119
1561  28.164  -74.185  -9.117 0.3000000119
163  22.870  -80.529  3.339 0.4000000060
164  21.449  -81.179  3.505 0.5000000000
278  24.244  -79.739  2.986 0.4000000060
126696  24.425  -79.861  2.354 0.4000000060
414  25.277  -79.162  3.698 0.3000000119
408  25.263  -79.465  4.149 0.3000000119
736  27.700  -76.736  2.811 0.4000000060
549  26.626  -78.258  4.494 0.3000000119
548  27.397  -77.659  4.366 0.4000000060
553  27.011  -77.388  3.761 0.5000000000
543  27.416  -77.868  4.761 0.3000000119
1277  28.413  -75.338  -7.133 0.3000000119
126068  27.219  -76.711  -6.733 0.3000000119
1291  28.200  -74.551  -8.599 0.3000000119
120077  28.788  -73.814  -8.476 0.3000000119
275  23.109  -80.566  4.049 0.3000000119
156  22.272  -81.027  3.945 0.4000000060
273  24.107  -80.220  3.682 0.3000000119
538  27.631  -77.843  5.024 0.3000000119
551  28.274  -76.937  3.104 0.4000000060
119897  27.824  -77.493  4.530 0.4000000060
953  28.201  -77.157  5.348 0.3000000119
1546  27.990  -73.738  -6.169 0.4000000060
1545  28.469  -74.800  -6.186 0.4000000060
1269  28.734  -75.653  -6.174 0.4000000060
1013  29.076  -76.108  -5.372 0.4000000060
1005  29.445  -76.057  -4.738 0.4000000060
789  29.039  -76.858  -4.022 0.5000000000
1550  28.562  -73.631  -7.131 0.3000000119
1283  28.459  -74.273  -7.644 0.3000000119
1555  29.071  -73.608  -7.820 0.3000000119
1930  30.809  -72.985  -8.959 0.3000000119
118067  23.256  -80.379  4.979 0.3000000119
957  29.996  -76.457  4.791 0.3000000119
729  29.173  -76.835  3.622 0.3000000119
735  29.236  -77.123  2.660 0.4000000060
745  28.246  -77.473  1.246 0.4000000060
719  29.136  -76.767  5.073 0.3000000119
952  29.015  -76.714  5.323 0.3000000119
720  28.279  -77.284  5.107 0.3000000119
119098  29.954  -76.541  -1.191 0.5000000000
764  29.585  -77.131  -0.648 0.5000000000
2284  27.460  -72.092  -4.083 0.3000000119
1888  27.526  -72.503  -4.797 0.3000000119
2295  27.896  -71.948  -4.695 0.3000000119
1541  28.032  -74.180  -4.905 0.3000000119
114105  28.582  -74.881  -5.432 0.4000000060
1530  29.927  -75.600  -2.679 0.5000000000
114749  29.803  -76.338  -2.706 0.5000000000
1887  27.612  -73.061  -5.477 0.3000000119
124312  29.201  -75.378  -4.496 0.4000000060
1258  29.797  -75.896  -3.888 0.5000000000
1254  29.999  -75.854  -3.074 0.5000000000
1911  29.435  -72.969  -7.054 0.3000000119
1554  30.070  -73.232  -8.282 0.3000000119
117773  31.307  -73.124  -8.239 0.3000000119
724  29.918  -76.584  3.956 0.3000000119
743  30.029  -77.154  2.038 0.4000000060
1207  27.847  -75.492  6.479 0.3000000119
943  29.773  -76.216  5.694 0.3000000119
951  29.929  -76.321  5.360 0.3000000119
744  29.209  -77.441  1.691 0.4000000060
944  28.729  -76.447  5.746 0.3000000119
114100  29.066  -77.537  -0.071 0.4000000060
1245  30.325  -75.593  0.663 0.4000000060
991  30.178  -76.368  -0.461 0.5000000000
119567  27.401  -71.435  -2.513 0.3000000119
1251  30.221  -75.921  -1.346 0.5000000000
126898  27.308  -72.413  -3.514 0.3000000119
1513  29.823  -75.224  -1.085 0.4000000060
2687  27.846  -71.757  -3.885 0.3000000119
1880  27.774  -73.735  -3.953 0.4000000060
127024  29.376  -74.806  -1.690 0.5000000000
120558  30.111  -75.887  -2.301 0.5000000000
1899  28.083  -72.696  -6.169 0.3000000119
1538  28.730  -74.700  -3.725 0.5000000000
1537  29.645  -75.493  -3.403 0.5000000000
2309  30.239  -72.849  -6.505 0.4000000060
1910  30.822  -73.175  -7.061 0.3000000119
1921  31.151  -73.218  -7.620 0.4000000060
3165  22.238  -70.299  -8.876 0.5000000000
1929  31.701  -72.881  -8.508 0.3000000119
1198  29.758  -74.593  7.085 0.3000000119
1205  30.392  -75.615  6.227 0.3000000119
1228  30.851  -76.169  2.768 0.3000000119
1206  29.226  -75.548  6.388 0.3000000119
120775  30.797  -76.130  1.963 0.3000000119
990  30.461  -76.260  0.414 0.5000000000
1504  29.721  -74.834  1.012 0.4000000060
3109  27.565  -70.755  -1.350 0.3000000119
1509  29.198  -74.499  0.254 0.5000000000
118957  27.311  -71.809  -3.218 0.3000000119
1514  28.788  -74.282  -0.778 0.4000000060
110779  27.484  -73.146  -3.283 0.4000000060
1873  27.570  -73.353  -2.382 0.4000000060
1522  28.470  -74.177  -1.963 0.4000000060
2294  28.727  -71.962  -5.160 0.3000000119
1872  28.156  -74.062  -2.978 0.4000000060
1531  29.336  -74.903  -2.636 0.5000000000
2302  31.000  -72.884  -5.728 0.3000000119
1898  31.655  -73.173  -6.352 0.4000000060
3157  22.196  -70.505  -8.020 0.5000000000
1909  31.928  -73.197  -6.915 0.4000000060
1897  32.539  -73.137  -6.189 0.5000000000
3164  22.915  -70.007  -9.104 0.5000000000
111654  15.923  -65.599  -2.925 0.5000000000
110451  28.822  -74.116  1.025 0.3000000119
1505  29.195  -74.387  1.594 0.3000000119
5087  16.671  -66.069  -2.899 0.5000000000
5661  15.135  -65.099  -3.628 0.6000000238
3102  28.206  -70.581  -0.603 0.3000000119
2673  27.115  -71.103  -1.856 0.3000000119
3108  28.601  -70.845  -1.447 0.3000000119
123588  26.634  -72.048  -1.513 0.3000000119
1845  28.330  -73.789  0.301 0.4000000060
4064  18.236  -68.486  -3.047 0.5000000000
5675  12.095  -64.857  -4.688 0.5000000000
110848  27.015  -72.602  -1.923 0.3000000119
1864  27.678  -73.454  -1.398 0.3000000119
1854  27.651  -73.346  -0.409 0.3000000119
3573  19.533  -69.670  -3.200 0.5000000000
2691  29.286  -71.797  -4.330 0.3000000119
2293  30.094  -72.304  -5.022 0.3000000119
3126  20.553  -70.296  -4.051 0.5000000000
3151  21.258  -70.629  -6.341 0.5000000000
2292  31.768  -73.081  -4.702 0.4000000060
3150  22.021  -70.555  -6.970 0.6000000238
122615  32.671  -73.307  -3.980 0.4000000060
2291  33.092  -73.194  -4.575 0.5000000000
3616  22.878  -70.058  -7.361 0.5000000000
2300  33.086  -72.957  -5.459 0.4000000060
1908  32.497  -72.844  -6.851 0.4000000060
3632  23.607  -69.699  -8.674 0.6000000238
3122  33.399  -71.403  -3.718 0.3000000119
3130  33.173  -71.413  -4.493 0.4000000060
2693  33.317  -72.458  -5.650 0.4000000060
109592  32.778  -72.410  -6.878 0.3000000119
110105  24.302  -69.193  -8.148 0.6000000238
111132  33.673  -71.449  -2.936 0.3000000119
3138  32.899  -71.466  -5.276 0.4000000060
116390  24.330  -69.316  -9.048 0.6000000238
3579  32.498  -70.225  -3.231 0.3000000119
3131  32.012  -70.397  -4.696 0.4000000060
3139  31.896  -70.588  -5.604 0.4000000060
3569  32.194  -69.411  -2.627 0.4000000060
3580  31.721  -69.711  -3.946 0.5000000000
129074  31.198  -69.541  -4.485 0.5000000000
117210  14.692  -65.907  -2.188 0.6000000238
109709  14.127  -65.339  -3.245 0.6000000238
3094  28.875  -70.622  0.354 0.3000000119
3103  27.159  -70.566  -0.539 0.3000000119
3110  26.776  -70.867  -1.108 0.3000000119
115052  13.400  -65.992  -2.125 0.6000000238
110021  12.731  -65.186  -3.796 0.6000000238
2661  29.465  -70.963  -0.574 0.3000000119
2662  26.352  -71.192  -0.820 0.3000000119
2248  26.430  -71.851  -0.731 0.3000000119
5662  11.883  -65.478  -3.240 0.6000000238
121522  30.572  -71.613  -0.191 0.3000000119
2258  26.977  -72.667  -1.020 0.3000000119
5664  10.260  -65.060  -3.622 0.6000000238
2283  30.541  -72.269  -4.100 0.3000000119
5652  9.857  -64.900  -2.791 0.6000000238
5665  9.491  -64.721  -3.773 0.6000000238
6255  8.733  -64.548  -4.778 0.6000000238
6256  7.693  -64.721  -5.286 0.5000000000
2290  33.780  -73.039  -4.013 0.4000000060
115062  33.653  -72.296  -4.939 0.4000000060
4057  31.498  -69.000  -3.221 0.4000000060
3079  29.418  -70.723  1.279 0.3000000119
3080  28.448  -70.360  1.222 0.3000000119
3095  27.747  -70.399  0.288 0.3000000119
3104  26.343  -70.814  -0.320 0.3000000119
109791  26.152  -71.315  -0.267 0.3000000119
2239  26.250  -71.793  0.301 0.3000000119
2649  29.902  -71.145  0.530 0.3000000119
5650  11.978  -65.834  -2.036 0.5000000000
5649  12.638  -65.732  -2.605 0.6000000238
2247  26.837  -72.587  -0.135 0.3000000119
5651  11.167  -65.442  -2.738 0.6000000238
2648  30.901  -71.733  0.697 0.3000000119
5641  10.610  -65.243  -2.337 0.6000000238
2280  33.622  -73.226  -3.352 0.3000000119
2281  32.796  -73.401  -3.282 0.3000000119
6235  8.265  -64.076  -4.091 0.6000000238
6865  6.541  -63.238  -4.721 0.6000000238
110968  11.278  -65.543  -1.908 0.6000000238
6206  10.976  -65.144  -1.614 0.5000000000
6844  10.036  -63.934  -2.061 0.6000000238
6218  9.592  -64.352  -2.520 0.6000000238
6219  8.886  -63.946  -3.009 0.6000000238
6236  7.248  -64.008  -5.055 0.6000000238
109805  6.107  -62.610  -4.424 0.6000000238
6846  7.934  -63.400  -3.809 0.6000000238
7391  4.848  -62.508  -4.019 0.5000000000
5640  11.844  -65.455  -1.259 0.5000000000
118917  11.373  -64.010  -1.336 0.5000000000
128419  9.355  -63.846  -2.534 0.5000000000
112354  7.137  -62.539  -4.113 0.6000000238
8621  3.633  -60.023  -2.637 0.5000000000
126931  5.322  -59.269  -1.990 0.6000000238
8610  4.427  -59.642  -2.096 0.6000000238
8611  3.661  -60.224  -1.897 0.5000000000
8601  4.297  -60.378  -1.210 0.6000000238
117992  3.984  -61.213  -0.547 0.6000000238
126532  7.093  -61.784  -4.229 0.5000000000
7931  6.313  -61.876  -4.285 0.5000000000
7944  6.811  -60.894  -4.437 0.6000000238
7932  5.659  -61.067  -4.210 0.5000000000
7933  4.700  -60.674  -3.902 0.5000000000
8638  5.461  -60.017  -3.924 0.6000000238
9985  8.007  -59.315  -3.903 0.6000000238
9316  5.345  -59.302  -3.212 0.6000000238
7904  5.228  -60.936  -0.471 0.5000000000
9251  3.539  -59.455  1.812 0.5000000000
6843  10.945  -63.521  -1.796 0.5000000000
7389  8.226  -62.750  -3.411 0.5000000000
7943  7.736  -61.181  -4.508 0.6000000238
10597  2.622  -57.298  1.661 0.5000000000
12017  3.662  -55.762  2.718 0.6000000238
9939  3.221  -57.980  0.897 0.6000000238
9919  4.414  -58.877  1.182 0.6000000238
9252  2.756  -59.115  2.088 0.5000000000
9226  5.345  -60.133  2.121 0.5000000000
8556  5.870  -60.729  2.627 0.5000000000
7323  7.511  -62.926  1.005 0.5000000000
7897  6.093  -61.638  0.107 0.5000000000
126953  7.529  -54.529  -1.135 0.6000000238
12719  7.166  -54.172  -1.116 0.6999999881
12706  6.700  -54.463  -0.380 0.6000000238
108419  5.885  -54.163  -0.009 0.6999999881
12707  4.028  -54.151  0.982 0.6000000238
12694  3.533  -54.222  1.871 0.6000000238
128576  5.397  -55.364  0.207 0.6000000238
110231  4.991  -54.750  0.318 0.6000000238
12705  7.553  -54.857  -0.595 0.6000000238
122057  6.509  -55.742  0.094 0.6000000238
11330  4.076  -56.412  0.389 0.6000000238
12695  3.541  -54.996  1.274 0.5000000000
12679  3.434  -54.948  2.258 0.6000000238
11327  7.250  -56.046  0.177 0.6000000238
11329  5.109  -56.723  0.255 0.6000000238
126036  3.293  -56.525  0.770 0.5000000000
124685  3.154  -55.097  1.844 0.6000000238
10610  6.097  -57.329  0.486 0.6000000238
10612  3.875  -57.298  0.513 0.6000000238
9918  6.637  -58.539  1.289 0.6000000238
9937  5.906  -58.105  0.800 0.6000000238
9249  6.075  -59.372  1.659 0.6000000238
9225  6.564  -59.882  2.234 0.5000000000
7861  6.859  -61.832  3.827 0.5000000000
7855  8.246  -61.955  4.781 0.5000000000
7836  9.789  -62.048  6.738 0.5000000000
6727  10.975  -63.250  7.349 0.5000000000
112988  5.001  -53.805  0.388 0.6000000238
13374  4.513  -52.699  1.175 0.6999999881
10609  7.259  -57.046  0.494 0.5000000000
9248  7.093  -59.107  1.876 0.6000000238
9212  7.944  -60.059  3.086 0.6000000238
8543  7.462  -60.917  3.397 0.5000000000
8542  8.328  -60.499  3.715 0.6000000238
7854  9.027  -61.366  5.210 0.5000000000
7844  10.113  -61.136  6.444 0.6000000238
7280  11.074  -62.378  7.203 0.6000000238
124139  15.011  -53.006  -2.545 0.4000000060
14796  7.351  -52.106  -1.453 0.6999999881
14765  7.313  -51.083  1.068 0.5000000000
15553  6.776  -50.480  1.941 0.5000000000
13406  14.376  -53.370  -2.182 0.6000000238
13412  13.851  -54.021  -3.304 0.5000000000
14766  6.249  -50.944  1.168 0.6000000238
15554  5.864  -50.345  2.123 0.5000000000
14038  15.615  -52.425  -0.640 0.5000000000
14054  7.273  -53.212  -2.668 0.6000000238
14786  6.361  -52.005  -0.576 0.8000000119
12737  7.107  -53.745  -2.052 0.6999999881
14041  5.805  -52.717  -0.188 0.8000000119
14015  4.643  -51.714  2.134 0.6999999881
9211  8.627  -59.813  3.400 0.6000000238
8535  9.428  -60.404  4.907 0.6000000238
127645  8.242  -50.809  2.390 0.5000000000
13411  14.312  -53.767  -4.283 0.5000000000
14795  8.269  -51.864  -1.621 0.6999999881
15540  8.266  -50.713  3.118 0.5000000000
14781  16.312  -51.998  -1.007 0.4000000060
115554  15.698  -52.294  -1.437 0.4000000060
14033  15.586  -52.575  0.263 0.4000000060
14034  14.842  -53.014  0.615 0.5000000000
14025  14.796  -53.195  1.573 0.4000000060
15552  8.809  -51.109  1.703 0.5000000000
15526  9.299  -51.035  3.313 0.5000000000
14051  15.418  -52.886  -3.680 0.3000000119
14061  14.835  -53.332  -4.579 0.3000000119
108930  7.852  -51.503  0.040 0.6000000238
14023  16.325  -52.312  0.770 0.4000000060
111846  16.366  -52.465  1.645 0.4000000060
123333  13.629  -53.886  2.720 0.4000000060
14775  9.028  -51.473  0.087 0.6000000238
14784  8.614  -51.610  -0.716 0.6000000238
13358  15.077  -53.289  2.781 0.4000000060
15551  9.864  -51.213  1.632 0.5000000000
15539  10.075  -51.147  2.453 0.5000000000
15588  17.627  -50.413  -3.035 0.3000000119
14815  16.495  -51.666  -4.155 0.3000000119
14828  15.094  -52.295  -5.223 0.3000000119
122969  14.483  -52.379  -5.465 0.4000000060
14001  15.889  -52.969  3.065 0.3000000119
13341  14.315  -53.702  3.346 0.4000000060
13323  15.441  -53.468  4.618 0.4000000060
14827  15.629  -51.571  -4.986 0.4000000060
15562  10.787  -51.239  0.561 0.6000000238
15538  11.137  -50.999  2.489 0.4000000060
15601  14.380  -50.819  -4.501 0.4000000060
112111  18.193  -48.764  -3.310 0.3000000119
16388  18.085  -49.538  -3.941 0.3000000119
15550  11.681  -50.850  1.644 0.5000000000
116002  13.573  -50.720  -4.031 0.4000000060
129605  12.360  -50.496  -3.178 0.4000000060
114443  10.542  -48.698  -1.642 0.5000000000
17145  13.076  -49.370  -3.060 0.4000000060
16389  12.121  -49.640  -2.744 0.4000000060
18613  14.069  -46.266  -2.349 0.3000000119
18606  12.380  -46.315  -1.760 0.3000000119
18614  13.180  -47.252  -2.557 0.3000000119
17887  11.755  -47.092  -1.989 0.3000000119
18597  10.298  -46.189  -1.031 0.3000000119
17034  11.792  -47.743  10.150 0.4000000060
18605  13.408  -46.024  -1.823 0.3000000119
2238  26.785  -72.558  0.634 0.3000000119
17136  12.323  -48.568  -2.658 0.3000000119
8527  10.468  -60.327  6.129 0.6000000238
18490  11.759  -46.511  12.719 0.4000000060
13383  14.118  -53.257  0.020 0.5000000000
17897  12.333  -47.616  -2.407 0.3000000119
2695  33.038  -72.263  -6.579 0.3000000119
6845  8.860  -63.408  -2.955 0.5000000000
420  23.938  -79.630  2.471 0.5000000000
171  21.289  -81.033  2.775 0.5000000000
116309  26.712  -76.293  3.020 0.5000000000
415  24.759  -79.618  3.546 0.4000000060
552  27.740  -77.090  3.694 0.4000000060
560  28.176  -77.085  2.373 0.4000000060
1276  28.481  -74.729  -6.817 0.4000000060
1270  28.103  -76.316  -6.519 0.4000000060
1014  28.373  -76.586  -5.663 0.4000000060
151  21.911  -81.150  5.082 0.3000000119
714  27.323  -77.425  5.504 0.3000000119
730  28.416  -77.066  4.289 0.3000000119
559  28.635  -77.212  2.329 0.4000000060
1912  28.493  -72.994  -6.726 0.4000000060
753  29.128  -77.559  0.721 0.4000000060
120169  21.187  -70.699  -7.123 0.5000000000
1922  29.840  -73.240  -7.566 0.4000000060
942  30.650  -75.998  5.690 0.3000000119
122957  30.516  -76.602  1.776 0.4000000060
982  30.348  -76.773  1.137 0.4000000060
983  29.985  -77.039  0.302 0.5000000000
1248  30.225  -75.651  -0.291 0.5000000000
2270  27.177  -72.456  -2.786 0.3000000119
123697  28.401  -71.750  -4.380 0.3000000119
2304  28.562  -72.311  -5.885 0.3000000119
2303  29.530  -72.422  -5.845 0.3000000119
3625  22.901  -70.110  -8.330 0.6000000238
1241  30.404  -75.500  1.480 0.3000000119
1240  30.653  -76.122  1.230 0.4000000060
3133  21.229  -70.452  -4.582 0.5000000000
2301  32.364  -73.145  -5.511 0.4000000060
1834  28.407  -73.749  2.516 0.3000000119
1846  27.460  -73.131  0.482 0.3000000119
2683  34.128  -72.331  -3.446 0.4000000060
109976  33.508  -72.703  -4.744 0.4000000060
2308  32.897  -72.676  -6.196 0.4000000060
3568  33.018  -70.413  -2.279 0.3000000119
3096  26.702  -70.494  0.231 0.3000000119
6207  10.249  -64.783  -2.044 0.6000000238
2279  34.079  -72.842  -3.450 0.3000000119
129251  26.169  -70.740  0.254 0.3000000119
2651  25.631  -70.834  1.374 0.3000000119
120048  4.889  -61.613  -4.077 0.5000000000
8639  4.691  -59.859  -3.513 0.6000000238
13399  6.205  -53.036  -0.969 0.6999999881
14767  5.464  -51.448  0.973 0.6999999881
14048  6.546  -52.854  -1.576 0.6999999881
14785  6.973  -51.755  -0.556 0.6000000238
15589  17.244  -51.098  -3.573 0.3000000119
15597  17.607  -50.371  -4.208 0.3000000119
3141  22.483  -70.126  -4.857 0.5000000000
3132  21.971  -70.334  -4.261 0.5000000000
4584  28.727  -67.589  -2.153 0.6000000238
7399  8.632  -62.011  -3.636 0.4000000060
7942  8.499  -61.376  -4.441 0.5000000000
8600  5.534  -59.977  -1.218 0.5000000000
9973  8.169  -59.118  -3.208 0.5000000000
9297  7.128  -59.024  -2.103 0.5000000000
8609  6.320  -59.250  -1.790 0.5000000000
7903  6.400  -60.832  -0.427 0.5000000000
8599  6.824  -60.088  -0.964 0.5000000000
9984  9.548  -59.295  -3.695 0.5000000000
7338  7.823  -62.178  0.579 0.4000000060
114215  8.662  -59.538  -1.706 0.5000000000
8608  7.564  -59.598  -1.450 0.5000000000
7895  8.195  -61.370  0.092 0.5000000000
7322  8.399  -62.747  1.060 0.5000000000
9284  8.560  -60.200  -0.910 0.6000000238
7901  8.162  -60.692  -0.429 0.5000000000
7337  8.763  -62.017  0.647 0.5000000000
6113  11.471  -64.487  6.720 0.5000000000
8585  9.716  -61.037  -0.109 0.6000000238
6128  10.332  -64.517  3.465 0.5000000000
6120  11.459  -64.712  5.763 0.5000000000
111013  9.161  -61.430  0.249 0.6000000238
122863  9.628  -62.969  1.617 0.6000000238
6749  9.567  -63.654  2.118 0.5000000000
8596  10.062  -60.465  -0.629 0.6000000238
129238  9.704  -61.433  0.312 0.6000000238
111602  10.058  -62.397  1.308 0.6000000238
6127  11.089  -64.169  3.844 0.6000000238
7320  10.867  -62.262  1.524 0.6000000238
6737  11.960  -63.994  6.207 0.5000000000
7279  11.667  -62.746  7.061 0.5000000000
7311  10.375  -62.944  1.991 0.6000000238
113496  10.301  -63.582  2.530 0.6000000238
13362  4.654  -53.413  2.677 0.5000000000
14003  5.161  -51.803  2.812 0.5000000000
14016  4.226  -52.504  1.896 0.5000000000
7834  11.581  -61.781  7.061 0.6000000238
6747  11.585  -62.841  2.835 0.6000000238
6731  12.322  -63.119  6.527 0.6000000238
117540  11.467  -63.358  3.441 0.6000000238
123823  11.839  -63.642  4.351 0.6000000238
127787  11.994  -63.172  3.843 0.6000000238
15600  14.587  -49.741  -4.308 0.3000000119
17033  12.523  -48.063  9.441 0.3000000119
3581  30.921  -69.038  -3.958 0.4000000060
3639  25.086  -68.937  -9.509 0.5000000000
3631  25.031  -68.834  -8.541 0.5000000000
4045  30.028  -68.020  -2.820 0.4000000060
4114  24.962  -68.692  -7.659 0.4000000060
4573  29.138  -67.182  -1.507 0.4000000060
125500  21.802  -70.393  -4.982 0.4000000060
124074  22.886  -69.978  -6.368 0.4000000060
112568  22.111  -70.384  -5.771 0.4000000060
3623  24.271  -69.052  -7.263 0.4000000060
6794  28.874  -63.484  -0.792 0.4000000060
5046  28.273  -65.909  -0.433 0.4000000060
5622  27.844  -65.066  -0.103 0.4000000060
116417  20.898  -70.304  -3.331 0.4000000060
5621  28.752  -65.080  -0.343 0.4000000060
128371  27.101  -65.084  0.109 0.4000000060
6167  26.440  -64.590  0.245 0.5000000000
7319  11.702  -62.118  1.674 0.5000000000
7879  12.121  -61.623  1.190 0.5000000000
7304  12.235  -62.786  3.351 0.5000000000
126923  12.715  -62.137  2.278 0.5000000000
7308  13.987  -62.058  2.752 0.5000000000
7298  13.394  -62.781  4.810 0.5000000000
128500  14.621  -62.491  4.205 0.5000000000
14749  5.531  -51.153  3.203 0.4000000060
15542  6.406  -50.226  2.696 0.4000000060
119717  13.132  -62.640  3.774 0.5000000000
6739  12.499  -63.266  5.070 0.5000000000
5064  28.710  -66.616  -0.929 0.4000000060
126270  21.426  -80.455  1.969 0.4000000060
289  21.308  -80.139  1.753 0.4000000060
587  19.398  -78.003  -1.786 0.4000000060
126711  22.662  -80.011  1.912 0.4000000060
113991  21.960  -79.858  1.642 0.4000000060
780  19.350  -76.694  -1.156 0.4000000060
424  20.979  -79.353  2.019 0.4000000060
770  21.771  -76.866  -0.104 0.4000000060
771  20.472  -75.784  0.401 0.4000000060
121943  18.950  -76.341  0.092 0.4000000060
561  22.954  -78.975  2.504 0.5000000000
118444  22.490  -79.585  2.022 0.5000000000
562  22.146  -78.081  2.536 0.4000000060
112301  21.657  -78.663  2.297 0.4000000060
762  19.943  -75.367  2.257 0.4000000060
556  23.576  -78.357  2.963 0.5000000000
740  23.307  -76.914  3.344 0.5000000000
107618  20.768  -77.860  3.288 0.4000000060
966  22.748  -76.001  3.178 0.4000000060
557  22.533  -77.304  3.015 0.4000000060
759  23.348  -75.830  0.787 0.4000000060
760  22.386  -76.283  1.656 0.4000000060
124436  21.999  -76.356  2.282 0.4000000060
761  21.442  -75.855  1.991 0.4000000060
569  20.697  -75.922  3.806 0.4000000060
769  22.448  -76.880  0.732 0.4000000060
126327  22.828  -75.402  2.673 0.5000000000
977  22.290  -76.166  2.710 0.4000000060
747  22.037  -76.960  2.633 0.4000000060
563  21.594  -77.071  3.034 0.4000000060
976  23.498  -74.668  2.049 0.5000000000
986  22.877  -75.428  1.783 0.4000000060
568  24.761  -74.348  -0.220 0.3000000119
574  24.725  -74.243  -0.811 0.3000000119
567  25.444  -74.734  -0.300 0.4000000060
984  24.792  -74.420  0.645 0.3000000119
756  26.315  -76.071  0.574 0.4000000060
125429  25.389  -74.653  0.254 0.4000000060
778  25.086  -74.286  -1.708 0.3000000119
581  25.480  -74.617  -1.432 0.4000000060
573  25.483  -74.715  -0.932 0.4000000060
566  26.157  -76.317  -0.433 0.4000000060
572  26.112  -75.906  -1.279 0.4000000060
766  26.824  -77.464  -0.610 0.4000000060
754  28.012  -77.693  0.127 0.3000000119
985  23.817  -74.617  1.046 0.3000000119
757  25.867  -75.175  1.080 0.4000000060
777  25.907  -75.090  -1.835 0.4000000060
755  27.075  -77.319  0.323 0.3000000119
117932  26.993  -77.436  -1.451 0.4000000060
765  28.147  -77.685  -0.739 0.4000000060
975  24.511  -74.387  1.514 0.4000000060
974  25.372  -74.614  1.429 0.4000000060
786  25.604  -74.814  -2.312 0.4000000060
784  27.363  -77.290  -2.822 0.4000000060
785  26.354  -76.145  -2.384 0.4000000060
783  28.911  -77.131  -3.146 0.4000000060
775  28.797  -77.253  -2.440 0.4000000060
122738  26.454  -76.437  -1.873 0.4000000060
1242  24.314  -74.557  2.445 0.4000000060
1230  25.303  -74.711  2.202 0.4000000060
119154  26.825  -76.164  1.913 0.3000000119
973  26.111  -75.352  2.121 0.4000000060
746  27.572  -77.001  1.518 0.3000000119
790  27.625  -77.349  -3.433 0.4000000060
795  27.131  -77.274  -4.083 0.4000000060
115507  29.908  -76.449  -1.926 0.4000000060
113885  28.773  -77.387  -1.569 0.4000000060
733  24.335  -76.705  3.490 0.4000000060
738  25.275  -77.603  3.539 0.4000000060
963  23.564  -75.854  3.394 0.4000000060
731  26.007  -76.124  3.303 0.4000000060
1220  24.632  -75.172  3.240 0.4000000060
965  25.845  -75.451  2.865 0.4000000060
6168  25.525  -64.351  0.373 0.4000000060
776  27.237  -77.329  -2.174 0.4000000060
162  23.645  -80.167  3.276 0.4000000060
169  23.102  -80.177  2.674 0.4000000060
172  20.369  -80.978  2.845 0.5000000000
176  21.796  -80.566  2.261 0.4000000060
274  23.876  -80.222  4.172 0.3000000119
283  23.830  -79.734  2.500 0.5000000000
285  22.048  -80.209  1.861 0.4000000060
409  24.639  -79.888  4.183 0.3000000119
418  25.901  -78.477  3.914 0.4000000060
419  24.287  -79.740  2.834 0.4000000060
542  27.998  -77.526  4.838 0.3000000119
546  28.598  -76.961  3.301 0.4000000060
547  28.030  -77.135  3.964 0.4000000060
721  27.785  -77.657  5.192 0.3000000119
725  29.189  -76.786  4.486 0.3000000119
726  28.559  -77.108  4.834 0.3000000119
728  29.887  -76.872  3.052 0.4000000060
732  25.368  -76.424  3.496 0.4000000060
752  29.829  -77.284  1.171 0.4000000060
961  25.307  -75.564  3.289 0.4000000060
962  24.520  -75.767  3.443 0.4000000060
972  30.453  -76.643  2.536 0.3000000119
987  19.563  -75.675  0.788 0.4000000060
1006  28.676  -76.827  -4.923 0.4000000060
1030  27.483  -75.669  -8.303 0.3000000119
1221  23.988  -75.239  3.275 0.4000000060
1229  30.583  -75.563  2.247 0.3000000119
1231  25.025  -74.902  2.920 0.4000000060
1232  24.234  -74.844  3.031 0.4000000060
1233  23.373  -75.012  3.032 0.4000000060
1263  29.054  -75.554  -5.374 0.4000000060
1292  27.608  -74.640  -9.434 0.3000000119
1508  29.890  -75.110  0.251 0.4000000060
1521  29.929  -75.453  -1.974 0.5000000000
1838  28.540  -73.876  1.766 0.3000000119
1881  27.404  -72.833  -4.076 0.3000000119
1900  27.941  -72.300  -5.457 0.3000000119
1920  32.079  -73.031  -7.743 0.4000000060
2259  26.624  -71.430  -1.412 0.3000000119
2271  26.883  -71.769  -2.235 0.3000000119
2310  28.974  -72.576  -6.473 0.3000000119
2314  32.581  -72.442  -7.564 0.5000000000
2650  25.853  -71.008  0.410 0.3000000119
2690  33.985  -72.467  -4.177 0.4000000060
2696  32.657  -71.637  -6.994 0.5000000000
2699  32.888  -72.145  -7.388 0.5000000000
2705  32.138  -71.779  -9.503 0.3000000119
2708  31.444  -71.438  -10.448 0.3000000119
2711  31.045  -71.189  -11.133 0.3000000119
3097  26.118  -70.528  0.890 0.3000000119
3112  21.451  -70.083  -2.126 0.6000000238
3123  32.513  -70.555  -4.011 0.5000000000
3125  21.378  -70.371  -3.758 0.4000000060
3142  21.224  -70.531  -5.434 0.5000000000
3158  21.449  -70.681  -7.803 0.5000000000
3166  21.651  -70.514  -8.510 0.5000000000
3543  22.869  -69.179  0.121 0.6999999881
3544  22.068  -69.326  0.366 0.8000000119
3545  21.227  -69.390  0.386 0.6999999881
3571  22.694  -69.774  -1.658 0.6999999881
3572  20.142  -69.878  -2.540 0.6000000238
3574  18.878  -69.191  -2.713 0.6999999881
3584  22.885  -69.906  -3.109 0.6000000238
3596  23.987  -69.188  -5.072 0.6999999881
3597  23.303  -69.678  -4.660 0.6000000238
3606  23.653  -69.428  -5.871 0.6000000238
3624  23.604  -69.616  -7.751 0.6000000238
3630  28.564  -69.202  -8.412 0.5000000000
3640  24.330  -69.169  -9.772 0.6000000238
4039  23.885  -68.936  -1.257 0.8000000119
4041  18.115  -68.481  -1.581 0.6999999881
4049  25.737  -68.036  -2.881 0.8000000119
4060  28.770  -68.564  -3.918 0.6999999881
4078  24.495  -68.881  -4.561 0.6999999881
4095  26.220  -68.504  -6.649 0.6999999881
4096  25.542  -68.520  -6.532 0.6999999881
4533  22.370  -67.936  1.287 0.6000000238
4534  21.602  -67.745  1.510 0.6000000238
4535  20.625  -67.575  1.650 0.6999999881
4536  19.709  -67.728  1.638 0.8000000119
4538  18.179  -67.109  1.541 0.8999999762
4547  23.543  -66.721  0.852 0.6999999881
4548  22.941  -68.067  0.960 0.6999999881
4578  24.867  -67.629  -1.219 0.6999999881
5023  18.710  -66.738  1.882 0.8999999762
5031  17.085  -66.400  1.057 0.8000000119
5045  29.172  -65.957  -0.612 0.4000000060
5555  10.795  -65.057  5.086 0.5000000000
5594  20.195  -65.691  1.627 0.6000000238
5595  19.523  -66.327  1.876 0.6999999881
5601  27.283  -64.367  -0.021 0.4000000060
5603  25.748  -65.169  0.415 0.4000000060
5606  22.724  -65.483  1.085 0.5000000000
5628  12.588  -65.389  -0.765 0.6000000238
6108  11.080  -64.179  7.383 0.5000000000
6122  11.350  -64.467  4.735 0.6000000238
6123  10.623  -64.796  4.214 0.5000000000
6203  21.033  -64.170  -1.261 0.6000000238
6205  11.491  -64.718  -1.171 0.6000000238
6215  21.523  -63.784  -2.255 0.6000000238
6217  20.479  -63.658  -2.081 0.6000000238
6230  20.923  -63.607  -2.711 0.5000000000
6234  9.178  -64.397  -3.329 0.6000000238
6273  20.798  -63.586  -5.316 0.5000000000
6732  11.670  -63.659  6.987 0.5000000000
6736  12.353  -63.484  5.774 0.6000000238
6740  11.935  -63.987  5.321 0.5000000000
6741  10.686  -63.865  3.108 0.6000000238
6742  9.956  -64.203  2.782 0.6000000238
6748  10.937  -63.177  2.697 0.6000000238
6762  17.271  -63.510  1.520 0.8000000119
6763  8.928  -63.256  1.544 0.5000000000
6781  19.273  -63.428  0.711 0.6000000238
6783  17.408  -62.978  1.270 0.8000000119
6784  16.592  -63.273  1.148 0.8000000119
6786  14.870  -63.866  0.461 0.6000000238
6800  19.402  -63.391  -0.266 0.6000000238
6802  14.962  -63.328  0.230 0.6000000238
6822  13.980  -63.145  -0.571 0.6000000238
6823  13.330  -63.351  -0.802 0.6000000238
6825  10.804  -64.434  -1.606 0.5000000000
6842  11.862  -63.228  -1.672 0.6000000238
7277  14.349  -62.153  6.171 0.6000000238
7287  15.373  -62.264  5.136 0.5000000000
7290  13.019  -62.846  5.821 0.6000000238
7296  15.209  -62.367  4.328 0.5000000000
7297  14.530  -62.553  4.888 0.5000000000
7302  14.649  -62.290  3.548 0.5000000000
7303  14.014  -62.571  4.081 0.5000000000
7309  12.130  -62.400  2.420 0.5000000000
7310  11.254  -62.607  2.197 0.6000000238
7318  17.877  -62.716  0.978 0.6999999881
7321  9.249  -62.538  1.145 0.6000000238
7334  18.266  -62.691  0.313 0.6000000238
7339  6.840  -62.327  0.572 0.5000000000
7355  18.153  -62.521  -1.201 0.6000000238
7368  17.368  -62.052  -2.162 0.6999999881
7383  17.853  -62.050  -2.914 0.6000000238
7385  12.382  -61.874  -3.161 0.5000000000
7387  9.970  -62.275  -2.982 0.6000000238
7390  5.490  -62.200  -4.268 0.6000000238
7400  7.786  -62.015  -3.863 0.4000000060
7831  14.488  -61.638  6.325 0.6000000238
7833  12.515  -61.706  6.924 0.6999999881
7835  10.631  -61.729  6.962 0.6000000238
7843  15.198  -61.869  5.800 0.6000000238
7845  9.352  -61.708  6.013 0.5000000000
7853  15.877  -62.100  4.528 0.5000000000
7856  7.300  -62.283  4.547 0.5000000000
7877  14.207  -61.510  2.087 0.5000000000
7881  10.522  -61.834  0.893 0.6000000238
7893  10.945  -61.324  0.473 0.6999999881
7894  9.683  -61.862  0.700 0.6000000238
7896  7.147  -61.525  0.134 0.5000000000
7902  7.411  -60.800  -0.374 0.5000000000
7915  16.131  -61.602  -2.508 0.6000000238
7917  13.734  -61.724  -2.838 0.6000000238
7925  16.380  -61.352  -3.334 0.6000000238
7928  13.134  -61.568  -3.508 0.6999999881
7930  11.222  -61.210  -4.793 0.6000000238
7939  13.218  -61.174  -4.431 0.6000000238
7941  9.366  -61.302  -4.591 0.6000000238
7956  16.751  -60.720  -5.439 0.5000000000
7958  14.294  -60.781  -5.455 0.5000000000
7962  9.872  -60.842  -5.305 0.6999999881
7963  8.567  -60.729  -4.998 0.6999999881
7981  16.403  -60.457  -6.275 0.5000000000
7985  11.686  -60.822  -5.961 0.6999999881
7987  10.254  -60.614  -5.782 0.6999999881
8514  13.345  -60.667  6.594 0.6999999881
8516  10.972  -60.884  6.745 0.6000000238
8524  13.993  -60.223  6.249 0.5000000000
8525  12.223  -59.575  5.877 0.6999999881
8526  11.421  -60.046  6.296 0.8000000119
8528  9.722  -60.734  5.732 0.6000000238
8534  10.133  -59.993  5.364 0.6000000238
8536  7.878  -61.431  4.047 0.5000000000
8541  9.115  -59.977  4.056 0.6000000238
8555  7.036  -60.428  2.770 0.5000000000
8583  11.328  -60.789  0.019 0.6000000238
8586  8.883  -60.872  -0.274 0.6000000238
8594  11.694  -60.257  -0.496 0.5000000000
8597  9.354  -60.520  -0.607 0.6000000238
8598  7.701  -60.256  -0.796 0.5000000000
8620  4.366  -59.519  -2.970 0.6000000238
8640  3.968  -60.262  -3.339 0.5000000000
8657  6.254  -60.255  -4.264 0.6000000238
8674  9.385  -60.471  -5.506 0.6999999881
8675  8.635  -60.200  -5.317 0.6999999881
8704  14.390  -60.120  -6.678 0.5000000000
9173  13.072  -59.815  6.166 0.6000000238
9197  12.171  -59.102  5.068 0.6000000238
9199  10.769  -59.444  4.827 0.6999999881
9210  10.397  -59.201  3.989 0.6999999881
9223  8.488  -59.283  2.750 0.6999999881
9224  7.548  -59.579  2.477 0.6000000238
9250  4.830  -59.538  1.618 0.5000000000
9281  11.244  -59.861  -1.069 0.6999999881
9283  9.457  -60.052  -1.184 0.6000000238
9298  5.628  -59.042  -2.484 0.6000000238
9299  4.949  -59.202  -2.562 0.6000000238
9312  9.787  -59.372  -2.447 0.6000000238
9313  8.407  -59.170  -2.443 0.5000000000
9314  7.545  -58.986  -2.674 0.5000000000
9339  9.267  -59.489  -4.957 0.6000000238
9340  8.460  -59.528  -4.565 0.6999999881
9358  13.329  -59.476  -6.722 0.5000000000
9359  12.499  -59.408  -6.521 0.5000000000
9360  9.907  -60.145  -5.973 0.6999999881
9370  15.902  -59.324  -7.406 0.6000000238
9847  12.931  -58.656  5.453 0.5000000000
9853  12.344  -58.594  4.963 0.6999999881
9854  11.842  -58.641  4.455 0.6999999881
9892  10.301  -58.385  2.698 0.6999999881
9893  9.383  -58.716  2.610 0.6999999881
9915  9.175  -58.312  1.914 0.6999999881
9916  8.443  -58.214  1.566 0.6999999881
9920  3.322  -58.671  1.323 0.6000000238
9921  2.630  -58.153  1.587 0.5000000000
9938  4.104  -58.190  0.739 0.6000000238
9959  11.139  -59.312  -2.256 0.6999999881
9968  12.854  -58.442  -3.295 0.6999999881
9971  10.833  -59.217  -3.013 0.6000000238
9972  9.104  -59.220  -2.960 0.5000000000
9981  12.286  -58.644  -3.862 0.6999999881
9991  12.702  -58.376  -4.558 0.6999999881
9993  10.802  -59.059  -4.732 0.6000000238
9994  9.862  -59.286  -4.448 0.6000000238
10001  10.039  -59.347  -5.208 0.6000000238
10010  14.283  -57.982  -6.598 0.5000000000
10012  13.132  -58.194  -5.963 0.6000000238
10022  17.823  -57.910  -7.935 0.5000000000
10024  15.574  -58.368  -7.306 0.6000000238
10517  13.541  -57.524  5.898 0.5000000000
10518  12.865  -57.355  5.606 0.5000000000
10559  11.047  -57.931  2.817 0.6999999881
10577  10.928  -57.268  2.294 0.8000000119
10592  10.261  -57.428  1.733 0.8000000119
10595  7.723  -57.789  1.036 0.5000000000
10596  6.825  -57.826  0.866 0.6000000238
10608  8.161  -57.196  0.716 0.5000000000
10611  5.035  -57.690  0.509 0.6000000238
10613  2.907  -57.349  0.997 0.5000000000
10639  18.382  -56.742  -2.948 0.5000000000
10640  14.777  -57.379  -2.976 0.5000000000
10649  18.595  -57.167  -3.342 0.5000000000
10651  14.920  -57.236  -3.985 0.5000000000
10653  13.269  -58.206  -3.825 0.6000000238
10661  18.377  -57.581  -4.739 0.5000000000
10663  15.051  -57.069  -5.042 0.5000000000
10666  13.057  -58.170  -5.323 0.6000000238
10676  17.675  -57.114  -6.368 0.5000000000
10677  16.074  -56.808  -6.195 0.6000000238
10690  16.434  -57.042  -7.003 0.6000000238
10692  13.978  -57.778  -6.126 0.5000000000
11267  12.049  -56.317  4.711 0.6000000238
11268  11.734  -56.480  3.861 0.8000000119
11299  10.594  -56.637  1.773 0.8000000119
11300  3.155  -56.677  2.564 0.6000000238
11301  2.732  -56.784  2.031 0.5000000000
11310  9.827  -56.731  1.149 0.8000000119
11311  9.163  -56.124  0.669 0.8000000119
11312  8.926  -57.012  0.809 0.6999999881
11313  2.828  -56.580  1.459 0.5000000000
11328  6.338  -56.488  0.251 0.6000000238
11331  3.139  -55.767  1.357 0.6000000238
11366  15.847  -56.731  -2.363 0.5000000000
11377  16.353  -56.665  -3.795 0.5000000000
11388  16.532  -56.669  -4.610 0.5000000000
11395  16.677  -56.707  -5.494 0.6000000238
11396  15.865  -56.780  -5.297 0.6000000238
11993  12.178  -55.420  4.642 0.6000000238
12014  11.288  -55.438  2.719 0.6999999881
12015  10.788  -55.768  1.978 0.6999999881
12018  2.983  -55.870  2.071 0.6000000238
12045  10.107  -54.983  0.650 0.8000000119
12046  7.948  -55.466  -0.029 0.6999999881
12047  7.032  -55.227  -0.092 0.6000000238
12048  6.058  -55.075  0.055 0.6000000238
12049  4.099  -55.048  0.675 0.6000000238
12643  13.937  -54.154  4.896 0.5000000000
12644  13.133  -54.414  4.465 0.6000000238
12645  12.685  -54.953  5.086 0.6000000238
12659  12.554  -54.560  3.618 0.6000000238
12660  11.816  -54.904  3.187 0.6000000238
12678  3.988  -54.142  2.413 0.6000000238
12692  11.365  -54.667  1.575 0.6999999881
12693  10.630  -54.887  1.178 0.8000000119
12701  11.983  -54.319  0.997 0.6999999881
12703  9.684  -54.978  0.040 0.8000000119
12714  12.115  -54.416  -0.459 0.6999999881
12716  10.291  -54.919  -0.344 0.8000000119
12718  8.060  -54.840  -1.049 0.6000000238
12720  6.528  -53.639  -0.872 0.6999999881
12721  5.803  -53.391  -0.148 0.6999999881
12732  12.154  -55.070  -2.340 0.8000000119
12736  7.465  -54.612  -2.141 0.8000000119
12738  6.637  -53.237  -1.648 0.6999999881
12749  12.244  -55.099  -3.671 0.6000000238
12750  11.197  -55.388  -3.298 0.8000000119
12751  10.001  -55.414  -3.428 0.8000000119
12754  7.351  -54.215  -2.847 0.6999999881
12764  10.340  -55.099  -4.409 0.6999999881
12765  9.422  -55.090  -4.205 0.8000000119
13324  14.580  -53.743  4.318 0.5000000000
13340  15.249  -53.368  3.672 0.4000000060
13343  12.983  -54.228  2.946 0.6999999881
13359  14.364  -53.499  2.327 0.4000000060
13360  13.676  -53.711  2.039 0.6000000238
13361  12.974  -54.071  2.150 0.6000000238
13363  4.042  -53.309  2.127 0.5000000000
13373  12.651  -54.101  1.419 0.6999999881
13375  4.000  -53.337  1.574 0.6000000238
13384  13.394  -53.613  0.393 0.6000000238
13386  5.125  -53.045  0.440 0.6000000238
13387  4.419  -53.381  0.907 0.6000000238
13396  14.213  -53.262  -1.013 0.6999999881
13409  6.902  -53.226  -2.225 0.6999999881
13414  7.715  -53.915  -3.260 0.6000000238
13415  7.261  -53.674  -2.695 0.6999999881
13419  14.247  -53.545  -5.020 0.3000000119
13421  11.595  -54.155  -5.114 0.6999999881
13422  10.588  -54.378  -5.001 0.6999999881
13428  12.688  -53.933  -5.222 0.6000000238
13429  10.870  -53.525  -5.204 0.6999999881
14000  16.720  -52.670  3.353 0.3000000119
14014  15.626  -52.960  2.124 0.4000000060
14024  15.599  -52.765  1.166 0.5000000000
14026  4.737  -51.918  1.431 0.6999999881
14032  16.316  -52.146  -0.103 0.4000000060
14035  5.284  -52.220  0.544 0.8000000119
14039  14.881  -52.877  -0.334 0.5000000000
14040  6.266  -52.520  -0.820 0.6999999881
14044  15.541  -52.478  -2.330 0.4000000060
14045  15.005  -52.771  -1.439 0.4000000060
14046  7.629  -52.463  -2.262 0.6999999881
14047  6.955  -52.683  -2.000 0.6999999881
14052  14.676  -53.460  -3.406 0.5000000000
14060  15.317  -52.717  -4.895 0.3000000119
14062  11.992  -52.557  -5.223 0.6000000238
14064  10.317  -52.807  -4.513 0.6000000238
14066  8.579  -53.470  -3.806 0.6999999881
14073  14.535  -52.949  -5.355 0.6000000238
14759  5.801  -50.451  3.057 0.4000000060
14764  16.947  -51.961  1.227 0.4000000060
14774  10.075  -51.440  -0.089 0.8000000119
14776  6.187  -51.603  0.188 0.8000000119
14780  16.886  -51.662  -0.532 0.4000000060
14782  10.199  -51.341  -1.023 0.8000000119
14783  9.251  -51.584  -1.327 0.6000000238
14787  5.896  -52.095  -0.148 0.8000000119
14793  9.863  -51.518  -1.865 0.6000000238
14794  9.030  -51.798  -2.154 0.6999999881
14797  6.690  -52.302  -1.220 0.6999999881
14804  16.084  -52.179  -3.258 0.3000000119
14805  11.227  -51.297  -3.180 0.5000000000
14808  8.342  -52.220  -2.455 0.6999999881
14816  15.740  -51.971  -4.806 0.3000000119
14817  13.859  -51.674  -4.994 0.4000000060
14820  10.763  -51.984  -3.828 0.6000000238
14829  13.725  -52.636  -5.581 0.4000000060
15529  6.561  -50.406  3.510 0.4000000060
15541  7.330  -50.420  2.766 0.5000000000
15548  12.918  -50.115  1.570 0.6000000238
15549  12.366  -50.463  1.195 0.6999999881
15561  12.265  -50.245  0.556 0.6999999881
15563  9.529  -51.325  0.830 0.6000000238
15564  8.401  -51.248  0.945 0.5000000000
15573  10.882  -50.675  -1.005 0.6000000238
15590  12.980  -50.203  -3.313 0.4000000060
15591  11.652  -50.472  -2.784 0.4000000060
15598  17.021  -50.932  -4.569 0.3000000119
15602  12.946  -51.052  -3.915 0.4000000060
15617  14.886  -51.750  -5.221 0.4000000060
16339  13.645  -49.536  2.944 0.6000000238
16364  12.919  -49.584  1.355 0.6999999881
16370  12.483  -49.693  0.801 0.6999999881
16371  11.858  -49.891  0.096 0.6999999881
16377  11.149  -49.937  -0.777 0.6000000238
16390  11.271  -49.612  -2.286 0.6000000238
16395  13.714  -49.980  -3.726 0.3000000119
17040  13.715  -48.606  8.193 0.5000000000
17041  12.816  -48.201  8.547 0.5000000000
17052  14.130  -49.147  6.216 0.5000000000
17078  13.208  -48.508  3.955 0.6000000238
17085  13.751  -49.108  3.139 0.5000000000
17101  13.523  -49.051  2.446 0.5000000000
17112  12.454  -48.810  1.322 0.5000000000
17117  12.684  -49.251  1.149 0.6000000238
17125  11.108  -49.330  -0.347 0.6000000238
17131  10.400  -48.037  -1.817 0.5000000000
17138  10.850  -48.760  -2.090 0.5000000000
17144  13.411  -48.597  -3.066 0.3000000119
17767  11.563  -47.560  9.312 0.4000000060
17768  10.933  -47.286  10.050 0.4000000060
17784  12.022  -48.166  6.194 0.6000000238
17786  10.034  -47.582  6.416 0.4000000060
17787  8.909  -47.528  6.389 0.4000000060
17788  7.633  -47.422  6.441 0.3000000119
17803  11.273  -47.948  5.636 0.5000000000
17819  11.112  -47.829  4.202 0.4000000060
17821  9.154  -47.392  4.195 0.3000000119
17847  12.023  -48.203  2.659 0.5000000000
17848  10.633  -47.646  1.939 0.4000000060
17850  8.544  -46.792  2.740 0.3000000119
17874  9.474  -46.527  -0.302 0.4000000060
17881  9.619  -47.425  -0.946 0.5000000000
17889  10.156  -47.176  -1.386 0.4000000060
18497  11.287  -46.885  12.025 0.5000000000
18503  9.423  -46.163  10.629 0.4000000060
18507  7.868  -46.186  9.761 0.3000000119
18514  8.775  -46.672  8.536 0.3000000119
18551  7.594  -46.591  3.037 0.3000000119
18568  6.812  -45.402  2.267 0.3000000119
18582  8.004  -45.560  0.787 0.3000000119
18583  7.250  -45.317  1.364 0.3000000119
18591  8.841  -45.911  0.413 0.3000000119
18607  11.143  -46.451  -1.511 0.3000000119
19242  11.826  -45.597  12.843 0.4000000060
19252  11.520  -45.411  12.175 0.3000000119
19270  9.162  -45.685  10.691 0.3000000119
19271  8.244  -45.530  10.352 0.3000000119
19380  9.096  -45.654  0.245 0.3000000119
19381  8.561  -44.917  0.507 0.3000000119
19392  11.043  -45.734  -0.984 0.3000000119
20064  11.497  -44.573  11.934 0.3000000119
20873  11.574  -44.196  12.935 0.3000000119
107739  18.882  -75.920  1.923 0.4000000060
108088  12.233  -62.365  6.923 0.6000000238
108386  7.785  -51.750  -0.886 0.6999999881
108511  13.021  -62.341  2.843 0.5000000000
108661  9.640  -47.593  4.778 0.4000000060
109102  5.710  -55.878  0.169 0.6000000238
109282  18.583  -68.582  0.163 0.8000000119
109527  12.220  -50.623  2.026 0.6000000238
109577  27.198  -68.738  -5.709 0.6999999881
109639  16.924  -56.839  -6.326 0.6000000238
109893  11.965  -54.826  -1.287 0.6999999881
110014  16.217  -60.814  -4.745 0.5000000000
110126  7.849  -59.142  -2.014 0.5000000000
110455  12.491  -62.996  4.220 0.6000000238
110743  12.880  -48.401  5.817 0.6000000238
110807  20.056  -63.002  -3.851 0.6000000238
110815  23.282  -79.862  2.218 0.5000000000
110899  24.524  -79.514  3.089 0.4000000060
110988  4.712  -55.710  0.307 0.6000000238
111722  12.899  -61.485  1.386 0.5000000000
111738  10.049  -51.166  3.841 0.5000000000
111781  6.382  -61.271  3.207 0.5000000000
111870  10.259  -59.626  -5.772 0.6000000238
112030  11.437  -47.937  4.893 0.4000000060
112083  7.801  -50.834  1.814 0.5000000000
112607  27.540  -73.251  -4.677 0.3000000119
112709  15.126  -59.721  -6.927 0.6000000238
112746  29.888  -74.888  1.860 0.3000000119
112871  29.709  -76.265  -3.371 0.5000000000
113432  5.550  -58.804  1.190 0.6000000238
114092  29.660  -74.931  -0.330 0.5000000000
114155  10.967  -59.578  -1.653 0.6999999881
114798  10.194  -61.404  0.370 0.6000000238
115033  14.055  -53.493  1.647 0.4000000060
115058  18.323  -57.249  -4.056 0.5000000000
115217  18.514  -57.818  -5.484 0.5000000000
116466  11.161  -47.875  2.649 0.5000000000
116524  9.701  -48.128  -0.921 0.5000000000
116529  11.183  -60.011  -6.364 0.6000000238
116659  16.383  -64.845  1.191 0.6999999881
116983  19.916  -68.942  0.878 0.8000000119
117731  9.399  -45.288  0.189 0.3000000119
117871  12.242  -54.194  0.273 0.6999999881
117891  5.199  -50.903  2.389 0.4000000060
118262  9.561  -55.177  -1.142 0.8000000119
118430  21.348  -63.652  -2.607 0.5000000000
118517  30.336  -69.508  -5.372 0.5000000000
118639  16.157  -66.290  -0.438 0.6999999881
119680  29.121  -69.507  -8.103 0.4000000060
119887  12.439  -60.860  -5.844 0.6999999881
119997  9.625  -55.445  -2.354 0.8000000119
120008  19.212  -64.448  1.770 0.6999999881
120061  15.822  -52.299  -4.290 0.3000000119
120084  14.973  -60.604  -5.734 0.5000000000
120480  17.164  -66.994  0.306 0.6999999881
120806  10.888  -51.092  1.625 0.5000000000
120871  4.607  -52.533  2.421 0.5000000000
120974  10.374  -62.551  7.230 0.5000000000
121436  13.147  -60.472  -6.399 0.6000000238
121438  11.996  -60.128  -6.475 0.6000000238
121480  3.698  -55.731  0.688 0.5000000000
121719  8.731  -59.269  -3.765 0.6000000238
122185  10.548  -59.916  -6.171 0.6999999881
122373  6.883  -51.381  0.371 0.6000000238
122451  9.378  -46.992  2.448 0.4000000060
122473  13.036  -47.956  -2.708 0.3000000119
122563  8.739  -55.598  0.228 0.6999999881
122711  14.657  -58.553  -7.000 0.6000000238
122864  9.070  -51.026  2.455 0.5000000000
122905  11.461  -48.894  -2.404 0.4000000060
123064  11.650  -55.444  3.461 0.6999999881
123798  15.226  -57.095  -2.449 0.5000000000
123919  28.233  -68.331  -3.524 0.6999999881
123989  14.175  -45.860  -1.913 0.3000000119
124306  12.470  -61.948  1.822 0.5000000000
124750  10.947  -54.659  0.133 0.8000000119
124869  14.554  -60.329  -6.455 0.6000000238
125140  19.751  -76.094  -0.487 0.4000000060
125292  8.243  -47.235  4.306 0.3000000119
125454  20.049  -69.702  -1.855 0.8000000119
125527  21.241  -63.964  -1.627 0.6000000238
125572  10.530  -55.344  1.530 0.6999999881
125581  24.401  -68.837  -3.087 0.6999999881
125711  12.991  -58.492  -2.350 0.5000000000
125753  8.690  -60.900  4.446 0.6000000238
125888  13.754  -62.401  3.373 0.5000000000
126228  31.447  -72.242  -9.729 0.3000000119
126371  5.451  -50.821  1.658 0.5000000000
126510  31.813  -71.674  -9.940 0.3000000119
126586  13.509  -48.679  6.276 0.5000000000
126787  12.097  -47.800  8.752 0.5000000000
126833  19.689  -69.181  0.238 0.8000000119
126888  13.262  -46.570  -2.234 0.3000000119
127183  12.583  -46.922  -2.190 0.3000000119
127283  17.988  -48.386  -2.251 0.3000000119
127655  33.268  -73.327  -3.822 0.4000000060
128188  5.687  -51.800  0.340 0.6999999881
128214  28.729  -73.687  -9.035 0.3000000119
128292  4.984  -51.251  1.718 0.6999999881
128491  26.198  -67.822  -2.625 0.6999999881
128703  25.438  -67.917  -2.430 0.6999999881
128876  12.558  -58.925  5.205 0.6000000238
129227  14.971  -53.237  2.200 0.4000000060
129399  29.675  -72.492  -10.867 0.4000000060
129465  13.309  -65.479  -3.153 0.6000000238
129761  15.772  -57.536  -7.097 0.6000000238
129815  10.439  -59.348  -2.559 0.6999999881
129842  13.121  -57.994  5.590 0.5000000000
129870  9.699  -59.429  3.866 0.6999999881
129992  5.041  -58.354  0.811 0.6000000238
130131  7.195  -58.136  1.190 0.6000000238
