#!ascii label  , from subject sub-v1s23x0050604_ses-1 vox2ras=TkReg
2211
29505  -6.609  -38.626  77.183 0.3333329856
30182  -7.481  -38.294  76.910 0.3333329856
30970  -8.906  -36.948  76.910 0.3333329856
30183  -8.354  -37.522  76.233 0.4444440007
112551  -9.001  -36.824  76.147 0.3333329856
30971  -9.338  -36.217  76.530 0.4444440007
30981  -9.308  -36.281  75.644 0.5555559993
31747  -9.785  -35.608  76.071 0.4444440007
31748  -10.270  -34.980  76.435 0.5555559993
32495  -10.803  -34.677  75.900 0.6666669846
32502  -11.347  -34.449  75.348 0.7777780294
30994  -4.978  -36.775  74.477 0.3333329856
30187  -5.178  -37.623  75.645 0.4444440007
112555  -6.878  -37.410  75.201 0.4444440007
99111  -7.340  -37.880  75.896 0.3333329856
30188  -7.763  -37.256  75.217 0.4444440007
30980  -8.651  -36.849  75.378 0.4444440007
30997  -8.939  -36.221  74.721 0.6666669846
31762  -10.237  -35.138  75.552 0.7777780294
31785  -10.038  -35.138  74.612 0.6666669846
32501  -10.682  -34.740  75.045 0.7777780294
107886  -11.936  -34.257  75.574 0.5555559993
31009  -4.999  -36.179  73.944 0.2222220004
30194  -5.893  -37.156  74.909 0.4444440007
30996  -6.956  -36.896  74.497 0.5555559993
100975  -7.994  -36.597  74.486 0.5555559993
31761  -9.658  -35.681  75.111 0.6666669846
31784  -9.247  -35.555  74.162 0.6666669846
32509  -9.591  -34.877  73.611 0.6666669846
32510  -10.460  -34.667  74.189 0.7777780294
32511  -11.149  -34.416  74.519 0.6666669846
110069  -10.879  -34.353  73.845 0.7777780294
32525  -11.484  -34.127  73.843 0.6666669846
33360  -11.929  -34.156  74.711 0.5555559993
33361  -12.782  -33.919  74.486 0.5555559993
95458  -13.464  -33.890  75.127 0.5555559993
95146  -14.797  -33.849  75.788 0.3333329856
95313  -12.213  -33.848  73.763 0.7777780294
33376  -13.027  -33.597  73.660 0.5555559993
33377  -13.883  -33.465  73.596 0.5555559993
95141  -15.063  -33.693  74.965 0.3333329856
33392  -12.427  -33.423  72.856 0.7777780294
33393  -13.376  -33.284  72.881 0.6666669846
33363  -14.387  -33.608  74.337 0.5555559993
97088  -15.275  -33.486  74.119 0.4444440007
33394  -14.246  -33.199  72.869 0.7777780294
104836  -15.425  -33.248  73.424 0.5555559993
32519  -4.570  -34.946  72.688 0.1111110002
32520  -4.824  -34.970  73.277 0.2222220004
30995  -6.023  -36.471  74.130 0.3333329856
31781  -5.930  -35.783  73.645 0.2222220004
31782  -7.076  -36.084  73.742 0.5555559993
31783  -8.274  -35.872  73.877 0.6666669846
32538  -9.415  -34.245  72.881 0.7777780294
100131  -10.250  -34.385  73.390 0.7777780294
32524  -10.881  -34.064  73.184 0.7777780294
33375  -11.573  -33.702  72.954 0.7777780294
113963  -11.824  -33.380  72.491 0.7777780294
33365  -17.575  -33.382  74.485 0.5555559993
33378  -14.714  -33.358  73.527 0.6666669846
33364  -16.723  -33.482  74.549 0.6666669846
33395  -15.053  -33.095  72.856 0.7777780294
34221  -15.934  -32.968  72.841 0.6666669846
34222  -16.672  -33.023  73.210 0.6666669846
33370  -4.604  -34.308  73.240 0.2222220004
31802  -4.907  -35.550  73.525 0.2222220004
33371  -4.948  -34.722  73.931 0.2222220004
94625  -6.677  -35.362  73.381 0.6666669846
31803  -7.575  -35.270  73.269 0.7777780294
33387  -4.581  -34.175  72.408 0.1111110002
32523  -7.975  -34.533  72.910 0.7777780294
31804  -8.596  -35.167  73.366 0.6666669846
112597  -8.820  -34.604  72.967 0.6666669846
33390  -9.194  -33.494  72.523 0.7777780294
33374  -10.071  -33.852  72.733 0.7777780294
97589  -9.882  -33.174  72.284 0.7777780294
33391  -10.696  -33.513  72.521 0.7777780294
34241  -11.229  -33.156  72.095 0.7777780294
34242  -12.904  -33.054  72.098 0.8888890147
34243  -13.794  -32.980  72.167 0.8888890147
34244  -14.634  -32.914  72.220 0.7777780294
34223  -17.398  -32.922  73.103 0.6666669846
34268  -16.074  -32.647  71.782 0.7777780294
99052  -4.342  -33.421  73.000 0.2222220004
32521  -5.727  -35.107  73.580 0.3333329856
32522  -7.006  -34.599  73.211 0.6666669846
33373  -7.104  -33.884  73.181 0.6666669846
32537  -8.512  -33.957  72.697 0.7777780294
34220  -8.010  -32.277  73.196 0.7777780294
35043  -8.286  -31.487  73.579 0.4444440007
33389  -8.369  -33.202  72.637 0.8888890147
95736  -9.129  -32.654  72.275 0.7777780294
35057  -8.523  -31.707  72.749 0.6666669846
103532  -9.877  -32.532  71.862 0.8888890147
34261  -10.027  -31.960  71.409 0.7777780294
34262  -10.623  -32.496  71.591 0.7777780294
34263  -11.482  -32.536  71.445 0.8888890147
34264  -12.401  -32.577  71.396 0.8888890147
34265  -13.334  -32.618  71.436 0.7777780294
34266  -14.236  -32.631  71.535 0.7777780294
34267  -15.094  -32.626  71.625 0.7777780294
34246  -16.834  -32.799  72.461 0.6666669846
34269  -17.213  -32.498  71.533 0.6666669846
103576  -8.351  -30.858  74.991 0.2222220004
35762  -8.550  -30.627  74.174 0.2222220004
101140  -8.695  -30.169  75.061 0.1111110002
35058  -8.968  -31.972  72.171 0.7777780294
113679  -8.989  -31.337  72.312 0.5555559993
36576  -9.274  -29.860  72.889 0.2222220004
34239  -9.481  -32.103  71.839 0.7777780294
35782  -9.280  -30.670  72.179 0.5555559993
35071  -10.220  -31.271  71.105 0.6666669846
35072  -10.867  -31.815  71.006 0.8888890147
35086  -10.807  -31.117  70.691 0.6666669846
34279  -11.830  -31.963  70.868 0.8888890147
34280  -12.817  -31.999  70.710 0.8888890147
34281  -13.831  -32.211  70.834 0.7777780294
110515  -15.090  -32.055  70.382 0.8888890147
34283  -16.474  -32.308  70.825 0.6666669846
34284  -17.272  -32.217  70.648 0.6666669846
34285  -18.080  -32.230  70.954 0.6666669846
35092  -16.827  -31.983  70.010 0.7777780294
35093  -17.759  -31.929  69.926 0.7777780294
35094  -18.711  -31.903  70.261 0.6666669846
36592  -9.934  -29.348  72.524 0.1111110002
35800  -10.522  -30.549  70.885 0.4444440007
98148  -12.115  -31.527  70.362 0.8888890147
35089  -13.539  -31.683  70.146 0.8888890147
35112  -15.629  -31.524  69.156 0.8888890147
104564  -17.154  -31.728  69.360 0.7777780294
35114  -17.762  -31.575  68.988 0.6666669846
35116  -19.345  -31.605  69.735 0.6666669846
35096  -20.159  -31.483  70.110 0.6666669846
35118  -20.702  -31.046  69.690 0.6666669846
37447  -10.303  -28.835  73.171 0.1111110002
36603  -11.201  -29.232  71.028 0.4444440007
37484  -11.028  -28.895  71.793 0.4444440007
35813  -12.027  -30.262  70.003 0.5555559993
35801  -11.282  -30.582  70.398 0.5555559993
112207  -12.461  -30.031  69.763 0.6666669846
35814  -13.418  -30.339  69.333 0.6666669846
35110  -13.396  -31.068  69.600 0.8888890147
35828  -13.971  -30.182  69.015 0.6666669846
35111  -14.797  -31.134  68.982 0.7777780294
35123  -15.529  -31.076  68.617 0.7777780294
96041  -17.008  -31.424  68.690 0.7777780294
35127  -19.132  -31.345  68.899 0.6666669846
35817  -21.193  -30.534  69.285 0.7777780294
35804  -22.203  -30.502  70.358 0.6666669846
36617  -22.622  -29.738  69.981 0.6666669846
37433  -10.653  -28.599  74.584 0.1111110002
37434  -11.446  -28.428  74.390 0.1111110002
111699  -10.925  -28.521  73.054 0.1111110002
37448  -11.664  -28.312  73.435 0.1111110002
36615  -11.576  -29.745  70.399 0.4444440007
108889  -11.827  -28.556  71.669 0.4444440007
95608  -12.161  -28.211  72.622 0.4444440007
37496  -11.997  -28.959  70.671 0.4444440007
37497  -12.808  -28.802  70.220 0.4444440007
112309  -12.842  -29.303  69.824 0.5555559993
101425  -12.930  -29.780  69.575 0.6666669846
35830  -15.116  -30.390  68.469 0.7777780294
35831  -15.967  -30.697  68.202 0.7777780294
97538  -18.401  -31.363  68.652 0.7777780294
35126  -18.850  -30.931  68.044 0.8888890147
35833  -19.712  -30.905  68.522 0.7777780294
35816  -20.453  -30.770  68.940 0.7777780294
35854  -18.497  -30.094  66.918 0.8888890147
35848  -19.694  -30.493  67.760 0.8888890147
36648  -20.489  -30.064  67.765 0.8888890147
35834  -20.899  -30.280  68.534 0.7777780294
36633  -22.309  -29.477  69.260 0.7777780294
40010  -33.804  -25.918  66.765 0.2222220004
36649  -21.292  -29.617  68.099 0.7777780294
36668  -20.894  -29.293  67.131 0.7777780294
36650  -22.061  -29.177  68.535 0.7777780294
39149  -33.191  -26.018  66.028 0.3333329856
40029  -32.700  -25.904  65.289 0.3333329856
100488  -31.245  -26.534  64.236 0.5555559993
108168  -31.329  -26.246  63.576 0.4444440007
100584  -11.974  -28.422  75.221 0.1111110002
37435  -12.308  -28.285  74.246 0.1111110002
37468  -12.583  -28.157  71.994 0.3333329856
37485  -12.632  -28.341  71.148 0.3333329856
38309  -13.455  -28.152  70.652 0.4444440007
37512  -13.351  -29.052  69.620 0.5555559993
37528  -14.745  -28.995  68.667 0.7777780294
36647  -15.202  -29.482  68.327 0.7777780294
35845  -16.495  -30.143  67.691 0.7777780294
35846  -17.376  -30.496  67.587 0.8888890147
35133  -18.230  -30.558  67.462 0.8888890147
40012  -35.051  -24.993  67.644 0.1111110002
35847  -19.043  -30.393  67.229 0.8888890147
36667  -19.846  -29.874  66.985 0.8888890147
108232  -34.640  -25.572  67.856 0.1111110002
36683  -20.213  -29.054  66.421 0.8888890147
40011  -34.503  -25.407  67.163 0.2222220004
36684  -20.899  -28.680  66.473 0.8888890147
36669  -21.803  -28.839  67.719 0.7777780294
108566  -33.760  -25.518  66.019 0.3333329856
40022  -34.313  -25.160  66.357 0.3333329856
37548  -22.372  -28.126  67.357 0.7777780294
40030  -33.407  -25.460  65.402 0.3333329856
40039  -33.053  -25.416  64.796 0.3333329856
39171  -31.815  -25.986  64.025 0.3333329856
40050  -33.031  -25.147  64.081 0.3333329856
40048  -31.712  -25.788  63.187 0.4444440007
40060  -31.472  -25.624  62.271 0.4444440007
39193  -30.043  -26.262  61.325 0.5555559993
113203  -30.966  -25.996  62.215 0.5555559993
38421  -27.942  -27.030  61.487 0.8888890147
39180  -28.746  -26.827  61.568 0.8888890147
37449  -12.625  -28.081  73.425 0.1111110002
94716  -12.983  -27.910  72.678 0.1111110002
37486  -13.375  -27.887  71.799 0.4444440007
113895  -13.359  -28.554  70.020 0.4444440007
38310  -14.328  -27.821  70.536 0.3333329856
36631  -14.112  -28.986  69.115 0.4444440007
37513  -14.768  -28.344  69.102 0.3333329856
38321  -15.585  -27.923  68.920 0.4444440007
36664  -15.942  -29.338  67.905 0.7777780294
35853  -17.815  -30.075  67.109 0.7777780294
35855  -19.092  -29.935  66.737 0.8888890147
36682  -19.365  -29.297  66.460 0.7777780294
40879  -34.908  -24.654  66.829 0.1111110002
37531  -22.660  -28.336  68.259 0.6666669846
40031  -34.036  -24.979  65.574 0.3333329856
37564  -21.295  -28.088  66.179 0.8888890147
106097  -23.071  -27.768  67.693 0.8888890147
38350  -23.762  -27.490  67.343 0.6666669846
38351  -24.731  -27.643  67.136 0.7777780294
40915  -33.665  -24.866  64.721 0.2222220004
38366  -23.381  -27.356  66.392 0.8888890147
38368  -24.968  -27.813  66.179 0.6666669846
110029  -24.441  -27.569  65.402 0.8888890147
37577  -25.088  -28.104  65.383 0.8888890147
37590  -25.532  -28.326  64.868 0.8888890147
40049  -32.365  -25.451  63.625 0.3333329856
38387  -24.402  -27.563  64.256 0.8888890147
38393  -24.402  -27.049  62.676 0.7777780294
38405  -25.070  -27.364  62.492 0.8888890147
38418  -25.382  -27.041  61.846 0.8888890147
38419  -26.073  -27.050  61.564 0.8888890147
38420  -26.989  -27.082  61.442 0.8888890147
39191  -28.236  -26.597  60.810 0.8888890147
40059  -30.833  -25.820  61.559 0.5555559993
111545  -25.514  -26.367  61.359 0.8888890147
39189  -26.368  -26.478  60.894 0.8888890147
39190  -27.276  -26.571  60.753 0.8888890147
37469  -13.838  -27.712  72.739 0.1111110002
37530  -16.274  -28.613  67.932 0.5555559993
36665  -16.790  -29.233  67.483 0.6666669846
36666  -17.568  -29.394  67.053 0.7777780294
36680  -18.060  -29.106  66.712 0.7777780294
37561  -18.645  -28.571  66.475 0.7777780294
37562  -19.620  -28.424  66.221 0.7777780294
37563  -20.464  -28.240  66.124 0.7777780294
38363  -20.803  -27.461  65.874 0.8888890147
40890  -34.709  -24.342  65.877 0.2222220004
40891  -35.366  -23.765  66.557 0.1111110002
38364  -21.721  -27.417  65.903 0.8888890147
38349  -22.918  -27.580  66.961 0.8888890147
38367  -24.169  -27.429  66.420 0.7777780294
40902  -34.294  -24.426  65.109 0.2222220004
41732  -35.170  -23.599  65.738 0.2222220004
38365  -22.601  -27.372  66.138 0.8888890147
38377  -23.666  -27.150  65.695 0.8888890147
40916  -34.212  -24.124  64.387 0.2222220004
37589  -24.862  -28.056  64.782 0.8888890147
40910  -26.029  -24.104  63.808 0.6666669846
40911  -27.409  -24.453  64.727 0.3333329856
40922  -27.130  -24.224  62.804 0.3333329856
40932  -27.982  -23.955  62.240 0.4444440007
40924  -32.898  -24.854  63.222 0.3333329856
40925  -33.598  -24.423  63.710 0.2222220004
39148  -23.833  -26.883  64.914 0.8888890147
39158  -23.920  -26.664  63.968 0.8888890147
39169  -23.990  -26.541  63.073 0.7777780294
40056  -24.329  -26.285  62.422 0.7777780294
40929  -25.293  -25.050  62.125 0.7777780294
105332  -26.898  -24.244  63.820 0.3333329856
40938  -26.243  -25.060  60.794 0.6666669846
40939  -27.007  -24.588  60.403 0.6666669846
40080  -28.155  -25.618  59.612 0.8888890147
40081  -29.057  -25.675  59.736 0.8888890147
95229  -33.328  -24.295  62.892 0.2222220004
39168  -23.740  -25.943  63.649 0.8888890147
40057  -24.885  -25.935  61.816 0.7777780294
40058  -25.566  -25.542  61.285 0.8888890147
40930  -26.082  -24.695  61.797 0.7777780294
108796  -26.767  -25.296  60.205 0.8888890147
39202  -28.647  -26.144  60.252 0.8888890147
40070  -30.298  -25.768  60.690 0.8888890147
108674  -31.415  -25.302  61.468 0.5555559993
40933  -32.028  -24.966  61.836 0.4444440007
40068  -26.157  -25.780  60.733 0.8888890147
39200  -26.812  -25.946  60.265 0.8888890147
39201  -27.667  -26.109  60.112 0.8888890147
40071  -30.969  -25.311  60.759 0.5555559993
38347  -17.450  -28.006  67.517 0.5555559993
96622  -17.892  -27.381  67.714 0.4444440007
37546  -17.879  -28.503  66.907 0.6666669846
38348  -18.250  -27.640  66.988 0.6666669846
39996  -28.359  -25.492  68.585 0.1111110002
38361  -19.080  -27.638  66.393 0.7777780294
103648  -19.442  -26.904  66.309 0.7777780294
40006  -28.121  -25.411  67.759 0.1111110002
38362  -19.925  -27.554  66.037 0.7777780294
41728  -25.687  -23.407  66.755 0.4444440007
41729  -26.374  -24.101  66.547 0.3333329856
40874  -26.875  -24.547  67.088 0.2222220004
101988  -27.471  -24.939  66.832 0.2222220004
40019  -28.017  -25.368  67.007 0.1111110002
41747  -35.312  -23.152  65.299 0.1111110002
39135  -21.222  -26.694  65.740 0.8888890147
40884  -27.060  -24.660  66.240 0.2222220004
40885  -27.923  -25.179  66.296 0.2222220004
41757  -34.665  -23.372  64.135 0.2222220004
39136  -22.162  -26.742  65.698 0.8888890147
107839  -22.585  -26.054  65.428 0.8888890147
39147  -23.285  -26.374  65.256 0.8888890147
111851  -25.926  -23.719  65.761 0.4444440007
40896  -25.986  -23.875  64.725 0.4444440007
40897  -26.737  -24.357  65.369 0.4444440007
41772  -29.596  -23.027  62.281 0.2222220004
40926  -34.172  -23.763  63.682 0.2222220004
108979  -26.673  -24.204  64.517 0.4444440007
41771  -28.739  -23.427  61.773 0.5555559993
41765  -33.833  -23.743  63.014 0.2222220004
39157  -23.425  -25.844  64.468 0.8888890147
40045  -23.675  -24.966  63.833 0.7777780294
40046  -24.013  -25.684  63.062 0.7777780294
40047  -24.564  -25.369  62.531 0.7777780294
40920  -25.209  -24.475  63.029 0.7777780294
41776  -27.717  -24.125  59.922 0.6666669846
40089  -28.671  -25.130  59.144 0.8888890147
40082  -30.345  -25.273  59.987 0.8888890147
40935  -33.417  -23.798  62.272 0.2222220004
40934  -32.778  -24.494  62.287 0.4444440007
40956  -29.303  -24.461  58.871 0.7777780294
40941  -31.661  -24.684  60.887 0.5555559993
38335  -17.416  -27.514  68.368 0.4444440007
113078  -18.468  -26.700  68.118 0.4444440007
39132  -18.868  -26.849  66.839 0.5555559993
39123  -18.913  -26.286  67.275 0.5555559993
40863  -26.815  -24.444  67.940 0.1111110002
40864  -27.497  -24.919  68.452 0.1111110002
39133  -19.402  -26.062  66.680 0.6666669846
111517  -35.534  -22.430  65.227 0.1111110002
40018  -20.158  -25.523  66.258 0.7777780294
41758  -35.180  -22.940  64.655 0.2222220004
39146  -21.650  -25.907  65.620 0.8888890147
40028  -22.901  -25.426  64.994 0.8888890147
40909  -25.053  -23.811  63.956 0.6666669846
42489  -29.239  -22.839  61.432 0.4444440007
41773  -33.955  -23.060  62.336 0.2222220004
41766  -34.483  -23.018  63.214 0.2222220004
42471  -34.982  -22.599  63.928 0.1111110002
40037  -23.146  -24.776  64.482 0.8888890147
40908  -24.009  -23.976  63.969 0.7777780294
40919  -24.358  -24.646  63.301 0.7777780294
41777  -28.401  -23.287  60.540 0.6666669846
41782  -28.310  -23.728  59.211 0.7777780294
113949  -33.012  -23.895  61.672 0.5555559993
112052  -28.540  -23.143  59.882 0.7777780294
40949  -31.563  -24.215  60.075 0.7777780294
40950  -32.164  -23.938  60.552 0.5555559993
41778  -32.788  -23.567  61.012 0.5555559993
41791  -30.147  -24.090  58.720 0.8888890147
40958  -31.035  -24.068  59.197 0.8888890147
41783  -31.867  -23.576  59.706 0.8888890147
39116  -19.222  -26.252  68.624 0.3333329856
39993  -18.838  -26.248  67.969 0.5555559993
39982  -19.700  -25.855  68.981 0.3333329856
40005  -19.241  -25.647  67.445 0.4444440007
41702  -25.587  -23.326  68.742 0.2222220004
106789  -26.750  -24.335  68.805 0.1111110002
40852  -27.311  -24.747  69.858 0.1111110002
40861  -19.595  -24.901  67.739 0.3333329856
40872  -19.665  -25.104  66.953 0.2222220004
41713  -25.560  -23.256  67.790 0.2222220004
41703  -26.195  -23.834  68.327 0.2222220004
40873  -20.025  -24.338  67.267 0.5555559993
42455  -25.000  -22.797  67.074 0.3333329856
39134  -20.203  -26.583  65.962 0.7777780294
40026  -21.013  -25.065  65.879 0.6666669846
41727  -24.928  -22.903  65.967 0.5555559993
100978  -20.825  -25.953  65.858 0.7777780294
40894  -21.515  -24.229  65.687 0.8888890147
41741  -23.581  -22.910  65.020 0.7777780294
41743  -25.128  -23.267  64.954 0.6666669846
43231  -29.554  -21.567  62.103 0.4444440007
40027  -22.045  -25.026  65.312 0.8888890147
40036  -22.642  -24.594  64.899 0.7777780294
40906  -22.899  -23.942  64.649 0.7777780294
41753  -23.477  -23.511  64.557 0.7777780294
41754  -24.242  -23.288  64.528 0.7777780294
103262  -30.036  -21.932  62.265 0.4444440007
43245  -28.610  -21.708  60.833 0.5555559993
43246  -29.260  -22.065  61.394 0.5555559993
41779  -33.415  -23.122  61.498 0.3333329856
42483  -34.342  -22.297  62.488 0.2222220004
42478  -34.775  -22.098  63.245 0.1111110002
43259  -28.024  -21.308  60.320 0.6666669846
43260  -28.368  -21.951  59.919 0.6666669846
42498  -28.461  -22.739  59.270 0.7777780294
42509  -28.834  -23.119  58.667 0.7777780294
111182  -33.071  -22.886  60.717 0.5555559993
42490  -33.902  -22.335  61.696 0.2222220004
43273  -27.733  -21.234  59.533 0.7777780294
43274  -28.123  -21.782  58.976 0.7777780294
98648  -28.624  -22.222  58.496 0.7777780294
41790  -29.570  -23.466  58.478 0.8888890147
41794  -30.604  -23.437  58.464 0.8888890147
41792  -31.485  -23.179  58.873 0.8888890147
42523  -29.256  -22.525  58.154 0.8888890147
42525  -31.055  -22.730  58.246 0.8888890147
42511  -32.228  -22.730  59.410 0.7777780294
42500  -33.479  -22.310  60.873 0.6666669846
39995  -19.841  -24.985  68.583 0.2222220004
40849  -20.515  -24.398  69.041 0.2222220004
114122  -20.936  -23.855  69.108 0.2222220004
41700  -20.747  -23.565  68.465 0.2222220004
42420  -24.944  -22.912  69.064 0.1111110002
40862  -20.089  -24.223  68.111 0.2222220004
42428  -21.749  -22.587  68.018 0.4444440007
42440  -22.415  -22.477  67.472 0.2222220004
98402  -23.161  -22.417  67.768 0.2222220004
42441  -23.663  -22.444  67.212 0.2222220004
42432  -25.126  -22.932  68.381 0.1111110002
41711  -20.509  -23.637  67.560 0.4444440007
41712  -21.062  -23.227  66.974 0.4444440007
42439  -21.695  -22.723  67.188 0.4444440007
42454  -24.229  -22.556  66.626 0.1111110002
42443  -24.934  -22.783  67.835 0.1111110002
40882  -20.312  -24.654  66.525 0.6666669846
41725  -21.769  -23.042  66.385 0.4444440007
42452  -22.505  -22.652  66.546 0.4444440007
42453  -23.377  -22.529  66.438 0.3333329856
44771  -29.348  -20.102  63.710 0.2222220004
44757  -29.733  -19.950  64.422 0.2222220004
101584  -21.251  -23.651  66.258 0.5555559993
41726  -22.398  -22.977  65.839 0.6666669846
42462  -23.061  -22.751  65.687 0.6666669846
42463  -23.898  -22.627  65.728 0.5555559993
43999  -28.989  -20.264  63.016 0.2222220004
44016  -29.391  -20.898  62.574 0.3333329856
41739  -21.961  -23.471  65.703 0.7777780294
40895  -22.243  -24.012  65.153 0.7777780294
41740  -22.770  -23.250  65.138 0.6666669846
44781  -28.047  -19.815  62.703 0.3333329856
99602  -29.109  -21.043  62.161 0.3333329856
44014  -27.924  -20.387  61.802 0.5555559993
43230  -28.739  -21.183  61.676 0.5555559993
97046  -27.266  -20.208  61.064 0.6666669846
105618  -27.957  -20.919  61.020 0.5555559993
43247  -34.113  -21.736  61.995 0.2222220004
44038  -27.454  -20.707  60.258 0.7777780294
43262  -33.328  -21.699  60.418 0.6666669846
44051  -27.349  -20.524  59.453 0.7777780294
43288  -28.305  -21.287  58.422 0.7777780294
42522  -28.907  -21.786  58.026 0.8888890147
43291  -30.870  -21.855  58.007 0.8888890147
43276  -32.457  -21.836  59.209 0.7777780294
99179  -27.687  -20.332  58.774 0.7777780294
113250  -30.310  -21.340  57.913 0.8888890147
45515  -29.016  -19.364  64.857 0.2222220004
45514  -28.387  -18.987  64.459 0.2222220004
44756  -28.881  -19.581  64.222 0.2222220004
95426  -28.302  -19.214  64.028 0.4444440007
44769  -27.841  -19.002  63.439 0.5555559993
45540  -26.924  -18.736  61.746 0.7777780294
95284  -27.353  -19.086  62.575 0.5555559993
44790  -27.253  -19.641  61.857 0.6666669846
44789  -26.793  -19.435  61.003 0.6666669846
45539  -26.708  -18.547  60.742 0.7777780294
44799  -26.674  -19.200  60.100 0.6666669846
44800  -26.999  -19.975  60.205 0.6666669846
44812  -27.052  -19.621  59.346 0.7777780294
43275  -31.689  -21.339  58.627 0.8888890147
45548  -26.585  -18.451  59.827 0.7777780294
44063  -28.382  -20.503  58.360 1.0000000000
44066  -30.685  -20.829  58.262 0.8888890147
44053  -31.342  -20.396  59.069 0.8888890147
44811  -26.724  -18.907  59.440 0.8888890147
44822  -27.458  -19.357  58.753 0.8888890147
44064  -29.073  -19.972  58.389 1.0000000000
44052  -30.491  -19.748  58.949 0.8888890147
44815  -30.967  -19.391  59.653 1.0000000000
44801  -31.430  -19.144  60.299 0.8888890147
45559  -26.651  -18.316  59.094 1.0000000000
45560  -26.986  -18.836  58.852 1.0000000000
44823  -28.176  -19.482  58.524 1.0000000000
44824  -29.769  -19.062  58.853 1.0000000000
44814  -30.436  -18.691  59.391 1.0000000000
45563  -30.948  -18.436  59.973 0.8888890147
109828  -27.066  -18.088  58.494 1.0000000000
100342  -27.789  -18.492  58.364 1.0000000000
45578  -29.112  -18.494  58.493 1.0000000000
44813  -30.043  -18.335  59.015 1.0000000000
45577  -28.571  -17.919  57.940 1.0000000000
45561  -30.120  -17.968  58.800 1.0000000000
45508  -28.446  -18.677  65.021 0.2222220004
45524  -27.991  -18.740  64.055 0.5555559993
46261  -27.896  -17.716  65.156 0.3333329856
45523  -27.610  -18.214  63.659 0.5555559993
45530  -27.276  -18.187  62.724 0.6666669846
113531  -26.921  -18.233  61.279 0.8888890147
46317  -26.663  -17.800  60.189 0.7777780294
44802  -31.918  -19.017  60.894 0.8888890147
46333  -26.558  -17.799  59.441 1.0000000000
45549  -31.548  -18.253  60.528 0.8888890147
45562  -30.586  -17.971  59.480 1.0000000000
46334  -31.169  -17.866  59.971 0.8888890147
46319  -31.714  -17.777  60.273 0.7777780294
46344  -27.084  -17.360  58.139 1.0000000000
104227  -29.554  -17.877  58.122 1.0000000000
45579  -30.669  -17.771  59.029 1.0000000000
46346  -31.121  -17.714  59.418 0.8888890147
46335  -31.675  -17.643  59.796 0.7777780294
45594  -30.437  -17.829  58.266 1.0000000000
111826  -27.460  -17.659  63.860 0.5555559993
46275  -27.286  -17.467  63.240 0.5555559993
46304  -27.065  -17.857  61.751 0.7777780294
99919  -27.071  -17.042  61.503 0.7777780294
46318  -26.891  -17.744  60.973 0.8888890147
47071  -26.886  -16.942  60.464 1.0000000000
47070  -26.652  -17.279  59.730 1.0000000000
47080  -26.790  -16.953  58.643 1.0000000000
46345  -27.746  -17.645  57.861 1.0000000000
45580  -31.312  -17.901  58.624 1.0000000000
47085  -27.159  -16.516  57.916 1.0000000000
46353  -27.578  -17.015  57.427 1.0000000000
46354  -28.199  -17.291  56.986 1.0000000000
45593  -28.995  -17.676  57.312 1.0000000000
104344  -29.888  -17.819  57.457 1.0000000000
99203  -30.581  -18.089  57.314 1.0000000000
45581  -32.295  -18.313  58.650 0.8888890147
47092  -27.564  -16.374  57.090 1.0000000000
46360  -27.891  -16.785  56.781 1.0000000000
45604  -29.591  -17.755  56.642 1.0000000000
45605  -30.326  -18.223  56.394 1.0000000000
45595  -31.214  -18.319  57.610 1.0000000000
45596  -32.052  -18.714  57.815 1.0000000000
45606  -31.104  -18.668  56.634 1.0000000000
110297  -27.248  -17.008  63.643 0.3333329856
47055  -27.303  -16.638  63.001 0.5555559993
47065  -27.345  -16.371  62.146 0.4444440007
94943  -27.283  -16.180  61.194 0.6666669846
47875  -27.664  -15.415  61.862 0.5555559993
47880  -27.205  -15.990  60.227 0.8888890147
47075  -26.843  -16.603  59.442 0.8888890147
100027  -26.983  -16.255  58.698 1.0000000000
47887  -27.460  -15.742  57.526 0.7777780294
45582  -33.272  -18.648  58.711 0.5555559993
46361  -28.303  -16.867  56.215 1.0000000000
46367  -28.719  -16.951  55.619 1.0000000000
45613  -29.773  -17.872  55.747 1.0000000000
45597  -32.960  -19.137  57.978 0.6666669846
46368  -29.340  -17.310  55.189 1.0000000000
45614  -30.435  -18.459  55.361 1.0000000000
44844  -30.976  -18.900  55.718 1.0000000000
44834  -31.842  -19.141  56.910 0.8888890147
44835  -32.675  -19.548  57.167 0.7777780294
44836  -33.585  -19.748  57.347 0.5555559993
44837  -34.486  -19.813  57.470 0.4444440007
44826  -34.797  -19.499  58.150 0.3333329856
44845  -31.625  -19.429  55.992 1.0000000000
44846  -32.424  -19.807  56.262 0.7777780294
44848  -34.231  -20.079  56.683 0.6666669846
99118  -35.133  -20.000  56.850 0.4444440007
44838  -36.059  -19.804  57.171 0.3333329856
44860  -33.055  -20.211  55.606 0.7777780294
103091  -27.502  -15.335  60.871 0.5555559993
47883  -27.238  -15.595  59.310 0.7777780294
48613  -27.639  -14.883  58.786 0.6666669846
47884  -27.280  -15.643  58.338 0.7777780294
48616  -27.709  -15.031  57.967 0.6666669846
108408  -27.834  -15.158  57.334 0.7777780294
47895  -28.262  -15.462  56.166 0.8888890147
47905  -28.795  -15.342  55.467 0.7777780294
47100  -28.932  -16.643  55.148 0.8888890147
108402  -29.296  -15.356  54.936 0.8888890147
47106  -28.950  -15.993  54.909 1.0000000000
47107  -29.409  -16.613  54.622 1.0000000000
45621  -30.070  -17.944  54.877 1.0000000000
44857  -30.931  -18.962  55.006 1.0000000000
47920  -29.594  -15.840  54.476 1.0000000000
108592  -30.503  -17.882  54.282 1.0000000000
44858  -31.473  -19.437  55.105 1.0000000000
44868  -32.105  -19.738  54.324 1.0000000000
44099  -32.881  -20.208  54.703 0.8888890147
44101  -34.564  -20.394  55.168 0.6666669846
44861  -34.887  -20.264  56.004 0.6666669846
45623  -31.331  -19.062  54.377 1.0000000000
44113  -33.532  -20.280  54.164 1.0000000000
47868  -28.083  -14.994  62.609 0.2222220004
48602  -27.977  -14.701  61.259 0.4444440007
47876  -28.173  -14.708  61.948 0.4444440007
48608  -27.838  -14.708  60.435 0.4444440007
48609  -28.461  -14.245  60.721 0.4444440007
106781  -27.712  -14.781  59.624 0.5555559993
48614  -28.205  -14.301  59.141 0.5555559993
48617  -28.146  -14.377  58.331 0.5555559993
48625  -28.155  -14.534  57.571 0.5555559993
49385  -28.632  -14.020  57.097 0.5555559993
48624  -28.199  -14.838  56.834 0.6666669846
48651  -28.787  -14.426  56.124 0.6666669846
48634  -29.604  -13.929  55.827 0.5555559993
48652  -29.384  -14.671  55.351 0.6666669846
48670  -29.983  -14.973  54.722 0.5555559993
47108  -30.078  -16.504  54.096 1.0000000000
47117  -31.376  -16.761  53.422 1.0000000000
45633  -31.181  -18.295  53.833 1.0000000000
44880  -32.581  -19.569  53.513 1.0000000000
44881  -33.461  -19.934  53.365 1.0000000000
44115  -34.797  -20.281  53.824 1.0000000000
44128  -34.404  -20.000  53.125 1.0000000000
48603  -28.704  -14.222  61.533 0.3333329856
49342  -29.016  -13.839  60.173 0.4444440007
49343  -29.626  -13.605  60.686 0.2222220004
49352  -28.733  -13.937  59.468 0.3333329856
49336  -30.285  -13.427  61.200 0.2222220004
49353  -29.326  -13.587  59.409 0.3333329856
49344  -30.266  -13.269  60.285 0.3333329856
49374  -28.570  -13.982  57.874 0.5555559993
50104  -30.495  -12.935  58.722 0.3333329856
49375  -29.321  -13.529  57.737 0.5555559993
49386  -29.373  -13.658  56.663 0.5555559993
49365  -30.114  -13.127  58.037 0.3333329856
109057  -30.062  -13.564  56.329 0.5555559993
48653  -30.812  -14.364  55.004 0.5555559993
113618  -30.744  -15.039  54.432 0.7777780294
105689  -31.178  -15.491  53.969 1.0000000000
47941  -31.715  -16.048  53.573 1.0000000000
46380  -31.564  -17.526  53.270 1.0000000000
44893  -33.016  -19.236  52.874 1.0000000000
46389  -32.349  -17.632  52.822 1.0000000000
45642  -32.665  -18.442  52.734 1.0000000000
45644  -34.249  -18.776  52.128 1.0000000000
44895  -34.800  -19.475  52.451 1.0000000000
44896  -35.719  -19.399  52.343 1.0000000000
100284  -33.791  -12.107  62.013 0.1111110002
50857  -35.042  -11.723  62.285 0.1111110002
50848  -35.734  -11.672  62.797 0.1111110002
49345  -30.981  -13.019  60.655 0.3333329856
50078  -31.720  -12.788  61.169 0.2222220004
50079  -32.323  -12.536  60.607 0.1111110002
50080  -33.045  -12.396  60.552 0.1111110002
50066  -34.238  -12.088  61.280 0.1111110002
50067  -35.092  -11.985  61.382 0.1111110002
95228  -31.716  -12.654  60.211 0.2222220004
111483  -33.425  -12.465  59.888 0.1111110002
50081  -33.969  -12.306  60.463 0.2222220004
50093  -30.938  -12.830  59.634 0.3333329856
50105  -31.381  -12.668  58.678 0.2222220004
50106  -32.391  -12.611  58.689 0.2222220004
50095  -33.343  -12.569  59.127 0.1111110002
50114  -31.751  -12.804  57.900 0.2222220004
49377  -31.233  -13.131  57.180 0.2222220004
49388  -31.695  -13.501  56.493 0.2222220004
49404  -32.200  -13.987  55.900 0.2222220004
49403  -31.296  -13.819  55.722 0.3333329856
48671  -31.500  -14.914  54.537 0.4444440007
47922  -32.076  -15.414  54.038 0.7777780294
47119  -33.172  -16.500  53.063 0.8888890147
47118  -32.227  -16.737  53.144 1.0000000000
47132  -32.846  -17.081  52.718 1.0000000000
45643  -33.436  -18.618  52.430 1.0000000000
46390  -33.199  -17.724  52.447 1.0000000000
46391  -33.836  -18.086  52.119 0.8888890147
45653  -34.466  -18.047  51.731 0.8888890147
95771  -35.925  -18.337  51.419 1.0000000000
46405  -36.681  -18.035  51.173 0.8888890147
46406  -37.521  -17.619  51.074 0.7777780294
101183  -34.699  -12.246  60.751 0.2222220004
94617  -34.838  -12.513  60.048 0.2222220004
50096  -34.144  -12.586  59.548 0.2222220004
50108  -34.119  -12.923  58.728 0.2222220004
50107  -33.296  -12.878  58.313 0.2222220004
49366  -33.967  -13.460  58.066 0.2222220004
50115  -32.592  -12.947  57.817 0.2222220004
108798  -32.773  -13.430  57.259 0.2222220004
49379  -33.309  -13.404  57.654 0.2222220004
48655  -32.698  -14.710  55.472 0.3333329856
48672  -32.391  -15.039  54.747 0.5555559993
47923  -32.995  -15.548  54.184 0.7777780294
47942  -32.654  -15.975  53.581 0.7777780294
47133  -33.486  -16.918  52.468 0.8888890147
47134  -34.010  -16.621  52.196 0.8888890147
95872  -34.595  -17.339  51.466 0.8888890147
47147  -35.059  -16.931  50.945 0.8888890147
46415  -36.682  -17.267  50.737 0.8888890147
47158  -36.755  -16.460  50.456 0.8888890147
46416  -37.329  -16.932  50.658 0.8888890147
46417  -38.026  -16.884  50.805 0.8888890147
49390  -33.352  -13.989  56.987 0.2222220004
110111  -33.841  -13.901  57.544 0.2222220004
49380  -34.456  -14.121  57.781 0.2222220004
49391  -34.128  -14.490  57.185 0.3333329856
48637  -34.592  -15.133  56.729 0.3333329856
48635  -33.018  -14.368  56.205 0.3333329856
48656  -33.502  -15.124  55.757 0.3333329856
47906  -34.135  -15.614  55.091 0.4444440007
47907  -35.058  -15.725  55.128 0.3333329856
48673  -33.257  -15.324  54.955 0.3333329856
47924  -33.923  -15.766  54.268 0.4444440007
47943  -33.601  -16.006  53.588 0.5555559993
47944  -34.413  -15.900  53.536 0.4444440007
47120  -33.960  -16.265  52.812 0.7777780294
47146  -34.397  -16.516  51.527 0.7777780294
47156  -34.724  -16.106  50.944 0.8888890147
103850  -35.292  -16.181  50.664 0.8888890147
47979  -38.635  -15.111  50.532 0.8888890147
47976  -35.993  -15.754  50.366 0.8888890147
101702  -36.513  -15.037  50.214 0.8888890147
47159  -37.570  -16.271  50.478 0.8888890147
48722  -35.704  -14.718  50.303 0.8888890147
47908  -35.833  -15.647  55.111 0.3333329856
47925  -34.814  -15.828  54.250 0.3333329856
47945  -35.085  -15.660  53.462 0.6666669846
104779  -34.517  -15.729  52.823 0.7777780294
48704  -34.266  -14.941  52.201 0.7777780294
47959  -34.189  -15.796  52.024 0.7777780294
47970  -34.411  -15.534  51.306 0.8888890147
48721  -34.924  -15.328  50.687 0.8888890147
103398  -34.744  -14.156  50.654 0.8888890147
48731  -36.546  -14.199  50.034 0.8888890147
48724  -38.071  -14.516  50.180 0.8888890147
111738  -36.264  -13.630  49.912 0.8888890147
50183  -36.474  -12.768  49.452 0.8888890147
50945  -36.440  -11.466  48.936 0.8888890147
51722  -36.731  -10.799  48.633 0.8888890147
51723  -37.311  -10.470  48.186 0.8888890147
52460  -38.265  -9.392  47.674 0.8888890147
104374  -39.419  -8.948  47.016 0.8888890147
48689  -34.835  -15.044  52.797 0.5555559993
47958  -34.196  -14.812  51.656 0.8888890147
48703  -34.019  -14.212  51.882 0.7777780294
48711  -34.165  -14.096  51.350 0.8888890147
49455  -34.362  -13.334  51.007 0.8888890147
97675  -35.689  -13.804  50.153 0.8888890147
50173  -34.675  -12.617  50.771 0.8888890147
50174  -35.299  -12.194  50.088 0.8888890147
49463  -35.919  -13.080  49.873 0.8888890147
111710  -35.934  -12.554  49.676 0.8888890147
50944  -35.756  -11.369  49.617 0.8888890147
51716  -36.142  -10.562  49.257 0.8888890147
104655  -36.750  -9.983  48.722 0.8888890147
52454  -37.167  -9.367  48.525 0.8888890147
53221  -37.689  -8.894  48.206 0.8888890147
53222  -38.312  -8.439  47.806 0.8888890147
53229  -39.747  -8.250  46.681 0.8888890147
99284  -40.215  -9.118  46.662 0.8888890147
53230  -40.513  -8.381  46.322 0.7777780294
51746  -41.458  -10.287  46.519 0.6666669846
53231  -41.165  -9.212  46.405 0.6666669846
49431  -35.044  -14.276  52.849 0.5555559993
49441  -34.969  -13.359  52.677 0.5555559993
49440  -34.360  -13.992  52.323 0.5555559993
50158  -34.472  -12.953  52.106 0.6666669846
49448  -34.155  -13.519  51.714 0.6666669846
50164  -34.431  -12.712  51.403 0.6666669846
50932  -34.743  -11.931  50.953 0.8888890147
50940  -35.208  -11.138  50.463 0.8888890147
51715  -35.608  -10.683  49.907 0.8888890147
51712  -35.488  -10.410  50.422 0.8888890147
52446  -35.757  -10.011  49.940 0.7777780294
52450  -36.306  -9.618  49.437 0.8888890147
52453  -36.788  -9.247  49.035 0.8888890147
53843  -38.059  -8.202  48.459 0.8888890147
53848  -38.578  -7.647  47.901 0.8888890147
53849  -39.187  -7.139  47.393 0.8888890147
53223  -38.995  -8.024  47.259 0.8888890147
100087  -40.088  -7.710  46.369 0.8888890147
50159  -35.029  -12.370  52.525 0.5555559993
50921  -34.674  -12.049  51.788 0.5555559993
51705  -35.583  -10.670  51.996 0.5555559993
50933  -35.040  -11.246  51.424 0.5555559993
51710  -35.908  -9.894  51.590 0.4444440007
51709  -35.714  -9.837  50.723 0.6666669846
53208  -36.671  -8.804  50.508 0.6666669846
52447  -36.121  -9.311  50.206 0.7777780294
53215  -37.461  -8.332  49.808 0.7777780294
100385  -38.269  -7.929  49.742 0.4444440007
54537  -39.486  -6.940  49.219 0.5555559993
53218  -37.314  -8.643  48.953 0.8888890147
53841  -37.922  -8.124  49.133 0.7777780294
54536  -38.640  -7.488  48.779 0.5555559993
54546  -39.319  -6.721  48.311 0.5555559993
55261  -39.751  -6.064  47.933 0.5555559993
54555  -39.420  -6.537  47.590 0.5555559993
109545  -39.684  -6.476  46.801 0.8888890147
53854  -39.561  -7.369  46.761 0.8888890147
53236  -41.251  -8.289  45.930 0.7777780294
52471  -42.100  -9.551  46.282 0.6666669846
50895  -37.623  -11.770  54.615 0.3333329856
50151  -35.708  -12.857  53.095 0.5555559993
50152  -36.371  -12.424  53.581 0.4444440007
50922  -35.253  -11.474  52.310 0.5555559993
52440  -36.759  -9.307  51.986 0.4444440007
53204  -36.893  -8.817  51.215 0.4444440007
52444  -36.250  -9.250  51.063 0.4444440007
53209  -37.383  -8.464  50.685 0.3333329856
100334  -39.202  -7.746  50.771 0.1111110002
53837  -39.825  -7.398  50.647 0.1111110002
53216  -37.982  -8.176  50.362 0.4444440007
53835  -38.611  -7.959  50.522 0.2222220004
54538  -40.308  -6.614  49.597 0.4444440007
94597  -41.008  -6.367  49.934 0.4444440007
55247  -40.840  -5.952  49.123 0.5555559993
110769  -40.305  -5.789  48.323 0.5555559993
55276  -40.308  -5.508  47.521 0.5555559993
55279  -39.757  -5.985  47.258 0.5555559993
53858  -40.639  -6.797  45.613 0.8888890147
53855  -40.095  -6.980  46.234 0.8888890147
102482  -41.255  -7.490  45.414 0.7777780294
53237  -42.074  -8.169  45.427 0.6666669846
52482  -41.858  -8.809  46.051 0.6666669846
52483  -42.643  -8.910  45.932 0.6666669846
52472  -43.008  -9.702  46.200 0.6666669846
51685  -39.497  -10.467  55.623 0.1111110002
51684  -38.715  -10.774  55.234 0.1111110002
50894  -36.999  -12.106  54.115 0.4444440007
50914  -37.159  -11.096  54.036 0.1111110002
51691  -37.920  -10.659  54.525 0.1111110002
51702  -37.456  -10.186  53.728 0.1111110002
50913  -36.433  -11.465  53.569 0.4444440007
51701  -36.701  -10.571  53.330 0.3333329856
51707  -37.103  -9.773  52.944 0.2222220004
50912  -35.720  -11.871  53.055 0.4444440007
50923  -35.934  -10.985  52.862 0.4444440007
52437  -37.807  -9.469  53.318 0.2222220004
52441  -37.606  -9.072  52.572 0.3333329856
51706  -36.291  -10.160  52.502 0.4444440007
53200  -38.203  -8.572  52.296 0.2222220004
53206  -38.873  -8.149  52.096 0.2222220004
53828  -40.260  -7.484  52.186 0.2222220004
53829  -41.037  -7.126  51.824 0.1111110002
106597  -41.687  -6.853  51.620 0.1111110002
54524  -42.889  -6.512  50.998 0.1111110002
53205  -37.607  -8.626  51.663 0.3333329856
111555  -38.340  -8.317  51.669 0.2222220004
53832  -39.563  -7.697  51.509 0.1111110002
53833  -40.441  -7.279  51.272 0.1111110002
54509  -41.217  -6.869  51.121 0.1111110002
54510  -42.033  -6.649  51.068 0.2222220004
100140  -43.247  -6.203  50.443 0.1111110002
54522  -40.615  -6.894  50.448 0.1111110002
54523  -41.510  -6.509  50.490 0.3333329856
99537  -42.388  -6.304  50.459 0.2222220004
54540  -42.824  -5.906  49.912 0.2222220004
55262  -40.963  -5.390  48.292 0.5555559993
54562  -40.783  -6.025  45.367 0.8888890147
55283  -40.718  -5.431  45.852 0.7777780294
56011  -41.429  -4.757  46.099 0.5555559993
53859  -41.259  -6.619  45.032 0.8888890147
54560  -40.173  -6.159  45.977 0.8888890147
53860  -41.879  -7.275  44.821 0.7777780294
53238  -43.083  -8.443  45.323 0.6666669846
51686  -40.213  -10.143  55.913 0.1111110002
51693  -39.158  -10.046  55.139 0.1111110002
52421  -39.769  -9.760  55.341 0.1111110002
52422  -40.437  -9.408  55.644 0.1111110002
51703  -38.127  -9.733  54.003 0.1111110002
52428  -38.818  -9.148  54.075 0.1111110002
52438  -38.316  -9.193  53.553 0.1111110002
53189  -38.720  -8.745  53.315 0.1111110002
53823  -39.886  -7.868  53.058 0.1111110002
53824  -40.546  -7.602  53.564 0.1111110002
52442  -38.209  -8.922  52.978 0.1111110002
53201  -38.623  -8.524  52.715 0.2222220004
111110  -40.545  -7.484  52.873 0.1111110002
54498  -41.660  -6.959  52.384 0.1111110002
54511  -42.499  -6.732  51.777 0.1111110002
54512  -43.444  -6.590  51.499 0.1111110002
97105  -44.125  -6.506  51.246 0.1111110002
54525  -43.705  -6.405  50.871 0.1111110002
55264  -43.243  -4.840  48.606 0.1111110002
55250  -44.336  -5.514  49.496 0.1111110002
54541  -43.705  -5.888  49.960 0.1111110002
105783  -41.779  -4.652  47.136 0.4444440007
55263  -41.764  -4.972  48.131 0.3333329856
109930  -42.525  -5.124  48.747 0.3333329856
55248  -42.447  -5.587  49.367 0.3333329856
56015  -41.356  -5.073  45.275 0.8888890147
55286  -41.401  -5.723  44.793 0.8888890147
53863  -41.858  -6.428  44.424 0.7777780294
53180  -40.014  -9.103  55.016 0.1111110002
53181  -40.642  -8.697  55.353 0.1111110002
53190  -39.604  -8.787  54.366 0.1111110002
53801  -40.775  -8.045  55.044 0.1111110002
53182  -41.288  -8.120  55.717 0.1111110002
53191  -40.268  -8.430  54.686 0.1111110002
53802  -41.295  -7.357  54.948 0.1111110002
53197  -39.336  -8.482  53.616 0.1111110002
53198  -40.026  -8.147  53.947 0.1111110002
53817  -41.173  -7.200  53.967 0.1111110002
53825  -41.129  -7.221  53.098 0.1111110002
54487  -41.883  -6.790  53.379 0.1111110002
54488  -42.795  -6.559  53.291 0.1111110002
54499  -42.434  -6.741  52.630 0.1111110002
54501  -44.166  -6.555  52.571 0.1111110002
100444  -44.856  -6.596  52.175 0.1111110002
54500  -43.321  -6.649  52.415 0.1111110002
100276  -44.117  -6.617  51.851 0.1111110002
54514  -45.734  -6.565  51.670 0.1111110002
54543  -45.309  -6.092  50.382 0.1111110002
53864  -42.412  -7.026  44.194 0.7777780294
54490  -44.814  -6.404  53.108 0.1111110002
53865  -43.062  -7.488  43.947 0.7777780294
30195  -6.312  -37.821  75.699 0.2222220004
30178  -8.210  -37.612  77.377 0.3333329856
30193  -4.821  -37.204  75.090 0.2222220004
107925  -13.920  -33.731  74.730 0.4444440007
33362  -13.569  -33.713  74.319 0.5555559993
95295  -15.896  -33.581  74.723 0.4444440007
96132  -16.144  -33.312  73.799 0.6666669846
31801  -4.531  -35.445  72.995 0.1111110002
31815  -4.300  -35.714  72.338 0.1111110002
33379  -17.072  -33.224  73.806 0.6666669846
34245  -15.357  -32.861  72.266 0.6666669846
97666  -4.447  -33.914  74.042 0.2222220004
32547  -4.515  -35.110  71.753 0.1111110002
34240  -10.444  -32.974  72.043 0.8888890147
104719  -12.050  -33.122  72.003 0.7777780294
106272  -14.699  -32.297  70.945 0.7777780294
34282  -15.559  -32.329  70.941 0.7777780294
34247  -17.709  -32.687  72.341 0.5555559993
34238  -8.405  -32.464  72.620 0.7777780294
35770  -8.750  -30.787  73.022 0.3333329856
35070  -9.531  -31.470  71.707 0.6666669846
36565  -8.991  -29.781  74.390 0.1111110002
36575  -8.905  -30.052  73.642 0.2222220004
36591  -9.690  -30.001  72.076 0.2222220004
36577  -9.714  -29.210  73.266 0.1111110002
101249  -9.335  -29.440  73.779 0.1111110002
35792  -9.867  -30.615  71.475 0.5555559993
113780  -10.375  -29.653  71.505 0.4444440007
36614  -10.921  -29.950  70.747 0.5555559993
35087  -11.434  -31.336  70.491 0.6666669846
35088  -12.722  -31.338  70.028 0.8888890147
106832  -14.375  -31.911  70.263 0.8888890147
35091  -15.859  -31.966  70.033 0.7777780294
35113  -16.443  -31.674  69.282 0.8888890147
35115  -18.518  -31.654  69.383 0.6666669846
35802  -11.969  -30.978  70.020 0.7777780294
102135  -14.174  -31.411  69.613 0.8888890147
35090  -14.983  -31.706  69.702 0.8888890147
35117  -19.927  -31.227  69.305 0.6666669846
94711  -10.827  -28.547  73.779 0.1111110002
37467  -11.367  -28.517  72.501 0.3333329856
37466  -10.612  -28.891  72.405 0.3333329856
36616  -12.344  -29.548  70.007 0.5555559993
35109  -12.673  -30.545  69.709 0.7777780294
35815  -14.009  -30.797  69.174 0.6666669846
36630  -13.681  -29.667  69.201 0.6666669846
35829  -14.439  -30.452  68.830 0.7777780294
35124  -16.219  -31.283  68.613 0.7777780294
35832  -16.787  -30.946  68.069 0.7777780294
35125  -17.763  -31.105  68.150 0.8888890147
108850  -20.245  -30.519  68.294 0.7777780294
35803  -21.452  -30.804  70.034 0.6666669846
35818  -21.926  -30.205  69.621 0.7777780294
36646  -14.426  -29.704  68.741 0.6666669846
35844  -15.707  -30.031  68.037 0.7777780294
36632  -21.614  -29.903  68.899 0.7777780294
36634  -22.959  -28.938  69.565 0.6666669846
40038  -32.457  -25.689  64.475 0.3333329856
39183  -31.023  -26.202  62.840 0.4444440007
100160  -30.272  -26.647  62.890 0.4444440007
37498  -13.955  -28.349  69.773 0.5555559993
99522  -17.186  -29.899  67.317 0.7777780294
37547  -21.574  -28.509  66.868 0.8888890147
40061  -32.240  -25.229  62.732 0.4444440007
39182  -30.489  -26.310  62.149 0.5555559993
39192  -29.182  -26.509  61.057 0.7777780294
37450  -13.489  -27.900  73.417 0.1111110002
38320  -14.652  -27.911  69.814 0.3333329856
37529  -15.471  -28.654  68.407 0.6666669846
113057  -17.693  -28.942  66.916 0.7777780294
36681  -18.629  -29.489  66.627 0.7777780294
37565  -22.113  -27.876  66.528 0.8888890147
37550  -24.413  -27.702  68.069 0.6666669846
37551  -25.384  -27.991  67.795 0.6666669846
37601  -24.981  -28.113  64.219 0.8888890147
108119  -24.230  -27.172  63.379 0.8888890147
106907  -24.823  -27.709  63.403 0.8888890147
39179  -24.837  -26.698  62.018 0.8888890147
40069  -29.545  -26.051  60.497 0.8888890147
38333  -16.065  -28.114  68.391 0.4444440007
110108  -16.894  -28.499  67.618 0.4444440007
37545  -17.360  -28.758  67.218 0.6666669846
41746  -34.785  -23.704  65.032 0.2222220004
39137  -23.000  -26.886  65.737 0.8888890147
40921  -26.087  -24.382  62.853 0.5555559993
97600  -28.592  -24.261  64.088 0.1111110002
40912  -27.795  -24.325  63.997 0.2222220004
96626  -28.281  -24.089  63.318 0.3333329856
40931  -26.942  -24.382  61.466 0.5555559993
40088  -27.905  -25.030  59.301 0.8888890147
40946  -27.334  -24.842  59.687 0.7777780294
40079  -27.357  -25.459  59.784 0.8888890147
40090  -29.560  -25.206  59.370 0.8888890147
114143  -29.787  -25.628  60.035 0.8888890147
40948  -30.993  -24.733  60.017 0.7777780294
38334  -16.730  -28.021  68.083 0.4444440007
38336  -18.142  -27.095  68.251 0.3333329856
39122  -18.439  -26.853  67.575 0.5555559993
40875  -27.469  -24.929  67.520 0.1111110002
41714  -26.250  -23.933  67.412 0.3333329856
113210  -26.518  -24.233  65.989 0.4444440007
113252  -28.591  -25.629  67.227 0.1111110002
41763  -29.984  -23.279  63.142 0.2222220004
40940  -27.741  -23.880  61.036 0.5555559993
40947  -27.882  -24.488  59.308 0.7777780294
40955  -28.433  -24.516  59.021 0.8888890147
40942  -32.425  -24.278  61.379 0.5555559993
41789  -28.860  -23.897  58.817 0.8888890147
40957  -30.246  -24.704  59.247 0.8888890147
39994  -19.351  -25.591  68.210 0.4444440007
106221  -27.211  -24.684  69.212 0.1111110002
42482  -29.729  -22.321  62.024 0.4444440007
40907  -23.442  -24.177  64.253 0.7777780294
42488  -28.787  -22.594  60.520 0.6666669846
41784  -32.519  -23.161  60.249 0.5555559993
106910  -26.169  -23.783  69.236 0.1111110002
40851  -26.729  -24.284  69.616 0.1111110002
40883  -20.889  -24.280  66.190 0.6666669846
41742  -24.327  -22.868  65.144 0.6666669846
43216  -30.104  -21.450  62.705 0.3333329856
44000  -29.755  -20.651  63.187 0.3333329856
43287  -27.707  -21.083  58.927 0.7777780294
42524  -30.188  -22.672  58.042 0.8888890147
42499  -32.952  -22.295  60.041 0.7777780294
42510  -31.755  -22.292  58.587 0.8888890147
42431  -24.434  -22.644  68.392 0.2222220004
42442  -24.372  -22.578  67.510 0.1111110002
42427  -21.059  -22.963  67.780 0.4444440007
111279  -23.837  -22.475  67.914 0.2222220004
41724  -20.594  -23.903  66.778 0.6666669846
43988  -30.004  -20.391  63.791 0.2222220004
44015  -28.673  -20.584  62.339 0.3333329856
44770  -28.557  -19.703  63.572 0.3333329856
43261  -32.909  -21.511  59.862 0.7777780294
43289  -28.960  -21.075  57.927 0.8888890147
43290  -29.739  -21.751  57.863 0.8888890147
103296  -29.774  -20.892  57.966 0.8888890147
45509  -29.070  -19.043  65.616 0.2222220004
44040  -32.286  -20.848  59.536 0.8888890147
44065  -29.936  -20.117  58.433 1.0000000000
44039  -31.626  -19.977  59.807 0.8888890147
46267  -27.871  -18.225  64.359 0.4444440007
46289  -27.163  -17.230  62.412 0.7777780294
45576  -26.688  -17.647  58.789 1.0000000000
111509  -28.343  -17.628  57.501 1.0000000000
46347  -31.737  -17.757  59.218 0.8888890147
47020  -27.415  -17.051  64.349 0.3333329856
47079  -26.610  -17.259  59.178 1.0000000000
46362  -28.950  -17.408  56.221 1.0000000000
47894  -27.777  -15.659  56.834 0.7777780294
47093  -27.976  -16.286  56.405 1.0000000000
44825  -33.886  -19.385  58.098 0.5555559993
47099  -28.477  -16.255  55.634 0.8888890147
106035  -35.256  -19.791  57.557 0.4444440007
44827  -35.711  -19.545  58.079 0.3333329856
44847  -33.316  -19.999  56.494 0.7777780294
44859  -32.213  -19.930  55.323 1.0000000000
44089  -33.958  -20.283  55.835 0.7777780294
44849  -35.813  -20.045  56.202 0.5555559993
109820  -27.442  -15.244  60.100 0.5555559993
46372  -29.952  -17.307  54.405 1.0000000000
45622  -30.717  -18.482  54.603 1.0000000000
46379  -30.718  -17.254  53.783 1.0000000000
44100  -33.702  -20.379  54.981 0.7777780294
44112  -32.884  -20.041  53.973 1.0000000000
44114  -34.280  -20.381  54.399 1.0000000000
44102  -34.962  -20.372  54.544 1.0000000000
106247  -28.306  -14.269  59.935 0.4444440007
48610  -29.052  -13.917  60.926 0.3333329856
49364  -28.831  -13.808  58.670 0.5555559993
98218  -30.012  -14.279  55.268 0.5555559993
47921  -30.349  -15.659  54.137 1.0000000000
47116  -30.835  -16.275  53.710 1.0000000000
45634  -31.925  -18.380  53.167 1.0000000000
44879  -31.846  -19.090  53.654 1.0000000000
105758  -32.352  -19.001  53.122 1.0000000000
112341  -34.092  -20.259  53.734 1.0000000000
44894  -33.874  -19.442  52.637 1.0000000000
44882  -35.435  -19.955  53.159 1.0000000000
105771  -29.214  -14.022  62.015 0.2222220004
48604  -29.467  -13.790  61.425 0.2222220004
109244  -29.655  -13.486  60.007 0.3333329856
108879  -31.003  -13.185  61.364 0.2222220004
49354  -30.059  -13.233  59.457 0.3333329856
109609  -29.686  -13.346  58.677 0.5555559993
50113  -30.875  -12.883  57.921 0.2222220004
49376  -30.240  -13.255  57.167 0.4444440007
49387  -30.816  -13.448  56.410 0.2222220004
49402  -30.410  -13.819  55.708 0.4444440007
45654  -35.179  -18.740  51.806 1.0000000000
111051  -36.014  -18.947  51.840 1.0000000000
50065  -33.414  -12.253  61.282 0.1111110002
112556  -34.481  -11.888  61.899 0.1111110002
50064  -32.588  -12.498  61.297 0.2222220004
50094  -32.580  -12.497  59.776 0.1111110002
98716  -31.802  -12.568  59.383 0.3333329856
49378  -32.083  -13.207  57.211 0.2222220004
49389  -32.533  -13.699  56.650 0.2222220004
48654  -31.830  -14.394  55.184 0.3333329856
46403  -34.000  -17.329  52.017 0.8888890147
46404  -35.169  -17.843  51.336 0.8888890147
46414  -35.878  -17.570  50.938 0.8888890147
45655  -37.378  -18.364  51.613 0.7777780294
49367  -34.749  -13.611  58.392 0.2222220004
47157  -35.919  -16.726  50.597 0.8888890147
48636  -33.789  -14.819  56.516 0.3333329856
48657  -34.357  -15.431  55.951 0.4444440007
47896  -35.363  -15.518  56.061 0.3333329856
47978  -37.831  -15.426  50.347 0.8888890147
47977  -36.999  -15.654  50.262 0.8888890147
48723  -37.254  -14.802  50.144 0.8888890147
48720  -34.374  -14.764  51.109 0.8888890147
48732  -37.453  -14.002  49.898 0.8888890147
49464  -36.782  -13.462  49.668 0.8888890147
98737  -36.120  -12.129  49.391 0.8888890147
50953  -37.172  -11.426  48.354 0.8888890147
104274  -38.782  -8.858  47.411 0.8888890147
49456  -35.003  -13.150  50.380 0.8888890147
53214  -36.728  -8.850  49.708 0.8888890147
54554  -38.949  -7.051  47.957 0.6666669846
53235  -40.614  -7.623  45.941 0.7777780294
105977  -35.352  -10.460  51.107 0.5555559993
113136  -37.009  -8.547  50.166 0.7777780294
53836  -39.109  -7.506  49.939 0.3333329856
54521  -39.893  -7.111  49.976 0.3333329856
54547  -39.963  -6.329  48.744 0.5555559993
53210  -38.152  -8.259  51.031 0.2222220004
53831  -38.816  -8.036  51.260 0.2222220004
54539  -41.817  -6.002  49.781 0.3333329856
55277  -41.087  -5.060  47.571 0.5555559993
55280  -40.125  -5.724  46.631 0.6666669846
51692  -38.639  -9.933  54.647 0.1111110002
53827  -39.526  -7.869  52.335 0.2222220004
108679  -43.952  -6.166  50.428 0.1111110002
106490  -41.722  -5.482  48.943 0.4444440007
98700  -40.842  -5.127  46.772 0.5555559993
52429  -39.320  -9.449  54.770 0.1111110002
53202  -39.153  -8.275  52.852 0.2222220004
110928  -40.929  -7.256  52.462 0.1111110002
54513  -44.803  -6.528  51.402 0.1111110002
54526  -44.553  -6.325  50.745 0.1111110002
55249  -43.318  -5.409  49.285 0.2222220004
54542  -44.533  -5.963  50.131 0.1111110002
55988  -42.663  -4.518  47.937 0.4444440007
53816  -40.635  -7.762  54.379 0.1111110002
54489  -43.738  -6.376  53.378 0.1111110002
54502  -45.507  -6.545  52.490 0.1111110002
53241  -42.654  -7.771  44.703 0.6666669846
113990  -4.451  -34.158  74.871 0.1111110002
33345  -4.912  -34.480  75.809 0.2222220004
33357  -4.810  -34.594  75.026 0.1111110002
33358  -5.954  -34.488  74.562 0.3333329856
34205  -4.265  -33.288  74.553 0.1111110002
34219  -4.200  -32.723  73.550 0.1111110002
33388  -7.637  -33.096  72.952 0.6666669846
102938  -4.115  -31.517  73.139 0.1111110002
33344  -4.893  -34.037  76.155 0.1111110002
33346  -5.454  -34.494  75.625 0.3333329856
34206  -6.374  -34.018  75.291 0.3333329856
33356  -4.524  -34.046  75.488 0.1111110002
33359  -6.971  -33.696  73.634 0.6666669846
106837  -7.508  -32.847  73.563 0.5555559993
35032  -4.203  -32.639  75.123 0.1111110002
35041  -3.984  -30.984  73.840 0.1111110002
35769  -4.107  -30.338  73.070 0.1111110002
34187  -5.394  -33.402  76.574 0.2222220004
33336  -5.334  -34.071  76.186 0.2222220004
34197  -6.148  -33.911  76.113 0.2222220004
34207  -7.132  -33.250  74.451 0.4444440007
104858  -3.928  -31.265  74.729 0.1111110002
34186  -4.966  -33.327  76.472 0.1111110002
34196  -4.487  -33.258  76.020 0.1111110002
35024  -4.001  -31.878  75.745 0.1111110002
34198  -7.120  -33.231  75.575 0.4444440007
35754  -3.675  -30.620  75.461 0.1111110002
35042  -7.778  -32.200  74.003 0.4444440007
36651  -22.644  -28.819  68.939 0.6666669846
96797  -27.838  -28.405  65.005 0.5555559993
113700  -28.329  -28.196  64.859 0.6666669846
37593  -28.000  -28.029  64.340 0.7777780294
37594  -28.877  -27.889  64.683 0.7777780294
38388  -28.583  -27.638  63.864 0.7777780294
38409  -28.693  -27.178  62.408 0.7777780294
37604  -27.260  -27.965  63.752 0.7777780294
38396  -27.429  -27.651  63.029 0.7777780294
37591  -26.343  -28.404  64.642 0.7777780294
37592  -27.157  -28.313  64.471 0.6666669846
37603  -26.419  -28.166  63.851 0.7777780294
38408  -27.694  -27.383  62.265 0.7777780294
38406  -25.886  -27.467  62.353 0.7777780294
43989  -30.506  -20.535  64.382 0.1111110002
44041  -33.015  -20.816  60.484 0.6666669846
98764  -32.164  -19.945  60.359 0.7777780294
43217  -30.740  -21.900  63.219 0.2222220004
43975  -30.710  -20.213  65.390 0.1111110002
44028  -32.643  -19.761  61.078 0.6666669846
45510  -29.566  -19.364  66.085 0.1111110002
45503  -29.704  -19.422  66.716 0.1111110002
44731  -30.577  -19.814  67.023 0.1111110002
44746  -29.795  -19.692  65.371 0.1111110002
96270  -30.271  -19.762  66.171 0.1111110002
44791  -32.383  -18.811  61.424 0.4444440007
114108  -30.251  -20.048  64.865 0.1111110002
45496  -29.196  -18.798  67.318 0.1111110002
45502  -29.059  -18.771  66.420 0.2222220004
110502  -29.815  -19.495  67.380 0.1111110002
44707  -30.333  -19.682  67.885 0.1111110002
44870  -36.344  -19.904  54.660 0.7777780294
44883  -36.354  -19.808  53.714 0.6666669846
44884  -37.196  -19.289  53.180 0.6666669846
46255  -28.014  -17.174  66.095 0.2222220004
46262  -28.510  -18.299  65.801 0.2222220004
100226  -28.774  -18.146  66.979 0.2222220004
44869  -35.588  -20.172  54.172 0.8888890147
44897  -36.565  -19.228  52.313 0.6666669846
45635  -37.778  -18.777  52.735 0.6666669846
113603  -38.260  -18.415  52.708 0.5555559993
44905  -36.664  -18.706  51.704 0.7777780294
45645  -37.296  -18.896  52.237 0.6666669846
45646  -37.922  -18.470  52.150 0.6666669846
47815  -29.063  -15.341  68.019 0.1111110002
46992  -28.073  -15.844  65.885 0.1111110002
47830  -28.273  -16.174  66.704 0.1111110002
46984  -28.524  -16.388  67.520 0.1111110002
47019  -27.492  -16.202  63.612 0.2222220004
47006  -27.687  -16.499  65.198 0.2222220004
105093  -27.714  -15.873  64.338 0.2222220004
44862  -35.537  -20.241  55.190 0.6666669846
46392  -38.587  -17.926  52.164 0.6666669846
46407  -38.380  -17.436  51.372 0.6666669846
47148  -38.780  -16.657  51.099 0.6666669846
47161  -39.104  -15.780  50.920 0.7777780294
47850  -28.076  -15.437  65.041 0.1111110002
105480  -28.550  -15.247  66.351 0.1111110002
47861  -28.064  -15.287  63.508 0.1111110002
47160  -38.360  -16.072  50.631 0.7777780294
47971  -39.644  -15.521  51.314 0.5555559993
47980  -39.473  -14.692  50.864 0.5555559993
48725  -38.867  -14.100  50.289 0.7777780294
48639  -37.791  -14.829  55.952 0.2222220004
48660  -38.476  -14.351  55.542 0.2222220004
49405  -38.723  -13.554  55.384 0.2222220004
49393  -39.398  -13.393  56.161 0.1111110002
47927  -36.390  -15.464  54.604 0.2222220004
48658  -37.058  -15.148  54.679 0.2222220004
109041  -38.340  -14.045  54.882 0.2222220004
47926  -35.732  -15.654  54.159 0.2222220004
48675  -37.280  -14.611  54.267 0.2222220004
49433  -36.886  -14.024  53.814 0.3333329856
48690  -35.610  -15.071  53.321 0.4444440007
49432  -35.867  -13.993  53.266 0.4444440007
112622  -36.420  -13.286  53.502 0.3333329856
49457  -39.754  -13.506  50.313 0.5555559993
48733  -38.260  -13.789  49.812 0.7777780294
48734  -39.042  -13.564  49.680 0.7777780294
48640  -38.466  -14.538  56.566 0.1111110002
96777  -38.997  -14.104  56.019 0.1111110002
47909  -36.442  -15.445  55.580 0.2222220004
95830  -37.251  -15.105  55.477 0.2222220004
49420  -38.201  -13.421  54.780 0.3333329856
50122  -38.895  -12.705  55.634 0.2222220004
50138  -38.262  -12.511  55.066 0.3333329856
50136  -37.074  -13.106  53.917 0.3333329856
49466  -38.402  -13.361  49.170 0.7777780294
51747  -42.382  -10.476  46.446 0.5555559993
51748  -43.260  -10.618  46.424 0.3333329856
110460  -35.287  -15.200  56.898 0.2222220004
47897  -36.024  -15.292  56.660 0.2222220004
48638  -36.917  -15.127  56.354 0.2222220004
111670  -37.979  -14.604  57.454 0.1111110002
50896  -38.157  -11.472  55.056 0.1111110002
97788  -39.949  -12.821  47.543 0.6666669846
50184  -37.120  -12.991  49.248 0.7777780294
50200  -38.541  -12.956  48.385 0.7777780294
50974  -41.752  -11.349  46.599 0.5555559993
52470  -40.573  -10.020  46.660 0.5555559993
48628  -36.523  -14.909  57.289 0.1111110002
49474  -37.733  -12.930  48.827 0.7777780294
50215  -38.726  -12.467  47.827 0.7777780294
50959  -37.921  -11.151  47.858 0.7777780294
50960  -38.598  -11.678  47.618 0.7777780294
50961  -39.387  -12.135  47.420 0.7777780294
50973  -40.721  -11.150  46.736 0.6666669846
104970  -39.154  -11.244  47.336 0.7777780294
113368  -40.046  -10.544  46.890 0.7777780294
51733  -39.313  -10.470  47.186 0.7777780294
52469  -39.775  -9.795  46.899 0.7777780294
53868  -43.453  -7.026  43.071 0.6666669846
54566  -43.027  -6.217  43.314 0.6666669846
53881  -45.240  -7.334  41.561 0.5555559993
53263  -46.116  -8.373  41.233 0.4444440007
53271  -46.764  -8.542  40.761 0.4444440007
52522  -47.588  -9.506  40.532 0.4444440007
52459  -37.570  -9.706  48.062 0.7777780294
51731  -38.063  -10.271  47.758 0.7777780294
103064  -38.665  -10.106  47.447 0.7777780294
52461  -39.053  -9.601  47.253 0.7777780294
56020  -42.481  -5.014  43.886 0.7777780294
55288  -42.724  -5.534  43.580 0.6666669846
54567  -43.481  -6.136  42.852 0.7777780294
55292  -44.404  -5.766  42.158 0.7777780294
54571  -44.441  -6.511  41.974 0.7777780294
54579  -45.813  -6.636  41.376 0.7777780294
53882  -45.969  -7.463  41.222 0.5555559993
52521  -47.027  -9.243  40.790 0.4444440007
96990  -42.039  -4.497  45.419 0.4444440007
56019  -42.788  -4.471  44.073 0.5555559993
56022  -43.955  -4.384  43.116 0.6666669846
56028  -43.697  -4.963  42.871 0.6666669846
55302  -45.538  -5.925  41.636 0.7777780294
53890  -46.652  -7.682  40.823 0.6666669846
53272  -47.393  -8.721  40.385 0.4444440007
52532  -47.945  -9.018  39.961 0.4444440007
54595  -47.289  -7.260  40.667 0.7777780294
53891  -47.311  -7.928  40.444 0.4444440007
53273  -47.918  -8.196  40.027 0.4444440007
56017  -42.857  -4.081  45.690 0.4444440007
56785  -43.245  -4.028  44.399 0.5555559993
56795  -43.521  -4.127  43.774 0.5555559993
56806  -44.846  -4.085  42.909 0.5555559993
56029  -44.430  -4.890  42.504 0.6666669846
55303  -46.475  -5.929  41.468 0.7777780294
54580  -46.746  -6.764  41.039 0.7777780294
54596  -48.122  -7.385  40.326 0.4444440007
53279  -48.464  -8.513  39.574 0.4444440007
53897  -48.590  -7.763  39.739 0.4444440007
56003  -43.341  -4.128  47.372 0.3333329856
56752  -43.908  -3.767  46.833 0.3333329856
56013  -43.103  -4.015  46.550 0.4444440007
105566  -44.387  -3.553  45.255 0.4444440007
54581  -47.800  -6.737  40.855 0.7777780294
54597  -49.101  -7.088  40.059 0.5555559993
54612  -49.144  -7.437  39.489 0.4444440007
103900  -48.435  -6.394  41.260 0.7777780294
54582  -48.890  -6.703  40.721 0.7777780294
54598  -49.554  -6.790  39.629 0.5555559993
54583  -49.788  -6.549  40.569 0.6666669846
55309  -50.163  -6.165  40.176 0.5555559993
55313  -49.627  -6.189  39.200 0.5555559993
55312  -48.906  -5.356  38.684 0.5555559993
56064  -48.123  -4.531  38.339 0.5555559993
56843  -47.485  -2.984  37.964 0.2222220004
57623  -47.272  -2.235  37.682 0.3333329856
56054  -49.887  -5.338  39.749 0.4444440007
56837  -47.919  -3.767  38.917 0.3333329856
99971  -47.257  -2.081  39.485 0.2222220004
57617  -47.125  -2.457  38.664 0.2222220004
58411  -46.805  -1.642  39.063 0.2222220004
59132  -46.013  -0.416  38.337 0.1111110002
56063  -47.690  -3.761  38.151 0.3333329856
56836  -47.478  -3.212  38.655 0.2222220004
58418  -46.748  -1.735  38.185 0.2222220004
58417  -46.305  -1.149  37.760 0.1111110002
59137  -45.871  -0.491  37.335 0.1111110002
98657  -46.946  -1.636  37.283 0.3333329856
58423  -46.465  -1.155  36.772 0.1111110002
59145  -45.925  -0.550  36.205 0.1111110002
59153  -45.679  -0.172  35.250 0.1111110002
59813  -45.370  0.501  34.678 0.1111110002
59820  -45.526  0.269  33.622 0.1111110002
56830  -49.598  -4.168  39.979 0.3333329856
56053  -48.758  -4.481  39.200 0.3333329856
56829  -48.575  -3.526  39.632 0.3333329856
57611  -48.436  -2.750  39.998 0.2222220004
59778  -46.707  0.180  39.479 0.1111110002
60463  -47.232  1.733  38.949 0.1111110002
58410  -46.419  -1.082  38.640 0.1111110002
60462  -46.306  1.254  38.657 0.1111110002
59794  -45.684  0.524  38.007 0.1111110002
59793  -45.478  1.221  37.298 0.1111110002
61248  -46.511  2.738  37.519 0.1111110002
62018  -46.995  3.283  37.126 0.1111110002
59805  -45.314  0.716  35.603 0.1111110002
96883  -46.207  2.869  36.805 0.1111110002
60484  -45.299  1.422  35.098 0.1111110002
62038  -46.602  3.451  35.383 0.1111110002
62763  -48.649  4.755  35.487 0.1111110002
60499  -45.555  1.140  33.333 0.1111110002
62045  -46.553  3.414  34.505 0.1111110002
62046  -47.136  3.995  34.887 0.1111110002
99992  -45.724  1.953  33.745 0.1111110002
59118  -47.690  -0.486  40.133 0.1111110002
61240  -47.722  2.454  38.506 0.1111110002
61249  -47.301  2.929  37.853 0.1111110002
62031  -48.518  3.976  36.844 0.1111110002
62762  -47.839  4.410  35.240 0.1111110002
62054  -47.045  4.003  34.016 0.1111110002
50975  -42.674  -11.463  46.572 0.4444440007
50226  -42.119  -12.259  46.800 0.4444440007
50225  -41.186  -12.189  46.876 0.4444440007
50962  -40.285  -12.123  47.114 0.6666669846
50217  -40.698  -12.865  47.445 0.6666669846
32536  -7.729  -33.823  72.865 0.6666669846
35805  -22.951  -30.114  70.721 0.3333329856
36618  -23.407  -29.158  70.361 0.3333329856
38394  -25.690  -27.835  63.177 0.7777780294
38407  -26.768  -27.464  62.248 0.7777780294
42477  -30.643  -22.694  63.233 0.2222220004
42476  -30.271  -22.404  62.592 0.2222220004
47867  -27.643  -15.803  62.807 0.1111110002
107964  -37.994  -18.023  51.638 0.5555559993
50199  -36.946  -12.312  48.818 0.7777780294
50137  -37.654  -12.823  54.471 0.3333329856
56002  -42.628  -4.308  47.073 0.4444440007
56012  -42.292  -4.363  46.322 0.4444440007
56018  -41.994  -4.865  44.523 0.6666669846
54564  -42.440  -6.277  43.848 0.7777780294
55287  -42.091  -5.607  44.131 0.7777780294
53867  -42.843  -6.826  43.640 0.6666669846
33372  -6.182  -34.409  73.586 0.4444440007
37602  -25.576  -28.214  64.003 0.7777780294
44001  -30.424  -21.015  63.494 0.2222220004
97404  -36.289  -19.619  52.904 0.7777780294
46408  -39.129  -17.145  51.774 0.5555559993
109278  -4.102  -32.031  74.130 0.1111110002
112241  -4.298  -31.489  72.565 0.1111110002
112399  -3.902  -30.654  74.252 0.1111110002
35018  -4.504  -32.231  76.620 0.1111110002
37580  -28.592  -28.416  65.381 0.6666669846
37605  -27.920  -27.754  63.641 0.7777780294
38397  -28.237  -27.523  63.095 0.7777780294
38395  -26.576  -27.769  63.077 0.7777780294
96496  -27.111  -28.555  65.228 0.6666669846
44792  -32.917  -19.410  61.814 0.4444440007
44871  -36.949  -19.624  55.045 0.5555559993
46993  -28.390  -17.314  66.959 0.1111110002
46256  -28.538  -18.008  66.462 0.2222220004
99758  -38.130  -18.662  53.458 0.5555559993
95829  -28.772  -15.244  67.083 0.1111110002
48726  -40.145  -13.912  51.153 0.4444440007
48659  -37.856  -14.677  54.900 0.2222220004
49419  -37.735  -13.878  54.336 0.2222220004
48674  -36.532  -15.007  53.870 0.2222220004
49465  -37.632  -13.450  49.434 0.7777780294
48629  -37.465  -14.823  56.973 0.1111110002
50976  -43.512  -11.535  46.605 0.3333329856
48627  -35.654  -14.881  57.420 0.2222220004
49491  -41.050  -13.239  47.952 0.5555559993
49475  -39.274  -13.277  48.768 0.7777780294
50954  -37.895  -12.188  48.135 0.7777780294
50216  -39.308  -13.021  47.910 0.7777780294
50972  -39.823  -11.261  47.094 0.7777780294
51732  -38.624  -10.806  47.506 0.7777780294
55289  -43.315  -5.499  43.078 0.7777780294
54570  -43.909  -6.362  42.443 0.6666669846
53880  -44.604  -7.213  41.889 0.6666669846
54578  -45.049  -6.595  41.641 0.6666669846
52510  -46.440  -9.362  41.381 0.3333329856
56021  -43.162  -4.801  43.417 0.6666669846
55291  -43.846  -5.569  42.597 0.6666669846
55301  -44.872  -6.009  41.802 0.6666669846
56016  -42.684  -4.242  44.834 0.6666669846
56775  -43.435  -3.812  45.070 0.5555559993
56796  -44.338  -3.825  43.614 0.5555559993
55293  -45.102  -5.357  41.993 0.6666669846
97627  -43.916  -3.713  44.376 0.5555559993
56030  -45.456  -4.581  42.371 0.5555559993
56763  -43.691  -3.754  45.949 0.3333329856
56753  -44.720  -3.699  47.091 0.2222220004
100153  -44.135  -4.022  47.585 0.2222220004
96184  -45.237  -3.461  45.028 0.4444440007
56828  -47.705  -2.868  39.409 0.2222220004
58401  -46.671  -0.978  39.320 0.1111110002
59787  -46.214  0.348  38.902 0.1111110002
107914  -45.807  1.539  38.002 0.1111110002
59800  -45.529  0.271  36.911 0.1111110002
59799  -45.335  0.936  36.458 0.1111110002
61274  -45.576  2.123  34.607 0.1111110002
60492  -45.393  1.232  34.177 0.1111110002
58402  -47.192  -1.274  39.862 0.1111110002
59127  -46.921  -0.420  39.749 0.1111110002
60453  -46.924  0.885  39.288 0.1111110002
61239  -46.556  2.221  38.232 0.1111110002
60471  -45.792  2.165  37.363 0.1111110002
62019  -47.938  3.446  37.359 0.1111110002
61257  -45.627  2.285  36.410 0.1111110002
61265  -45.548  2.242  35.509 0.1111110002
60470  -45.418  1.663  36.735 0.1111110002
62029  -46.754  3.413  36.272 0.1111110002
61258  -46.048  2.906  35.904 0.1111110002
62030  -47.589  3.754  36.580 0.1111110002
61266  -45.985  2.867  35.000 0.1111110002
62039  -47.310  3.925  35.745 0.1111110002
61282  -45.857  1.751  33.070 0.1111110002
59779  -47.570  0.333  39.783 0.1111110002
61250  -48.344  3.043  38.048 0.1111110002
62020  -48.968  3.558  37.560 0.1111110002
50227  -43.016  -12.270  46.821 0.3333329856
31735  -9.786  -35.021  77.899 0.1111110002
30962  -9.154  -36.164  77.373 0.2222220004
30952  -8.874  -35.986  78.221 0.1111110002
102932  -9.713  -35.437  77.048 0.3333329856
30177  -7.343  -38.128  78.045 0.2222220004
32481  -10.394  -34.588  78.119 0.1111110002
29504  -5.858  -38.824  77.031 0.1111110002
33312  -11.704  -34.166  78.849 0.1111110002
32486  -10.867  -34.536  76.704 0.3333329856
112150  -11.343  -34.350  76.874 0.3333329856
33328  -12.686  -34.116  77.760 0.1111110002
33314  -13.342  -34.149  78.437 0.1111110002
32496  -11.508  -34.372  76.244 0.3333329856
29511  -5.641  -38.319  76.310 0.3333329856
33337  -12.917  -34.073  76.876 0.1111110002
106733  -11.943  -34.195  77.061 0.2222220004
33348  -12.588  -34.097  75.347 0.3333329856
95153  -13.797  -34.015  76.684 0.1111110002
96613  -13.176  -34.027  76.013 0.2222220004
95147  -13.997  -33.892  75.873 0.3333329856
95148  -18.615  -33.703  76.937 0.1111110002
33330  -19.475  -33.594  77.127 0.1111110002
33332  -21.038  -33.397  77.535 0.1111110002
33341  -21.072  -33.356  76.784 0.1111110002
33321  -20.572  -33.454  78.091 0.1111110002
33331  -20.349  -33.487  77.312 0.1111110002
33340  -20.186  -33.441  76.337 0.1111110002
33353  -21.070  -33.172  75.893 0.2222220004
34189  -21.957  -33.039  76.348 0.1111110002
33339  -19.191  -33.581  76.260 0.1111110002
113272  -20.407  -33.257  75.500 0.2222220004
95143  -17.903  -33.659  75.804 0.2222220004
109680  -17.989  -33.505  75.097 0.2222220004
33352  -19.656  -33.405  75.518 0.2222220004
34201  -21.779  -32.911  75.342 0.1111110002
33366  -18.524  -33.286  74.476 0.3333329856
33367  -19.286  -33.323  74.857 0.3333329856
34199  -20.089  -33.123  74.747 0.2222220004
33380  -17.919  -33.076  73.751 0.4444440007
34210  -20.781  -32.842  74.217 0.2222220004
34208  -18.764  -32.951  73.607 0.3333329856
34209  -19.398  -33.061  74.157 0.2222220004
99570  -18.925  -32.734  72.918 0.3333329856
34225  -19.634  -32.777  73.306 0.2222220004
34248  -18.591  -32.569  72.251 0.3333329856
34249  -19.436  -32.525  72.471 0.2222220004
34250  -20.248  -32.443  72.668 0.2222220004
94975  -18.040  -32.473  71.732 0.5555559993
34271  -19.226  -32.303  71.767 0.3333329856
34272  -19.968  -32.191  71.968 0.2222220004
34251  -21.086  -32.270  72.853 0.2222220004
35073  -18.991  -32.086  71.079 0.4444440007
35074  -19.756  -31.994  71.297 0.4444440007
35075  -20.394  -31.909  71.503 0.3333329856
35059  -20.748  -32.015  72.090 0.3333329856
103679  -20.345  -31.717  70.868 0.4444440007
34188  -6.926  -33.049  76.470 0.1111110002
35060  -21.684  -31.767  72.218 0.2222220004
35076  -21.122  -31.631  71.324 0.3333329856
35783  -22.611  -31.232  72.008 0.2222220004
35095  -19.569  -31.810  70.561 0.5555559993
35077  -21.925  -31.345  71.473 0.2222220004
35098  -21.695  -31.118  70.783 0.2222220004
36579  -25.680  -29.397  73.394 0.1111110002
97886  -22.446  -30.823  71.122 0.2222220004
36593  -24.821  -29.419  72.460 0.1111110002
36594  -25.380  -29.129  72.738 0.1111110002
35097  -20.934  -31.338  70.463 0.4444440007
35793  -23.188  -30.505  71.502 0.2222220004
35794  -23.810  -30.137  71.852 0.2222220004
36581  -27.138  -28.926  73.856 0.1111110002
104659  -26.372  -29.126  73.691 0.1111110002
36580  -26.767  -28.791  73.184 0.1111110002
36606  -25.058  -28.906  72.096 0.1111110002
36605  -24.355  -29.368  71.802 0.1111110002
36604  -23.637  -29.689  71.197 0.2222220004
36571  -29.552  -29.411  74.442 0.1111110002
36582  -28.075  -28.886  73.700 0.1111110002
36570  -28.532  -29.141  74.477 0.1111110002
36595  -26.019  -28.874  73.024 0.1111110002
36619  -24.094  -28.884  70.987 0.3333329856
95920  -29.040  -29.163  73.677 0.1111110002
37458  -27.470  -28.777  73.250 0.1111110002
37477  -26.500  -28.668  72.483 0.1111110002
37489  -26.220  -28.548  71.769 0.1111110002
35078  -31.068  -31.397  71.283 0.1111110002
35099  -30.822  -31.099  70.408 0.1111110002
39138  -33.042  -26.595  66.764 0.2222220004
37476  -25.732  -28.763  72.325 0.1111110002
38371  -32.366  -27.203  66.863 0.2222220004
37487  -24.786  -28.702  71.398 0.2222220004
102674  -30.562  -30.587  69.263 0.1111110002
35821  -31.128  -30.921  69.664 0.1111110002
36656  -31.033  -29.855  68.199 0.2222220004
37535  -31.625  -29.189  67.857 0.2222220004
37555  -31.370  -28.602  67.257 0.2222220004
38352  -31.834  -27.861  67.056 0.3333329856
38380  -31.420  -27.000  65.593 0.3333329856
35837  -31.159  -30.424  68.874 0.2222220004
37571  -31.169  -28.062  66.663 0.2222220004
38370  -31.663  -27.370  66.380 0.3333329856
36674  -30.807  -29.297  67.525 0.2222220004
37554  -30.636  -28.702  66.899 0.2222220004
36597  -29.404  -29.375  72.861 0.1111110002
37478  -27.343  -28.681  72.582 0.1111110002
37479  -28.105  -28.818  72.813 0.1111110002
36596  -28.856  -29.138  72.335 0.1111110002
35786  -30.167  -29.959  72.639 0.1111110002
35796  -30.259  -30.508  71.706 0.1111110002
36608  -29.604  -29.689  72.000 0.1111110002
35795  -29.671  -30.098  71.105 0.1111110002
37490  -27.119  -28.613  71.800 0.1111110002
37491  -28.121  -28.886  71.833 0.1111110002
38381  -32.305  -26.600  66.003 0.2222220004
38324  -18.070  -27.330  69.049 0.1111110002
37499  -24.011  -28.566  70.319 0.3333329856
37500  -24.686  -28.444  70.589 0.2222220004
35819  -29.710  -30.361  70.220 0.1111110002
35835  -29.823  -30.355  69.289 0.1111110002
37514  -23.663  -28.444  69.703 0.3333329856
37501  -25.567  -28.366  70.435 0.3333329856
35836  -30.405  -30.254  68.631 0.2222220004
38369  -30.930  -27.656  66.002 0.3333329856
103297  -31.857  -26.346  64.949 0.2222220004
37515  -24.378  -28.265  69.795 0.4444440007
36673  -29.931  -29.263  67.189 0.2222220004
37570  -30.561  -28.220  66.351 0.2222220004
37532  -23.251  -28.304  68.992 0.5555559993
36607  -29.019  -29.413  71.446 0.1111110002
37504  -27.682  -28.813  71.005 0.1111110002
99419  -26.800  -28.540  71.047 0.2222220004
36621  -28.473  -29.246  70.881 0.1111110002
36622  -29.148  -29.739  70.592 0.1111110002
36637  -29.174  -29.919  69.777 0.1111110002
97312  -29.661  -30.020  68.447 0.1111110002
99230  -26.455  -28.475  70.326 0.2222220004
100692  -28.691  -29.527  70.193 0.1111110002
98806  -29.078  -29.907  68.957 0.1111110002
36655  -30.215  -29.798  67.932 0.2222220004
38379  -30.643  -27.337  65.263 0.3333329856
37516  -25.168  -28.220  69.805 0.4444440007
36653  -28.297  -29.468  68.599 0.2222220004
114034  -29.174  -29.403  67.183 0.2222220004
36688  -29.961  -28.634  66.461 0.2222220004
37582  -30.085  -28.011  65.750 0.4444440007
39160  -31.123  -26.825  64.901 0.4444440007
37533  -24.118  -27.925  69.011 0.4444440007
36670  -27.730  -29.165  67.813 0.2222220004
36685  -27.993  -29.214  67.146 0.4444440007
36672  -29.437  -29.689  67.748 0.2222220004
36687  -29.259  -29.009  66.632 0.3333329856
37569  -29.309  -28.533  65.939 0.4444440007
38378  -29.815  -27.606  64.910 0.4444440007
37549  -23.542  -27.827  68.274 0.5555559993
36686  -28.583  -29.212  66.864 0.3333329856
37568  -28.583  -28.867  66.154 0.4444440007
37581  -29.337  -28.089  65.336 0.5555559993
39159  -30.470  -27.039  64.360 0.4444440007
39170  -30.752  -26.607  63.592 0.4444440007
38389  -29.483  -27.367  63.979 0.5555559993
109785  -28.932  -27.382  63.290 0.5555559993
38399  -30.109  -26.934  63.588 0.5555559993
39115  -18.728  -26.832  68.723 0.2222220004
36620  -28.101  -29.135  70.212 0.1111110002
37517  -26.069  -28.346  69.637 0.2222220004
106243  -24.823  -28.050  69.259 0.4444440007
36635  -27.776  -29.085  69.448 0.2222220004
36652  -27.384  -28.927  68.668 0.2222220004
37553  -27.196  -28.900  66.995 0.4444440007
37579  -27.855  -28.732  65.712 0.4444440007
39181  -29.590  -26.703  62.078 0.6666669846
37503  -27.325  -28.732  70.253 0.2222220004
37518  -26.959  -28.624  69.512 0.2222220004
101474  -25.602  -28.158  68.964 0.2222220004
97128  -26.523  -28.474  68.810 0.2222220004
103803  -26.889  -28.694  67.951 0.3333329856
113760  -25.502  -28.091  68.399 0.4444440007
105063  -26.051  -28.290  68.203 0.3333329856
37552  -26.282  -28.429  67.330 0.4444440007
37566  -25.602  -28.119  66.761 0.5555559993
37567  -26.399  -28.561  66.374 0.4444440007
95541  -27.140  -28.778  66.033 0.4444440007
95285  -25.673  -28.313  65.806 0.5555559993
43232  -34.380  -21.496  62.685 0.1111110002
104024  -33.891  -20.966  62.096 0.1111110002
97636  -33.679  -21.485  61.229 0.2222220004
44772  -33.579  -19.438  63.059 0.1111110002
44017  -34.085  -20.505  63.013 0.1111110002
98391  -33.512  -19.977  62.316 0.1111110002
109280  -33.340  -20.421  61.470 0.3333329856
45516  -33.731  -18.050  63.787 0.1111110002
44759  -33.888  -18.878  64.366 0.1111110002
44758  -33.618  -18.872  63.624 0.1111110002
44773  -33.980  -19.712  63.721 0.1111110002
44783  -33.125  -18.952  62.482 0.1111110002
44782  -32.746  -18.469  61.924 0.2222220004
45550  -32.019  -18.322  61.062 0.5555559993
46263  -34.277  -17.877  65.006 0.1111110002
45517  -33.948  -18.109  64.698 0.1111110002
45525  -33.420  -18.464  63.046 0.1111110002
46305  -32.797  -17.612  61.344 0.4444440007
45531  -32.845  -17.846  61.826 0.3333329856
46320  -32.147  -17.768  60.829 0.4444440007
44850  -36.664  -19.747  56.380 0.3333329856
106047  -38.738  -18.501  57.043 0.2222220004
45609  -39.198  -18.164  56.344 0.2222220004
45607  -37.870  -19.039  56.919 0.2222220004
45608  -38.484  -18.611  56.230 0.2222220004
46369  -39.518  -17.797  55.562 0.2222220004
44863  -36.436  -19.880  55.545 0.3333329856
45624  -37.604  -19.142  54.993 0.2222220004
45616  -38.322  -18.630  55.387 0.3333329856
46363  -39.890  -17.699  56.412 0.2222220004
46364  -40.559  -17.305  56.407 0.2222220004
109504  -40.766  -16.947  55.666 0.1111110002
45626  -38.881  -18.180  54.955 0.2222220004
111845  -40.190  -17.423  55.824 0.2222220004
46374  -40.116  -17.293  55.089 0.1111110002
45625  -38.247  -18.639  54.476 0.2222220004
46373  -39.448  -17.669  54.575 0.2222220004
47109  -40.645  -16.709  54.739 0.1111110002
105105  -37.056  -19.521  54.270 0.3333329856
45637  -38.836  -18.162  54.020 0.2222220004
46381  -39.375  -17.575  53.630 0.3333329856
45636  -38.777  -18.072  53.092 0.3333329856
47110  -41.129  -16.053  54.424 0.1111110002
46382  -40.019  -17.128  54.179 0.1111110002
47122  -40.505  -16.412  53.821 0.1111110002
97830  -40.288  -16.243  53.039 0.1111110002
112860  -40.613  -16.000  53.388 0.1111110002
46393  -39.287  -17.416  52.682 0.3333329856
47135  -39.812  -16.577  52.315 0.1111110002
47928  -41.470  -15.424  54.183 0.1111110002
47123  -40.976  -15.676  53.680 0.1111110002
47947  -41.446  -14.914  53.591 0.1111110002
112882  -41.027  -15.265  53.308 0.1111110002
47136  -40.294  -15.879  52.455 0.1111110002
47149  -39.463  -16.299  51.480 0.4444440007
49434  -41.491  -14.140  53.056 0.1111110002
47961  -41.025  -14.866  52.945 0.1111110002
47946  -40.673  -15.578  53.011 0.1111110002
47960  -40.566  -15.084  52.248 0.1111110002
48705  -40.996  -14.204  52.439 0.1111110002
47972  -40.117  -14.893  51.500 0.2222220004
48712  -40.583  -14.162  51.804 0.2222220004
49449  -40.787  -13.395  51.393 0.1111110002
49458  -40.515  -13.294  50.741 0.2222220004
49459  -41.194  -12.830  50.816 0.2222220004
100092  -40.618  -12.990  50.155 0.2222220004
50185  -41.347  -12.690  50.014 0.2222220004
105322  -40.939  -13.036  49.365 0.2222220004
49469  -41.598  -12.912  49.307 0.2222220004
49467  -39.631  -13.351  49.458 0.3333329856
96837  -39.945  -13.316  48.852 0.3333329856
49476  -40.586  -13.241  48.649 0.3333329856
53239  -43.962  -8.658  45.235 0.4444440007
53242  -43.468  -8.140  44.581 0.4444440007
53243  -44.215  -8.466  44.453 0.4444440007
53246  -43.734  -7.922  43.739 0.4444440007
53247  -44.389  -8.365  43.553 0.4444440007
53869  -44.047  -7.777  42.918 0.4444440007
53250  -44.567  -8.242  42.702 0.4444440007
53251  -45.109  -8.611  42.350 0.4444440007
53871  -44.081  -7.125  42.367 0.4444440007
53261  -44.802  -7.921  41.975 0.4444440007
53262  -45.434  -8.146  41.631 0.4444440007
56036  -46.052  -5.184  41.852 0.5555559993
56786  -44.790  -3.547  44.345 0.4444440007
56797  -45.287  -3.664  43.556 0.3333329856
56807  -45.882  -3.926  42.852 0.4444440007
56037  -47.274  -5.278  41.845 0.5555559993
95354  -47.512  -6.116  41.352 0.6666669846
56808  -46.946  -4.009  42.947 0.2222220004
56031  -46.535  -4.501  42.340 0.4444440007
55294  -47.611  -4.669  42.518 0.3333329856
112095  -48.278  -5.359  42.241 0.3333329856
105081  -48.413  -5.906  41.763 0.5555559993
55304  -49.470  -6.237  41.408 0.4444440007
95150  -16.894  -33.876  76.728 0.2222220004
112389  -17.274  -33.762  76.101 0.2222220004
33349  -16.431  -33.662  75.247 0.2222220004
95145  -15.726  -33.803  75.703 0.2222220004
33338  -18.443  -33.664  76.221 0.1111110002
108762  -17.750  -33.863  78.172 0.1111110002
95155  -17.275  -33.895  77.460 0.1111110002
108733  -18.021  -33.802  77.431 0.1111110002
29500  -6.792  -38.591  77.743 0.2222220004
30174  -7.801  -37.316  78.441 0.2222220004
30961  -8.579  -36.781  77.830 0.1111110002
31739  -10.322  -34.742  77.266 0.4444440007
29510  -4.572  -38.238  76.129 0.2222220004
33347  -12.337  -34.180  76.186 0.2222220004
95142  -14.272  -33.762  75.138 0.2222220004
95152  -15.209  -33.959  76.563 0.1111110002
33350  -17.213  -33.620  75.313 0.3333329856
34224  -18.212  -32.818  72.998 0.4444440007
34270  -18.588  -32.345  71.559 0.5555559993
37578  -26.370  -28.525  65.474 0.4444440007
38323  -17.351  -27.498  69.227 0.3333329856
52484  -43.568  -9.056  45.849 0.4444440007
37534  -24.969  -27.909  68.609 0.5555559993
38398  -29.539  -27.061  63.045 0.6666669846
107920  -37.667  -19.075  54.067 0.3333329856
47150  -40.038  -15.764  51.827 0.2222220004
49490  -40.112  -13.251  48.099 0.5555559993
44864  -37.154  -19.510  55.735 0.3333329856
106814  -44.385  -7.680  42.331 0.4444440007
99502  -9.378  -35.573  77.820 0.1111110002
29499  -5.972  -39.117  77.935 0.1111110002
29495  -6.466  -38.653  78.763 0.1111110002
30173  -6.928  -37.798  79.163 0.2222220004
32487  -11.081  -34.345  77.481 0.2222220004
33327  -11.816  -34.164  78.024 0.1111110002
112101  -14.484  -33.954  76.453 0.2222220004
34200  -20.960  -33.011  75.031 0.2222220004
33351  -18.721  -33.522  75.451 0.3333329856
100531  -20.094  -32.903  73.967 0.2222220004
96313  -28.703  -29.020  73.083 0.1111110002
37488  -25.452  -28.611  71.651 0.2222220004
35806  -30.288  -30.779  70.765 0.1111110002
35820  -30.354  -30.760  69.923 0.1111110002
106752  -25.239  -28.471  71.069 0.2222220004
36654  -29.009  -29.781  68.258 0.2222220004
36636  -28.527  -29.533  69.516 0.2222220004
36671  -28.596  -29.487  67.644 0.2222220004
100059  -27.887  -29.017  66.474 0.4444440007
45532  -33.079  -18.020  62.393 0.2222220004
45541  -32.440  -18.077  61.426 0.4444440007
45615  -37.789  -19.040  55.958 0.2222220004
96457  -39.507  -18.003  57.122 0.2222220004
45617  -38.904  -18.283  55.698 0.2222220004
44851  -37.320  -19.412  56.436 0.3333329856
47121  -39.866  -16.903  53.276 0.1111110002
49468  -40.206  -13.179  49.481 0.3333329856
52491  -44.781  -8.895  45.118 0.4444440007
56787  -45.744  -3.513  44.401 0.2222220004
56798  -46.329  -3.658  43.613 0.3333329856
55295  -49.228  -5.707  42.192 0.3333329856
95144  -16.598  -33.798  75.963 0.1111110002
95151  -16.068  -33.943  76.648 0.2222220004
33318  -16.843  -33.984  78.252 0.1111110002
106943  -4.242  -37.296  74.751 0.1111110002
30993  -4.197  -37.021  73.665 0.1111110002
33316  -15.118  -34.197  78.201 0.1111110002
38339  -34.074  -26.785  68.772 0.1111110002
39117  -33.906  -26.530  68.110 0.1111110002
39124  -33.537  -26.576  67.501 0.1111110002
39125  -34.147  -26.028  67.620 0.1111110002
40898  -27.708  -24.825  65.530 0.1111110002
40899  -28.420  -24.606  64.844 0.1111110002
46321  -32.822  -17.501  60.714 0.3333329856
46306  -33.396  -17.361  61.248 0.3333329856
46336  -33.088  -17.586  60.064 0.2222220004
106330  -33.478  -17.474  60.608 0.3333329856
45564  -32.537  -17.848  59.440 0.4444440007
46337  -34.002  -17.845  60.088 0.2222220004
46322  -34.222  -17.409  60.882 0.2222220004
45565  -33.629  -18.236  59.424 0.3333329856
45551  -34.929  -18.037  60.142 0.2222220004
45583  -34.246  -18.903  58.746 0.2222220004
45584  -35.202  -19.055  58.769 0.2222220004
45552  -35.860  -18.187  60.159 0.2222220004
52485  -44.491  -9.191  45.745 0.3333329856
52509  -45.670  -9.010  41.868 0.3333329856
52511  -47.202  -9.906  41.191 0.2222220004
51796  -47.944  -10.187  40.914 0.3333329856
52533  -48.610  -9.320  39.571 0.2222220004
52541  -49.942  -9.557  38.463 0.2222220004
53280  -49.019  -8.749  39.034 0.2222220004
53905  -49.360  -8.053  38.457 0.2222220004
53288  -50.228  -9.112  37.945 0.2222220004
53287  -49.582  -8.894  38.435 0.2222220004
53898  -48.963  -8.012  39.187 0.2222220004
106431  -49.567  -7.625  37.788 0.2222220004
53296  -49.882  -8.266  37.746 0.2222220004
53911  -50.370  -8.013  37.111 0.2222220004
54629  -49.213  -6.531  37.716 0.2222220004
98542  -49.470  -7.021  37.415 0.3333329856
53910  -49.885  -7.524  37.205 0.2222220004
53919  -50.637  -7.402  36.677 0.2222220004
54636  -49.293  -6.395  37.123 0.3333329856
100647  -50.286  -6.005  36.533 0.3333329856
55331  -49.424  -6.806  38.619 0.3333329856
54613  -49.305  -7.435  38.918 0.2222220004
54645  -50.644  -6.649  36.518 0.3333329856
55330  -48.965  -5.999  38.122 0.4444440007
95366  -48.394  -5.202  37.749 0.3333329856
103897  -48.511  -5.007  37.187 0.4444440007
55355  -49.927  -5.240  36.535 0.4444440007
55356  -50.933  -5.287  36.369 0.3333329856
56078  -50.608  -4.459  36.388 0.3333329856
56850  -50.226  -3.569  36.360 0.4444440007
56076  -48.708  -4.420  36.902 0.4444440007
56077  -49.581  -4.456  36.574 0.4444440007
56848  -48.531  -3.458  36.896 0.4444440007
56849  -49.259  -3.789  36.622 0.4444440007
57633  -49.470  -3.060  36.424 0.4444440007
57624  -47.970  -2.627  37.117 0.3333329856
57632  -48.815  -2.555  36.428 0.3333329856
100362  -32.271  -17.558  60.196 0.4444440007
52523  -48.246  -9.777  40.199 0.2222220004
51781  -46.787  -10.222  42.107 0.2222220004
44839  -37.021  -19.529  57.118 0.2222220004
52495  -44.890  -8.854  44.228 0.3333329856
52499  -45.470  -9.319  42.815 0.3333329856
45566  -34.608  -18.495  59.446 0.2222220004
45567  -35.535  -18.624  59.470 0.2222220004
105384  -49.406  -7.269  38.153 0.3333329856
54644  -49.847  -6.735  36.802 0.2222220004
55343  -49.443  -5.920  36.799 0.4444440007
55342  -48.858  -5.758  37.281 0.4444440007
55354  -49.045  -5.181  36.814 0.4444440007
102664  -51.250  -6.088  36.389 0.4444440007
113426  -50.235  -2.772  36.138 0.4444440007
56070  -48.168  -4.300  37.506 0.3333329856
30950  -7.371  -36.965  79.461 0.1111110002
35033  -7.708  -32.292  74.987 0.1111110002
35838  -31.957  -29.855  68.536 0.1111110002
37536  -32.414  -28.924  68.160 0.1111110002
41701  -21.306  -22.955  68.464 0.2222220004
41690  -21.353  -23.348  69.226 0.1111110002
42417  -21.942  -22.761  68.842 0.2222220004
41691  -22.065  -22.888  69.738 0.1111110002
40800  -22.989  -24.821  73.035 0.1111110002
40815  -23.450  -24.073  72.791 0.1111110002
96465  -23.808  -23.474  72.149 0.1111110002
41670  -23.251  -23.374  71.574 0.1111110002
41661  -22.443  -24.045  71.611 0.1111110002
94992  -22.685  -23.290  70.986 0.1111110002
41681  -23.548  -22.929  70.875 0.1111110002
42411  -22.930  -22.745  70.176 0.1111110002
42412  -23.891  -22.682  70.106 0.1111110002
42419  -23.467  -22.584  69.495 0.1111110002
42429  -22.572  -22.491  68.328 0.1111110002
42430  -23.499  -22.508  68.637 0.1111110002
99727  -24.111  -23.129  71.450 0.1111110002
41682  -24.430  -22.942  70.690 0.1111110002
102696  -24.183  -22.637  69.281 0.1111110002
40923  -29.213  -23.899  63.649 0.1111110002
43201  -31.048  -21.464  64.002 0.1111110002
43191  -31.210  -21.065  64.898 0.1111110002
41755  -30.057  -23.689  63.986 0.2222220004
46276  -33.640  -17.706  62.837 0.1111110002
46291  -34.063  -17.230  62.561 0.1111110002
46290  -33.380  -17.455  61.983 0.1111110002
47066  -34.800  -16.974  62.298 0.1111110002
95540  -34.016  -17.147  61.773 0.1111110002
47057  -35.371  -16.888  63.080 0.1111110002
46292  -35.870  -17.009  62.322 0.1111110002
103109  -34.717  -17.182  61.485 0.1111110002
46293  -36.876  -17.234  62.351 0.1111110002
46307  -35.539  -17.250  61.556 0.1111110002
46323  -35.248  -17.575  60.820 0.1111110002
46294  -37.820  -17.378  62.380 0.1111110002
46309  -37.417  -17.567  61.627 0.1111110002
46308  -36.505  -17.429  61.587 0.1111110002
46310  -38.364  -17.605  61.586 0.1111110002
46324  -36.194  -17.720  60.832 0.1111110002
50186  -42.202  -12.616  49.733 0.1111110002
50202  -43.998  -12.842  48.667 0.1111110002
96766  -44.228  -12.866  47.854 0.1111110002
110223  -43.008  -12.378  49.883 0.1111110002
50201  -43.074  -12.841  48.964 0.1111110002
50228  -44.347  -12.405  47.235 0.1111110002
50963  -45.140  -11.964  47.096 0.1111110002
49478  -42.156  -12.989  48.747 0.1111110002
109175  -43.540  -13.009  48.160 0.1111110002
49479  -42.792  -13.124  48.040 0.1111110002
50964  -45.946  -11.309  46.980 0.1111110002
51735  -46.694  -10.664  46.673 0.1111110002
50977  -44.386  -11.580  46.723 0.1111110002
97004  -46.586  -10.153  46.233 0.1111110002
50220  -43.474  -12.745  47.426 0.1111110002
113237  -43.763  -12.196  46.888 0.1111110002
50978  -45.196  -11.163  46.713 0.1111110002
51734  -45.789  -10.371  46.438 0.1111110002
52476  -46.933  -10.008  45.994 0.1111110002
52462  -47.914  -10.501  46.173 0.1111110002
49477  -41.371  -13.157  48.609 0.1111110002
49492  -41.908  -13.198  47.933 0.1111110002
52475  -46.046  -9.750  46.031 0.1111110002
50219  -42.491  -12.799  47.346 0.2222220004
51749  -44.739  -10.527  46.421 0.1111110002
52493  -47.001  -10.123  45.308 0.1111110002
106596  -46.194  -9.661  45.664 0.1111110002
51760  -47.849  -10.548  45.496 0.1111110002
52474  -45.106  -9.742  46.080 0.1111110002
51765  -47.263  -10.606  44.652 0.1111110002
50999  -48.714  -11.337  43.904 0.1111110002
50218  -41.581  -12.837  47.350 0.2222220004
52487  -46.345  -9.761  45.128 0.1111110002
51766  -47.911  -11.005  44.364 0.1111110002
105015  -51.109  -11.675  43.118 0.1111110002
51010  -52.158  -11.809  43.548 0.1111110002
52473  -44.027  -9.852  46.197 0.2222220004
52486  -45.383  -9.373  45.646 0.1111110002
51009  -51.201  -11.937  44.203 0.1111110002
52492  -45.575  -9.313  44.925 0.1111110002
94791  -45.974  -9.726  44.310 0.1111110002
51769  -47.280  -10.799  43.714 0.1111110002
51007  -49.529  -11.445  43.429 0.1111110002
51770  -48.076  -11.032  43.289 0.1111110002
51013  -49.685  -11.260  42.577 0.1111110002
51764  -46.590  -10.278  44.243 0.1111110002
51006  -48.892  -11.180  42.897 0.1111110002
51020  -49.930  -11.099  41.803 0.1111110002
51785  -50.222  -10.858  41.042 0.1111110002
52497  -46.006  -9.959  43.330 0.1111110002
51768  -46.691  -10.465  43.115 0.1111110002
51772  -47.450  -10.710  42.692 0.1111110002
51773  -48.290  -10.836  42.337 0.1111110002
51784  -49.330  -10.728  41.239 0.1111110002
51782  -47.684  -10.456  41.753 0.1111110002
51783  -48.504  -10.606  41.472 0.1111110002
51798  -49.559  -10.527  40.412 0.1111110002
51799  -50.511  -10.698  40.242 0.1111110002
51812  -49.833  -10.337  39.577 0.1111110002
52496  -45.456  -9.340  43.834 0.2222220004
53248  -44.955  -8.814  43.263 0.2222220004
112061  -46.357  -10.157  42.698 0.1111110002
51797  -48.727  -10.353  40.654 0.2222220004
51811  -48.963  -10.100  39.823 0.1111110002
53920  -51.569  -7.602  36.540 0.1111110002
52500  -46.042  -9.768  42.314 0.2222220004
107651  -44.345  -4.363  48.168 0.1111110002
55989  -43.628  -4.398  48.113 0.1111110002
54646  -51.461  -6.905  36.403 0.2222220004
56004  -44.907  -4.086  47.805 0.1111110002
56765  -45.926  -3.499  46.341 0.1111110002
56766  -46.744  -3.470  46.039 0.1111110002
56778  -47.445  -3.503  45.648 0.1111110002
56780  -49.154  -3.681  45.508 0.1111110002
100294  -45.213  -3.525  46.564 0.1111110002
95511  -46.086  -3.465  45.358 0.1111110002
97099  -48.092  -3.599  45.156 0.1111110002
56776  -45.224  -3.454  45.800 0.1111110002
113175  -50.048  -3.780  45.181 0.1111110002
56791  -49.807  -3.913  44.671 0.1111110002
105161  -50.418  -4.786  40.531 0.2222220004
55305  -50.384  -6.005  41.081 0.2222220004
56844  -47.916  -3.441  37.548 0.2222220004
57643  -49.697  -2.360  35.971 0.1111110002
58435  -49.974  -1.708  35.377 0.1111110002
58424  -48.201  -2.030  36.383 0.1111110002
57642  -49.019  -1.990  35.834 0.1111110002
57604  -47.933  -1.993  40.085 0.1111110002
57631  -47.591  -1.971  36.964 0.1111110002
58433  -47.386  -1.604  36.308 0.1111110002
58434  -48.307  -1.697  35.636 0.1111110002
94639  -49.103  -1.618  35.280 0.1111110002
58444  -49.617  -1.310  34.689 0.1111110002
51000  -49.473  -11.554  44.472 0.1111110002
50990  -48.651  -11.131  45.063 0.1111110002
51011  -53.186  -11.846  44.021 0.1111110002
51008  -50.278  -11.728  43.857 0.1111110002
51036  -51.221  -11.024  40.875 0.1111110002
51022  -51.922  -11.297  41.495 0.1111110002
41762  -29.000  -23.637  62.774 0.2222220004
42418  -22.749  -22.621  69.213 0.1111110002
56764  -44.521  -3.569  46.264 0.1111110002
111922  -50.471  -5.605  40.540 0.3333329856
42470  -31.112  -22.493  63.866 0.1111110002
37556  -32.100  -28.389  67.609 0.1111110002
56788  -46.804  -3.552  44.550 0.1111110002
106153  -36.306  -18.627  59.520 0.1111110002
36657  -32.848  -29.354  68.691 0.1111110002
41680  -22.204  -23.181  70.442 0.1111110002
107985  -23.079  -23.830  72.140 0.1111110002
41662  -24.369  -23.630  72.742 0.1111110002
43202  -31.553  -22.006  64.581 0.1111110002
43192  -31.799  -21.650  65.347 0.1111110002
46325  -37.099  -17.815  60.902 0.1111110002
112307  -46.781  -9.915  45.727 0.1111110002
96814  -43.974  -10.808  46.451 0.2222220004
104343  -50.212  -11.476  43.049 0.1111110002
51014  -50.520  -11.389  42.378 0.1111110002
51774  -49.096  -10.975  42.034 0.1111110002
51021  -50.856  -11.242  41.617 0.1111110002
52534  -49.364  -9.641  39.040 0.1111110002
56777  -46.890  -3.504  45.326 0.1111110002
56779  -48.119  -3.539  45.856 0.1111110002
56820  -49.271  -3.136  40.292 0.2222220004
57644  -50.648  -2.164  35.721 0.1111110002
50098  -36.477  -13.117  60.056 0.1111110002
49356  -36.045  -13.429  59.339 0.1111110002
49357  -36.938  -13.637  59.460 0.1111110002
49358  -37.839  -13.790  59.562 0.1111110002
49355  -35.050  -13.041  59.195 0.1111110002
49369  -36.523  -14.034  58.738 0.1111110002
49381  -35.224  -14.336  57.986 0.1111110002
50084  -37.796  -13.111  61.048 0.1111110002
112390  -38.267  -13.020  61.426 0.1111110002
50085  -38.765  -13.279  61.124 0.1111110002
49346  -37.347  -13.344  60.232 0.1111110002
50097  -35.656  -12.834  59.938 0.1111110002
50082  -35.388  -12.415  60.617 0.1111110002
98944  -36.062  -12.688  60.517 0.1111110002
50083  -36.807  -12.781  60.862 0.1111110002
114250  -37.309  -12.640  61.450 0.1111110002
94635  -35.979  -12.301  61.133 0.1111110002
50068  -36.651  -12.281  61.628 0.1111110002
48626  -34.866  -14.748  57.373 0.1111110002
49368  -35.619  -13.845  58.627 0.1111110002
48594  -28.677  -14.423  62.316 0.1111110002
48595  -29.323  -14.115  62.660 0.1111110002
49320  -30.837  -13.574  63.418 0.1111110002
49328  -30.759  -13.482  62.543 0.1111110002
48605  -29.964  -13.712  62.097 0.1111110002
49310  -32.270  -13.206  65.002 0.1111110002
49322  -32.300  -13.022  63.627 0.1111110002
49337  -31.339  -13.162  61.978 0.1111110002
111288  -30.669  -13.404  61.830 0.1111110002
49329  -31.658  -13.189  62.904 0.1111110002
103963  -52.598  -7.248  36.519 0.1111110002
106067  -52.308  -6.257  36.383 0.2222220004
56032  -48.700  -5.019  42.741 0.2222220004
55296  -50.151  -5.690  41.900 0.1111110002
56038  -50.633  -5.245  41.175 0.1111110002
56821  -50.222  -3.690  40.689 0.1111110002
57606  -50.073  -2.471  40.849 0.1111110002
55297  -50.604  -5.416  41.677 0.1111110002
55357  -51.997  -5.372  36.345 0.2222220004
56079  -51.668  -4.528  36.301 0.2222220004
56822  -50.851  -4.302  41.241 0.1111110002
48596  -30.071  -13.835  63.016 0.1111110002
49321  -31.557  -13.353  63.872 0.1111110002
53921  -54.019  -7.153  36.912 0.1111110002
35034  -8.147  -31.464  74.537 0.1111110002
35026  -8.050  -31.472  75.424 0.1111110002
34211  -21.574  -32.753  74.480 0.1111110002
34227  -21.347  -32.534  73.663 0.1111110002
34213  -22.954  -32.452  74.905 0.1111110002
35044  -21.878  -32.111  73.128 0.1111110002
35035  -22.829  -32.214  74.228 0.1111110002
35061  -22.386  -31.722  72.711 0.1111110002
35045  -22.614  -31.941  73.429 0.1111110002
38296  -14.317  -27.641  72.060 0.1111110002
109032  -14.034  -27.765  71.284 0.2222220004
111402  -15.203  -27.823  69.544 0.2222220004
38311  -15.272  -27.653  70.414 0.1111110002
96937  -16.868  -27.521  69.848 0.2222220004
38322  -16.532  -27.693  68.909 0.2222220004
39107  -20.063  -26.317  69.814 0.1111110002
39970  -20.593  -25.691  70.250 0.1111110002
40836  -20.741  -24.789  69.979 0.1111110002
39983  -20.221  -25.329  69.445 0.1111110002
40850  -21.066  -24.040  69.676 0.1111110002
41679  -21.595  -23.536  70.131 0.1111110002
44828  -36.598  -19.470  57.908 0.1111110002
45600  -39.042  -18.306  57.846 0.1111110002
46355  -39.799  -17.845  57.898 0.1111110002
54675  -55.113  -6.523  33.220 0.1111110002
53946  -53.424  -7.247  33.235 0.1111110002
53947  -54.628  -7.274  33.315 0.1111110002
54673  -53.156  -6.418  32.818 0.1111110002
55395  -53.854  -5.636  32.489 0.1111110002
55403  -53.226  -4.913  32.212 0.1111110002
56116  -54.545  -4.669  32.716 0.1111110002
55381  -55.148  -5.774  33.655 0.1111110002
56799  -47.391  -3.779  43.689 0.1111110002
56023  -48.006  -4.290  43.167 0.1111110002
55358  -53.095  -5.498  36.347 0.1111110002
55359  -54.171  -5.708  36.157 0.1111110002
56852  -52.345  -3.833  36.074 0.1111110002
56081  -53.608  -4.888  36.063 0.1111110002
105005  -54.246  -5.124  35.684 0.1111110002
55371  -54.705  -5.584  35.441 0.1111110002
55380  -54.685  -5.105  34.686 0.1111110002
55372  -55.112  -5.844  34.687 0.1111110002
56127  -54.185  -3.910  32.388 0.1111110002
55396  -54.723  -5.545  32.818 0.1111110002
56102  -54.835  -4.907  33.364 0.1111110002
56126  -53.555  -3.863  31.960 0.1111110002
56800  -48.429  -3.991  43.817 0.1111110002
56851  -51.332  -3.690  36.210 0.1111110002
56859  -51.991  -3.009  35.791 0.1111110002
56860  -52.856  -3.272  35.534 0.1111110002
56093  -53.980  -4.481  35.413 0.1111110002
56101  -54.279  -4.268  34.251 0.1111110002
56115  -54.376  -4.073  33.101 0.1111110002
56896  -53.862  -2.870  32.116 0.1111110002
56881  -54.095  -3.093  32.746 0.1111110002
56870  -53.316  -2.804  34.624 0.1111110002
56871  -53.965  -3.379  33.853 0.1111110002
58436  -51.168  -1.490  35.069 0.1111110002
39106  -19.417  -26.645  69.268 0.1111110002
34226  -20.547  -32.662  73.431 0.1111110002
35062  -23.082  -31.466  72.854 0.1111110002
57634  -51.037  -2.857  36.002 0.1111110002
56080  -52.709  -4.653  36.229 0.1111110002
34228  -22.111  -32.389  73.938 0.1111110002
38297  -14.810  -27.635  71.331 0.2222220004
39971  -21.097  -25.157  70.759 0.1111110002
54674  -54.332  -6.458  32.826 0.1111110002
55404  -54.136  -4.746  32.399 0.1111110002
56092  -53.221  -4.098  35.854 0.1111110002
56861  -53.618  -3.689  35.030 0.1111110002
57646  -52.545  -2.397  35.188 0.1111110002
57645  -51.652  -2.155  35.541 0.1111110002
108776  -15.934  -27.642  69.690 0.1111110002
30181  -6.660  -38.347  76.478 0.3333329856
30186  -4.290  -37.615  75.491 0.1111110002
31734  -9.261  -35.348  78.542 0.1111110002
37502  -25.924  -28.444  71.083 0.2222220004
55284  -41.052  -5.572  45.308 0.8888890147
59126  -46.389  -0.399  39.134 0.1111110002
60479  -45.331  1.565  35.984 0.1111110002
61275  -46.082  2.723  34.111 0.1111110002
95149  -17.772  -33.782  76.671 0.2222220004
98659  -23.003  -22.427  67.064 0.2222220004
111433  -18.108  -29.665  66.821 0.8888890147
113341  -37.179  -9.886  48.346 0.8888890147
