#!ascii label  , from subject sub-v1s23x0050604_ses-1 vox2ras=TkReg
181
101558  35.735  -56.794  25.238 0.0000000000
11091  39.290  -64.073  26.442 0.0000000000
12323  35.237  -61.523  27.193 0.0000000000
12954  40.744  -60.618  26.965 0.0000000000
105685  38.403  -65.090  29.835 0.0000000000
11676  37.078  -62.996  28.455 0.0000000000
10453  35.705  -64.929  29.276 0.0000000000
96651  42.002  -62.143  27.498 0.0000000000
12971  42.990  -60.852  25.211 0.0000000000
13618  35.968  -59.217  25.761 0.0000000000
12956  38.154  -60.371  26.704 0.0000000000
12295  40.462  -62.100  28.383 0.0000000000
99271  41.265  -63.980  29.068 0.0000000000
8681  41.510  -67.464  28.961 0.0000000000
16584  33.705  -55.534  24.947 0.0000000000
14307  33.992  -58.149  25.510 0.0000000000
111774  33.774  -59.480  26.094 0.0000000000
14315  39.866  -58.467  25.267 0.0000000000
10459  35.037  -64.247  28.672 0.0000000000
11090  40.550  -63.338  27.131 0.0000000000
11710  41.899  -62.105  25.941 0.0000000000
13596  36.158  -60.034  26.228 0.0000000000
12957  36.228  -60.887  26.684 0.0000000000
105598  37.619  -64.018  29.234 0.0000000000
11675  38.462  -62.611  28.475 0.0000000000
11059  40.210  -63.924  29.482 0.0000000000
11072  41.265  -63.162  28.711 0.0000000000
10439  40.934  -64.566  29.658 0.0000000000
9277  41.612  -67.220  28.248 0.0000000000
13600  32.735  -58.768  26.078 0.0000000000
13621  33.529  -58.868  25.815 0.0000000000
13599  33.189  -59.534  26.435 0.0000000000
13616  38.801  -59.156  25.956 0.0000000000
13615  39.836  -59.112  25.754 0.0000000000
12986  43.294  -60.487  24.194 0.0000000000
13626  43.163  -59.904  24.288 0.0000000000
12311  34.325  -62.031  27.922 0.0000000000
12310  35.495  -62.122  27.698 0.0000000000
11678  35.339  -63.372  28.581 0.0000000000
11076  35.774  -63.866  29.042 0.0000000000
98862  36.696  -65.482  29.663 0.0000000000
12935  41.529  -61.409  27.384 0.0000000000
12972  42.222  -60.500  25.896 0.0000000000
12335  42.679  -61.339  26.032 0.0000000000
12977  42.756  -61.094  24.498 0.0000000000
9899  38.179  -64.940  25.457 0.0000000000
15030  35.944  -57.618  25.465 0.0000000000
13595  37.955  -59.591  26.244 0.0000000000
12955  39.333  -60.425  26.918 0.0000000000
12308  37.684  -61.643  27.495 0.0000000000
11684  38.493  -61.873  27.900 0.0000000000
12936  40.097  -61.078  27.466 0.0000000000
12294  41.389  -62.278  28.219 0.0000000000
11081  41.230  -63.353  28.270 0.0000000000
10463  40.158  -64.369  27.422 0.0000000000
9240  40.405  -66.868  30.357 0.0000000000
9250  41.667  -66.013  29.829 0.0000000000
9877  41.149  -65.470  28.460 0.0000000000
9296  39.210  -65.403  26.537 0.0000000000
105416  34.365  -55.531  24.840 0.0000000000
100590  34.898  -56.595  25.168 0.0000000000
104703  34.083  -56.752  25.238 0.0000000000
15031  34.439  -57.364  25.363 0.0000000000
14306  34.938  -58.125  25.484 0.0000000000
13598  34.354  -59.740  26.115 0.0000000000
12959  34.286  -60.589  26.717 0.0000000000
95074  33.523  -60.250  26.766 0.0000000000
97449  34.209  -61.403  27.360 0.0000000000
14301  41.939  -59.315  24.955 0.0000000000
15846  36.159  -56.387  25.013 0.0000000000
15831  36.483  -56.926  25.249 0.0000000000
107537  40.565  -62.461  25.638 0.0000000000
12958  35.215  -60.766  26.656 0.0000000000
11060  38.701  -64.329  29.537 0.0000000000
10440  39.693  -64.737  29.848 0.0000000000
8696  42.331  -67.887  26.288 0.0000000000
13593  39.899  -59.831  26.377 0.0000000000
13635  43.302  -60.153  23.642 0.0000000000
11687  34.887  -62.705  28.171 0.0000000000
10454  35.374  -64.496  29.058 0.0000000000
11077  35.226  -64.002  28.875 0.0000000000
11062  35.677  -64.488  29.196 0.0000000000
10442  36.169  -64.974  29.521 0.0000000000
9864  36.191  -65.508  29.485 0.0000000000
12320  42.325  -61.841  26.909 0.0000000000
12345  42.235  -61.562  25.188 0.0000000000
104564  35.679  -58.480  25.581 0.0000000000
14305  36.509  -58.402  25.612 0.0000000000
11686  36.083  -62.720  28.127 0.0000000000
12309  36.695  -61.917  27.507 0.0000000000
11685  37.415  -62.307  27.933 0.0000000000
12296  39.372  -62.100  28.330 0.0000000000
12307  39.612  -61.613  27.913 0.0000000000
12306  40.930  -61.717  27.943 0.0000000000
10458  40.993  -64.540  28.444 0.0000000000
7660  38.525  -68.809  27.270 0.0000000000
8129  41.221  -67.976  28.655 0.0000000000
8130  39.382  -68.938  28.854 0.0000000000
8121  40.230  -68.486  29.258 0.0000000000
8658  40.607  -67.562  30.168 0.0000000000
108529  41.642  -66.654  29.581 0.0000000000
9293  41.691  -67.219  27.428 0.0000000000
9278  41.517  -66.400  28.515 0.0000000000
9279  40.869  -66.172  27.622 0.0000000000
9878  40.040  -65.287  27.394 0.0000000000
9295  39.958  -65.968  26.735 0.0000000000
16599  34.132  -54.942  24.703 0.0000000000
16583  34.892  -55.861  24.894 0.0000000000
15833  34.210  -56.100  25.055 0.0000000000
15033  32.739  -57.812  25.651 0.0000000000
101366  32.822  -57.023  25.473 0.0000000000
15032  33.530  -57.374  25.422 0.0000000000
13620  34.272  -58.933  25.693 0.0000000000
12325  32.788  -60.758  27.140 0.0000000000
12324  33.473  -61.130  27.256 0.0000000000
103366  41.727  -59.716  25.498 0.0000000000
13613  42.771  -60.180  25.115 0.0000000000
14313  42.109  -58.842  24.377 0.0000000000
11089  41.637  -62.521  27.547 0.0000000000
11696  42.244  -62.078  26.844 0.0000000000
12321  37.255  -61.113  26.956 0.0000000000
11075  36.732  -63.672  28.911 0.0000000000
103259  37.797  -63.334  28.797 0.0000000000
11074  39.137  -63.370  29.103 0.0000000000
99481  39.936  -62.589  28.739 0.0000000000
11674  41.099  -62.623  28.590 0.0000000000
11073  40.706  -63.154  29.091 0.0000000000
10452  41.118  -63.888  29.210 0.0000000000
10451  41.337  -64.663  29.449 0.0000000000
9262  41.652  -67.091  29.003 0.0000000000
8687  41.963  -67.757  27.081 0.0000000000
14308  33.291  -58.204  25.629 0.0000000000
12975  43.215  -60.553  24.608 0.0000000000
110707  42.977  -59.192  24.011 0.0000000000
11677  36.109  -63.333  28.668 0.0000000000
11061  36.398  -64.377  29.308 0.0000000000
10441  37.236  -64.912  29.668 0.0000000000
13592  41.194  -60.318  26.416 0.0000000000
12953  42.085  -61.103  26.697 0.0000000000
12336  42.572  -61.632  26.117 0.0000000000
12344  42.889  -61.130  25.311 0.0000000000
12976  43.168  -60.731  24.594 0.0000000000
12987  43.135  -60.646  24.012 0.0000000000
10478  38.499  -64.602  25.904 0.0000000000
15029  36.905  -57.610  25.442 0.0000000000
13594  38.792  -59.836  26.465 0.0000000000
12937  38.604  -61.107  27.353 0.0000000000
12305  41.896  -62.107  27.771 0.0000000000
11683  41.588  -62.541  28.107 0.0000000000
9863  37.664  -65.819  29.986 0.0000000000
8136  39.596  -68.810  28.031 0.0000000000
9241  39.343  -66.940  30.423 0.0000000000
9856  39.853  -66.145  30.377 0.0000000000
105850  40.505  -65.281  30.126 0.0000000000
9861  41.413  -65.252  29.815 0.0000000000
9870  41.559  -65.399  29.592 0.0000000000
9263  41.661  -66.327  29.294 0.0000000000
102813  41.634  -65.638  29.179 0.0000000000
10457  41.439  -64.876  29.252 0.0000000000
10464  39.090  -64.918  26.661 0.0000000000
9898  38.609  -65.228  26.055 0.0000000000
17418  35.559  -54.892  24.367 0.0000000000
16598  34.845  -55.216  24.654 0.0000000000
107496  35.406  -55.577  24.700 0.0000000000
15832  35.556  -56.151  24.956 0.0000000000
15834  33.357  -56.367  25.223 0.0000000000
112017  35.218  -57.268  25.352 0.0000000000
13619  35.086  -59.106  25.684 0.0000000000
13597  35.203  -59.929  26.121 0.0000000000
13614  40.897  -59.711  25.922 0.0000000000
14302  40.789  -59.091  25.399 0.0000000000
14314  40.875  -58.518  24.856 0.0000000000
8669  41.582  -67.120  29.452 0.0000000000
8670  41.092  -67.710  29.579 0.0000000000
8671  39.920  -68.307  30.004 0.0000000000
9239  41.455  -66.853  30.025 0.0000000000
9855  41.138  -65.994  30.233 0.0000000000
9862  39.076  -65.569  30.127 0.0000000000
9872  35.406  -64.789  29.016 0.0000000000
100969  40.460  -68.509  28.328 0.0000000000
110899  41.834  -67.805  27.228 0.0000000000
