#!ascii label  , from subject sub-v1s23x0050566_ses-1 vox2ras=TkReg
1446
32869  31.189  -47.065  -36.814 0.8999999762
107483  31.606  -47.525  -37.458 0.8000000119
32897  31.989  -46.742  -37.653 0.8000000119
31119  31.938  -48.540  -38.744 0.6999999881
31976  31.911  -47.913  -39.249 0.8000000119
32870  30.383  -47.295  -36.611 0.8999999762
32898  31.671  -46.774  -37.125 1.0000000000
106232  32.231  -45.958  -37.863 1.0000000000
33977  32.155  -46.554  -38.414 0.8999999762
31957  31.992  -47.836  -38.627 0.8000000119
32937  31.693  -47.344  -39.659 0.8000000119
115896  32.018  -47.128  -39.013 0.8999999762
116347  31.593  -47.940  -39.994 0.8000000119
119817  31.206  -47.839  -40.763 0.6999999881
125191  31.154  -48.392  -41.213 0.6999999881
33931  29.766  -46.691  -36.271 0.8000000119
33930  30.698  -46.375  -36.352 0.8999999762
34942  30.695  -45.621  -35.999 0.8999999762
34943  30.018  -45.911  -35.932 0.8999999762
33934  27.533  -46.259  -36.778 0.8999999762
33958  31.937  -46.143  -37.177 0.8999999762
34967  32.176  -45.372  -37.265 1.0000000000
33985  32.045  -46.341  -39.110 0.8999999762
34986  32.018  -45.017  -39.184 1.0000000000
106880  31.822  -45.744  -39.502 0.8999999762
33986  31.619  -46.553  -39.759 0.8999999762
32946  31.305  -47.191  -40.279 0.8000000119
31995  30.792  -47.777  -41.559 0.6999999881
35838  31.130  -44.957  -35.861 0.8999999762
34924  30.280  -45.147  -35.726 0.8999999762
34925  29.409  -45.324  -35.741 0.8999999762
34944  28.564  -45.445  -35.939 0.8999999762
34926  27.738  -45.407  -36.398 0.8999999762
34941  31.235  -45.654  -36.297 0.8999999762
34968  31.754  -45.576  -36.701 0.8999999762
106169  32.353  -45.007  -38.183 1.0000000000
33994  31.041  -46.411  -40.520 0.8000000119
32956  30.477  -46.962  -41.889 0.8000000119
34010  30.190  -46.181  -42.202 0.8000000119
116452  29.995  -46.877  -42.677 0.8000000119
34011  29.588  -46.191  -42.858 0.8000000119
35821  29.675  -44.526  -35.571 0.8999999762
35823  28.135  -44.803  -35.984 0.8999999762
35840  27.104  -44.918  -36.864 0.8999999762
35819  31.262  -44.212  -35.674 0.8999999762
35839  27.609  -44.481  -36.351 0.8999999762
107910  27.131  -44.171  -36.819 0.8000000119
34970  26.105  -45.083  -37.934 0.8000000119
119143  31.598  -45.077  -36.273 0.8999999762
36742  26.904  -43.388  -37.183 0.6999999881
35860  26.066  -44.287  -38.192 0.6999999881
35870  25.634  -44.046  -38.839 0.6999999881
36739  32.326  -44.038  -36.537 0.8999999762
36757  25.961  -43.619  -38.498 0.6999999881
36772  25.663  -43.193  -39.152 0.6999999881
36755  32.634  -43.672  -37.305 1.0000000000
37550  25.833  -42.362  -38.948 0.6000000238
35869  32.505  -44.038  -38.083 1.0000000000
35876  32.172  -44.219  -38.911 1.0000000000
35877  31.678  -44.325  -39.655 1.0000000000
34987  31.523  -45.068  -39.902 0.8999999762
36771  31.819  -43.520  -39.459 1.0000000000
35883  31.192  -44.445  -40.277 0.8999999762
34995  31.031  -45.138  -40.499 0.8000000119
121572  30.879  -45.750  -40.702 0.8000000119
35004  30.300  -45.420  -41.832 0.8000000119
35904  29.962  -44.775  -42.223 0.8000000119
35016  29.806  -45.526  -42.485 0.8000000119
35017  29.255  -45.617  -43.003 0.8000000119
35029  28.630  -45.253  -43.473 0.8000000119
35820  30.561  -44.390  -35.577 0.8999999762
35822  28.801  -44.666  -35.689 0.8999999762
36723  29.972  -43.725  -35.394 0.8999999762
36724  29.058  -43.840  -35.505 0.8999999762
36725  28.162  -43.940  -35.826 0.8999999762
36741  27.475  -43.594  -36.370 0.8999999762
35837  31.818  -44.345  -35.999 0.8999999762
36756  26.377  -43.614  -37.926 0.6999999881
109707  32.662  -43.227  -36.550 0.8999999762
112089  26.505  -42.906  -37.834 0.6000000238
37538  26.235  -42.273  -38.198 0.6000000238
38342  25.136  -41.501  -40.172 0.5000000000
36764  32.664  -43.312  -38.024 1.0000000000
37549  32.585  -42.633  -38.442 1.0000000000
36770  32.315  -43.385  -38.726 1.0000000000
36777  30.917  -43.918  -40.626 0.8999999762
34996  30.642  -45.269  -41.120 0.8000000119
115338  30.564  -43.024  -41.298 0.8999999762
36786  30.555  -43.772  -41.258 0.8000000119
35890  30.400  -44.621  -41.554 0.8000000119
37576  30.462  -42.596  -41.676 0.8999999762
115054  30.148  -43.973  -42.012 0.8000000119
37582  30.223  -42.537  -42.326 0.8999999762
35905  29.588  -44.148  -42.631 0.8000000119
36810  28.519  -43.696  -43.701 0.8000000119
37587  28.881  -42.953  -43.611 0.8000000119
37588  28.074  -42.955  -44.246 0.8000000119
106192  28.569  -43.198  -35.537 0.8999999762
36722  30.879  -43.667  -35.396 0.8999999762
37513  31.289  -42.993  -35.178 0.8999999762
37517  27.901  -42.826  -35.813 0.6999999881
37528  27.248  -42.630  -36.519 0.8000000119
37526  32.660  -42.702  -35.928 0.8999999762
37527  32.070  -42.777  -35.395 0.8999999762
38341  25.581  -41.777  -39.399 0.6000000238
38323  26.158  -41.518  -37.801 0.6999999881
37539  25.831  -41.618  -38.668 0.6000000238
38335  25.384  -41.049  -39.288 0.5000000000
37537  32.882  -42.763  -37.438 1.0000000000
39109  25.063  -40.247  -39.069 0.5000000000
39115  24.814  -40.452  -40.037 0.5000000000
37555  31.998  -42.590  -39.307 1.0000000000
38340  31.803  -41.682  -39.559 1.0000000000
37556  31.395  -42.910  -39.965 1.0000000000
36785  30.884  -43.147  -40.661 0.8999999762
39113  32.151  -41.000  -39.226 1.0000000000
38347  31.275  -41.599  -40.183 0.8999999762
37565  31.090  -42.314  -40.451 0.8999999762
37575  30.686  -42.417  -41.105 0.8999999762
38353  30.822  -41.635  -40.889 0.8999999762
38354  30.523  -41.817  -41.807 0.8999999762
38361  30.165  -41.737  -42.762 0.8999999762
117381  29.624  -42.541  -43.131 0.8999999762
39125  30.642  -40.822  -41.421 0.8999999762
39135  30.439  -40.963  -42.360 0.8999999762
38372  28.778  -42.056  -43.798 0.8999999762
39136  30.003  -40.917  -43.147 0.8999999762
37514  30.380  -42.975  -35.135 0.8999999762
37515  29.336  -42.924  -35.266 0.8999999762
37516  28.536  -42.446  -35.374 0.8999999762
37497  29.071  -42.061  -35.050 0.8999999762
38300  28.028  -41.890  -35.487 1.0000000000
38312  27.490  -41.886  -35.972 0.8000000119
119993  30.938  -42.250  -34.808 0.8999999762
38313  26.943  -41.700  -36.574 0.6999999881
106442  32.931  -42.535  -36.585 0.8999999762
37512  32.605  -42.018  -35.464 0.8999999762
38322  26.479  -41.434  -37.100 0.6999999881
39096  26.043  -40.811  -37.268 0.6999999881
39097  25.559  -40.749  -38.235 0.5000000000
38321  33.155  -41.915  -37.052 1.0000000000
124835  24.841  -39.749  -38.907 0.5000000000
39936  24.573  -39.592  -39.588 0.5000000000
38334  32.944  -41.911  -38.037 1.0000000000
114835  32.765  -41.093  -38.522 1.0000000000
39108  32.482  -40.305  -38.885 1.0000000000
116483  31.509  -40.917  -39.820 0.8999999762
113564  30.991  -40.866  -40.504 0.8999999762
111931  30.537  -39.932  -41.649 0.8999999762
39153  29.289  -40.330  -45.780 0.6999999881
39983  28.185  -39.059  -45.803 0.8000000119
112313  27.532  -39.806  -45.751 0.8000000119
110799  26.664  -39.613  -45.434 0.8000000119
119385  31.895  -41.941  -34.920 0.8999999762
39055  31.158  -41.336  -34.623 1.0000000000
38275  29.471  -41.607  -34.787 1.0000000000
39058  28.544  -40.706  -34.748 1.0000000000
38301  27.641  -41.170  -35.486 0.6999999881
38302  27.097  -41.055  -36.004 0.6999999881
38311  33.076  -41.965  -36.129 0.8999999762
38299  32.530  -41.284  -35.044 0.8999999762
39087  26.560  -40.918  -36.583 0.6999999881
39098  25.070  -39.900  -38.310 0.6000000238
39095  33.201  -41.123  -37.629 1.0000000000
38298  33.081  -41.277  -35.616 0.8999999762
39929  24.127  -38.800  -39.546 0.4000000060
39107  33.132  -40.362  -38.210 1.0000000000
39934  32.137  -39.533  -39.128 1.0000000000
39114  31.169  -40.149  -40.036 1.0000000000
39935  31.424  -39.448  -39.625 1.0000000000
39977  26.271  -39.451  -44.657 0.8999999762
40872  30.458  -38.706  -45.434 0.6000000238
39982  29.324  -39.359  -45.719 0.6000000238
40874  29.029  -38.478  -45.670 0.8000000119
39987  27.198  -39.180  -45.670 0.8000000119
39151  26.368  -40.008  -45.113 0.8999999762
39147  26.383  -40.262  -45.002 0.8999999762
125399  31.914  -41.117  -34.709 0.8999999762
39059  27.845  -40.565  -35.009 0.8000000119
39078  27.227  -40.415  -35.465 0.6999999881
119062  26.061  -40.252  -36.582 0.6999999881
39905  25.175  -39.317  -36.963 0.6000000238
40793  24.309  -38.748  -37.918 0.4000000060
115313  33.414  -40.309  -37.286 1.0000000000
38320  33.341  -41.050  -36.520 0.8999999762
39927  32.849  -39.627  -38.593 1.0000000000
109302  32.547  -38.878  -38.797 1.0000000000
108783  31.780  -38.755  -39.290 1.0000000000
40820  31.406  -37.951  -39.431 1.0000000000
39976  27.398  -39.661  -44.206 0.8999999762
40864  27.091  -38.811  -44.071 0.8999999762
40876  25.611  -38.961  -45.013 0.8999999762
40869  25.617  -38.876  -44.900 0.8999999762
41773  31.014  -37.525  -44.767 0.6000000238
40871  30.971  -38.657  -45.299 0.6000000238
40873  29.838  -38.531  -45.549 0.6000000238
121158  29.429  -38.132  -45.549 0.8000000119
40875  28.210  -38.168  -45.679 0.8000000119
39984  25.944  -39.296  -45.148 0.8999999762
39056  30.422  -40.623  -34.529 0.8999999762
39057  29.426  -40.853  -34.605 0.8999999762
116566  30.663  -39.637  -34.470 0.8999999762
115335  29.680  -39.967  -34.472 0.8999999762
39079  26.611  -40.346  -35.976 0.6000000238
39077  32.921  -40.707  -35.227 1.0000000000
39893  32.972  -40.011  -35.152 1.0000000000
39054  32.339  -40.432  -34.778 1.0000000000
39895  26.718  -39.592  -35.445 0.6000000238
39904  25.672  -39.554  -36.489 0.6000000238
40782  25.286  -38.770  -36.322 0.5000000000
115649  33.504  -40.196  -36.455 1.0000000000
39076  33.344  -40.386  -35.747 1.0000000000
106783  33.586  -39.706  -36.067 1.0000000000
39913  33.578  -39.423  -36.891 1.0000000000
39926  33.417  -39.609  -37.928 1.0000000000
40808  33.164  -39.036  -38.342 1.0000000000
40819  32.248  -38.081  -38.986 1.0000000000
40821  30.682  -37.914  -39.853 1.0000000000
40831  30.524  -38.570  -40.329 1.0000000000
41747  30.200  -37.812  -40.410 1.0000000000
40841  30.172  -38.374  -41.089 1.0000000000
40842  29.840  -38.043  -41.923 1.0000000000
39957  29.772  -38.528  -42.623 0.8999999762
39956  30.300  -39.004  -42.051 0.8999999762
39971  28.262  -38.929  -43.681 0.8999999762
40865  26.067  -38.506  -44.421 0.8999999762
41785  25.865  -38.257  -45.294 0.8999999762
42673  31.876  -36.753  -43.465 0.6000000238
41769  31.543  -37.509  -44.149 0.6000000238
41774  30.540  -37.527  -45.124 0.6000000238
41777  30.401  -38.106  -45.357 0.6000000238
41779  28.953  -37.714  -45.573 0.8000000119
41783  27.457  -37.889  -45.623 0.8000000119
39874  28.935  -39.335  -34.485 0.6999999881
39894  27.502  -39.781  -34.967 0.6000000238
39875  27.187  -38.949  -34.887 0.6000000238
39871  32.939  -39.232  -35.074 0.8999999762
40772  26.487  -38.664  -35.247 0.6000000238
39892  33.356  -39.529  -35.565 1.0000000000
39902  33.689  -38.897  -35.995 0.8999999762
40807  33.537  -38.795  -37.734 1.0000000000
115586  33.135  -38.243  -38.412 1.0000000000
41717  32.795  -37.517  -38.751 1.0000000000
41726  32.008  -37.155  -39.208 1.0000000000
42627  31.454  -36.467  -39.506 1.0000000000
41727  30.918  -37.110  -39.632 1.0000000000
41738  30.326  -37.331  -39.984 1.0000000000
41748  29.763  -37.549  -41.063 1.0000000000
41760  29.282  -37.124  -41.923 1.0000000000
41761  28.617  -37.262  -42.810 0.8999999762
107545  27.785  -37.547  -43.369 0.8999999762
40856  26.891  -37.969  -43.862 0.8999999762
41771  25.405  -37.214  -44.442 0.8999999762
42674  31.197  -36.786  -44.113 0.6000000238
42677  30.626  -36.876  -44.684 0.6000000238
121898  30.111  -36.933  -45.109 0.6000000238
42682  29.439  -37.104  -45.356 0.6999999881
42683  28.501  -36.920  -45.465 0.6999999881
41780  27.982  -37.433  -45.609 0.6999999881
41784  26.603  -38.058  -45.517 0.8000000119
41782  25.834  -37.562  -45.238 0.8999999762
43505  32.287  -36.110  -42.968 0.6000000238
42684  27.478  -36.724  -45.477 0.6999999881
41781  26.942  -37.363  -45.526 0.8000000119
42685  26.305  -36.703  -45.297 0.8999999762
110127  27.994  -39.113  -34.625 0.6999999881
40753  26.941  -38.244  -34.830 0.6000000238
40748  31.269  -38.873  -34.486 0.8999999762
40750  29.446  -38.524  -34.411 0.6999999881
120267  33.340  -38.866  -35.423 0.8999999762
40747  32.249  -38.857  -34.681 0.8000000119
40792  33.720  -38.461  -36.840 1.0000000000
40771  33.496  -38.200  -35.525 0.8000000119
115384  33.868  -37.733  -36.817 0.8999999762
40781  33.845  -37.981  -36.121 0.8000000119
114986  33.682  -37.959  -37.603 1.0000000000
41716  33.510  -37.372  -38.252 1.0000000000
42618  33.092  -36.676  -38.800 1.0000000000
42626  32.316  -36.190  -39.317 1.0000000000
42640  30.229  -36.686  -39.998 1.0000000000
41739  29.880  -37.106  -40.407 1.0000000000
42650  29.375  -36.771  -40.951 1.0000000000
42662  28.490  -36.540  -42.219 0.8999999762
42676  25.263  -36.443  -44.085 0.8999999762
43525  28.865  -36.426  -45.232 0.6999999881
41775  25.432  -37.585  -44.839 0.8999999762
116527  32.441  -35.222  -42.840 0.6000000238
43515  31.588  -35.849  -43.439 0.6000000238
43526  28.054  -36.148  -45.323 0.6999999881
43527  26.951  -35.998  -45.269 0.6999999881
40752  27.679  -38.189  -34.605 0.6000000238
121788  31.661  -38.267  -34.523 0.8000000119
108121  30.897  -38.133  -34.405 0.8000000119
41661  29.105  -37.577  -34.363 0.6999999881
40751  28.564  -38.401  -34.470 0.6999999881
41657  33.136  -37.619  -35.096 0.6999999881
108454  32.355  -37.859  -34.687 0.8000000119
41679  33.646  -37.359  -35.633 0.6999999881
41691  33.971  -37.181  -36.323 0.6999999881
42603  34.191  -36.359  -37.397 0.8000000119
43464  33.725  -35.902  -38.533 0.8000000119
43465  33.123  -35.872  -39.065 0.8999999762
43475  32.659  -35.265  -39.441 0.8999999762
43476  31.527  -35.605  -39.684 1.0000000000
42628  30.744  -36.215  -39.761 1.0000000000
121893  28.597  -35.750  -41.121 1.0000000000
42629  30.087  -35.931  -40.126 1.0000000000
42641  29.660  -36.374  -40.415 1.0000000000
42651  28.836  -36.327  -41.419 1.0000000000
42652  28.171  -35.840  -41.723 1.0000000000
42663  27.838  -36.182  -42.396 0.8999999762
42664  27.121  -36.208  -42.922 0.8999999762
41762  26.738  -37.066  -43.470 0.8999999762
42665  26.071  -36.291  -43.490 0.8999999762
43516  31.090  -35.102  -43.713 0.6000000238
42675  30.812  -36.033  -44.120 0.6000000238
42679  29.513  -36.311  -44.985 0.6000000238
42680  25.340  -36.608  -44.500 0.8999999762
42686  25.472  -36.739  -44.887 0.8999999762
43521  27.645  -35.353  -45.088 0.6999999881
43528  25.817  -35.960  -45.026 0.8999999762
43523  25.537  -35.201  -44.583 0.8999999762
41659  31.447  -37.615  -34.479 0.6999999881
41660  30.038  -37.927  -34.370 0.6000000238
41662  27.742  -37.407  -34.500 0.6000000238
120567  32.676  -37.137  -34.829 0.6999999881
106746  31.158  -36.967  -34.428 0.6000000238
42558  33.247  -36.670  -35.173 0.6999999881
43437  34.160  -35.708  -36.125 0.6999999881
42591  34.339  -35.759  -36.993 0.6999999881
43463  34.196  -35.159  -38.292 0.8000000119
43474  33.603  -35.212  -38.967 0.8000000119
123518  32.649  -34.643  -39.614 0.8000000119
44289  31.199  -34.908  -40.027 1.0000000000
44288  32.014  -34.680  -39.859 0.8000000119
116871  29.319  -34.997  -40.505 1.0000000000
43489  28.811  -35.278  -40.765 1.0000000000
43496  28.211  -35.241  -41.220 1.0000000000
44300  28.894  -34.513  -40.755 1.0000000000
124848  27.723  -35.261  -41.665 1.0000000000
43497  27.093  -34.983  -41.996 1.0000000000
43507  26.450  -35.481  -42.825 1.0000000000
42678  30.180  -36.182  -44.634 0.6000000238
118801  31.728  -34.914  -43.265 0.6000000238
43517  30.393  -35.276  -44.217 0.6000000238
43519  29.668  -35.439  -44.608 0.6999999881
43518  25.079  -35.780  -44.183 0.8999999762
44336  29.174  -34.643  -44.574 0.6999999881
44338  27.277  -34.559  -44.831 0.6999999881
44339  26.203  -34.336  -44.638 0.8999999762
42562  28.298  -36.756  -34.378 0.5000000000
42560  31.406  -36.217  -34.512 0.6000000238
43408  30.547  -35.723  -34.455 0.5000000000
118224  32.916  -35.931  -34.933 0.6999999881
42559  32.443  -36.449  -34.743 0.6999999881
110100  33.522  -35.670  -35.469 0.6999999881
43436  34.338  -35.047  -36.606 0.6999999881
44252  33.938  -34.900  -35.943 0.6999999881
44263  34.540  -34.422  -37.923 0.6999999881
44275  34.126  -34.342  -38.749 0.8000000119
121315  33.282  -34.570  -39.350 0.8000000119
44287  32.707  -34.076  -39.753 0.8000000119
123391  32.075  -34.095  -40.058 0.8000000119
45121  32.199  -33.483  -40.210 0.8000000119
45123  30.526  -33.812  -40.551 0.8999999762
44299  29.709  -34.351  -40.561 1.0000000000
45122  31.279  -33.238  -40.540 0.8000000119
123538  29.814  -33.541  -40.768 0.8999999762
106590  28.254  -33.930  -41.092 1.0000000000
44309  27.699  -34.594  -41.406 1.0000000000
44311  26.260  -34.014  -42.173 1.0000000000
43508  25.660  -34.963  -43.133 0.8999999762
112334  25.388  -35.635  -43.668 0.8999999762
44330  25.009  -34.841  -43.790 0.8999999762
44320  25.544  -34.200  -42.870 0.8999999762
113509  24.825  -34.234  -44.014 0.8999999762
44335  29.980  -34.497  -44.302 0.6000000238
44337  28.257  -34.659  -44.769 0.6999999881
44340  25.141  -34.376  -44.278 0.8999999762
44328  31.418  -34.240  -43.445 0.6000000238
45161  27.876  -33.882  -44.625 0.6999999881
45163  25.572  -33.553  -44.384 0.8000000119
44341  24.832  -33.541  -44.059 0.8999999762
123220  27.086  -33.868  -44.662 0.6999999881
44222  30.154  -35.001  -34.539 0.5000000000
43421  32.726  -35.218  -35.084 0.6999999881
44221  31.151  -35.143  -34.649 0.5000000000
44234  33.237  -34.673  -35.516 0.6999999881
125366  34.223  -34.403  -36.374 0.6999999881
45089  34.607  -33.732  -37.438 0.6999999881
45100  34.551  -33.620  -38.259 0.6999999881
45114  33.121  -33.286  -39.764 0.8000000119
119903  32.706  -32.829  -40.137 0.8000000119
45924  32.009  -32.659  -40.468 0.8000000119
45926  30.388  -32.966  -40.819 0.8000000119
45933  29.446  -32.853  -41.090 0.8999999762
115871  29.100  -33.734  -40.867 1.0000000000
45925  31.148  -32.363  -40.794 0.8000000119
45128  28.652  -33.187  -41.157 0.8999999762
111307  27.055  -33.087  -41.519 1.0000000000
45130  26.634  -33.550  -41.764 1.0000000000
109956  27.849  -32.951  -41.371 0.8999999762
45131  25.825  -33.401  -42.260 1.0000000000
45144  25.207  -33.542  -42.890 1.0000000000
44331  24.754  -33.591  -43.824 0.8999999762
45145  24.770  -33.087  -43.289 0.8999999762
44329  30.685  -34.355  -43.887 0.6000000238
45975  24.776  -32.855  -43.883 0.8999999762
45159  29.549  -33.720  -44.320 0.6999999881
45160  28.724  -33.860  -44.510 0.6999999881
45972  27.456  -33.034  -44.513 0.6999999881
45162  26.516  -33.495  -44.543 0.6999999881
45974  25.111  -32.791  -44.187 0.8000000119
46840  24.749  -32.044  -43.755 0.8999999762
45973  26.238  -32.678  -44.408 0.6999999881
43407  32.129  -35.649  -34.752 0.6000000238
44220  31.928  -34.935  -34.894 0.5000000000
45061  32.763  -33.802  -35.600 0.5000000000
45075  34.507  -33.161  -36.996 0.6999999881
114632  34.340  -33.777  -36.645 0.6999999881
117595  34.678  -32.944  -37.720 0.6999999881
45874  34.409  -32.341  -37.058 0.6999999881
45904  34.495  -32.724  -38.587 0.6999999881
45101  34.257  -33.505  -38.871 0.6999999881
45905  34.180  -32.167  -39.235 0.6999999881
110078  33.967  -33.008  -39.296 0.6999999881
118708  33.412  -32.529  -39.751 0.8000000119
45918  32.751  -32.160  -40.213 0.8000000119
46796  31.949  -31.826  -40.609 0.8000000119
108391  30.221  -32.030  -41.183 0.8000000119
113553  31.965  -30.984  -40.710 0.8000000119
46803  30.428  -31.070  -41.304 0.8000000119
125163  29.349  -32.053  -41.350 0.8000000119
113717  28.666  -32.415  -41.354 0.8999999762
45934  27.098  -32.391  -41.582 0.8999999762
45935  26.370  -32.768  -41.776 1.0000000000
47669  29.829  -30.560  -41.519 0.8000000119
46804  29.607  -31.353  -41.431 0.8000000119
45936  25.612  -32.634  -42.233 1.0000000000
117188  25.976  -32.179  -41.978 1.0000000000
45154  30.305  -33.584  -44.014 0.6000000238
45937  24.940  -32.461  -42.727 1.0000000000
45970  29.030  -32.928  -44.337 0.6999999881
45971  28.324  -32.697  -44.411 0.6999999881
45961  24.671  -32.543  -43.537 0.8999999762
45951  24.583  -32.317  -43.121 1.0000000000
106745  27.960  -32.157  -44.399 0.6999999881
106744  27.165  -32.215  -44.439 0.8000000119
46839  25.447  -31.914  -44.211 0.8000000119
46756  34.451  -31.487  -37.528 0.6999999881
45892  34.670  -32.089  -37.941 0.6999999881
46774  34.525  -31.708  -38.581 0.6999999881
46786  34.264  -31.283  -39.229 0.6999999881
45917  33.570  -31.734  -39.785 0.6999999881
46787  33.673  -30.905  -39.850 0.6999999881
46795  32.824  -31.356  -40.305 0.8000000119
47661  31.198  -30.641  -41.141 0.8000000119
48552  31.112  -29.780  -41.301 0.8000000119
124634  30.552  -30.371  -41.391 0.8000000119
113072  28.355  -31.135  -41.721 0.8999999762
46806  27.900  -31.849  -41.570 0.8999999762
47670  29.030  -30.839  -41.643 0.8000000119
115574  27.619  -30.918  -41.926 0.8999999762
114535  26.488  -32.091  -41.797 0.8999999762
45969  29.876  -32.818  -44.076 0.6000000238
113129  27.173  -30.242  -42.236 0.8999999762
47673  26.623  -30.839  -42.082 0.8999999762
46809  25.332  -31.929  -42.345 1.0000000000
45960  30.647  -32.675  -43.743 0.6000000238
46819  24.525  -31.656  -42.841 0.8999999762
46836  28.387  -31.431  -44.279 0.6999999881
124482  24.097  -31.147  -43.081 0.8999999762
46838  26.538  -31.697  -44.390 0.8000000119
105651  24.758  -31.141  -43.967 0.8999999762
46828  24.273  -31.129  -43.408 0.8000000119
46773  34.630  -31.357  -38.077 0.6999999881
47651  34.257  -30.529  -39.302 0.6999999881
47652  32.884  -30.514  -40.385 0.6999999881
48541  33.608  -29.229  -40.103 0.6999999881
47653  32.890  -29.679  -40.463 0.6999999881
48560  29.203  -29.946  -41.806 0.8000000119
47671  28.405  -30.476  -41.893 0.8000000119
48561  28.345  -29.764  -42.144 0.8000000119
46808  25.991  -31.495  -42.030 0.8999999762
111073  29.447  -32.061  -44.045 0.6000000238
48562  27.607  -29.670  -42.335 0.8000000119
49453  27.192  -29.054  -42.538 0.8999999762
47674  25.630  -30.651  -42.292 0.8999999762
116216  24.972  -31.163  -42.454 0.8999999762
112663  30.107  -31.997  -43.815 0.6000000238
107967  28.739  -32.086  -44.258 0.6999999881
117530  23.989  -30.202  -42.864 0.8999999762
46837  27.541  -31.512  -44.389 0.6999999881
47698  23.897  -30.382  -43.178 0.8000000119
47705  26.310  -30.021  -44.557 0.6999999881
47706  24.958  -30.257  -44.242 0.8000000119
115672  34.510  -29.639  -38.381 0.6999999881
48540  34.142  -29.158  -39.509 0.6999999881
49426  33.871  -28.445  -39.952 0.6999999881
48559  30.187  -29.825  -41.602 0.8000000119
49451  28.885  -29.135  -42.216 0.8000000119
49452  28.050  -29.065  -42.406 0.8000000119
48563  26.325  -30.078  -42.359 0.8999999762
49454  26.120  -29.215  -42.579 0.8999999762
120452  25.317  -29.864  -42.493 0.8999999762
46835  29.078  -31.354  -44.094 0.6999999881
108474  28.046  -30.767  -44.364 0.6999999881
49474  24.113  -28.868  -43.190 0.8999999762
125181  25.263  -29.541  -44.524 0.8000000119
48588  23.845  -29.509  -43.620 0.8000000119
48597  26.158  -29.112  -44.732 0.6999999881
48598  24.189  -29.365  -44.215 0.8000000119
47707  24.208  -30.273  -43.702 0.8000000119
49495  25.016  -28.820  -44.679 0.8000000119
48539  34.423  -29.073  -38.884 0.6999999881
49425  34.280  -28.442  -39.242 0.6000000238
46834  29.755  -31.248  -43.857 0.6000000238
49473  25.309  -28.391  -42.999 0.8999999762
49455  24.963  -29.186  -42.707 0.8999999762
122781  29.253  -30.588  -44.035 0.6000000238
50345  24.155  -27.957  -43.528 0.8999999762
47704  27.665  -30.030  -44.527 0.8000000119
49482  23.646  -28.269  -43.785 0.8999999762
115647  23.998  -28.346  -44.361 0.8000000119
48596  27.290  -29.245  -44.723 0.6999999881
49505  24.952  -27.929  -44.897 0.8000000119
49506  23.995  -27.518  -44.439 0.8000000119
47703  28.728  -30.815  -44.190 0.6999999881
49472  26.655  -28.408  -42.814 0.8000000119
116638  28.682  -30.062  -44.302 0.5000000000
48595  28.332  -29.262  -44.607 0.6000000238
50357  23.660  -27.555  -43.918 0.8000000119
49493  27.979  -28.529  -44.956 0.6000000238
49494  26.911  -28.508  -44.987 0.6000000238
117929  25.891  -28.473  -44.937 0.6999999881
120599  24.554  -27.168  -44.874 0.8000000119
49496  23.508  -27.877  -44.068 0.8000000119
49504  26.225  -27.894  -45.242 0.6000000238
50343  26.201  -27.710  -43.209 0.8000000119
108036  25.787  -26.950  -43.543 0.8000000119
121034  24.128  -27.304  -43.747 0.8999999762
49492  28.882  -28.527  -44.773 0.6000000238
51217  24.170  -26.842  -44.547 0.8000000119
50364  23.768  -27.264  -44.125 0.8000000119
51181  23.940  -26.976  -43.983 0.8000000119
50372  25.426  -27.245  -45.304 0.6000000238
51998  26.622  -26.447  -43.650 0.8000000119
51180  24.639  -26.823  -43.808 0.8000000119
49503  27.481  -27.757  -45.378 0.6000000238
51204  24.418  -26.041  -44.725 0.8000000119
117822  24.256  -25.530  -45.101 0.6999999881
121006  24.482  -25.510  -44.604 0.8000000119
51223  26.408  -26.105  -45.919 0.6000000238
51224  25.038  -25.609  -45.612 0.6000000238
52025  24.182  -24.800  -45.219 0.6999999881
50370  28.391  -27.210  -45.613 0.6000000238
51214  27.274  -26.839  -45.807 0.6000000238
105796  27.447  -25.224  -44.161 0.8000000119
51198  25.260  -26.097  -44.048 0.8000000119
49502  28.617  -27.867  -45.190 0.6000000238
52017  26.445  -25.585  -44.104 0.8000000119
49501  29.367  -27.885  -44.954 0.5000000000
113106  24.276  -24.639  -44.845 0.8000000119
52018  25.189  -25.066  -44.456 0.8000000119
50369  29.224  -27.310  -45.379 0.6000000238
52795  24.381  -24.052  -45.357 0.6000000238
50368  29.714  -26.649  -45.549 0.5000000000
112465  29.019  -26.802  -45.686 0.6000000238
51213  28.355  -26.511  -45.878 0.6000000238
52030  26.295  -25.213  -46.147 0.6000000238
51212  29.132  -26.195  -45.872 0.6000000238
51222  27.463  -26.013  -46.057 0.6000000238
52801  27.167  -24.531  -46.507 0.6000000238
109998  26.345  -23.686  -46.527 0.6000000238
52787  26.382  -24.581  -44.440 0.8000000119
53538  27.096  -23.894  -44.594 0.8000000119
117863  26.662  -23.214  -44.896 0.6999999881
53539  25.866  -23.594  -44.789 0.6999999881
111810  24.683  -23.501  -45.840 0.6000000238
53557  24.779  -22.848  -45.922 0.6000000238
52791  24.396  -24.010  -45.215 0.6999999881
52026  29.920  -25.132  -46.306 0.5000000000
52027  29.199  -25.485  -46.250 0.5000000000
52028  28.370  -25.068  -46.459 0.6000000238
53544  27.664  -23.305  -44.811 0.6999999881
53545  25.766  -22.868  -45.268 0.6000000238
54327  25.103  -22.687  -45.701 0.6000000238
119677  26.128  -21.623  -46.226 0.6000000238
55102  25.811  -22.172  -45.723 0.6000000238
52799  29.181  -24.636  -46.581 0.5000000000
52800  28.246  -24.301  -46.663 0.6000000238
53560  28.397  -22.624  -47.146 0.6000000238
53555  27.319  -23.671  -46.721 0.6000000238
53563  25.392  -22.348  -46.079 0.6000000238
55107  26.003  -21.672  -45.989 0.6000000238
53553  29.260  -23.708  -46.824 0.6000000238
53559  29.508  -22.950  -47.048 0.6000000238
105315  30.041  -24.322  -46.584 0.5000000000
53552  30.253  -23.424  -46.819 0.5000000000
54335  30.851  -22.667  -47.021 0.4000000060
110855  30.958  -21.863  -47.328 0.5000000000
54326  26.880  -22.505  -45.293 0.6000000238
55101  26.535  -21.578  -45.770 0.6000000238
53561  27.284  -22.752  -46.835 0.6000000238
54340  26.316  -21.981  -46.560 0.6000000238
55106  26.639  -21.033  -46.196 0.6000000238
54338  27.989  -21.269  -47.391 0.6000000238
53558  30.076  -22.696  -47.136 0.5000000000
125654  29.802  -21.722  -47.459 0.6000000238
110017  30.992  -21.230  -47.484 0.5000000000
55114  31.523  -21.493  -47.410 0.4000000060
55117  26.919  -20.970  -47.059 0.6000000238
55906  27.184  -20.344  -46.650 0.5000000000
55903  27.284  -20.418  -46.179 0.5000000000
55896  27.399  -20.958  -45.769 0.5000000000
54339  27.083  -21.732  -47.072 0.6000000238
55914  27.343  -20.263  -47.111 0.5000000000
55116  29.250  -21.143  -47.537 0.6000000238
55911  30.508  -20.653  -47.584 0.5000000000
55910  31.554  -20.672  -47.636 0.4000000060
55902  28.080  -20.169  -45.828 0.4000000060
55913  28.366  -20.344  -47.476 0.6000000238
55915  29.073  -20.003  -47.655 0.5000000000
56779  30.618  -19.920  -47.711 0.4000000060
55912  29.190  -20.378  -47.582 0.6000000238
56787  28.597  -19.297  -47.358 0.4000000060
56778  31.356  -19.776  -47.831 0.4000000060
56784  31.566  -19.114  -48.058 0.4000000060
57681  28.641  -18.885  -47.254 0.4000000060
56785  30.641  -19.146  -47.835 0.4000000060
56786  29.171  -19.167  -47.532 0.4000000060
56783  32.557  -19.160  -48.255 0.4000000060
57686  30.741  -18.333  -48.059 0.4000000060
56766  28.967  -19.009  -46.218 0.4000000060
57673  28.624  -18.765  -46.940 0.4000000060
57687  29.150  -18.688  -47.394 0.4000000060
57685  31.793  -18.286  -48.472 0.4000000060
116504  31.649  -17.387  -48.872 0.4000000060
107954  29.813  -18.554  -47.662 0.4000000060
57672  29.367  -18.249  -46.662 0.4000000060
58536  29.598  -17.771  -47.235 0.4000000060
57680  29.126  -18.425  -47.254 0.4000000060
58559  32.519  -17.241  -49.444 0.3000000119
58552  30.163  -17.681  -47.869 0.4000000060
58545  29.617  -18.077  -47.490 0.4000000060
58535  30.052  -17.019  -47.019 0.4000000060
58544  29.989  -17.344  -47.650 0.4000000060
38395  27.396  -41.041  -45.520 0.8000000119
38391  26.776  -40.887  -45.121 0.8999999762
39144  26.715  -40.336  -44.728 0.8999999762
38384  26.781  -41.027  -44.983 0.8999999762
38373  27.740  -41.988  -44.475 0.8999999762
39945  30.838  -39.362  -40.201 1.0000000000
40830  31.055  -38.672  -39.744 1.0000000000
123714  29.609  -41.648  -43.320 0.8999999762
123641  30.506  -40.449  -42.028 0.8999999762
39946  30.492  -39.223  -40.980 1.0000000000
39142  28.665  -40.533  -43.875 0.8999999762
39969  30.332  -40.055  -42.639 0.8999999762
39970  29.836  -39.223  -43.009 0.8999999762
39143  27.746  -40.483  -44.256 0.8999999762
104782  29.218  -38.618  -43.221 0.8999999762
56775  27.746  -19.581  -47.005 0.4000000060
109816  28.170  -19.282  -46.753 0.4000000060
56760  29.021  -19.712  -45.723 0.4000000060
33929  31.445  -46.281  -36.722 0.8999999762
109039  32.191  -45.771  -38.724 1.0000000000
32955  30.836  -47.061  -41.025 0.8000000119
33914  29.146  -46.108  -36.007 0.8999999762
35858  32.389  -44.523  -37.292 1.0000000000
34000  30.599  -46.151  -41.317 0.8000000119
36721  31.658  -43.595  -35.591 0.8999999762
36776  31.292  -43.707  -40.102 0.8999999762
35884  30.764  -44.527  -40.876 0.8000000119
35918  28.922  -44.346  -43.231 0.8000000119
38339  32.406  -41.817  -38.887 1.0000000000
36801  29.904  -43.316  -42.529 0.8999999762
36809  29.258  -43.501  -43.132 0.8000000119
113122  28.241  -41.222  -44.147 0.8999999762
112850  29.468  -40.114  -43.438 0.8999999762
37496  29.895  -42.229  -34.911 0.8999999762
121569  28.501  -41.799  -35.175 1.0000000000
39088  25.456  -40.017  -37.336 0.6000000238
39928  24.581  -39.247  -38.662 0.4000000060
39914  24.870  -39.355  -37.686 0.4000000060
115744  31.794  -40.221  -39.456 1.0000000000
39120  30.736  -40.066  -40.767 0.8999999762
38394  28.179  -41.238  -45.757 0.6999999881
40878  26.374  -38.813  -45.453 0.8000000119
111138  31.398  -40.467  -34.570 0.8999999762
39150  30.021  -40.006  -45.681 0.6000000238
116666  28.267  -39.949  -34.694 0.6999999881
106862  24.702  -38.785  -37.077 0.4000000060
39975  28.478  -39.829  -43.837 0.8999999762
40866  25.490  -38.062  -44.727 0.8999999762
41778  29.738  -37.845  -45.459 0.6999999881
39873  29.794  -39.227  -34.429 0.8000000119
39872  31.760  -39.651  -34.577 0.8999999762
40853  29.314  -37.881  -42.720 0.8999999762
40854  28.565  -38.048  -43.324 0.8999999762
111273  29.113  -39.318  -43.471 0.8999999762
41770  25.887  -37.657  -44.124 0.8999999762
40746  32.985  -38.445  -35.025 0.8000000119
41663  27.116  -37.585  -34.658 0.5000000000
41763  25.700  -36.970  -43.884 0.8999999762
41703  33.997  -37.114  -37.328 0.8999999762
42617  33.911  -36.583  -38.119 0.8999999762
43520  28.746  -35.584  -44.942 0.6999999881
43524  25.273  -35.939  -44.512 0.8999999762
43522  26.530  -35.238  -44.958 0.8000000119
125503  28.274  -37.656  -34.450 0.6000000238
41658  31.941  -37.046  -34.575 0.8000000119
105292  29.886  -37.221  -34.362 0.6000000238
42575  33.888  -36.499  -35.804 0.6999999881
43451  34.230  -35.841  -37.849 0.6999999881
44298  30.553  -34.643  -40.295 1.0000000000
43506  27.441  -35.632  -42.249 1.0000000000
110429  25.072  -35.107  -44.159 0.8999999762
42561  29.359  -36.626  -34.340 0.6000000238
44251  34.508  -34.426  -37.064 0.6999999881
118216  28.861  -35.894  -34.341 0.5000000000
45113  33.648  -33.803  -39.321 0.8000000119
44321  24.946  -33.901  -43.562 0.8999999762
44235  32.304  -34.443  -35.233 0.6000000238
44236  31.395  -34.353  -35.012 0.5000000000
45060  33.753  -33.945  -35.994 0.6999999881
46797  31.147  -31.485  -41.007 0.8000000119
45062  31.741  -33.703  -35.368 0.5000000000
45861  33.207  -33.056  -35.989 0.6999999881
47660  31.980  -30.148  -40.821 0.8000000119
46805  28.815  -31.603  -41.526 0.8999999762
46807  26.954  -31.598  -41.790 0.8999999762
108473  27.007  -30.838  -44.435 0.8000000119
108626  25.800  -30.998  -44.325 0.8000000119
47641  34.551  -30.664  -38.507 0.6999999881
108880  33.773  -29.981  -39.833 0.6999999881
115721  30.583  -29.219  -41.555 0.8000000119
48580  23.905  -29.630  -43.202 0.8999999762
47650  34.401  -29.829  -39.082 0.6999999881
48525  34.383  -28.976  -38.339 0.6000000238
50344  25.056  -27.517  -43.456 0.8999999762
51216  24.646  -26.424  -45.155 0.6999999881
50371  26.501  -27.298  -45.533 0.6000000238
51215  25.873  -26.617  -45.627 0.6000000238
52021  24.134  -25.074  -44.938 0.8000000119
52802  25.642  -24.077  -46.282 0.6000000238
52788  24.959  -24.114  -44.773 0.6999999881
51221  28.417  -25.798  -46.132 0.6000000238
53562  26.293  -22.911  -46.535 0.6000000238
55111  26.718  -20.918  -46.692 0.6000000238
56767  28.337  -19.573  -46.161 0.4000000060
56774  28.122  -19.032  -46.947 0.4000000060
58526  29.823  -17.614  -46.675 0.4000000060
106259  30.883  -17.531  -48.409 0.4000000060
38374  27.258  -41.185  -44.620 0.8999999762
110518  28.542  -54.165  -38.562 0.4000000060
120746  28.430  -53.513  -38.422 0.4000000060
27709  27.082  -53.608  -38.380 0.4000000060
27706  30.039  -53.645  -38.771 0.4000000060
28570  28.762  -52.795  -38.360 0.4000000060
28572  27.277  -52.800  -38.561 0.4000000060
28568  31.078  -52.511  -38.881 0.3000000119
115534  29.727  -52.939  -38.436 0.4000000060
118470  31.659  -52.386  -40.224 0.4000000060
28589  31.717  -52.046  -40.914 0.4000000060
29454  31.524  -51.582  -41.765 0.4000000060
30338  31.278  -50.819  -42.374 0.4000000060
29426  28.684  -51.878  -38.370 0.5000000000
107716  27.403  -51.966  -38.947 0.4000000060
28569  30.324  -52.346  -38.430 0.4000000060
111606  29.485  -52.192  -38.289 0.4000000060
29432  31.739  -51.451  -39.491 0.5000000000
29440  31.792  -51.707  -40.156 0.4000000060
29447  31.754  -51.247  -40.869 0.4000000060
30328  31.565  -50.678  -41.550 0.5000000000
31169  31.301  -50.036  -42.099 0.5000000000
31170  30.916  -49.386  -42.535 0.6000000238
31184  30.540  -49.489  -43.388 0.5000000000
108931  30.584  -50.334  -43.671 0.6000000238
31195  29.923  -49.676  -44.338 0.4000000060
29427  27.968  -51.467  -38.650 0.5000000000
28580  26.782  -51.775  -39.448 0.5000000000
29434  26.209  -51.608  -40.033 0.5000000000
29425  30.068  -51.627  -38.164 0.6000000238
113767  29.297  -51.527  -38.177 0.6000000238
29424  30.860  -51.655  -38.431 0.5000000000
30283  31.318  -50.756  -38.414 0.6000000238
30300  31.793  -50.841  -39.089 0.5000000000
30313  31.941  -50.878  -40.004 0.5000000000
107142  31.894  -50.045  -40.340 0.4000000060
107540  31.576  -49.874  -41.244 0.6000000238
125232  31.207  -49.391  -41.833 0.6000000238
32005  30.863  -48.637  -41.974 0.6000000238
32006  30.522  -48.665  -42.986 0.6000000238
32963  29.799  -47.399  -43.194 0.6000000238
32964  29.303  -46.816  -43.362 0.6000000238
32020  30.023  -48.812  -43.825 0.6000000238
120095  29.434  -48.275  -44.075 0.6000000238
32021  28.645  -48.110  -44.656 0.6000000238
30286  28.653  -50.983  -38.269 0.5000000000
30287  27.812  -50.645  -38.606 0.5000000000
29428  27.279  -51.100  -39.214 0.5000000000
29433  26.621  -51.028  -39.898 0.5000000000
30284  30.500  -50.930  -38.032 0.6000000238
30285  29.577  -50.941  -37.997 0.6000000238
108424  31.752  -50.049  -38.689 0.6000000238
30271  30.888  -50.162  -37.840 0.6000000238
104200  31.968  -50.117  -39.458 0.5000000000
121137  31.426  -49.915  -38.154 0.6000000238
31153  31.945  -49.384  -39.909 0.6000000238
124275  31.713  -49.405  -40.659 0.6000000238
31996  30.368  -47.761  -42.532 0.6000000238
32977  29.130  -47.559  -43.925 0.6000000238
104293  28.387  -46.780  -44.152 0.6999999881
31122  27.660  -49.822  -38.345 0.6000000238
30288  27.053  -50.245  -38.985 0.5000000000
118472  26.390  -50.240  -39.648 0.5000000000
30272  29.959  -50.260  -37.712 0.6000000238
115599  29.016  -50.266  -37.848 0.6000000238
31121  28.297  -50.236  -38.170 0.6000000238
31140  26.491  -49.663  -39.070 0.5000000000
31154  25.658  -49.888  -40.139 0.5000000000
31098  30.338  -49.501  -37.488 0.6000000238
31977  31.887  -48.646  -39.548 0.6000000238
34024  28.830  -46.120  -43.439 0.6999999881
31100  28.391  -49.511  -37.742 0.6000000238
31123  26.913  -49.407  -38.545 0.6000000238
31099  29.374  -49.582  -37.511 0.6000000238
31959  27.450  -48.926  -37.877 0.6000000238
125598  26.304  -49.115  -38.784 0.6000000238
31141  25.854  -49.312  -39.362 0.6000000238
120412  25.205  -49.172  -39.851 0.6000000238
106203  28.934  -48.984  -37.328 0.6000000238
31997  24.005  -49.007  -40.745 0.5000000000
31097  31.174  -49.349  -37.724 0.6000000238
31991  23.720  -48.236  -40.454 0.6000000238
35030  27.912  -45.188  -44.200 0.6999999881
31937  28.261  -48.637  -37.384 0.6000000238
31960  26.576  -48.634  -38.295 0.6000000238
31903  29.047  -48.243  -36.918 0.6000000238
31904  28.203  -47.875  -37.053 0.6000000238
116670  27.650  -48.230  -37.439 0.6000000238
31978  25.221  -48.536  -39.367 0.6000000238
31142  24.488  -48.582  -40.001 0.6000000238
31936  29.741  -48.874  -37.175 0.6000000238
32939  24.661  -47.796  -39.450 0.6000000238
31935  30.666  -48.721  -37.278 0.6000000238
31958  31.814  -48.177  -38.093 0.6000000238
36811  27.828  -43.880  -44.300 0.6999999881
107748  27.438  -44.051  -44.780 0.6999999881
31902  30.074  -48.124  -36.837 0.6000000238
32900  27.480  -47.565  -37.256 0.6999999881
32923  26.146  -47.719  -38.205 0.6999999881
32899  30.968  -47.923  -36.992 0.6000000238
37589  27.381  -42.593  -44.844 0.6999999881
32871  29.475  -47.473  -36.576 0.6999999881
32872  28.720  -47.516  -36.688 0.6999999881
33959  27.313  -46.885  -37.115 0.6999999881
32902  26.172  -46.724  -37.928 0.6999999881
32938  25.360  -47.782  -38.870 0.6000000238
32924  25.553  -46.968  -38.504 0.6999999881
121360  25.725  -46.278  -38.261 0.6000000238
107726  24.245  -47.049  -39.612 0.5000000000
38390  27.135  -41.553  -45.180 0.8000000119
33932  28.889  -46.868  -36.370 0.6999999881
32873  28.044  -47.052  -36.730 0.6999999881
33960  26.795  -46.283  -37.351 0.6999999881
33995  23.783  -46.052  -40.490 0.5000000000
33961  26.151  -45.892  -37.839 0.6999999881
33978  25.656  -45.614  -38.366 0.6000000238
117248  24.779  -45.739  -39.322 0.6000000238
49470  28.546  -28.402  -42.513 0.6999999881
48551  32.036  -29.295  -40.928 0.6999999881
49450  29.822  -29.058  -41.923 0.6999999881
49437  32.182  -28.353  -41.017 0.6000000238
49469  29.288  -28.491  -42.302 0.6999999881
50340  29.195  -27.682  -42.605 0.6999999881
49471  27.661  -28.387  -42.690 0.6999999881
50342  27.239  -27.741  -43.077 0.6999999881
49449  30.613  -28.543  -41.689 0.6999999881
50319  29.993  -28.147  -42.174 0.6999999881
50341  28.184  -27.695  -42.893 0.6999999881
51178  27.683  -26.932  -43.348 0.6999999881
48550  32.980  -28.840  -40.508 0.6000000238
105015  31.517  -27.115  -41.674 0.6000000238
50339  30.162  -27.282  -42.399 0.6999999881
107694  28.689  -26.976  -43.114 0.6999999881
51197  28.356  -26.373  -43.454 0.6999999881
122794  28.037  -25.483  -43.956 0.6999999881
49436  33.240  -27.994  -40.477 0.6000000238
50307  32.730  -27.466  -40.881 0.6000000238
51152  31.829  -26.446  -41.753 0.5000000000
51153  30.998  -26.862  -42.128 0.6000000238
51176  30.415  -26.428  -42.633 0.5000000000
51196  29.076  -26.257  -43.329 0.6999999881
52784  29.209  -24.945  -43.918 0.6999999881
52785  28.307  -24.967  -44.151 0.6999999881
105313  35.352  -17.808  -49.472 0.3000000119
106027  34.206  -18.316  -49.044 0.3000000119
27708  27.834  -53.907  -38.382 0.4000000060
125799  26.682  -54.059  -38.287 0.3000000119
27710  26.215  -53.712  -38.327 0.4000000060
26849  30.282  -54.323  -39.454 0.3000000119
27711  25.377  -53.511  -38.442 0.4000000060
27724  31.373  -53.600  -40.485 0.4000000060
119999  26.658  -52.524  -38.856 0.4000000060
112889  31.608  -52.922  -40.862 0.4000000060
28606  31.398  -52.333  -42.287 0.4000000060
29465  31.223  -51.591  -42.700 0.4000000060
31183  30.956  -50.155  -42.880 0.5000000000
118942  30.148  -50.785  -44.435 0.4000000060
28581  25.924  -52.359  -39.280 0.4000000060
32028  29.208  -48.821  -44.560 0.5000000000
29441  25.798  -51.532  -40.823 0.5000000000
119076  28.289  -47.473  -44.656 0.6000000238
106892  25.850  -51.084  -41.047 0.5000000000
30314  26.073  -50.688  -40.415 0.5000000000
30323  25.046  -50.593  -41.770 0.5000000000
34033  27.745  -46.351  -44.736 0.6000000238
31163  24.528  -49.833  -41.247 0.5000000000
31164  23.591  -49.346  -41.521 0.4000000060
35031  27.572  -45.072  -44.741 0.6999999881
32947  23.950  -47.681  -40.001 0.5000000000
116827  27.296  -43.043  -45.009 0.6999999881
32940  23.672  -46.859  -40.223 0.5000000000
108762  27.492  -42.705  -45.198 0.8000000119
37614  27.681  -41.951  -45.420 0.6999999881
34001  23.192  -46.440  -41.161 0.5000000000
34998  24.047  -45.354  -40.704 0.6000000238
45076  34.021  -33.093  -36.487 0.6000000238
46735  33.928  -31.497  -36.874 0.6000000238
51143  33.278  -26.589  -40.628 0.5000000000
51151  32.760  -26.058  -41.271 0.5000000000
51995  31.622  -25.260  -42.452 0.5000000000
51996  30.708  -25.521  -42.912 0.5000000000
108289  30.009  -24.482  -43.890 0.5000000000
53543  29.281  -23.020  -44.767 0.5000000000
58556  35.990  -18.140  -50.342 0.3000000119
118633  35.259  -18.019  -50.519 0.3000000119
58550  33.272  -18.072  -49.086 0.3000000119
31934  31.383  -48.492  -37.618 0.6000000238
31120  31.696  -49.154  -38.256 0.6000000238
31139  31.980  -49.352  -39.030 0.6000000238
34945  27.143  -45.644  -36.955 0.8000000119
35919  28.220  -44.496  -43.859 0.6999999881
49438  31.279  -28.910  -41.335 0.6999999881
51179  26.772  -27.171  -43.366 0.6999999881
53537  28.227  -24.113  -44.452 0.6000000238
57684  32.872  -18.566  -48.634 0.3000000119
37608  27.288  -42.154  -45.039 0.8000000119
106782  28.124  -42.897  -45.557 0.6999999881
27707  29.158  -53.573  -38.510 0.4000000060
118358  30.452  -53.007  -38.694 0.4000000060
27718  30.805  -53.438  -39.170 0.3000000119
28567  31.440  -51.590  -38.897 0.5000000000
30339  30.983  -50.918  -43.159 0.3000000119
30352  29.389  -50.218  -45.138 0.4000000060
28590  25.563  -52.088  -40.210 0.5000000000
33987  24.551  -46.375  -39.404 0.6000000238
49448  31.312  -28.235  -41.446 0.6999999881
50317  31.807  -27.639  -41.373 0.6000000238
50318  30.864  -27.687  -41.812 0.6999999881
51144  32.353  -26.900  -41.307 0.6000000238
51177  29.561  -26.785  -42.883 0.6999999881
52015  28.585  -25.666  -43.709 0.6999999881
51973  32.178  -25.661  -41.871 0.5000000000
51175  31.293  -26.052  -42.310 0.5000000000
51997  29.852  -25.999  -43.159 0.5000000000
52014  29.346  -25.628  -43.522 0.5000000000
53536  29.321  -23.990  -44.338 0.5000000000
122837  28.794  -24.522  -44.226 0.6999999881
51967  33.446  -25.554  -40.632 0.5000000000
52774  31.249  -24.861  -42.921 0.5000000000
53542  30.216  -23.312  -44.405 0.5000000000
36826  27.534  -43.431  -45.195 0.6000000238
38393  29.940  -41.425  -45.778 0.5000000000
110960  29.141  -42.727  -45.787 0.6000000238
37613  28.633  -41.991  -45.720 0.6000000238
39148  31.084  -40.259  -45.469 0.5000000000
39152  29.951  -40.795  -45.777 0.5000000000
122729  29.187  -41.192  -45.802 0.6000000238
36773  25.256  -43.191  -40.091 0.5000000000
39154  28.596  -40.657  -45.830 0.6000000238
39146  31.518  -39.952  -45.248 0.5000000000
110166  30.634  -39.770  -45.507 0.5000000000
39978  31.566  -39.117  -45.064 0.5000000000
37558  24.958  -42.359  -40.648 0.4000000060
37566  24.161  -42.215  -41.472 0.4000000060
38348  24.546  -41.607  -41.025 0.4000000060
39980  31.105  -39.467  -45.361 0.5000000000
39974  31.805  -38.670  -44.590 0.5000000000
38343  24.594  -40.944  -40.721 0.4000000060
40868  31.391  -38.227  -44.855 0.5000000000
120845  24.248  -39.769  -40.406 0.4000000060
40773  25.784  -38.301  -35.609 0.4000000060
40774  25.066  -37.970  -35.932 0.4000000060
40783  24.669  -38.253  -36.524 0.4000000060
40784  24.027  -38.122  -37.213 0.3000000119
44238  29.779  -34.229  -34.797 0.4000000060
44223  29.172  -34.944  -34.495 0.4000000060
113859  27.343  -36.871  -34.508 0.4000000060
41664  26.684  -37.056  -34.711 0.4000000060
45052  29.005  -33.952  -34.813 0.4000000060
42564  26.687  -36.279  -34.615 0.4000000060
41680  25.549  -37.506  -35.436 0.4000000060
43413  26.365  -35.582  -34.718 0.4000000060
41665  25.953  -36.797  -35.008 0.4000000060
41692  24.288  -37.543  -36.250 0.4000000060
124880  28.185  -35.904  -34.359 0.4000000060
43410  28.446  -35.339  -34.437 0.4000000060
42563  27.548  -36.118  -34.420 0.4000000060
109224  30.174  -33.754  -35.105 0.4000000060
44224  28.223  -34.544  -34.642 0.4000000060
43411  27.787  -35.362  -34.469 0.4000000060
111578  27.314  -34.730  -34.653 0.4000000060
44226  26.470  -34.850  -34.775 0.4000000060
121140  25.215  -36.888  -35.395 0.4000000060
123297  25.912  -34.646  -34.987 0.4000000060
43422  24.776  -35.276  -35.348 0.4000000060
41681  24.906  -37.328  -35.700 0.4000000060
45064  29.597  -33.526  -35.158 0.4000000060
45053  28.278  -33.616  -35.062 0.4000000060
45862  32.169  -33.003  -35.707 0.4000000060
45863  31.143  -32.977  -35.555 0.4000000060
104719  30.142  -33.024  -35.447 0.4000000060
119568  28.260  -32.959  -35.413 0.4000000060
45066  27.636  -33.201  -35.292 0.4000000060
44225  27.546  -33.959  -34.914 0.4000000060
116748  26.882  -34.217  -34.873 0.4000000060
44240  26.185  -34.061  -35.084 0.4000000060
44241  25.317  -34.435  -35.264 0.4000000060
45875  33.588  -32.292  -36.458 0.5000000000
45877  31.521  -32.304  -35.970 0.5000000000
45864  30.542  -32.258  -35.882 0.4000000060
121152  29.967  -32.434  -35.724 0.4000000060
45865  29.428  -32.554  -35.637 0.4000000060
44239  26.922  -33.555  -35.148 0.4000000060
45876  32.540  -32.291  -36.139 0.5000000000
109225  31.041  -31.723  -36.230 0.4000000060
46729  29.777  -31.949  -35.995 0.4000000060
45866  28.614  -32.453  -35.674 0.4000000060
46737  31.874  -31.606  -36.337 0.4000000060
46738  30.320  -31.451  -36.303 0.4000000060
46730  29.008  -31.856  -36.009 0.4000000060
47606  31.615  -30.311  -36.883 0.4000000060
48491  30.791  -30.043  -37.014 0.4000000060
47607  30.133  -30.637  -36.683 0.4000000060
48510  29.181  -29.602  -37.118 0.4000000060
47624  32.548  -30.010  -37.123 0.5000000000
48508  31.585  -29.778  -37.152 0.4000000060
48509  30.341  -29.350  -37.281 0.4000000060
48492  29.902  -29.889  -37.050 0.4000000060
47622  34.382  -30.174  -37.824 0.5000000000
47605  32.256  -30.836  -36.669 0.5000000000
104718  31.117  -30.936  -36.561 0.4000000060
117897  28.832  -30.666  -36.614 0.4000000060
47608  29.347  -30.335  -36.795 0.4000000060
48507  33.179  -29.212  -37.497 0.5000000000
108444  32.097  -29.181  -37.378 0.5000000000
113671  31.131  -29.269  -37.307 0.4000000060
49402  30.678  -28.770  -37.452 0.4000000060
123560  29.696  -29.277  -37.285 0.3000000119
49399  34.124  -28.609  -38.195 0.5000000000
117333  31.520  -28.378  -37.576 0.4000000060
50271  30.536  -28.057  -37.639 0.4000000060
49403  29.987  -28.705  -37.460 0.3000000119
49404  29.109  -28.735  -37.426 0.3000000119
49405  28.182  -28.449  -37.480 0.3000000119
49400  33.620  -28.500  -37.881 0.5000000000
49414  34.314  -28.447  -38.675 0.4000000060
50284  34.234  -27.810  -39.015 0.5000000000
50270  32.266  -27.762  -37.834 0.3000000119
50272  29.634  -27.932  -37.646 0.3000000119
50273  28.709  -27.787  -37.665 0.3000000119
50274  27.848  -27.674  -37.691 0.3000000119
50269  33.153  -27.800  -38.043 0.3000000119
49415  33.906  -27.925  -38.472 0.4000000060
51122  33.923  -27.163  -38.933 0.4000000060
50298  33.968  -27.298  -39.428 0.4000000060
50306  33.855  -27.604  -39.949 0.4000000060
121504  33.453  -27.284  -40.372 0.4000000060
50286  31.300  -27.230  -38.006 0.3000000119
118287  30.192  -27.356  -37.859 0.3000000119
50288  29.293  -26.991  -37.967 0.3000000119
50290  27.365  -26.990  -37.919 0.3000000119
117320  27.123  -27.636  -37.666 0.3000000119
50285  32.661  -27.116  -38.227 0.3000000119
50289  28.230  -26.983  -37.944 0.3000000119
51129  26.770  -26.383  -38.210 0.3000000119
112189  33.476  -27.275  -38.508 0.3000000119
51123  33.321  -26.499  -38.791 0.3000000119
51139  33.745  -26.471  -39.511 0.3000000119
51142  33.690  -26.159  -40.099 0.4000000060
51972  33.040  -25.214  -41.407 0.4000000060
51994  32.510  -24.869  -42.046 0.4000000060
52783  30.677  -24.723  -43.400 0.4000000060
50291  26.610  -27.046  -37.854 0.3000000119
51124  32.177  -26.366  -38.474 0.3000000119
51942  33.425  -25.853  -39.359 0.3000000119
116721  33.537  -24.942  -40.456 0.3000000119
51971  33.455  -24.741  -40.970 0.4000000060
52750  33.397  -24.134  -41.121 0.3000000119
52751  33.166  -24.419  -41.558 0.4000000060
52773  31.952  -24.499  -42.614 0.4000000060
52782  31.422  -24.211  -43.224 0.4000000060
112419  31.649  -23.399  -43.486 0.4000000060
53535  30.735  -23.912  -43.831 0.4000000060
121550  30.076  -23.941  -44.143 0.4000000060
53514  33.207  -23.579  -41.582 0.3000000119
53528  32.893  -23.207  -42.311 0.3000000119
53529  32.232  -23.696  -42.826 0.4000000060
54316  31.085  -23.168  -44.053 0.4000000060
55098  30.706  -21.786  -44.940 0.4000000060
54324  30.000  -22.444  -44.908 0.4000000060
106855  29.147  -22.281  -45.143 0.4000000060
54325  28.254  -22.608  -45.104 0.5000000000
54308  32.845  -22.441  -42.410 0.3000000119
53534  32.483  -22.849  -43.031 0.3000000119
55090  32.206  -21.622  -44.055 0.4000000060
54322  31.479  -21.967  -44.449 0.4000000060
55097  31.556  -21.243  -44.739 0.3000000119
55099  29.556  -21.516  -45.309 0.3000000119
55100  28.408  -21.685  -45.393 0.3000000119
55894  29.272  -20.507  -45.505 0.3000000119
55895  28.517  -20.930  -45.552 0.3000000119
54299  32.873  -22.302  -41.780 0.3000000119
55084  32.715  -21.545  -42.477 0.3000000119
54314  32.615  -21.998  -43.227 0.3000000119
55089  32.608  -21.123  -43.443 0.3000000119
55886  32.359  -20.770  -44.305 0.3000000119
55892  31.641  -20.340  -44.952 0.3000000119
56759  30.755  -19.815  -45.308 0.3000000119
55893  30.532  -20.778  -45.269 0.3000000119
122020  29.891  -20.024  -45.455 0.3000000119
55871  32.491  -20.842  -42.015 0.3000000119
55885  32.692  -20.288  -43.661 0.3000000119
119332  32.383  -19.882  -44.433 0.3000000119
56758  31.647  -19.389  -44.979 0.3000000119
57658  30.716  -18.911  -45.350 0.3000000119
57659  29.843  -19.308  -45.589 0.3000000119
57665  30.599  -18.077  -45.573 0.3000000119
57666  29.861  -18.533  -45.865 0.3000000119
124878  29.983  -17.924  -46.169 0.3000000119
46736  32.957  -31.527  -36.513 0.5000000000
35926  27.417  -44.550  -44.945 0.6000000238
36837  28.005  -43.877  -45.507 0.5000000000
113190  30.011  -42.648  -45.824 0.5000000000
36835  29.679  -43.368  -45.878 0.5000000000
123498  31.775  -40.297  -45.133 0.5000000000
38388  31.034  -41.069  -45.594 0.5000000000
115831  30.327  -41.968  -45.740 0.5000000000
34982  25.650  -44.832  -38.567 0.6000000238
34988  24.825  -45.054  -39.673 0.6000000238
36766  25.362  -43.815  -39.505 0.6000000238
35878  24.935  -44.124  -40.153 0.5000000000
36779  23.967  -43.666  -41.640 0.5000000000
36778  24.595  -43.236  -41.001 0.5000000000
116375  23.821  -42.876  -41.751 0.5000000000
37567  23.055  -42.158  -42.079 0.4000000060
108747  23.335  -41.558  -41.762 0.4000000060
38349  23.833  -40.995  -41.380 0.4000000060
39121  23.046  -40.235  -41.452 0.4000000060
40809  24.101  -38.618  -38.746 0.3000000119
108561  24.394  -35.927  -35.491 0.4000000060
111951  25.127  -33.040  -35.603 0.4000000060
117943  27.773  -32.403  -35.696 0.4000000060
45867  26.974  -32.771  -35.498 0.4000000060
117957  28.231  -31.829  -36.009 0.4000000060
45868  26.231  -32.505  -35.666 0.4000000060
48493  28.643  -30.040  -36.869 0.4000000060
48511  28.419  -29.273  -37.196 0.4000000060
46740  28.567  -31.226  -36.349 0.4000000060
120999  27.520  -28.201  -37.511 0.3000000119
49406  26.926  -28.278  -37.437 0.3000000119
39145  31.966  -39.832  -44.775 0.5000000000
43423  23.758  -35.390  -35.655 0.4000000060
44242  24.285  -34.506  -35.529 0.4000000060
123101  27.681  -31.819  -35.997 0.4000000060
46731  26.962  -31.827  -35.968 0.4000000060
44237  30.570  -34.338  -34.856 0.4000000060
47603  34.136  -30.799  -37.387 0.5000000000
117077  34.122  -27.891  -39.488 0.5000000000
45063  30.835  -33.685  -35.221 0.4000000060
48506  34.123  -29.251  -37.831 0.5000000000
54323  30.903  -22.553  -44.471 0.4000000060
37612  29.570  -41.973  -45.778 0.6000000238
38389  30.481  -41.275  -45.696 0.5000000000
111364  31.545  -40.768  -45.311 0.5000000000
42565  25.974  -36.009  -34.854 0.4000000060
116376  25.708  -35.272  -34.981 0.4000000060
42576  25.205  -36.123  -35.228 0.4000000060
42577  24.462  -36.688  -35.657 0.4000000060
45067  26.275  -33.233  -35.382 0.4000000060
46739  29.422  -31.165  -36.407 0.4000000060
47623  33.705  -30.021  -37.409 0.5000000000
47604  33.325  -30.756  -36.927 0.5000000000
49401  32.660  -28.447  -37.655 0.4000000060
51961  33.653  -25.515  -39.960 0.3000000119
52772  32.777  -24.048  -42.206 0.4000000060
51943  32.740  -25.682  -38.934 0.3000000119
54315  31.833  -22.517  -43.846 0.4000000060
54298  33.063  -22.877  -41.845 0.3000000119
56752  32.657  -19.436  -43.709 0.3000000119
58525  30.474  -17.331  -46.064 0.3000000119
122327  25.741  -32.959  -35.540 0.4000000060
31998  23.112  -48.331  -41.160 0.4000000060
32948  23.273  -47.465  -40.666 0.4000000060
32957  22.715  -47.252  -41.517 0.4000000060
34002  22.608  -46.356  -42.171 0.3000000119
35006  23.039  -45.593  -42.086 0.3000000119
111303  28.046  -47.800  -45.439 0.5000000000
35005  23.575  -45.489  -41.300 0.5000000000
115891  23.326  -44.765  -42.120 0.3000000119
32985  27.842  -47.068  -44.992 0.5000000000
34043  27.839  -46.591  -45.256 0.5000000000
32995  28.021  -47.236  -45.494 0.5000000000
34997  24.453  -44.837  -40.462 0.5000000000
35886  23.969  -44.628  -41.350 0.4000000060
35037  27.496  -45.255  -44.997 0.5000000000
34055  27.985  -46.006  -45.467 0.5000000000
108351  28.723  -45.905  -45.933 0.3000000119
121196  27.562  -44.829  -45.094 0.5000000000
35943  28.560  -44.437  -45.733 0.4000000060
35049  29.611  -45.618  -46.215 0.3000000119
35050  29.119  -45.040  -46.003 0.3000000119
35941  30.238  -44.793  -46.245 0.3000000119
35942  29.437  -44.180  -45.969 0.3000000119
36833  30.959  -43.674  -46.064 0.3000000119
123323  30.692  -44.229  -46.198 0.3000000119
111204  30.242  -43.905  -46.065 0.4000000060
36836  28.808  -43.572  -45.772 0.4000000060
37568  21.998  -41.472  -41.883 0.3000000119
38387  31.452  -41.745  -45.431 0.4000000060
37606  31.369  -42.572  -45.611 0.4000000060
36834  30.368  -43.257  -45.902 0.4000000060
39947  23.491  -39.622  -41.031 0.3000000119
118656  23.559  -37.417  -36.909 0.3000000119
42578  23.819  -36.175  -35.717 0.3000000119
42593  23.527  -36.795  -36.239 0.3000000119
106967  23.116  -36.061  -36.025 0.3000000119
45069  24.742  -33.721  -35.538 0.3000000119
45869  25.488  -32.457  -35.737 0.3000000119
116747  24.833  -32.526  -35.789 0.3000000119
45870  24.361  -33.030  -35.759 0.3000000119
45077  23.029  -33.641  -36.051 0.3000000119
46741  27.732  -31.245  -36.292 0.3000000119
46732  25.914  -31.823  -35.952 0.3000000119
45878  25.035  -31.921  -35.966 0.3000000119
47609  28.184  -30.572  -36.616 0.3000000119
47610  27.437  -30.435  -36.597 0.3000000119
46742  26.281  -31.081  -36.240 0.3000000119
46743  25.367  -31.194  -36.176 0.3000000119
117881  26.644  -30.343  -36.544 0.3000000119
47611  25.652  -30.325  -36.454 0.3000000119
48494  27.888  -29.815  -36.896 0.3000000119
48495  27.089  -29.661  -36.845 0.3000000119
48496  26.267  -29.589  -36.749 0.3000000119
32029  28.356  -48.604  -45.379 0.5000000000
37607  30.935  -41.875  -45.665 0.4000000060
38350  22.245  -40.915  -41.646 0.3000000119
45871  23.551  -32.956  -35.960 0.3000000119
121618  27.025  -30.986  -36.338 0.3000000119
35891  23.448  -43.999  -42.117 0.3000000119
36787  22.918  -42.986  -42.374 0.3000000119
37577  21.534  -42.037  -42.426 0.3000000119
28591  24.750  -52.509  -40.387 0.4000000060
28600  23.993  -53.102  -41.261 0.4000000060
28598  25.372  -52.081  -41.299 0.4000000060
27753  24.397  -53.030  -43.773 0.4000000060
29456  24.910  -51.732  -43.110 0.3000000119
28607  25.445  -52.038  -42.096 0.4000000060
28608  25.127  -52.272  -42.710 0.4000000060
30330  24.862  -50.986  -42.569 0.4000000060
121811  30.650  -51.049  -43.760 0.3000000119
30322  25.562  -50.983  -41.557 0.4000000060
30331  23.868  -50.566  -42.775 0.3000000119
31172  23.119  -49.667  -42.273 0.3000000119
32007  22.340  -48.719  -42.294 0.3000000119
31173  22.328  -49.459  -42.624 0.3000000119
32008  21.933  -47.833  -42.505 0.3000000119
31171  24.179  -50.174  -42.031 0.4000000060
118480  22.866  -48.824  -41.838 0.3000000119
31999  22.432  -47.999  -41.896 0.3000000119
27734  24.508  -52.882  -42.160 0.4000000060
27742  24.688  -52.771  -43.091 0.4000000060
32965  21.443  -46.981  -42.736 0.3000000119
28582  24.900  -52.681  -39.378 0.3000000119
115735  21.248  -47.804  -42.730 0.3000000119
26850  29.372  -54.347  -38.877 0.4000000060
26854  25.484  -54.211  -38.202 0.4000000060
27717  31.406  -53.037  -39.775 0.3000000119
28571  28.008  -52.344  -38.531 0.5000000000
28573  25.991  -52.990  -38.584 0.4000000060
28579  31.550  -52.144  -39.500 0.5000000000
28597  31.588  -52.391  -41.547 0.4000000060
28599  24.603  -52.622  -41.276 0.4000000060
28620  24.677  -52.345  -43.515 0.4000000060
29455  25.321  -51.680  -42.398 0.4000000060
29466  30.911  -51.621  -43.444 0.3000000119
30321  31.780  -50.549  -40.813 0.4000000060
30329  25.556  -51.532  -41.652 0.4000000060
31124  25.866  -48.531  -38.776 0.6000000238
31155  24.892  -49.479  -40.486 0.6000000238
31161  31.354  -49.058  -41.250 0.6999999881
31162  25.396  -50.397  -40.958 0.5000000000
31185  22.206  -50.151  -42.921 0.3000000119
31938  26.958  -48.077  -37.718 0.6999999881
31990  31.590  -48.662  -40.491 0.6000000238
32901  26.786  -47.218  -37.565 0.6999999881
32922  32.026  -47.350  -38.164 0.6000000238
32925  24.874  -47.050  -39.058 0.5000000000
32958  22.225  -47.103  -42.350 0.3000000119
32976  29.949  -48.065  -43.437 0.6000000238
33933  28.302  -46.211  -36.312 0.8999999762
33979  25.148  -46.203  -38.794 0.6000000238
33988  24.095  -46.423  -39.900 0.5000000000
34025  28.055  -45.938  -44.049 0.6999999881
34034  27.645  -45.653  -44.681 0.6000000238
34044  27.618  -45.896  -45.085 0.5000000000
34940  32.033  -44.843  -36.628 0.8999999762
34969  26.624  -45.372  -37.384 0.6999999881
34983  25.198  -45.339  -38.969 0.6000000238
34989  24.337  -45.694  -39.957 0.6000000238
35042  27.733  -45.345  -45.242 0.5000000000
35051  28.284  -45.256  -45.632 0.4000000060
35859  26.601  -44.420  -37.449 0.8000000119
35871  25.262  -44.539  -39.270 0.6000000238
35885  24.444  -44.115  -40.940 0.5000000000
35920  27.682  -44.556  -44.497 0.6999999881
35933  27.536  -44.201  -45.148 0.6000000238
35944  27.882  -44.674  -45.394 0.5000000000
36740  32.259  -43.474  -35.924 0.8999999762
36765  26.124  -42.984  -38.440 0.6999999881
36800  30.325  -43.200  -41.858 0.8000000119
36816  27.435  -43.423  -44.780 0.6999999881
36825  31.356  -43.262  -45.807 0.4000000060
37529  26.673  -42.269  -37.316 0.6000000238
37557  25.470  -42.391  -39.774 0.6000000238
37611  30.802  -42.730  -45.803 0.4000000060
38274  30.218  -41.492  -34.665 1.0000000000
38276  28.827  -41.388  -34.860 1.0000000000
38277  28.188  -41.256  -35.087 0.6999999881
38371  29.193  -41.068  -43.639 0.8999999762
38383  27.167  -41.821  -44.944 0.8999999762
39116  24.097  -40.285  -40.871 0.4000000060
39149  30.552  -40.538  -45.623 0.5000000000
39155  27.820  -40.542  -45.797 0.8000000119
39156  27.015  -40.364  -45.457 0.8000000119
39896  26.004  -39.119  -35.827 0.6000000238
39903  26.185  -39.786  -36.027 0.6999999881
39937  23.908  -39.113  -40.421 0.4000000060
39973  31.993  -39.161  -44.535 0.5000000000
39979  25.929  -39.565  -44.999 0.8999999762
39981  30.194  -39.234  -45.557 0.6000000238
39985  25.640  -38.662  -45.138 0.8999999762
39986  28.474  -39.959  -45.851 0.6000000238
40749  30.340  -38.713  -34.413 0.8000000119
40855  27.762  -38.253  -43.666 0.8999999762
40863  31.889  -38.140  -44.078 0.5000000000
40870  25.427  -38.417  -44.991 0.8999999762
40877  27.346  -38.523  -45.665 0.8000000119
41776  30.896  -38.008  -45.169 0.6000000238
42592  34.173  -36.436  -36.604 0.6999999881
42642  29.078  -36.042  -40.788 1.0000000000
42681  30.087  -37.520  -45.319 0.6000000238
43409  29.731  -35.782  -34.391 0.5000000000
43412  27.018  -35.489  -34.548 0.4000000060
43450  34.424  -35.123  -37.480 0.6999999881
43477  30.639  -35.430  -40.012 1.0000000000
43487  29.933  -35.176  -40.299 1.0000000000
43488  29.471  -35.639  -40.469 1.0000000000
43498  26.327  -34.658  -42.422 1.0000000000
44297  31.409  -34.129  -40.264 0.8999999762
44308  28.359  -34.715  -40.996 1.0000000000
44310  26.896  -34.266  -41.794 1.0000000000
45065  28.962  -33.156  -35.311 0.4000000060
45068  25.568  -33.577  -35.396 0.4000000060
45129  27.387  -33.738  -41.436 1.0000000000
45132  25.227  -33.041  -42.629 1.0000000000
45155  24.728  -33.151  -43.771 0.8999999762
47672  27.848  -30.230  -42.135 0.8000000119
47675  24.619  -30.407  -42.582 0.8999999762
47690  24.163  -30.819  -42.820 0.8999999762
48564  24.314  -29.696  -42.768 0.8999999762
50305  33.783  -26.874  -39.978 0.4000000060
51199  24.454  -26.410  -44.301 0.8000000119
51205  24.184  -26.793  -44.304 0.8000000119
52013  29.979  -25.242  -43.507 0.5000000000
52016  27.632  -25.968  -43.748 0.6999999881
52029  27.611  -25.369  -46.294 0.6000000238
52786  27.547  -24.577  -44.366 0.8000000119
52803  24.797  -24.486  -45.762 0.6999999881
53546  24.955  -23.376  -45.262 0.6000000238
53549  24.695  -23.310  -45.721 0.6000000238
53554  28.268  -23.563  -46.832 0.6000000238
53556  25.289  -23.111  -46.236 0.6000000238
54330  25.463  -22.208  -45.973 0.6000000238
54331  24.945  -22.683  -45.950 0.6000000238
54337  29.346  -22.125  -47.385 0.6000000238
55115  30.251  -21.373  -47.485 0.5000000000
55118  26.570  -21.340  -46.685 0.6000000238
55916  28.122  -19.640  -47.255 0.5000000000
56768  27.684  -19.841  -46.437 0.4000000060
56780  29.713  -19.974  -47.633 0.6000000238
56781  28.316  -19.231  -47.199 0.4000000060
57688  28.728  -19.022  -47.347 0.4000000060
58551  32.424  -17.905  -48.911 0.4000000060
104383  29.793  -20.704  -47.562 0.6000000238
104384  30.247  -22.114  -47.336 0.5000000000
106854  27.478  -21.839  -45.470 0.5000000000
108995  28.308  -33.284  -44.488 0.6999999881
109345  30.366  -36.551  -34.382 0.5000000000
109870  34.540  -30.884  -37.838 0.6999999881
110864  27.318  -43.793  -44.996 0.6000000238
111530  24.430  -31.806  -43.286 0.8999999762
111859  26.623  -53.139  -38.504 0.4000000060
112017  31.297  -45.773  -40.147 0.8999999762
112211  30.622  -37.403  -34.387 0.6000000238
112439  24.185  -24.484  -45.100 0.6000000238
113931  27.896  -53.172  -38.401 0.4000000060
113958  26.911  -29.649  -42.427 0.8999999762
114739  27.818  -36.767  -42.907 0.8999999762
114789  21.792  -48.580  -42.625 0.3000000119
115215  22.658  -44.825  -42.656 0.3000000119
115559  26.350  -37.736  -35.027 0.4000000060
115812  29.358  -44.951  -42.813 0.8000000119
116423  29.940  -19.309  -47.693 0.4000000060
116539  28.945  -40.164  -34.544 0.8999999762
116555  27.014  -41.511  -45.068 0.8000000119
116883  23.807  -28.957  -43.614 0.8999999762
117767  25.138  -52.380  -41.995 0.4000000060
118058  32.485  -39.644  -34.802 0.8999999762
118234  23.628  -28.669  -43.950 0.8000000119
118564  25.372  -51.174  -42.044 0.4000000060
118864  30.705  -39.144  -45.424 0.6000000238
119504  34.673  -17.986  -49.362 0.3000000119
121734  28.583  -23.423  -44.688 0.6000000238
122293  25.455  -38.152  -45.080 0.8999999762
123040  28.796  -24.094  -46.734 0.6000000238
123320  29.531  -33.065  -35.391 0.4000000060
123583  24.040  -41.618  -41.449 0.4000000060
123584  31.505  -42.212  -39.895 1.0000000000
123685  26.190  -39.927  -44.946 0.8999999762
124311  31.583  -42.511  -35.042 0.8999999762
125764  26.167  -51.168  -40.495 0.5000000000
125794  26.857  -50.678  -39.470 0.5000000000
