#!ascii label  , from subject sub-v1s23x0050625_ses-1 vox2ras=TkReg
943
56343  14.077  -6.622  46.540 0.0000000000
42449  7.112  -22.079  30.500 0.0000000000
49876  5.244  -14.371  43.496 0.0000000000
108022  7.017  -9.512  39.641 0.0000000000
54660  9.529  -9.423  34.331 0.0000000000
53628  9.315  -10.089  46.514 0.0000000000
55510  8.445  -7.823  43.992 0.0000000000
118691  16.369  -7.774  45.862 0.0000000000
51768  11.409  -12.073  45.020 0.0000000000
47832  7.837  -16.756  45.093 0.0000000000
60072  10.243  -3.588  42.523 0.0000000000
55581  7.394  -8.778  37.162 0.0000000000
59155  11.904  -4.177  38.775 0.0000000000
45036  3.270  -19.856  40.452 0.0000000000
46952  4.394  -17.418  37.862 0.0000000000
51815  5.659  -12.823  42.090 0.0000000000
58233  7.302  -5.045  43.980 0.0000000000
114792  6.983  -16.364  35.061 0.0000000000
50003  6.568  -13.636  31.960 0.0000000000
50963  6.146  -13.341  29.880 0.0000000000
113145  10.892  -7.994  30.551 0.0000000000
55461  11.166  -7.442  44.594 0.0000000000
56353  10.849  -6.957  44.230 0.0000000000
55452  15.455  -7.405  46.409 0.0000000000
53635  12.779  -9.251  44.398 0.0000000000
53611  12.043  -9.472  45.302 0.0000000000
52683  11.118  -11.125  46.398 0.0000000000
60090  11.642  -3.877  40.729 0.0000000000
47860  3.893  -17.026  41.897 0.0000000000
101838  4.084  -15.486  40.914 0.0000000000
50805  5.255  -13.497  42.985 0.0000000000
60047  10.426  -4.034  45.656 0.0000000000
107558  7.879  -6.083  44.475 0.0000000000
47817  6.133  -15.518  44.629 0.0000000000
45916  5.832  -18.453  43.604 0.0000000000
110349  4.450  -17.799  43.246 0.0000000000
106239  3.462  -20.187  41.684 0.0000000000
50845  6.132  -13.302  39.390 0.0000000000
47937  5.561  -16.093  36.583 0.0000000000
50854  6.987  -13.152  37.380 0.0000000000
55591  8.514  -8.603  36.237 0.0000000000
52819  6.162  -11.256  34.102 0.0000000000
53758  6.123  -10.779  33.463 0.0000000000
50935  5.742  -13.390  31.299 0.0000000000
53780  6.917  -11.069  31.507 0.0000000000
51772  7.282  -12.741  45.391 0.0000000000
52712  6.467  -12.098  44.426 0.0000000000
53646  8.300  -9.620  45.327 0.0000000000
57259  11.147  -6.068  44.397 0.0000000000
55493  16.877  -8.295  45.539 0.0000000000
55533  14.693  -8.672  42.482 0.0000000000
54584  13.480  -8.729  43.380 0.0000000000
52710  12.296  -11.185  43.507 0.0000000000
49862  8.913  -14.254  45.311 0.0000000000
50762  7.919  -13.338  45.582 0.0000000000
57305  7.350  -6.994  40.695 0.0000000000
55566  7.208  -9.136  38.052 0.0000000000
57315  9.006  -7.132  39.585 0.0000000000
57327  10.325  -7.210  38.827 0.0000000000
56451  12.093  -7.183  37.136 0.0000000000
58187  17.222  -5.840  47.384 0.0000000000
53649  19.527  -10.851  44.875 0.0000000000
53620  21.044  -11.018  48.724 0.0000000000
55457  18.129  -8.713  47.721 0.0000000000
56336  18.327  -7.466  48.078 0.0000000000
43285  2.814  -21.232  38.644 0.0000000000
44185  3.864  -20.556  37.261 0.0000000000
45987  3.875  -18.312  39.026 0.0000000000
49015  4.558  -15.132  39.581 0.0000000000
52737  6.568  -11.048  41.116 0.0000000000
53661  6.609  -10.867  42.870 0.0000000000
109428  6.838  -9.241  42.107 0.0000000000
56400  6.970  -7.383  41.437 0.0000000000
59119  8.318  -3.969  43.390 0.0000000000
110247  4.906  -20.036  36.010 0.0000000000
44224  6.961  -20.045  34.644 0.0000000000
45125  9.150  -19.143  33.093 0.0000000000
50864  7.211  -12.239  35.549 0.0000000000
49982  8.102  -14.282  33.934 0.0000000000
46083  7.887  -18.687  30.328 0.0000000000
47079  6.272  -17.696  29.424 0.0000000000
48036  6.291  -16.722  28.912 0.0000000000
60135  12.145  -3.417  36.941 0.0000000000
56470  13.157  -7.227  35.062 0.0000000000
57378  12.958  -6.387  32.777 0.0000000000
116747  11.662  -9.181  32.588 0.0000000000
100090  7.718  -10.892  29.558 0.0000000000
56345  12.927  -6.980  46.211 0.0000000000
57240  13.582  -6.392  46.470 0.0000000000
57239  14.350  -6.039  46.861 0.0000000000
55444  14.017  -7.384  46.234 0.0000000000
54527  13.387  -8.454  45.440 0.0000000000
54528  12.070  -8.322  45.750 0.0000000000
54529  11.248  -8.129  44.912 0.0000000000
41581  5.061  -23.170  29.456 0.0000000000
42469  5.780  -21.638  29.154 0.0000000000
101963  4.332  -15.837  42.934 0.0000000000
48986  4.387  -15.146  42.672 0.0000000000
50795  5.157  -13.918  43.231 0.0000000000
55530  17.183  -8.676  42.926 0.0000000000
118262  5.642  -14.857  43.906 0.0000000000
46868  5.430  -16.928  43.858 0.0000000000
121007  4.845  -15.611  43.375 0.0000000000
46880  4.142  -17.150  42.994 0.0000000000
105945  6.693  -12.292  39.081 0.0000000000
50855  6.361  -13.889  38.111 0.0000000000
114819  7.148  -11.560  38.225 0.0000000000
55604  9.071  -9.061  35.250 0.0000000000
118721  7.486  -9.493  35.109 0.0000000000
54676  7.682  -9.857  34.051 0.0000000000
53768  6.386  -10.844  32.579 0.0000000000
54691  8.293  -10.295  32.873 0.0000000000
52695  7.774  -11.647  46.089 0.0000000000
109034  7.522  -11.183  45.743 0.0000000000
53638  8.415  -10.122  46.232 0.0000000000
57253  11.347  -6.656  44.793 0.0000000000
60045  12.765  -4.235  44.917 0.0000000000
55470  16.839  -8.018  46.159 0.0000000000
55495  15.209  -7.812  44.244 0.0000000000
54566  14.298  -7.948  44.498 0.0000000000
52691  12.179  -10.602  44.398 0.0000000000
53645  12.260  -10.082  43.880 0.0000000000
52702  12.002  -11.534  44.417 0.0000000000
50769  10.028  -13.032  45.879 0.0000000000
52684  9.800  -11.081  46.839 0.0000000000
104311  8.710  -12.767  46.086 0.0000000000
51770  8.132  -12.769  45.921 0.0000000000
50763  7.528  -13.326  45.371 0.0000000000
108315  8.720  -5.716  41.651 0.0000000000
57304  7.909  -6.863  40.425 0.0000000000
100904  10.138  -5.723  41.151 0.0000000000
59156  11.917  -4.520  39.619 0.0000000000
58266  11.577  -5.591  40.017 0.0000000000
58273  11.684  -6.141  39.122 0.0000000000
56438  10.665  -7.403  38.186 0.0000000000
57325  12.030  -6.184  38.398 0.0000000000
54550  18.033  -9.212  47.391 0.0000000000
104319  3.101  -20.187  39.505 0.0000000000
45059  3.437  -19.753  38.796 0.0000000000
45976  3.756  -18.222  39.774 0.0000000000
49907  4.532  -14.406  41.604 0.0000000000
49005  4.248  -15.362  40.197 0.0000000000
50827  5.398  -13.534  40.929 0.0000000000
50835  5.541  -13.780  40.068 0.0000000000
52738  6.173  -12.014  41.644 0.0000000000
54577  8.276  -9.107  44.456 0.0000000000
53654  6.846  -11.230  44.038 0.0000000000
54585  8.143  -8.508  44.044 0.0000000000
57269  7.387  -5.813  44.093 0.0000000000
56383  7.556  -7.090  43.589 0.0000000000
102716  7.193  -6.782  42.900 0.0000000000
55546  6.954  -7.935  41.877 0.0000000000
116727  7.304  -6.210  42.782 0.0000000000
58241  7.624  -5.567  42.685 0.0000000000
59120  7.618  -4.456  43.689 0.0000000000
54600  13.515  -9.701  42.275 0.0000000000
54599  14.137  -9.220  42.031 0.0000000000
47846  8.126  -17.169  44.368 0.0000000000
46879  7.851  -17.859  43.900 0.0000000000
45914  7.177  -18.156  44.207 0.0000000000
45931  5.152  -18.657  43.109 0.0000000000
44989  5.786  -19.221  43.085 0.0000000000
104277  3.346  -20.013  41.284 0.0000000000
107193  2.995  -20.553  40.829 0.0000000000
45068  4.086  -19.139  37.451 0.0000000000
44198  4.380  -20.293  36.614 0.0000000000
46007  4.542  -18.563  36.994 0.0000000000
47946  6.395  -16.507  35.524 0.0000000000
46016  6.273  -18.477  35.038 0.0000000000
115456  6.917  -18.210  34.762 0.0000000000
45115  7.976  -19.402  33.992 0.0000000000
46029  8.025  -17.312  34.169 0.0000000000
55572  7.296  -8.901  37.529 0.0000000000
52782  7.194  -10.709  36.631 0.0000000000
53732  7.081  -10.219  36.154 0.0000000000
50905  6.381  -12.473  33.013 0.0000000000
50904  6.978  -12.892  33.546 0.0000000000
49994  7.486  -13.664  33.062 0.0000000000
47037  9.145  -16.380  32.451 0.0000000000
48011  7.360  -16.163  30.793 0.0000000000
47066  6.787  -17.522  30.067 0.0000000000
48012  6.323  -15.772  30.487 0.0000000000
50954  5.780  -13.677  30.394 0.0000000000
105785  5.806  -15.151  30.265 0.0000000000
50049  5.962  -14.201  29.844 0.0000000000
59208  12.676  -3.839  36.152 0.0000000000
58297  12.900  -5.496  36.307 0.0000000000
59207  13.127  -4.804  35.611 0.0000000000
57389  11.616  -6.131  31.660 0.0000000000
120706  12.093  -6.775  31.964 0.0000000000
112796  12.346  -8.047  32.637 0.0000000000
55632  11.139  -8.893  30.787 0.0000000000
53777  10.124  -10.139  30.746 0.0000000000
54732  9.267  -9.677  29.643 0.0000000000
53627  9.706  -9.345  45.700 0.0000000000
54555  9.332  -9.111  44.925 0.0000000000
55471  11.080  -7.108  44.424 0.0000000000
55460  15.419  -7.615  45.881 0.0000000000
54552  14.330  -7.995  44.881 0.0000000000
54540  13.365  -8.617  44.982 0.0000000000
53624  12.783  -9.072  44.941 0.0000000000
113201  12.061  -11.175  45.105 0.0000000000
52693  11.553  -11.714  45.353 0.0000000000
52673  11.732  -9.940  45.499 0.0000000000
52674  11.461  -10.021  45.879 0.0000000000
61101  11.102  -2.190  42.175 0.0000000000
105613  11.380  -3.758  41.424 0.0000000000
61110  11.367  -2.213  41.294 0.0000000000
61119  11.506  -2.225  40.140 0.0000000000
60113  11.635  -2.727  39.261 0.0000000000
46902  3.624  -18.095  41.590 0.0000000000
46901  3.784  -17.198  41.023 0.0000000000
47873  3.974  -16.183  41.448 0.0000000000
49901  4.561  -14.430  42.313 0.0000000000
50816  5.192  -13.476  42.406 0.0000000000
57261  9.085  -6.470  44.510 0.0000000000
57267  8.323  -6.621  44.363 0.0000000000
58223  8.409  -5.952  44.833 0.0000000000
59108  7.923  -4.411  45.104 0.0000000000
60057  7.720  -3.518  44.842 0.0000000000
61084  8.055  -2.723  44.788 0.0000000000
47816  6.797  -15.741  45.204 0.0000000000
46867  6.760  -17.576  44.690 0.0000000000
115273  6.050  -16.996  44.364 0.0000000000
45917  5.037  -17.849  43.524 0.0000000000
45932  4.424  -18.430  42.903 0.0000000000
45007  4.087  -19.959  42.083 0.0000000000
45933  3.876  -18.090  42.681 0.0000000000
46893  3.679  -18.100  42.285 0.0000000000
49030  4.823  -15.891  38.226 0.0000000000
114182  4.936  -17.439  36.821 0.0000000000
49029  5.351  -15.424  37.760 0.0000000000
49955  5.972  -14.922  37.255 0.0000000000
49954  6.666  -14.398  36.648 0.0000000000
55580  7.786  -8.529  36.981 0.0000000000
104198  6.812  -10.401  35.374 0.0000000000
54650  7.190  -9.448  35.852 0.0000000000
53751  5.964  -11.147  33.696 0.0000000000
50906  6.051  -12.347  32.650 0.0000000000
50019  6.005  -14.258  31.191 0.0000000000
110824  5.703  -12.219  32.079 0.0000000000
52843  5.664  -12.137  31.614 0.0000000000
52856  5.931  -12.055  30.943 0.0000000000
57401  10.021  -6.538  30.880 0.0000000000
56510  8.695  -8.171  29.328 0.0000000000
56511  7.370  -7.398  29.155 0.0000000000
50773  6.121  -13.696  44.611 0.0000000000
51789  5.853  -13.117  44.076 0.0000000000
52704  6.694  -12.295  45.013 0.0000000000
53647  7.798  -10.266  45.711 0.0000000000
54576  8.599  -8.845  44.188 0.0000000000
55483  9.754  -7.334  43.913 0.0000000000
56362  9.414  -7.239  43.924 0.0000000000
56369  9.072  -7.028  44.048 0.0000000000
59105  11.084  -4.955  45.091 0.0000000000
120633  17.067  -8.494  44.527 0.0000000000
55518  16.399  -8.333  43.274 0.0000000000
55507  15.841  -7.951  44.278 0.0000000000
54575  13.386  -8.587  43.799 0.0000000000
53652  12.585  -10.401  43.727 0.0000000000
52718  12.200  -11.218  42.931 0.0000000000
48962  8.604  -15.585  44.716 0.0000000000
48951  8.150  -15.303  45.252 0.0000000000
50759  9.918  -12.684  46.150 0.0000000000
50771  8.594  -13.704  45.645 0.0000000000
48943  7.741  -14.639  45.351 0.0000000000
48944  7.217  -14.327  45.219 0.0000000000
49864  6.693  -14.017  44.972 0.0000000000
116180  7.142  -7.827  40.136 0.0000000000
54626  7.171  -9.512  38.606 0.0000000000
56426  7.420  -8.109  39.401 0.0000000000
56425  7.725  -7.883  39.257 0.0000000000
56441  8.054  -7.964  38.491 0.0000000000
58258  10.553  -6.092  40.476 0.0000000000
57314  10.032  -6.979  39.416 0.0000000000
56454  8.806  -7.901  37.880 0.0000000000
56464  9.459  -8.089  37.276 0.0000000000
105113  9.702  -8.396  36.490 0.0000000000
55590  10.676  -8.674  35.580 0.0000000000
57228  15.635  -5.843  46.533 0.0000000000
54581  18.417  -9.632  44.021 0.0000000000
51756  22.095  -11.248  46.555 0.0000000000
52672  21.830  -11.030  48.562 0.0000000000
119996  21.187  -11.423  46.927 0.0000000000
53642  19.436  -10.978  45.788 0.0000000000
53643  18.868  -10.411  45.413 0.0000000000
54573  17.798  -9.277  45.571 0.0000000000
55480  17.610  -8.839  46.900 0.0000000000
55458  17.775  -8.278  47.510 0.0000000000
55449  18.231  -8.152  47.958 0.0000000000
55459  17.410  -7.913  47.432 0.0000000000
55441  17.396  -7.367  47.786 0.0000000000
56339  15.661  -6.427  46.908 0.0000000000
45058  3.841  -18.916  38.389 0.0000000000
109862  4.105  -17.864  38.408 0.0000000000
47888  3.975  -16.293  40.313 0.0000000000
47900  4.210  -15.951  39.374 0.0000000000
47914  4.377  -16.272  38.632 0.0000000000
49926  5.051  -14.836  39.117 0.0000000000
51834  6.117  -12.835  40.235 0.0000000000
110749  6.811  -10.246  40.351 0.0000000000
51794  6.019  -12.545  43.839 0.0000000000
52721  5.835  -12.315  43.041 0.0000000000
111331  6.175  -11.652  42.705 0.0000000000
55521  7.983  -7.806  43.847 0.0000000000
53667  7.042  -9.777  42.708 0.0000000000
53668  6.606  -10.183  42.105 0.0000000000
53674  6.563  -10.583  41.630 0.0000000000
53683  6.651  -10.195  41.071 0.0000000000
54611  6.953  -8.805  40.892 0.0000000000
57294  7.181  -6.880  41.336 0.0000000000
58251  7.956  -5.898  41.867 0.0000000000
60073  9.309  -3.842  42.875 0.0000000000
61092  8.636  -2.625  44.189 0.0000000000
61091  9.469  -2.558  43.537 0.0000000000
61102  10.424  -2.592  42.827 0.0000000000
45943  8.096  -18.802  42.518 0.0000000000
45930  6.908  -18.789  43.794 0.0000000000
116296  5.255  -18.215  35.988 0.0000000000
44210  6.202  -20.284  35.070 0.0000000000
43359  8.698  -21.058  31.418 0.0000000000
105957  7.217  -10.768  37.684 0.0000000000
51868  7.305  -12.270  36.426 0.0000000000
49968  7.187  -13.997  35.950 0.0000000000
119321  6.758  -11.690  34.880 0.0000000000
49967  7.432  -13.813  35.141 0.0000000000
47961  8.233  -16.309  34.138 0.0000000000
101929  9.278  -17.326  32.962 0.0000000000
45130  9.464  -19.216  31.566 0.0000000000
44249  7.714  -20.372  30.018 0.0000000000
44250  6.974  -19.638  29.674 0.0000000000
49112  5.902  -15.869  30.139 0.0000000000
48031  6.168  -16.652  29.443 0.0000000000
61125  11.605  -2.221  38.442 0.0000000000
62017  11.864  -1.601  37.487 0.0000000000
116607  12.054  -3.990  37.473 0.0000000000
114386  12.573  -5.340  36.940 0.0000000000
56461  12.327  -7.464  36.245 0.0000000000
55602  11.642  -8.697  34.925 0.0000000000
56476  13.364  -6.818  34.214 0.0000000000
107459  12.046  -8.818  33.947 0.0000000000
54673  11.478  -9.274  33.390 0.0000000000
53766  8.870  -10.469  31.845 0.0000000000
53791  7.450  -11.222  30.432 0.0000000000
113861  6.775  -11.994  29.467 0.0000000000
53804  6.972  -11.357  28.694 0.0000000000
56344  13.586  -6.735  46.493 0.0000000000
57236  13.939  -6.402  46.585 0.0000000000
57235  14.572  -6.111  46.437 0.0000000000
56340  14.577  -7.202  46.174 0.0000000000
55454  12.843  -7.499  46.141 0.0000000000
55455  11.813  -7.396  45.467 0.0000000000
42450  6.679  -22.649  30.927 0.0000000000
42460  6.008  -22.491  30.032 0.0000000000
113924  5.311  -22.380  29.131 0.0000000000
42459  6.585  -21.493  29.723 0.0000000000
48973  4.726  -15.245  43.187 0.0000000000
49888  4.772  -14.475  42.947 0.0000000000
54590  17.839  -9.078  43.491 0.0000000000
54598  17.885  -9.138  42.606 0.0000000000
113794  5.625  -14.484  43.970 0.0000000000
48963  5.272  -15.080  43.584 0.0000000000
47847  4.500  -16.193  43.203 0.0000000000
53691  7.046  -10.250  39.271 0.0000000000
52761  7.042  -11.138  38.893 0.0000000000
54661  8.397  -9.383  34.726 0.0000000000
100066  8.864  -9.644  33.968 0.0000000000
100301  8.876  -9.977  33.378 0.0000000000
52694  8.553  -11.143  46.532 0.0000000000
53637  8.937  -9.500  45.663 0.0000000000
54551  15.727  -7.719  45.172 0.0000000000
52692  12.071  -11.234  44.675 0.0000000000
51786  11.425  -12.315  44.569 0.0000000000
51780  10.765  -12.752  45.258 0.0000000000
50781  10.221  -13.342  45.189 0.0000000000
51759  8.911  -12.088  46.494 0.0000000000
51760  8.148  -12.071  46.217 0.0000000000
59129  9.786  -4.521  42.203 0.0000000000
112229  9.324  -5.907  41.238 0.0000000000
58250  9.608  -5.351  41.680 0.0000000000
60102  11.780  -3.622  39.351 0.0000000000
58265  12.037  -5.173  39.079 0.0000000000
58272  12.133  -5.561  38.502 0.0000000000
110384  12.108  -4.713  38.114 0.0000000000
114488  3.568  -18.915  40.353 0.0000000000
109242  5.245  -13.466  41.754 0.0000000000
114295  4.900  -14.025  41.379 0.0000000000
51823  5.843  -12.807  41.306 0.0000000000
55496  8.506  -8.461  44.043 0.0000000000
54586  7.893  -9.406  44.217 0.0000000000
57277  7.327  -6.309  43.517 0.0000000000
115166  7.341  -5.626  43.426 0.0000000000
59121  7.452  -5.040  43.346 0.0000000000
46866  7.506  -17.484  44.742 0.0000000000
44990  4.733  -19.326  42.512 0.0000000000
44101  5.374  -20.150  42.664 0.0000000000
45966  3.429  -18.924  41.061 0.0000000000
44148  2.772  -20.740  40.142 0.0000000000
45996  4.256  -18.264  37.724 0.0000000000
46964  4.624  -17.789  37.262 0.0000000000
46980  6.748  -17.062  35.066 0.0000000000
46998  7.226  -17.606  34.675 0.0000000000
46030  7.687  -18.414  34.262 0.0000000000
104886  7.483  -16.777  34.662 0.0000000000
54638  7.129  -9.688  36.654 0.0000000000
55582  7.168  -9.276  36.789 0.0000000000
115930  6.667  -13.046  32.745 0.0000000000
49089  7.444  -14.299  32.047 0.0000000000
49102  8.113  -14.963  32.023 0.0000000000
49103  7.165  -15.135  31.227 0.0000000000
50018  6.563  -14.429  31.399 0.0000000000
51955  6.080  -12.880  30.343 0.0000000000
61135  12.806  -2.099  35.964 0.0000000000
114578  12.967  -3.015  35.612 0.0000000000
101671  13.260  -3.853  35.266 0.0000000000
56494  10.859  -7.149  30.890 0.0000000000
56493  11.536  -6.923  31.518 0.0000000000
55631  11.594  -8.011  31.241 0.0000000000
54718  10.615  -9.521  30.550 0.0000000000
55640  10.359  -8.608  30.120 0.0000000000
120709  10.541  -8.611  44.779 0.0000000000
54554  9.923  -8.642  44.610 0.0000000000
55462  10.562  -7.923  44.154 0.0000000000
58195  14.072  -5.827  46.011 0.0000000000
54539  14.300  -8.054  45.145 0.0000000000
54526  14.378  -7.953  45.582 0.0000000000
53610  12.471  -9.079  45.314 0.0000000000
53625  12.370  -9.967  44.798 0.0000000000
116652  11.931  -9.813  45.339 0.0000000000
53626  12.108  -10.503  45.023 0.0000000000
54541  10.811  -8.254  44.612 0.0000000000
53613  11.197  -8.989  45.486 0.0000000000
53614  10.568  -9.138  45.581 0.0000000000
62007  11.274  -1.351  40.727 0.0000000000
62010  11.330  -1.179  39.703 0.0000000000
106903  11.514  -1.852  39.220 0.0000000000
101829  4.127  -15.993  42.385 0.0000000000
50806  4.917  -13.936  42.650 0.0000000000
50817  4.818  -13.936  42.055 0.0000000000
51804  5.540  -12.891  42.714 0.0000000000
58216  9.337  -5.597  45.066 0.0000000000
59106  9.904  -4.815  45.415 0.0000000000
60048  9.175  -3.812  45.700 0.0000000000
109064  8.562  -2.872  45.538 0.0000000000
61078  8.024  -2.928  45.183 0.0000000000
46854  6.386  -16.495  44.857 0.0000000000
46869  4.663  -16.932  43.427 0.0000000000
44991  3.987  -18.935  42.294 0.0000000000
46892  4.079  -16.624  42.801 0.0000000000
116019  3.866  -17.437  42.647 0.0000000000
45956  3.626  -18.756  41.858 0.0000000000
49021  5.167  -15.161  38.469 0.0000000000
49934  5.680  -14.425  38.656 0.0000000000
51858  6.763  -13.042  38.119 0.0000000000
49943  6.535  -14.090  37.389 0.0000000000
49040  6.180  -15.323  36.451 0.0000000000
55592  7.474  -8.840  36.480 0.0000000000
54677  6.647  -10.357  33.959 0.0000000000
54678  6.131  -10.763  34.005 0.0000000000
53759  5.916  -11.000  33.602 0.0000000000
52830  6.026  -11.491  33.440 0.0000000000
51926  5.859  -11.933  32.726 0.0000000000
50920  5.812  -12.721  32.039 0.0000000000
53769  5.877  -11.145  32.933 0.0000000000
53781  6.036  -11.374  32.061 0.0000000000
103638  5.809  -11.760  31.620 0.0000000000
52855  6.385  -11.625  30.905 0.0000000000
57391  9.456  -5.731  31.182 0.0000000000
57402  8.962  -6.360  30.687 0.0000000000
56503  8.402  -7.090  29.943 0.0000000000
57403  7.659  -5.864  30.499 0.0000000000
50783  6.200  -13.141  44.607 0.0000000000
51782  6.739  -12.688  45.029 0.0000000000
120392  7.989  -10.077  46.028 0.0000000000
54578  7.930  -9.724  45.104 0.0000000000
55473  9.386  -8.354  44.055 0.0000000000
57254  10.646  -6.338  44.303 0.0000000000
56368  9.756  -6.648  44.235 0.0000000000
57260  10.209  -5.921  44.629 0.0000000000
58222  11.014  -5.882  44.443 0.0000000000
55505  17.258  -8.663  45.229 0.0000000000
108177  16.465  -8.215  44.093 0.0000000000
55506  16.604  -8.217  44.824 0.0000000000
106415  14.286  -8.108  43.707 0.0000000000
54567  13.379  -8.556  44.163 0.0000000000
53644  12.780  -9.325  43.983 0.0000000000
52701  12.354  -11.027  44.041 0.0000000000
53659  12.567  -10.641  43.288 0.0000000000
52719  11.937  -11.826  43.300 0.0000000000
113822  11.160  -13.045  43.663 0.0000000000
50782  9.695  -13.992  44.872 0.0000000000
49874  8.614  -14.926  45.161 0.0000000000
51758  10.705  -12.095  46.249 0.0000000000
50761  8.367  -13.255  45.761 0.0000000000
49859  8.120  -13.907  45.523 0.0000000000
111474  7.186  -15.043  45.274 0.0000000000
49860  7.670  -13.847  45.378 0.0000000000
49861  7.260  -13.763  45.200 0.0000000000
50772  6.858  -13.305  45.011 0.0000000000
55561  7.210  -8.361  39.608 0.0000000000
56411  7.440  -7.500  40.042 0.0000000000
57303  8.782  -6.747  40.205 0.0000000000
57316  8.095  -7.307  39.755 0.0000000000
56442  7.598  -8.364  38.648 0.0000000000
56424  8.354  -7.614  39.134 0.0000000000
59138  11.298  -4.498  41.251 0.0000000000
58249  11.060  -5.334  40.905 0.0000000000
57313  10.898  -6.755  39.156 0.0000000000
58267  10.833  -6.439  39.741 0.0000000000
56440  8.710  -7.695  38.594 0.0000000000
56439  9.598  -7.571  38.390 0.0000000000
57338  11.512  -7.162  37.886 0.0000000000
56463  10.400  -8.048  37.022 0.0000000000
55578  10.751  -8.304  36.347 0.0000000000
56462  11.468  -7.875  36.604 0.0000000000
58184  15.952  -5.844  46.736 0.0000000000
58188  16.352  -5.698  46.755 0.0000000000
59081  17.411  -5.747  47.239 0.0000000000
53656  19.637  -10.714  43.974 0.0000000000
53657  19.060  -10.204  43.523 0.0000000000
53650  18.947  -10.283  44.466 0.0000000000
53607  21.742  -10.774  49.144 0.0000000000
52668  22.210  -10.907  48.886 0.0000000000
113692  21.458  -11.083  47.634 0.0000000000
52680  20.878  -11.067  47.556 0.0000000000
52689  20.568  -11.398  46.654 0.0000000000
53632  20.211  -10.955  47.359 0.0000000000
54563  18.305  -9.934  45.987 0.0000000000
54572  18.331  -9.752  45.003 0.0000000000
54537  18.270  -8.944  47.920 0.0000000000
55468  17.896  -8.690  47.549 0.0000000000
55469  17.477  -8.371  46.993 0.0000000000
110230  18.788  -8.091  48.278 0.0000000000
55440  17.759  -7.671  47.866 0.0000000000
55450  17.839  -7.810  47.820 0.0000000000
55451  16.766  -7.470  47.276 0.0000000000
58182  17.781  -6.471  47.983 0.0000000000
56338  16.895  -7.049  47.643 0.0000000000
57227  16.539  -6.203  47.278 0.0000000000
100857  2.718  -21.919  38.589 0.0000000000
46914  3.837  -17.329  40.034 0.0000000000
49917  4.568  -14.725  40.345 0.0000000000
101854  4.612  -15.526  38.876 0.0000000000
50836  5.018  -14.485  39.828 0.0000000000
52750  6.432  -11.982  40.782 0.0000000000
52762  6.719  -11.922  39.861 0.0000000000
51788  6.305  -12.672  44.573 0.0000000000
53660  7.343  -10.232  43.609 0.0000000000
52720  6.272  -11.815  43.442 0.0000000000
56376  8.149  -7.185  44.009 0.0000000000
55522  7.548  -7.851  43.268 0.0000000000
104572  7.298  -8.734  42.820 0.0000000000
54601  6.919  -8.699  41.604 0.0000000000
113018  6.917  -8.062  41.153 0.0000000000
108608  6.985  -7.706  40.749 0.0000000000
59131  7.924  -4.761  42.969 0.0000000000
58240  8.329  -5.274  42.323 0.0000000000
59130  8.771  -4.555  42.608 0.0000000000
60066  8.154  -3.285  44.170 0.0000000000
55532  15.503  -8.339  42.852 0.0000000000
45929  7.566  -18.664  43.453 0.0000000000
46891  8.265  -18.080  42.920 0.0000000000
45915  6.599  -18.285  44.023 0.0000000000
44973  6.408  -18.801  43.580 0.0000000000
43269  2.323  -21.689  39.191 0.0000000000
108203  4.879  -20.866  36.136 0.0000000000
43324  4.950  -21.571  36.387 0.0000000000
44211  5.541  -20.611  35.617 0.0000000000
107021  5.177  -16.827  36.707 0.0000000000
46982  5.362  -17.492  36.148 0.0000000000
45090  6.321  -19.335  34.945 0.0000000000
43344  6.874  -20.876  34.749 0.0000000000
44223  7.526  -20.609  34.285 0.0000000000
45114  8.685  -19.698  33.451 0.0000000000
44236  8.705  -20.632  33.207 0.0000000000
43354  8.122  -21.840  32.029 0.0000000000
104163  9.022  -20.646  32.279 0.0000000000
53704  7.189  -10.143  38.170 0.0000000000
54631  7.172  -9.530  37.789 0.0000000000
103864  7.269  -11.449  36.380 0.0000000000
117280  7.227  -13.317  36.469 0.0000000000
53744  6.463  -10.990  34.842 0.0000000000
51895  6.453  -11.636  34.294 0.0000000000
49983  7.617  -13.594  34.216 0.0000000000
50890  7.206  -12.857  34.502 0.0000000000
49064  7.659  -14.717  34.802 0.0000000000
49063  8.308  -15.238  34.108 0.0000000000
47980  8.698  -15.808  33.356 0.0000000000
108287  9.010  -17.732  31.178 0.0000000000
47036  9.486  -17.406  32.038 0.0000000000
46072  8.901  -18.496  30.855 0.0000000000
45131  8.787  -19.364  30.674 0.0000000000
45138  7.824  -19.496  30.133 0.0000000000
47080  6.141  -17.930  29.107 0.0000000000
50020  5.725  -14.231  30.957 0.0000000000
104770  6.057  -14.853  30.892 0.0000000000
49105  5.822  -14.958  30.544 0.0000000000
49128  6.153  -15.867  29.364 0.0000000000
49121  5.921  -15.897  29.919 0.0000000000
47085  6.299  -17.837  28.767 0.0000000000
109200  12.004  -2.517  37.199 0.0000000000
60124  11.797  -3.082  37.757 0.0000000000
59183  12.350  -4.743  37.256 0.0000000000
119489  12.329  -4.149  36.832 0.0000000000
57354  13.116  -6.605  35.660 0.0000000000
57345  12.991  -6.169  36.198 0.0000000000
57355  12.829  -7.176  35.787 0.0000000000
55589  12.226  -8.198  35.281 0.0000000000
112019  12.787  -7.873  34.941 0.0000000000
58331  13.243  -5.847  33.000 0.0000000000
58330  13.474  -5.639  33.696 0.0000000000
57369  13.489  -6.115  34.190 0.0000000000
57370  13.319  -6.306  33.523 0.0000000000
112586  11.957  -8.492  32.182 0.0000000000
55614  12.655  -8.027  33.448 0.0000000000
55623  12.118  -8.727  33.013 0.0000000000
54689  10.797  -9.771  32.646 0.0000000000
54690  9.609  -10.185  32.550 0.0000000000
120787  10.337  -10.137  32.056 0.0000000000
53789  9.469  -10.215  30.232 0.0000000000
111142  8.862  -10.584  30.402 0.0000000000
53790  8.265  -10.832  30.195 0.0000000000
52854  7.002  -11.516  29.635 0.0000000000
55649  8.869  -8.998  29.247 0.0000000000
56349  11.881  -7.070  45.385 0.0000000000
56348  13.102  -6.994  46.440 0.0000000000
58194  14.770  -5.920  46.303 0.0000000000
54519  14.210  -7.596  46.024 0.0000000000
55453  13.309  -7.935  46.030 0.0000000000
53603  11.542  -8.753  45.275 0.0000000000
53612  11.372  -8.982  45.461 0.0000000000
43374  6.170  -20.709  29.137 0.0000000000
48953  5.914  -14.829  44.347 0.0000000000
46855  5.758  -16.183  44.241 0.0000000000
117185  5.636  -15.340  44.010 0.0000000000
47833  5.078  -15.990  43.693 0.0000000000
114681  6.195  -13.654  38.755 0.0000000000
113981  6.594  -12.936  38.737 0.0000000000
51846  7.040  -12.262  38.164 0.0000000000
55605  7.882  -8.987  35.610 0.0000000000
53757  7.002  -10.411  33.216 0.0000000000
53767  7.593  -10.607  32.158 0.0000000000
51781  7.194  -12.149  45.548 0.0000000000
53639  7.935  -10.701  46.176 0.0000000000
54568  8.823  -9.059  44.526 0.0000000000
56360  11.399  -6.444  44.509 0.0000000000
57252  12.161  -6.159  44.705 0.0000000000
58213  12.728  -5.842  44.861 0.0000000000
59104  12.259  -5.095  44.702 0.0000000000
59103  13.280  -5.157  44.845 0.0000000000
55481  17.202  -8.393  46.283 0.0000000000
55494  16.147  -7.915  44.822 0.0000000000
55482  16.455  -7.957  45.440 0.0000000000
54565  15.400  -7.743  44.645 0.0000000000
54574  14.267  -7.999  44.038 0.0000000000
53636  12.300  -10.009  44.286 0.0000000000
52711  11.959  -11.815  43.831 0.0000000000
50770  9.362  -13.548  45.616 0.0000000000
116710  10.015  -11.875  46.687 0.0000000000
50758  9.441  -12.470  46.352 0.0000000000
109915  7.737  -12.961  45.608 0.0000000000
51771  7.687  -12.464  45.809 0.0000000000
117269  8.240  -6.117  41.417 0.0000000000
57292  8.596  -6.321  40.968 0.0000000000
58259  9.533  -6.283  40.691 0.0000000000
109723  11.817  -3.962  40.037 0.0000000000
59146  11.659  -4.665  40.473 0.0000000000
57326  11.374  -6.814  38.535 0.0000000000
57337  12.076  -6.563  37.834 0.0000000000
53621  20.566  -10.533  48.166 0.0000000000
54549  18.408  -9.984  47.072 0.0000000000
54536  18.891  -9.295  48.369 0.0000000000
56337  17.829  -7.217  48.013 0.0000000000
44160  2.656  -20.970  39.364 0.0000000000
44173  3.101  -20.480  38.697 0.0000000000
45046  3.584  -19.186  39.491 0.0000000000
110035  4.325  -14.849  40.958 0.0000000000
117442  4.624  -14.430  40.998 0.0000000000
50828  4.996  -14.203  40.619 0.0000000000
53653  7.489  -10.554  44.864 0.0000000000
57268  7.720  -6.548  44.081 0.0000000000
56384  7.237  -7.333  42.987 0.0000000000
55534  7.149  -7.904  42.588 0.0000000000
115361  6.985  -8.497  42.188 0.0000000000
56392  7.020  -7.286  42.330 0.0000000000
57285  7.097  -6.776  42.120 0.0000000000
54591  13.857  -9.011  42.841 0.0000000000
47845  8.588  -16.616  43.622 0.0000000000
45021  3.610  -19.387  41.679 0.0000000000
44134  2.988  -20.774  41.400 0.0000000000
43253  2.298  -21.442  39.980 0.0000000000
104824  4.027  -19.845  37.138 0.0000000000
45079  4.525  -19.416  36.613 0.0000000000
47947  5.703  -16.689  36.028 0.0000000000
101626  5.799  -18.009  35.543 0.0000000000
103550  6.050  -17.258  35.538 0.0000000000
46981  6.476  -17.775  35.074 0.0000000000
105386  7.238  -19.308  34.475 0.0000000000
45103  7.570  -19.915  34.257 0.0000000000
106977  8.586  -18.816  33.603 0.0000000000
53719  7.154  -9.997  37.161 0.0000000000
112029  7.163  -9.332  37.287 0.0000000000
51880  7.035  -11.563  35.483 0.0000000000
51896  6.226  -11.651  33.753 0.0000000000
51912  6.565  -12.162  33.839 0.0000000000
49078  8.356  -14.689  33.037 0.0000000000
47997  8.686  -15.448  32.499 0.0000000000
48010  8.286  -15.743  31.608 0.0000000000
47065  7.920  -17.775  30.544 0.0000000000
47052  7.383  -16.989  30.518 0.0000000000
48021  6.582  -16.642  30.280 0.0000000000
48022  6.076  -16.320  30.082 0.0000000000
112812  5.665  -13.935  30.769 0.0000000000
50028  5.757  -14.561  30.588 0.0000000000
50038  5.788  -14.217  29.961 0.0000000000
105905  5.928  -15.245  29.761 0.0000000000
49127  6.322  -15.921  29.083 0.0000000000
114688  12.447  -2.818  36.421 0.0000000000
59194  12.655  -4.725  36.505 0.0000000000
58310  13.255  -5.808  35.586 0.0000000000
57379  12.382  -6.270  32.080 0.0000000000
56486  12.573  -7.159  32.607 0.0000000000
56487  12.075  -7.559  32.010 0.0000000000
54702  11.516  -9.163  31.749 0.0000000000
54703  10.769  -9.874  31.416 0.0000000000
53802  8.625  -10.354  29.729 0.0000000000
55472  10.153  -7.493  43.990 0.0000000000
56352  11.786  -6.880  45.113 0.0000000000
57241  12.653  -6.593  45.916 0.0000000000
57245  12.128  -6.549  45.177 0.0000000000
112798  16.439  -7.634  46.676 0.0000000000
54538  15.671  -7.654  45.677 0.0000000000
54553  13.359  -8.623  44.626 0.0000000000
52681  12.057  -10.636  44.252 0.0000000000
52682  11.898  -10.930  45.464 0.0000000000
118539  11.463  -11.568  45.814 0.0000000000
52675  10.550  -9.942  46.501 0.0000000000
60080  10.835  -4.132  41.935 0.0000000000
60079  11.142  -3.105  41.986 0.0000000000
110918  11.539  -3.052  40.937 0.0000000000
104419  11.672  -3.229  40.053 0.0000000000
60112  11.726  -3.268  38.579 0.0000000000
46915  3.634  -18.152  40.674 0.0000000000
109949  4.245  -15.150  41.787 0.0000000000
56375  8.663  -7.159  44.061 0.0000000000
59107  8.755  -4.594  45.418 0.0000000000
58217  8.337  -5.209  45.173 0.0000000000
58224  7.699  -5.269  44.689 0.0000000000
59114  7.553  -4.398  44.466 0.0000000000
102187  7.785  -3.872  44.105 0.0000000000
46853  7.214  -16.781  45.157 0.0000000000
107041  5.946  -17.731  44.084 0.0000000000
114661  3.743  -19.377  41.804 0.0000000000
45944  3.715  -18.797  42.095 0.0000000000
47926  4.553  -16.652  37.994 0.0000000000
46951  4.738  -17.057  37.353 0.0000000000
47925  5.083  -16.233  37.411 0.0000000000
49041  5.555  -15.581  37.082 0.0000000000
49944  5.803  -14.675  37.979 0.0000000000
49051  6.862  -15.547  35.514 0.0000000000
54643  7.046  -9.846  36.060 0.0000000000
55594  7.119  -9.564  36.162 0.0000000000
54651  6.835  -10.043  35.383 0.0000000000
109882  6.517  -10.581  34.807 0.0000000000
54662  6.829  -9.922  34.922 0.0000000000
53750  6.147  -10.895  34.203 0.0000000000
51913  6.117  -11.963  33.228 0.0000000000
50919  6.143  -12.916  32.299 0.0000000000
50004  5.943  -13.490  31.541 0.0000000000
52842  5.817  -11.671  32.358 0.0000000000
51936  5.691  -12.693  31.516 0.0000000000
50944  5.681  -13.189  30.934 0.0000000000
51945  5.765  -12.530  30.977 0.0000000000
56502  9.928  -7.413  30.370 0.0000000000
105667  9.497  -8.026  29.782 0.0000000000
56512  6.656  -6.787  28.941 0.0000000000
49875  5.658  -13.955  44.100 0.0000000000
50785  5.451  -13.836  43.733 0.0000000000
50784  5.764  -13.507  44.129 0.0000000000
52703  6.971  -11.645  45.072 0.0000000000
56361  10.233  -6.772  44.120 0.0000000000
55484  9.155  -8.155  43.925 0.0000000000
55509  8.827  -7.843  43.862 0.0000000000
58215  10.583  -5.622  44.816 0.0000000000
54582  17.719  -9.032  44.532 0.0000000000
55517  17.160  -8.576  43.815 0.0000000000
55519  15.631  -8.112  43.603 0.0000000000
55508  14.941  -8.009  43.689 0.0000000000
55520  14.686  -8.338  43.193 0.0000000000
53658  13.083  -10.056  42.893 0.0000000000
53651  12.827  -9.532  43.627 0.0000000000
112211  12.958  -9.872  43.357 0.0000000000
52717  12.549  -10.706  42.643 0.0000000000
51793  11.527  -12.440  43.086 0.0000000000
48971  9.090  -15.349  43.950 0.0000000000
47831  8.332  -16.406  44.557 0.0000000000
116792  8.120  -16.079  45.143 0.0000000000
51769  10.684  -12.449  45.735 0.0000000000
50760  9.123  -13.084  46.020 0.0000000000
49863  8.304  -14.424  45.376 0.0000000000
47815  7.611  -15.824  45.314 0.0000000000
48952  6.560  -14.785  44.944 0.0000000000
49865  6.034  -14.268  44.555 0.0000000000
55556  6.998  -8.831  40.031 0.0000000000
112118  7.242  -8.953  39.093 0.0000000000
55565  7.422  -8.575  38.770 0.0000000000
102811  7.421  -8.679  38.130 0.0000000000
55571  7.549  -8.531  37.911 0.0000000000
59139  10.524  -4.982  41.593 0.0000000000
57302  9.786  -6.636  40.016 0.0000000000
55570  7.873  -8.317  37.605 0.0000000000
55579  8.605  -8.297  37.117 0.0000000000
56453  9.986  -7.774  37.721 0.0000000000
113388  9.667  -8.754  35.673 0.0000000000
55603  10.296  -9.129  34.864 0.0000000000
57229  14.993  -6.157  46.577 0.0000000000
57234  14.853  -5.918  46.165 0.0000000000
58189  15.663  -5.489  46.122 0.0000000000
59082  16.565  -5.419  46.630 0.0000000000
51751  21.701  -11.194  47.418 0.0000000000
52690  20.020  -11.340  46.047 0.0000000000
53633  19.620  -10.969  46.741 0.0000000000
109823  16.984  -7.949  46.730 0.0000000000
54518  19.088  -8.425  48.663 0.0000000000
55448  18.888  -8.366  48.388 0.0000000000
118039  18.086  -8.154  47.842 0.0000000000
120003  16.057  -7.493  46.571 0.0000000000
55442  16.287  -7.155  47.137 0.0000000000
55443  15.011  -7.185  46.425 0.0000000000
44186  3.583  -19.904  37.925 0.0000000000
45975  3.958  -17.415  39.119 0.0000000000
100137  3.986  -16.705  39.500 0.0000000000
115802  4.111  -16.639  38.961 0.0000000000
46936  4.203  -17.015  38.458 0.0000000000
49925  5.595  -14.116  39.314 0.0000000000
52749  6.814  -11.106  40.083 0.0000000000
50794  5.482  -13.513  43.605 0.0000000000
51795  5.597  -13.005  43.380 0.0000000000
52728  6.016  -12.032  42.341 0.0000000000
54593  7.822  -8.572  43.632 0.0000000000
54594  7.576  -9.367  43.374 0.0000000000
52727  6.432  -11.127  42.204 0.0000000000
113337  6.406  -11.361  41.817 0.0000000000
54602  6.736  -9.622  41.436 0.0000000000
54619  6.846  -9.528  40.600 0.0000000000
55555  6.998  -8.191  40.419 0.0000000000
56412  7.106  -7.368  40.706 0.0000000000
58252  7.419  -6.310  41.994 0.0000000000
57293  7.738  -6.482  41.220 0.0000000000
58239  9.053  -5.102  42.105 0.0000000000
60065  8.927  -3.235  43.530 0.0000000000
60064  9.705  -3.181  43.069 0.0000000000
58193  15.244  -5.303  45.712 0.0000000000
55531  16.310  -8.485  42.322 0.0000000000
55544  15.674  -8.649  41.554 0.0000000000
55545  14.848  -8.868  41.736 0.0000000000
44987  7.104  -19.213  43.378 0.0000000000
43325  4.366  -21.117  36.733 0.0000000000
100660  4.930  -18.044  36.597 0.0000000000
46006  4.941  -18.733  36.272 0.0000000000
45078  5.039  -19.333  35.961 0.0000000000
46017  5.542  -18.822  35.570 0.0000000000
45091  5.549  -19.721  35.501 0.0000000000
111535  6.255  -21.188  35.252 0.0000000000
43335  6.486  -22.104  35.361 0.0000000000
43349  8.052  -21.040  33.799 0.0000000000
43360  7.918  -21.670  30.976 0.0000000000
51857  7.206  -12.247  37.319 0.0000000000
52771  7.251  -11.437  37.366 0.0000000000
49052  6.787  -14.778  36.038 0.0000000000
115231  7.164  -14.615  35.515 0.0000000000
52793  6.938  -10.875  35.527 0.0000000000
51894  6.897  -12.173  34.728 0.0000000000
50878  7.370  -13.016  35.448 0.0000000000
47962  7.616  -15.844  34.720 0.0000000000
46046  8.642  -17.846  33.629 0.0000000000
46060  9.362  -18.273  32.900 0.0000000000
45124  9.469  -18.993  32.464 0.0000000000
44244  9.259  -20.126  31.439 0.0000000000
43366  8.253  -21.005  30.488 0.0000000000
43367  7.516  -21.278  30.105 0.0000000000
43373  6.841  -20.533  29.615 0.0000000000
44254  6.364  -19.783  29.203 0.0000000000
110483  6.158  -14.932  30.840 0.0000000000
49113  5.869  -15.601  30.189 0.0000000000
48023  6.055  -16.363  29.885 0.0000000000
47068  6.182  -17.188  29.395 0.0000000000
62014  11.446  -1.023  38.764 0.0000000000
61127  11.727  -2.188  37.784 0.0000000000
59170  11.872  -3.841  38.106 0.0000000000
58284  12.338  -5.609  37.733 0.0000000000
58298  12.614  -6.188  36.969 0.0000000000
55577  11.493  -8.305  35.778 0.0000000000
120513  11.003  -8.970  34.941 0.0000000000
57362  13.403  -6.364  34.907 0.0000000000
56481  13.081  -7.073  33.432 0.0000000000
56477  13.016  -7.605  34.255 0.0000000000
55601  12.479  -8.294  34.480 0.0000000000
55615  11.229  -9.140  34.336 0.0000000000
54674  10.565  -9.481  33.834 0.0000000000
53778  9.332  -10.474  30.929 0.0000000000
53779  8.232  -10.782  31.041 0.0000000000
52865  6.638  -11.984  30.042 0.0000000000
51954  6.668  -12.329  29.620 0.0000000000
55641  9.571  -8.861  29.616 0.0000000000
54733  8.411  -9.619  29.114 0.0000000000
53803  7.014  -10.764  28.653 0.0000000000
120908  6.555  -12.949  29.395 0.0000000000
44237  8.107  -20.223  33.846 0.0000000000
44240  9.303  -19.833  32.600 0.0000000000
44248  8.572  -20.255  30.568 0.0000000000
45006  6.953  -19.762  42.956 0.0000000000
46031  6.889  -18.749  34.705 0.0000000000
46059  9.556  -18.339  31.776 0.0000000000
46084  7.165  -18.217  30.026 0.0000000000
47017  8.772  -16.829  33.509 0.0000000000
47051  8.550  -16.801  31.148 0.0000000000
47067  6.382  -17.018  29.965 0.0000000000
49104  5.895  -15.294  30.422 0.0000000000
51964  6.499  -12.745  29.697 0.0000000000
52808  6.536  -11.268  34.751 0.0000000000
52835  5.898  -11.322  33.152 0.0000000000
52866  6.315  -12.334  30.318 0.0000000000
54525  19.023  -8.996  48.780 0.0000000000
54663  6.471  -10.520  34.570 0.0000000000
54675  9.753  -9.794  33.452 0.0000000000
54704  9.921  -10.318  31.572 0.0000000000
54719  10.032  -9.622  30.061 0.0000000000
55445  13.171  -7.108  46.271 0.0000000000
55593  7.217  -9.149  36.575 0.0000000000
56452  11.054  -7.630  37.473 0.0000000000
56471  12.590  -7.671  35.542 0.0000000000
57226  17.427  -6.941  48.031 0.0000000000
57328  9.292  -7.411  39.020 0.0000000000
57346  12.727  -6.813  36.364 0.0000000000
57390  10.669  -6.109  31.320 0.0000000000
58183  16.735  -6.316  47.529 0.0000000000
58214  11.651  -5.875  44.474 0.0000000000
60049  8.207  -3.613  45.342 0.0000000000
106781  11.978  -6.589  45.171 0.0000000000
115441  12.049  -7.937  35.907 0.0000000000
119790  6.252  -17.273  28.883 0.0000000000
119957  6.082  -16.026  35.969 0.0000000000
