#!ascii label  , from subject sub-v1s23x0050605_ses-1 vox2ras=TkReg
1817
128035  11.521  -79.671  -35.676 0.6999999881
146114  12.165  -80.349  -35.854 0.8000000119
145961  12.739  -81.351  -35.384 0.8000000119
129089  12.924  -82.316  -35.319 0.6999999881
128664  11.244  -78.333  -38.290 0.6000000238
145960  11.104  -79.147  -37.093 0.6000000238
128033  12.866  -81.125  -36.219 0.6000000238
7904  11.357  -77.815  -38.790 0.6000000238
145924  12.655  -81.096  -34.454 0.8000000119
128207  12.822  -81.884  -34.588 0.6999999881
4394  12.499  -82.479  -34.036 0.6999999881
136585  11.734  -83.205  -34.191 0.6999999881
146259  11.071  -78.752  -37.599 0.6000000238
146168  12.160  -80.321  -35.109 0.6999999881
128770  12.799  -83.018  -35.165 0.6999999881
7902  12.700  -76.766  -38.790 0.6000000238
7901  13.869  -76.712  -39.050 0.6000000238
8616  13.746  -76.685  -40.436 0.6000000238
7153  17.322  -77.490  -40.487 0.6000000238
7916  16.442  -76.972  -40.446 0.6000000238
4969  12.989  -81.453  -32.545 0.8000000119
139619  12.560  -81.777  -32.377 0.8000000119
4386  12.126  -82.259  -33.004 0.6999999881
4956  11.485  -81.430  -31.657 0.6999999881
4987  10.302  -81.826  -33.205 0.6999999881
5679  12.957  -81.012  -33.611 0.8000000119
4986  12.578  -82.028  -33.261 0.6999999881
4387  11.279  -82.140  -32.965 0.6999999881
6370  12.379  -80.105  -34.231 0.6999999881
144422  12.700  -82.051  -33.933 0.8000000119
4395  11.490  -82.721  -33.549 0.6999999881
128705  11.781  -79.609  -35.014 0.6999999881
7888  11.303  -77.787  -37.970 0.6999999881
7887  11.814  -77.252  -38.356 0.6000000238
7899  15.990  -77.284  -39.271 0.6000000238
7918  14.346  -76.657  -40.048 0.6000000238
134479  17.675  -78.043  -39.497 0.6000000238
6397  20.584  -79.404  -39.477 0.6999999881
6410  19.923  -78.992  -40.160 0.6000000238
142584  22.579  -80.483  -38.488 0.5000000000
5723  21.253  -79.808  -38.854 0.6000000238
5711  23.396  -80.725  -38.337 0.5000000000
5656  12.671  -81.091  -31.007 0.8999999762
4955  12.356  -81.559  -31.624 0.8000000119
5657  11.898  -81.196  -30.990 0.6999999881
5665  13.235  -81.036  -32.780 0.6999999881
5664  13.295  -80.913  -31.983 0.8999999762
152150  10.864  -81.122  -31.822 0.6999999881
151174  12.424  -79.347  -33.772 0.8000000119
6364  12.949  -80.229  -33.255 0.8000000119
6365  11.968  -79.134  -34.551 0.8000000119
148798  12.186  -78.129  -35.269 0.6999999881
127486  11.473  -79.113  -35.436 0.6999999881
7876  12.072  -77.364  -36.772 0.8000000119
7886  12.449  -76.959  -37.552 0.8000000119
7885  14.702  -77.194  -38.108 0.6999999881
7900  14.977  -76.970  -39.168 0.6999999881
7154  16.934  -77.682  -39.346 0.6000000238
6398  19.646  -79.145  -38.985 0.6999999881
129139  21.801  -80.200  -38.153 0.6999999881
5645  13.289  -80.325  -30.307 0.8999999762
5647  12.236  -80.812  -30.355 0.8000000119
6347  10.841  -79.847  -30.660 0.6999999881
7073  13.588  -79.287  -31.171 0.8000000119
6356  13.486  -80.173  -31.531 0.8000000119
144085  12.725  -79.185  -33.021 0.6999999881
133259  12.418  -77.980  -34.271 0.6999999881
7086  12.344  -78.469  -33.838 0.6000000238
152782  11.694  -78.615  -35.589 0.8000000119
7860  12.555  -77.615  -35.858 0.8000000119
137433  13.637  -76.931  -37.603 0.8000000119
7884  15.366  -77.652  -37.556 0.6999999881
7128  16.830  -78.635  -37.565 0.8000000119
7138  16.525  -77.943  -38.323 0.6999999881
6389  17.539  -79.078  -37.523 0.8000000119
136102  20.426  -80.138  -37.140 0.6999999881
6387  19.046  -79.415  -37.877 0.6999999881
7127  17.435  -78.450  -38.432 0.6999999881
133960  21.358  -80.306  -37.162 0.6999999881
6386  20.229  -79.618  -38.138 0.6999999881
13194  11.425  -71.191  -32.189 0.6000000238
13176  11.103  -70.293  -30.907 0.6000000238
138466  9.668  -69.272  -31.022 0.6000000238
15059  9.305  -68.337  -30.963 0.6999999881
5636  13.141  -80.281  -29.738 0.8999999762
6346  11.580  -80.112  -29.919 0.6999999881
7074  13.134  -78.172  -31.885 0.6000000238
8556  13.004  -77.078  -32.875 0.6000000238
7811  12.899  -77.374  -32.525 0.6000000238
7846  12.843  -77.651  -34.737 0.6999999881
7858  14.266  -77.512  -35.136 0.6999999881
7859  13.431  -77.400  -35.544 0.6999999881
8495  11.739  -76.438  -27.721 0.6999999881
8501  11.121  -76.124  -28.516 0.6999999881
7874  14.153  -77.348  -36.277 0.8000000119
7875  13.038  -77.078  -36.553 0.8000000119
9155  12.607  -76.031  -26.466 0.6000000238
131028  14.738  -77.435  -37.124 0.6999999881
9164  11.454  -75.444  -28.025 0.5000000000
9870  10.940  -74.846  -29.005 0.6999999881
148129  17.069  -79.093  -36.972 0.8000000119
7129  16.069  -78.125  -37.525 0.8000000119
152825  12.327  -75.339  -26.802 0.5000000000
9856  12.254  -74.675  -27.170 0.5000000000
5714  19.519  -79.895  -37.135 0.6999999881
10654  12.791  -74.071  -26.695 0.5000000000
9843  13.041  -74.354  -25.834 0.6000000238
10666  12.537  -73.783  -27.533 0.5000000000
10672  12.254  -73.624  -28.429 0.6000000238
10680  12.305  -73.203  -29.359 0.6999999881
10712  12.121  -72.722  -31.224 0.6999999881
11484  12.961  -72.955  -27.963 0.5000000000
11491  12.859  -72.690  -28.833 0.6000000238
10696  12.279  -72.940  -30.292 0.6000000238
12350  12.400  -71.531  -31.088 0.6000000238
10653  13.436  -73.516  -26.296 0.6000000238
11504  12.840  -72.399  -29.740 0.6000000238
12337  12.720  -71.331  -30.392 0.6000000238
11483  13.537  -72.315  -27.496 0.5000000000
13174  12.530  -70.847  -30.238 0.6000000238
14118  10.363  -69.727  -30.468 0.6000000238
14119  9.675  -69.075  -30.194 0.6999999881
15940  9.011  -66.903  -29.847 0.6000000238
17818  8.408  -65.720  -30.872 0.6999999881
11503  13.232  -71.888  -29.174 0.6000000238
13159  12.943  -70.947  -29.675 0.6000000238
13161  11.216  -70.112  -30.007 0.6000000238
14105  10.358  -69.496  -29.478 0.6999999881
153407  9.247  -67.386  -29.371 0.5000000000
5637  12.537  -80.412  -29.702 0.8999999762
131723  13.532  -78.217  -30.883 0.6000000238
6338  12.157  -79.863  -29.157 0.8000000119
6352  10.358  -79.590  -31.304 0.6999999881
6327  11.771  -79.030  -28.724 0.6999999881
7049  12.472  -79.064  -28.054 0.8000000119
8568  12.899  -77.484  -33.654 0.6999999881
7747  12.215  -77.575  -27.515 0.8000000119
136320  11.576  -77.073  -28.139 0.6000000238
8486  13.069  -77.073  -26.375 0.6999999881
8473  13.165  -76.379  -25.782 0.6000000238
7113  16.378  -78.684  -36.728 0.8000000119
144874  15.682  -78.283  -36.142 0.8000000119
6380  17.009  -79.377  -36.245 0.8000000119
151485  12.867  -75.687  -25.749 0.5000000000
132004  17.596  -79.455  -36.821 0.8000000119
9844  12.558  -75.038  -26.246 0.5000000000
9818  13.660  -74.728  -23.842 0.5000000000
10628  13.512  -74.218  -24.412 0.6000000238
155300  13.208  -74.544  -25.058 0.6000000238
10643  13.542  -73.824  -25.382 0.6000000238
11471  14.045  -72.966  -25.825 0.6000000238
154732  8.372  -64.705  -29.036 0.5000000000
11490  13.368  -72.093  -28.357 0.5000000000
16848  8.812  -65.963  -28.793 0.5000000000
17800  8.469  -65.281  -29.352 0.6000000238
13129  13.117  -70.865  -28.311 0.6000000238
13160  12.155  -70.479  -29.651 0.6999999881
14104  11.311  -70.021  -29.029 0.6999999881
14106  9.688  -68.756  -29.416 0.6999999881
12292  13.845  -71.652  -26.872 0.6000000238
147336  10.004  -69.018  -28.820 0.6000000238
13117  13.126  -70.771  -27.277 0.6999999881
13145  11.894  -70.228  -28.432 0.6000000238
14089  10.510  -69.452  -28.510 0.5000000000
7065  13.768  -79.316  -30.100 0.6999999881
140374  13.567  -79.649  -29.392 0.6999999881
6325  13.306  -79.606  -28.724 0.6999999881
6326  12.692  -79.604  -28.517 0.8000000119
7037  13.465  -78.644  -27.431 0.6999999881
7734  13.569  -77.611  -26.524 0.6999999881
7758  12.741  -78.607  -27.537 0.6999999881
20529  9.627  -62.729  -27.971 0.5000000000
10598  15.536  -73.507  -22.870 0.5000000000
10627  14.125  -73.828  -23.641 0.6000000238
20530  8.814  -62.969  -28.506 0.5000000000
10626  14.939  -73.237  -23.370 0.5000000000
11439  16.452  -73.048  -22.704 0.5000000000
131950  14.541  -73.004  -24.180 0.6000000238
11477  13.784  -72.628  -26.667 0.6000000238
15925  9.433  -67.614  -28.766 0.5000000000
11440  15.700  -72.445  -23.139 0.5000000000
11464  14.941  -72.342  -24.117 0.6000000238
11476  14.251  -72.148  -26.108 0.6000000238
12273  14.752  -71.731  -24.811 0.6000000238
140055  14.098  -78.191  -29.116 0.6999999881
7058  14.132  -78.480  -28.308 0.6999999881
7047  13.666  -78.996  -28.085 0.6999999881
13111  12.926  -70.412  -26.100 0.5000000000
11438  17.451  -72.692  -22.675 0.5000000000
147894  11.000  -69.727  -27.345 0.5000000000
13109  14.308  -71.233  -25.231 0.5000000000
12283  13.606  -70.951  -26.554 0.5000000000
13130  12.488  -70.484  -27.930 0.5000000000
14036  13.122  -70.216  -24.952 0.5000000000
14037  11.356  -69.607  -25.469 0.5000000000
13076  15.860  -70.353  -23.451 0.5000000000
13097  13.970  -70.526  -24.718 0.5000000000
14051  11.978  -70.052  -26.023 0.5000000000
151777  16.652  -71.240  -23.033 0.5000000000
13096  14.764  -70.901  -24.336 0.5000000000
13110  13.723  -70.762  -25.629 0.5000000000
12256  16.738  -71.954  -22.799 0.5000000000
12272  15.267  -71.596  -23.918 0.5000000000
13077  14.973  -70.079  -23.632 0.5000000000
22523  11.524  -59.867  -30.602 0.6000000238
140253  10.618  -60.271  -30.530 0.6000000238
22509  11.560  -60.416  -29.592 0.5000000000
23565  12.607  -59.139  -30.817 0.6999999881
22535  10.847  -59.756  -30.631 0.6000000238
23583  10.145  -59.712  -30.624 0.6000000238
24585  9.881  -59.171  -30.197 0.6999999881
23564  13.674  -58.353  -30.775 0.6000000238
24596  12.231  -58.216  -30.893 0.6999999881
24597  10.891  -58.969  -30.639 0.6999999881
23566  9.145  -59.562  -30.360 0.6999999881
24584  10.607  -58.494  -30.061 0.8000000119
23563  14.538  -57.939  -30.240 0.5000000000
23550  13.157  -59.311  -30.207 0.5000000000
24583  11.627  -57.944  -30.580 0.8000000119
25515  12.553  -57.624  -30.808 0.6000000238
23537  10.054  -58.971  -27.655 0.6999999881
23548  15.004  -58.105  -29.303 0.5000000000
22488  14.471  -59.244  -28.454 0.5000000000
24564  10.795  -58.353  -28.210 0.6999999881
24574  10.291  -58.553  -28.971 0.6999999881
25506  12.463  -57.284  -30.315 0.6999999881
24581  14.221  -57.419  -30.666 0.6999999881
23519  9.512  -59.580  -26.823 0.6999999881
24563  11.647  -57.893  -28.032 0.6999999881
24571  14.831  -57.335  -29.714 0.6000000238
25505  13.555  -56.802  -30.146 0.8000000119
21380  12.856  -61.241  -19.657 0.6999999881
145603  13.508  -61.507  -20.329 0.8000000119
23502  16.562  -59.366  -26.076 0.4000000060
23505  9.791  -59.863  -25.930 0.6999999881
23515  16.289  -58.647  -26.803 0.5000000000
23518  10.303  -59.256  -26.504 0.6999999881
23535  16.016  -57.908  -27.657 0.6000000238
25503  15.088  -56.966  -29.127 0.6000000238
24572  12.568  -57.067  -29.205 0.6999999881
25504  14.512  -56.841  -29.899 0.8000000119
25494  13.885  -56.563  -29.110 0.8000000119
28028  4.429  -54.650  -19.738 0.5000000000
28045  4.756  -54.983  -20.573 0.5000000000
27187  4.129  -56.235  -21.398 0.5000000000
25424  8.584  -57.910  -21.193 0.5000000000
24433  9.939  -58.084  -19.620 0.6000000238
25423  9.266  -58.066  -20.423 0.6000000238
24477  7.969  -58.694  -21.827 0.6000000238
24500  4.957  -58.863  -23.481 0.6000000238
23417  10.072  -59.762  -19.835 0.6999999881
22366  11.411  -60.476  -19.422 0.6999999881
22368  9.790  -60.532  -20.217 0.6999999881
23503  11.278  -59.194  -25.274 0.6999999881
23479  12.024  -60.125  -23.990 0.6999999881
22422  12.706  -60.335  -23.276 0.8000000119
23514  16.798  -58.293  -26.221 0.5000000000
23517  11.105  -58.920  -26.145 0.6999999881
25491  15.923  -57.239  -27.664 0.6000000238
24549  11.778  -58.222  -26.819 0.8000000119
25493  14.837  -56.697  -28.820 0.6999999881
24548  12.498  -57.837  -26.516 0.8000000119
24562  12.823  -57.288  -27.729 0.8000000119
28982  5.835  -54.287  -19.699 0.5000000000
141789  5.743  -54.416  -20.498 0.6000000238
140822  6.458  -54.187  -20.367 0.5000000000
28044  5.435  -54.613  -21.018 0.6000000238
27186  4.793  -55.808  -21.783 0.6000000238
27195  4.451  -56.470  -22.026 0.6000000238
27194  5.311  -56.186  -22.437 0.6000000238
26332  4.739  -56.818  -22.520 0.5000000000
26322  9.177  -56.475  -21.003 0.5000000000
26323  8.453  -56.941  -21.531 0.5000000000
25407  9.683  -57.280  -19.950 0.6000000238
25432  7.179  -57.435  -22.551 0.6000000238
24478  7.316  -58.370  -22.534 0.6999999881
24520  4.793  -57.904  -23.160 0.6000000238
24432  10.849  -58.118  -19.181 0.6000000238
131268  10.372  -58.944  -19.478 0.6999999881
23439  8.910  -59.835  -20.977 0.6999999881
24459  8.750  -58.892  -21.067 0.6999999881
23454  8.061  -59.924  -21.890 0.8000000119
24499  5.962  -58.730  -23.491 0.6999999881
136279  11.303  -58.967  -19.164 0.6999999881
137414  11.816  -59.753  -19.270 0.6999999881
137142  13.327  -59.869  -19.766 0.6999999881
22364  13.158  -60.503  -19.653 0.8000000119
23467  13.169  -59.749  -22.940 0.8000000119
22407  13.602  -60.615  -21.639 0.8000000119
25475  16.137  -57.217  -26.698 0.5000000000
25458  15.410  -56.875  -24.940 0.6000000238
24532  11.971  -58.887  -24.895 0.8000000119
23478  12.706  -59.462  -23.581 0.8000000119
25492  15.414  -56.918  -28.302 0.6000000238
25467  15.552  -56.893  -26.079 0.6999999881
24541  12.746  -57.868  -25.857 0.8000000119
25477  14.914  -56.622  -27.713 0.6999999881
25478  13.581  -57.206  -26.775 0.6999999881
141475  14.153  -56.631  -28.095 0.8000000119
28970  6.463  -53.902  -18.905 0.4000000060
28981  6.968  -54.139  -19.488 0.5000000000
29010  6.440  -53.770  -21.914 0.4000000060
28055  6.041  -54.528  -21.890 0.5000000000
27203  5.893  -56.262  -22.677 0.5000000000
27177  9.693  -56.096  -20.455 0.5000000000
26330  7.865  -56.224  -22.332 0.6000000238
26331  7.109  -56.516  -22.671 0.6000000238
25452  5.392  -57.311  -23.099 0.6000000238
152219  10.495  -57.152  -19.373 0.6000000238
25440  6.640  -58.014  -23.023 0.6999999881
24519  5.403  -58.081  -23.334 0.6999999881
24431  11.821  -58.229  -19.071 0.6000000238
23453  13.797  -59.895  -21.093 0.8000000119
25459  14.518  -57.023  -25.194 0.6999999881
25460  13.483  -57.493  -25.398 0.6999999881
151148  12.498  -58.612  -24.523 0.8000000119
24518  12.832  -58.645  -23.917 0.8000000119
25468  14.641  -56.861  -26.401 0.6999999881
28980  7.736  -53.899  -19.296 0.4000000060
28969  7.548  -53.775  -18.661 0.4000000060
29965  7.120  -52.963  -17.385 0.4000000060
29000  6.754  -53.467  -21.238 0.5000000000
28999  7.408  -53.777  -20.159 0.4000000060
29942  7.463  -52.395  -16.824 0.5000000000
28064  6.577  -54.899  -22.713 0.5000000000
27201  7.721  -55.158  -24.285 0.5000000000
27202  6.602  -55.833  -22.667 0.5000000000
29033  8.509  -54.504  -25.460 0.5000000000
25450  6.487  -57.055  -22.948 0.6999999881
141936  13.116  -59.046  -19.648 0.6000000238
23466  13.653  -59.692  -22.185 0.8000000119
25448  15.289  -56.978  -23.880 0.6000000238
25449  14.016  -57.485  -23.570 0.6000000238
24497  14.068  -58.079  -22.824 0.6999999881
141612  14.062  -58.938  -22.196 0.6999999881
24517  13.405  -57.990  -23.739 0.6999999881
30969  7.803  -51.555  -16.440 0.3000000119
139374  8.069  -52.728  -20.462 0.4000000060
29993  8.307  -53.413  -19.499 0.3000000119
29981  8.166  -53.728  -18.843 0.4000000060
28968  8.352  -53.553  -18.120 0.4000000060
29964  8.079  -53.216  -16.902 0.4000000060
29941  8.471  -52.635  -16.269 0.5000000000
30019  7.329  -52.583  -21.746 0.4000000060
29923  9.060  -52.035  -15.804 0.3000000119
29018  6.669  -54.006  -22.661 0.4000000060
27200  8.099  -55.429  -24.482 0.5000000000
29017  7.076  -53.545  -23.302 0.4000000060
137652  9.655  -55.377  -24.723 0.6000000238
30027  7.402  -52.659  -22.707 0.4000000060
149332  9.349  -55.264  -25.400 0.4000000060
29026  7.429  -54.177  -24.376 0.5000000000
23437  13.625  -59.436  -20.295 0.6999999881
153317  13.703  -58.019  -23.287 0.6999999881
30970  6.822  -51.172  -16.891 0.4000000060
28941  9.000  -53.300  -16.496 0.4000000060
29922  9.975  -52.260  -15.588 0.3000000119
30007  7.973  -52.065  -21.313 0.3000000119
30040  7.616  -53.127  -23.816 0.4000000060
30051  9.919  -53.478  -25.577 0.4000000060
30052  8.875  -53.562  -25.229 0.4000000060
29992  9.199  -52.705  -19.321 0.3000000119
28967  9.189  -53.474  -17.754 0.3000000119
28959  8.642  -53.476  -17.242 0.4000000060
28958  9.536  -53.482  -16.931 0.3000000119
28940  9.910  -53.298  -16.253 0.3000000119
31017  8.717  -52.406  -20.020 0.3000000119
30018  7.920  -51.924  -22.124 0.3000000119
30038  9.279  -52.562  -24.773 0.3000000119
30026  8.044  -52.183  -23.153 0.3000000119
30037  10.180  -52.454  -25.209 0.3000000119
28966  10.095  -53.349  -17.505 0.3000000119
28957  10.474  -53.439  -16.762 0.3000000119
29979  9.826  -53.005  -18.474 0.3000000119
138656  10.584  -52.991  -18.039 0.3000000119
31065  8.590  -51.429  -22.520 0.3000000119
32133  9.959  -50.848  -23.426 0.3000000119
31084  10.383  -51.562  -24.650 0.3000000119
30946  8.451  -50.872  -16.021 0.3000000119
29991  9.972  -52.011  -19.311 0.3000000119
131286  10.723  -51.497  -19.418 0.3000000119
148128  10.255  -50.202  -22.932 0.3000000119
9869  11.500  -74.547  -28.490 0.6000000238
10673  11.726  -73.853  -29.044 0.6999999881
9895  10.986  -74.117  -30.046 0.6999999881
10697  11.496  -73.530  -30.726 0.6999999881
28075  7.203  -55.147  -23.348 0.4000000060
26338  6.724  -56.053  -22.726 0.6000000238
28939  10.891  -53.266  -16.059 0.3000000119
145918  11.949  -79.651  -37.274 0.6999999881
128482  10.499  -83.094  -34.103 0.6999999881
127489  11.319  -77.861  -37.133 0.8000000119
6411  19.084  -78.663  -39.710 0.6000000238
145243  18.867  -78.933  -38.700 0.6999999881
7081  12.677  -78.194  -32.820 0.6000000238
7066  11.419  -79.349  -29.460 0.6999999881
7114  15.560  -78.033  -36.898 0.8000000119
6400  18.208  -79.025  -38.119 0.6999999881
6378  18.187  -79.785  -36.627 0.8000000119
153478  9.199  -67.719  -30.582 0.6999999881
9868  12.041  -74.299  -27.881 0.5000000000
11521  12.650  -72.090  -30.629 0.6000000238
151357  8.029  -64.514  -29.766 0.6000000238
13144  12.637  -70.595  -28.899 0.6999999881
7759  11.852  -78.155  -28.159 0.8000000119
8461  13.894  -76.160  -24.580 0.5000000000
9129  13.567  -75.445  -24.300 0.6000000238
11470  14.514  -72.450  -25.173 0.6000000238
24542  11.925  -58.454  -25.748 0.8000000119
150682  23.282  -84.055  -31.034 0.4000000060
3176  22.170  -84.496  -30.233 0.4000000060
4384  25.373  -82.946  -33.323 0.3000000119
3196  25.222  -84.084  -32.395 0.4000000060
3192  24.598  -84.948  -31.566 0.4000000060
127408  23.607  -84.865  -31.171 0.4000000060
154718  22.916  -81.103  -30.769 0.4000000060
4941  23.320  -81.194  -30.175 0.5000000000
4364  23.687  -82.214  -29.291 0.5000000000
4947  23.746  -81.381  -31.728 0.3000000119
4939  24.108  -81.777  -31.241 0.4000000060
3775  23.838  -83.134  -30.594 0.4000000060
4979  24.644  -81.673  -32.941 0.3000000119
150439  24.480  -82.453  -31.847 0.3000000119
3782  24.510  -83.473  -32.025 0.3000000119
4393  25.193  -82.151  -33.491 0.3000000119
4948  22.912  -81.167  -31.478 0.4000000060
4949  22.091  -81.146  -31.111 0.4000000060
4927  21.934  -80.826  -29.563 0.5000000000
4964  21.910  -81.178  -32.118 0.3000000119
4962  23.954  -81.322  -32.570 0.3000000119
4992  24.959  -81.494  -35.128 0.4000000060
4993  24.016  -80.989  -34.992 0.3000000119
5702  24.224  -80.903  -36.822 0.4000000060
5002  25.001  -81.361  -36.592 0.4000000060
5006  24.388  -81.201  -38.086 0.4000000060
4950  21.106  -81.262  -31.478 0.4000000060
137882  20.369  -81.373  -30.981 0.4000000060
4982  21.305  -81.087  -33.015 0.4000000060
4965  20.799  -81.235  -32.318 0.4000000060
4952  18.739  -81.458  -31.697 0.5000000000
149487  22.590  -80.938  -33.751 0.4000000060
5672  20.836  -80.892  -33.768 0.4000000060
5692  23.520  -80.788  -35.762 0.4000000060
152333  21.859  -80.660  -35.065 0.4000000060
5703  22.961  -80.625  -36.540 0.4000000060
6396  21.388  -79.835  -39.971 0.6000000238
5722  22.138  -80.378  -39.338 0.4000000060
4953  17.800  -81.397  -31.384 0.6000000238
4985  18.591  -81.051  -33.082 0.6000000238
5673  19.964  -80.852  -33.732 0.6000000238
5674  19.088  -80.807  -33.754 0.6000000238
134307  19.885  -80.598  -35.220 0.6000000238
151601  19.228  -80.555  -35.164 0.6999999881
5704  21.852  -80.528  -36.395 0.5000000000
5705  20.776  -80.475  -36.271 0.6000000238
5707  18.903  -80.129  -36.383 0.6999999881
5663  16.910  -80.452  -32.505 0.6999999881
5677  16.961  -79.929  -33.277 0.6999999881
5662  17.150  -81.041  -32.473 0.6000000238
147870  17.540  -80.551  -33.690 0.6999999881
6375  16.804  -79.484  -35.377 0.6999999881
7101  16.339  -78.871  -35.804 0.6999999881
151623  15.047  -77.737  -36.411 0.6999999881
5688  17.680  -80.431  -34.402 0.6999999881
6374  17.400  -79.893  -35.681 0.6999999881
5708  18.067  -80.120  -35.986 0.6999999881
7793  17.748  -77.237  -31.698 0.5000000000
144421  16.884  -77.895  -32.439 0.6000000238
149961  16.783  -79.506  -33.875 0.6999999881
7084  16.408  -78.793  -34.008 0.6000000238
7094  15.864  -78.217  -34.469 0.6999999881
7827  15.792  -77.448  -33.194 0.6999999881
5689  17.095  -80.104  -34.007 0.6999999881
7857  15.098  -77.717  -34.759 0.6999999881
7808  16.328  -77.265  -32.578 0.6000000238
8539  16.319  -76.546  -32.464 0.6000000238
7843  15.360  -77.604  -33.902 0.6000000238
9215  16.360  -75.779  -32.818 0.6000000238
7810  13.157  -76.714  -32.247 0.5000000000
147252  10.359  -83.457  -34.761 0.6000000238
128428  12.098  -83.428  -35.000 0.6000000238
7844  14.306  -77.347  -34.074 0.6000000238
8554  13.884  -76.897  -33.255 0.6000000238
9217  13.835  -76.332  -32.612 0.5000000000
8540  13.363  -76.634  -32.539 0.5000000000
4988  9.477  -81.924  -33.836 0.6000000238
4397  9.994  -82.481  -33.758 0.6000000238
128507  9.234  -82.724  -34.410 0.6000000238
131970  15.658  -76.046  -32.747 0.6000000238
9228  14.528  -75.778  -32.553 0.5000000000
8567  13.377  -77.288  -33.895 0.5000000000
6366  9.325  -79.538  -33.438 0.6000000238
5667  9.682  -80.239  -32.821 0.6000000238
5680  9.385  -80.390  -33.681 0.6000000238
128191  9.217  -81.183  -34.018 0.6000000238
130371  9.659  -81.112  -33.361 0.6000000238
6358  10.048  -79.838  -31.959 0.6000000238
4972  10.111  -81.114  -32.729 0.6000000238
140279  13.881  -78.255  -29.886 0.6000000238
8553  15.098  -75.961  -32.682 0.6000000238
6359  9.565  -79.039  -32.622 0.6000000238
7795  9.876  -77.889  -31.239 0.6000000238
7076  9.942  -78.861  -31.709 0.6000000238
138572  10.432  -78.137  -30.343 0.6000000238
7075  10.359  -78.886  -30.910 0.6000000238
7770  10.623  -77.357  -29.643 0.5000000000
7060  10.993  -78.512  -29.513 0.6000000238
141447  11.218  -78.051  -28.928 0.5000000000
140770  9.147  -79.105  -34.018 0.6999999881
7087  9.187  -78.808  -33.304 0.6000000238
7781  10.052  -77.149  -30.561 0.6000000238
8509  10.602  -76.290  -29.296 0.6000000238
9239  8.970  -75.018  -33.923 0.6000000238
131273  9.468  -78.082  -32.125 0.6000000238
7796  9.308  -77.213  -31.761 0.6000000238
8515  10.148  -76.325  -30.088 0.5000000000
8541  8.834  -76.549  -32.136 0.6000000238
9911  9.396  -74.944  -31.607 0.6000000238
9229  8.902  -75.334  -32.908 0.6000000238
9934  9.486  -74.567  -33.261 0.6000000238
7812  8.884  -77.412  -32.425 0.6000000238
9183  10.237  -75.496  -29.763 0.6000000238
8528  9.212  -76.354  -31.466 0.6000000238
9193  9.777  -75.494  -30.438 0.5000000000
9897  9.808  -74.742  -30.910 0.6000000238
9923  9.388  -74.780  -32.367 0.5000000000
9922  10.055  -74.108  -32.757 0.5000000000
9882  11.190  -74.307  -29.314 0.6000000238
9896  10.430  -74.431  -30.397 0.6000000238
9910  9.961  -74.360  -31.830 0.6000000238
10728  10.766  -73.699  -32.278 0.6000000238
10727  11.377  -73.098  -32.753 0.6999999881
10745  11.094  -73.059  -33.641 0.6999999881
11568  11.018  -72.539  -33.994 0.6999999881
13211  10.331  -71.208  -33.974 0.6999999881
10698  10.641  -73.968  -31.193 0.6000000238
140484  11.546  -73.260  -31.805 0.6999999881
12364  11.547  -71.929  -32.614 0.6999999881
11567  11.345  -72.569  -33.099 0.6999999881
12379  11.032  -71.817  -33.496 0.6999999881
13196  9.786  -70.263  -33.028 0.6000000238
12351  12.021  -71.738  -31.832 0.6000000238
151668  14.611  -75.175  -31.405 0.5000000000
8527  13.305  -76.430  -31.500 0.5000000000
9190  14.786  -75.368  -30.522 0.5000000000
9191  14.061  -75.601  -31.012 0.5000000000
8513  14.122  -75.957  -30.196 0.6000000238
9892  17.076  -74.226  -30.413 0.6000000238
9893  16.321  -74.488  -30.622 0.6000000238
9181  15.515  -75.296  -29.806 0.6000000238
8507  14.243  -76.628  -29.475 0.6000000238
7767  14.285  -77.528  -28.826 0.6000000238
9880  17.389  -74.383  -29.541 0.5000000000
129960  15.605  -75.703  -28.881 0.6000000238
7757  14.475  -77.765  -27.901 0.6000000238
9855  17.123  -74.967  -28.256 0.6000000238
9162  16.179  -75.796  -27.287 0.5000000000
8493  14.913  -76.848  -27.633 0.6000000238
9161  16.917  -75.214  -27.556 0.5000000000
8492  15.448  -76.463  -26.992 0.6000000238
8485  13.634  -77.067  -26.009 0.5000000000
8471  15.120  -76.637  -25.448 0.5000000000
7733  14.105  -77.508  -26.487 0.6000000238
135152  14.753  -77.089  -26.668 0.6000000238
5706  19.838  -80.301  -36.439 0.6999999881
7780  13.471  -77.091  -30.624 0.5000000000
137817  10.059  -74.938  -30.187 0.6000000238
11537  11.850  -72.520  -32.143 0.6999999881
7744  14.394  -77.761  -27.108 0.6000000238
8484  14.407  -76.990  -25.842 0.6000000238
3788  25.032  -83.163  -32.602 0.3000000119
4385  24.911  -82.288  -32.709 0.3000000119
4376  24.194  -82.294  -30.804 0.4000000060
152874  24.837  -81.589  -33.639 0.3000000119
136251  23.237  -81.087  -33.204 0.4000000060
5682  23.112  -80.747  -34.968 0.4000000060
138642  19.514  -81.460  -31.275 0.4000000060
5671  21.774  -80.883  -33.804 0.3000000119
4983  20.389  -81.082  -33.052 0.5000000000
4984  19.525  -81.061  -33.080 0.6000000238
5683  22.334  -80.759  -34.551 0.5000000000
5695  20.643  -80.603  -35.360 0.5000000000
5693  22.402  -80.658  -35.529 0.5000000000
5675  18.188  -80.740  -33.768 0.6000000238
6363  16.809  -79.103  -33.315 0.6999999881
149940  9.586  -76.975  -31.157 0.6000000238
13206  9.735  -70.504  -33.919 0.6000000238
9881  16.676  -74.649  -29.806 0.6000000238
9866  17.676  -74.488  -28.646 0.5000000000
9182  14.812  -75.943  -29.421 0.6000000238
9171  15.133  -76.288  -28.519 0.6000000238
9867  16.930  -74.858  -28.973 0.5000000000
9169  16.414  -75.439  -28.327 0.6000000238
9854  17.595  -74.708  -27.781 0.5000000000
148309  15.897  -76.172  -26.178 0.5000000000
507  20.574  -90.145  -15.986 0.4000000060
143674  22.507  -89.237  -17.587 0.4000000060
528  20.660  -90.013  -16.938 0.5000000000
838  17.335  -90.226  -14.808 0.5000000000
508  16.332  -90.312  -14.848 0.5000000000
502  13.713  -91.100  -14.846 0.5000000000
148051  17.846  -90.878  -14.539 0.5000000000
836  19.078  -90.190  -14.959 0.5000000000
872  24.972  -88.907  -17.895 0.4000000060
1211  25.795  -87.988  -18.664 0.4000000060
887  25.226  -88.277  -18.622 0.5000000000
127405  20.528  -86.779  -28.475 0.3000000119
2010  21.886  -87.574  -27.146 0.3000000119
145976  21.774  -86.914  -29.126 0.3000000119
128194  21.683  -85.959  -30.034 0.3000000119
851  18.590  -89.402  -15.202 0.4000000060
852  17.742  -89.387  -15.243 0.5000000000
853  16.737  -89.340  -15.540 0.5000000000
135723  20.317  -89.676  -15.589 0.4000000060
148223  20.134  -90.200  -15.521 0.4000000060
516  23.935  -89.098  -17.277 0.3000000119
503  24.263  -88.699  -16.308 0.3000000119
127382  22.767  -87.906  -19.226 0.4000000060
1203  26.411  -87.834  -18.342 0.3000000119
1940  25.850  -87.828  -18.998 0.4000000060
128976  24.867  -87.767  -19.103 0.5000000000
1513  26.727  -87.307  -18.544 0.3000000119
152531  21.182  -87.363  -26.935 0.3000000119
2009  23.015  -87.317  -27.006 0.3000000119
146192  20.734  -86.152  -29.376 0.3000000119
127396  19.720  -86.075  -29.057 0.3000000119
152289  23.047  -85.303  -30.749 0.3000000119
134494  20.251  -88.770  -15.884 0.3000000119
136062  18.859  -88.674  -15.539 0.4000000060
1170  21.011  -88.316  -16.567 0.3000000119
1512  27.042  -87.269  -18.238 0.3000000119
2499  23.604  -85.906  -18.603 0.4000000060
145874  22.024  -85.773  -18.860 0.4000000060
2498  25.098  -86.087  -18.399 0.4000000060
2497  27.224  -86.776  -18.417 0.3000000119
2556  22.963  -85.575  -25.753 0.4000000060
2573  22.423  -86.368  -26.274 0.4000000060
147833  24.984  -85.920  -26.868 0.4000000060
1564  26.144  -86.435  -26.433 0.4000000060
1988  26.684  -86.679  -26.071 0.4000000060
1981  27.908  -86.743  -24.319 0.5000000000
128620  18.972  -86.496  -26.974 0.3000000119
128514  19.660  -86.794  -27.640 0.3000000119
129006  19.367  -86.413  -28.438 0.3000000119
127407  21.453  -85.124  -30.177 0.3000000119
3776  23.022  -83.859  -30.358 0.3000000119
1183  21.279  -87.398  -16.602 0.3000000119
3064  23.618  -84.266  -17.635 0.3000000119
2485  22.695  -84.855  -18.367 0.3000000119
128109  19.893  -84.554  -19.744 0.4000000060
145929  19.560  -84.615  -20.905 0.4000000060
2481  28.408  -85.904  -17.763 0.3000000119
138557  24.592  -84.321  -17.246 0.3000000119
2483  26.533  -85.242  -17.509 0.3000000119
145658  25.441  -85.235  -17.691 0.3000000119
146208  26.643  -85.443  -21.625 0.5000000000
3098  25.822  -84.789  -21.405 0.5000000000
3722  25.507  -83.910  -25.108 0.3000000119
3133  25.337  -84.511  -25.468 0.3000000119
3121  23.961  -84.340  -24.575 0.3000000119
2554  25.050  -85.282  -25.995 0.3000000119
2571  24.593  -85.975  -26.575 0.4000000060
2546  28.654  -86.023  -24.323 0.5000000000
1966  28.357  -86.251  -22.722 0.5000000000
3135  23.463  -84.968  -25.123 0.3000000119
2006  26.468  -85.868  -26.734 0.4000000060
1995  27.104  -86.224  -26.364 0.4000000060
1986  28.037  -86.362  -25.161 0.5000000000
1974  28.229  -86.500  -23.479 0.5000000000
2585  18.583  -85.908  -27.377 0.3000000119
127398  19.377  -85.605  -28.920 0.3000000119
3166  20.258  -84.806  -28.892 0.3000000119
3765  21.442  -84.457  -29.473 0.3000000119
3764  22.674  -83.642  -29.504 0.4000000060
141442  22.570  -83.682  -17.945 0.3000000119
127392  20.885  -82.700  -19.838 0.4000000060
3061  28.875  -85.246  -17.257 0.3000000119
3063  25.631  -84.430  -17.054 0.3000000119
3651  24.868  -83.503  -16.698 0.3000000119
127393  20.767  -83.287  -20.614 0.4000000060
3062  27.692  -85.054  -17.348 0.3000000119
128753  22.151  -84.139  -21.336 0.4000000060
128683  24.241  -84.538  -21.388 0.5000000000
151328  27.434  -83.806  -20.116 0.4000000060
3089  25.461  -84.026  -20.687 0.5000000000
4324  25.982  -82.799  -26.412 0.3000000119
2514  28.488  -85.203  -21.237 0.5000000000
3088  26.795  -84.385  -20.711 0.5000000000
3153  26.206  -84.229  -26.454 0.3000000119
3106  29.613  -84.765  -22.313 0.4000000060
3097  29.552  -84.525  -21.267 0.5000000000
3713  24.443  -83.677  -24.118 0.3000000119
3145  25.826  -84.831  -26.150 0.4000000060
2593  27.605  -84.834  -27.497 0.4000000060
2545  29.237  -85.256  -23.761 0.5000000000
2522  28.792  -85.401  -21.739 0.5000000000
3136  22.325  -84.977  -25.022 0.3000000119
2583  26.870  -85.248  -26.998 0.4000000060
2569  27.564  -85.617  -26.665 0.5000000000
2553  28.598  -85.681  -25.360 0.5000000000
3147  19.088  -85.345  -26.737 0.3000000119
3155  19.439  -84.661  -27.117 0.4000000060
3739  19.986  -84.193  -27.394 0.3000000119
3751  20.363  -84.234  -27.985 0.4000000060
3750  21.235  -83.821  -28.301 0.4000000060
6420  16.449  -78.401  -41.194 0.5000000000
3763  23.545  -82.977  -29.650 0.3000000119
3643  29.084  -83.692  -16.471 0.3000000119
3050  27.189  -83.999  -16.830 0.3000000119
150016  22.782  -82.467  -19.471 0.3000000119
3049  28.422  -84.325  -16.893 0.3000000119
3669  23.608  -82.752  -19.876 0.3000000119
3680  26.459  -83.575  -20.027 0.5000000000
3678  29.100  -83.359  -20.259 0.4000000060
3666  27.419  -83.015  -19.640 0.3000000119
4877  25.726  -81.961  -25.885 0.3000000119
129422  29.818  -83.938  -21.137 0.5000000000
3726  26.056  -83.498  -25.999 0.3000000119
3112  29.995  -84.119  -23.653 0.4000000060
3096  29.979  -84.113  -21.667 0.4000000060
3165  26.994  -84.569  -27.477 0.4000000060
2592  28.139  -84.495  -27.708 0.4000000060
2567  28.826  -84.872  -26.530 0.4000000060
3119  29.636  -84.510  -24.145 0.4000000060
3122  22.847  -84.412  -24.456 0.3000000119
3123  21.643  -84.304  -24.423 0.3000000119
2568  28.207  -85.282  -26.609 0.4000000060
131956  29.195  -85.169  -24.773 0.5000000000
3723  20.243  -83.605  -25.516 0.3000000119
3727  20.717  -82.946  -26.201 0.4000000060
3738  20.784  -83.441  -27.237 0.4000000060
7170  14.496  -77.491  -41.123 0.5000000000
3749  22.337  -83.300  -28.591 0.4000000060
3737  22.083  -82.764  -27.623 0.5000000000
137770  17.262  -78.513  -41.514 0.5000000000
3644  27.974  -83.357  -16.559 0.3000000119
146028  8.703  -81.928  -34.470 0.5000000000
150391  29.711  -82.546  -20.982 0.3000000119
4286  28.492  -82.719  -19.845 0.3000000119
127485  8.172  -82.525  -35.160 0.5000000000
146217  8.688  -80.869  -35.255 0.6000000238
4878  25.489  -80.909  -25.983 0.3000000119
4901  26.224  -81.795  -27.602 0.3000000119
141460  25.699  -81.414  -24.973 0.3000000119
137267  26.532  -83.171  -27.851 0.3000000119
3762  28.070  -83.640  -28.826 0.3000000119
3701  30.020  -83.476  -23.261 0.4000000060
3689  29.957  -83.286  -21.489 0.4000000060
128440  12.482  -83.140  -35.849 0.5000000000
7115  8.929  -78.752  -36.545 0.5000000000
3164  27.977  -84.243  -28.141 0.3000000119
3151  29.109  -84.176  -27.227 0.3000000119
3144  29.318  -84.269  -26.277 0.3000000119
3720  29.728  -83.633  -25.320 0.3000000119
127490  13.118  -81.908  -36.222 0.5000000000
3715  22.219  -83.819  -23.880 0.3000000119
3124  20.628  -83.957  -24.709 0.3000000119
146261  12.424  -79.436  -38.155 0.5000000000
3717  20.601  -83.045  -24.417 0.3000000119
7156  12.887  -78.182  -40.135 0.5000000000
4318  20.836  -82.458  -25.252 0.4000000060
7155  13.550  -77.799  -40.730 0.6000000238
4879  21.523  -81.270  -25.409 0.4000000060
4325  22.401  -81.906  -26.993 0.5000000000
7929  14.360  -76.930  -41.204 0.5000000000
5593  22.177  -80.918  -26.982 0.4000000060
137164  22.833  -81.880  -27.684 0.3000000119
151885  22.816  -82.481  -28.153 0.4000000060
138362  17.111  -77.767  -41.301 0.6000000238
132398  18.470  -80.337  -26.928 0.3000000119
152335  20.058  -80.688  -27.945 0.4000000060
4916  22.314  -80.788  -28.794 0.4000000060
4348  23.431  -81.651  -28.836 0.3000000119
7167  18.332  -78.401  -41.241 0.6000000238
7176  17.855  -78.536  -41.672 0.5000000000
5598  17.567  -79.993  -27.297 0.3000000119
5621  19.097  -80.926  -28.218 0.5000000000
5632  20.202  -80.874  -28.764 0.4000000060
136712  21.316  -81.120  -30.500 0.4000000060
6428  19.345  -79.135  -41.741 0.6000000238
154819  17.362  -79.557  -27.348 0.3000000119
5622  18.147  -80.933  -28.569 0.5000000000
5633  19.028  -81.212  -29.009 0.4000000060
145470  20.405  -81.271  -30.285 0.4000000060
5623  17.439  -80.366  -28.287 0.4000000060
145499  18.226  -81.198  -29.249 0.5000000000
145468  19.603  -81.420  -30.483 0.4000000060
4943  18.567  -81.457  -30.727 0.5000000000
145964  9.399  -80.189  -35.079 0.6000000238
128147  9.566  -79.763  -35.807 0.6000000238
5592  25.579  -80.144  -25.956 0.3000000119
4887  25.817  -81.292  -26.861 0.3000000119
4915  26.855  -81.586  -28.258 0.3000000119
4346  27.472  -82.347  -28.796 0.3000000119
128234  9.346  -79.420  -35.030 0.6000000238
128073  9.393  -79.365  -36.130 0.6000000238
134373  25.512  -81.074  -24.430 0.3000000119
3761  28.866  -83.282  -29.286 0.3000000119
3746  29.735  -83.295  -28.332 0.3000000119
142672  7.762  -78.440  -35.322 0.6000000238
6275  23.413  -79.689  -22.755 0.3000000119
3174  28.920  -83.603  -28.820 0.3000000119
3143  29.651  -83.730  -26.945 0.3000000119
7104  7.013  -78.008  -34.854 0.6000000238
3705  21.829  -83.219  -23.554 0.3000000119
8570  7.326  -76.748  -34.372 0.6000000238
7849  6.845  -77.432  -34.816 0.6000000238
9252  6.926  -76.631  -35.078 0.6000000238
131191  7.564  -75.788  -35.886 0.5000000000
5594  21.494  -80.701  -26.490 0.4000000060
5610  20.608  -80.550  -27.209 0.4000000060
5624  17.005  -80.224  -28.940 0.4000000060
4930  17.897  -81.270  -29.908 0.5000000000
6308  25.924  -79.655  -26.147 0.3000000119
6316  26.819  -79.945  -27.285 0.3000000119
5607  26.478  -80.831  -27.667 0.3000000119
5618  27.119  -80.936  -28.318 0.3000000119
4375  29.236  -82.608  -29.679 0.3000000119
151550  29.757  -82.693  -29.386 0.3000000119
4345  30.271  -82.659  -28.646 0.3000000119
150216  9.229  -80.524  -34.300 0.5000000000
155319  25.341  -79.961  -24.946 0.3000000119
5548  24.556  -80.566  -23.539 0.3000000119
7088  8.732  -78.346  -33.592 0.5000000000
145192  8.874  -78.863  -34.350 0.6000000238
5563  24.786  -79.772  -24.023 0.3000000119
3725  29.921  -83.272  -27.104 0.3000000119
7096  7.782  -78.212  -34.615 0.6000000238
7003  23.767  -78.923  -22.932 0.3000000119
7848  7.598  -77.511  -34.180 0.6000000238
150832  20.514  -80.410  -25.042 0.3000000119
136730  21.487  -81.000  -24.642 0.3000000119
9241  7.622  -75.997  -34.787 0.6000000238
135865  8.489  -75.086  -36.386 0.6000000238
7847  8.175  -77.713  -33.638 0.6000000238
7832  7.973  -77.071  -33.393 0.5000000000
8557  8.171  -76.054  -33.402 0.6000000238
8569  7.799  -76.210  -34.128 0.6000000238
9251  8.349  -75.348  -35.369 0.6000000238
9978  9.271  -74.512  -36.914 0.6000000238
9964  9.129  -74.769  -35.897 0.6000000238
152144  9.730  -74.108  -36.946 0.5000000000
7831  8.487  -77.573  -33.078 0.5000000000
7813  8.375  -76.775  -32.765 0.5000000000
9240  8.286  -75.561  -34.398 0.5000000000
137900  9.683  -74.366  -35.401 0.6000000238
12384  9.877  -71.056  -36.052 0.5000000000
139538  9.386  -69.893  -34.875 0.6000000238
13217  9.374  -70.136  -35.959 0.5000000000
14179  9.194  -68.992  -35.019 0.6000000238
14180  8.945  -68.262  -35.639 0.6000000238
9945  10.226  -73.841  -34.715 0.5000000000
10784  10.466  -73.247  -35.371 0.5000000000
10785  10.135  -73.715  -35.848 0.6000000238
130896  10.703  -72.368  -34.710 0.6000000238
11591  10.538  -72.568  -35.390 0.5000000000
12389  10.295  -71.915  -36.164 0.5000000000
12383  10.369  -71.766  -35.247 0.6000000238
13195  10.624  -70.719  -32.553 0.6000000238
131975  9.890  -70.931  -34.861 0.6000000238
15103  8.816  -67.525  -35.116 0.5000000000
133039  9.378  -62.930  -24.155 0.5000000000
9208  9.022  -75.611  -32.004 0.5000000000
9946  9.526  -74.509  -34.607 0.5000000000
10746  10.684  -73.438  -34.000 0.6000000238
18602  10.357  -64.656  -22.853 0.5000000000
17681  10.567  -65.447  -22.425 0.6000000238
19588  10.275  -63.889  -23.285 0.6000000238
150552  9.788  -62.570  -24.041 0.6000000238
18617  9.606  -64.524  -23.323 0.5000000000
20501  8.969  -61.914  -24.896 0.5000000000
21470  7.683  -61.890  -25.752 0.5000000000
17862  6.895  -65.775  -33.535 0.5000000000
16929  8.287  -66.344  -33.986 0.5000000000
21423  12.769  -61.252  -22.863 0.6000000238
20444  13.312  -62.075  -20.676 0.6999999881
20468  12.329  -62.117  -22.740 0.6000000238
20458  13.066  -62.730  -21.202 0.6999999881
141751  12.889  -64.208  -20.423 0.6000000238
17665  12.528  -65.382  -20.884 0.6000000238
20469  12.030  -62.909  -22.636 0.6000000238
19572  12.634  -63.314  -21.864 0.6000000238
150384  12.159  -60.836  -23.504 0.6000000238
21436  11.825  -61.520  -23.358 0.6000000238
19587  11.066  -63.218  -23.115 0.6000000238
18601  11.697  -64.514  -22.194 0.5000000000
149722  11.981  -65.534  -21.439 0.6000000238
143102  11.414  -60.877  -23.870 0.6000000238
20481  10.727  -62.487  -23.566 0.6000000238
19574  11.027  -64.132  -22.738 0.5000000000
17680  11.472  -65.224  -22.014 0.6000000238
21449  10.660  -60.913  -24.282 0.6000000238
20482  10.123  -63.011  -23.715 0.6000000238
22439  10.020  -60.809  -24.743 0.6000000238
21450  10.093  -61.504  -24.302 0.6000000238
21451  9.447  -61.383  -24.827 0.6000000238
21468  8.799  -61.386  -25.368 0.5000000000
20512  6.997  -61.956  -26.107 0.5000000000
22472  7.458  -60.714  -27.088 0.5000000000
21509  6.502  -61.006  -27.457 0.5000000000
21510  5.630  -61.278  -28.333 0.5000000000
19549  13.056  -63.613  -19.944 0.6000000238
19529  12.543  -63.858  -19.672 0.6999999881
22438  10.565  -60.414  -24.705 0.5000000000
22454  9.388  -60.646  -25.448 0.6000000238
22470  9.030  -60.201  -26.306 0.6000000238
21487  7.826  -61.035  -26.363 0.5000000000
22471  8.265  -60.472  -26.717 0.6000000238
22493  7.168  -60.368  -27.976 0.5000000000
22511  7.750  -59.931  -28.421 0.6000000238
21529  6.470  -60.613  -28.534 0.6000000238
25422  13.669  -57.830  -19.979 0.4000000060
21383  10.144  -61.241  -20.035 0.6999999881
20446  8.556  -62.480  -20.922 0.5000000000
20447  7.655  -63.561  -20.926 0.5000000000
25430  14.173  -58.277  -20.703 0.6000000238
24457  13.650  -58.589  -20.223 0.5000000000
20426  9.911  -62.866  -19.850 0.6000000238
19531  10.299  -63.645  -19.479 0.5000000000
143210  14.931  -58.602  -21.883 0.5000000000
21382  11.013  -61.183  -19.636 0.6000000238
140960  10.560  -61.967  -19.831 0.8000000119
21399  13.133  -61.968  -19.934 0.6999999881
147463  12.253  -63.092  -19.523 0.8000000119
19530  11.545  -63.695  -19.389 0.6999999881
23538  9.258  -59.398  -27.679 0.6000000238
23539  8.573  -59.566  -28.313 0.6000000238
152474  6.399  -63.075  -21.608 0.5000000000
25405  12.341  -57.553  -19.092 0.5000000000
22379  9.082  -60.638  -20.820 0.6999999881
20448  6.609  -63.516  -21.005 0.5000000000
25420  14.932  -57.423  -20.787 0.4000000060
25421  14.273  -57.506  -20.365 0.4000000060
24495  15.368  -58.151  -22.188 0.4000000060
25438  15.437  -57.439  -23.050 0.5000000000
25457  16.294  -56.947  -24.650 0.4000000060
21409  7.584  -61.936  -21.937 0.5000000000
142643  5.745  -62.807  -21.253 0.5000000000
140750  12.810  -56.876  -19.138 0.3000000119
139156  12.078  -56.881  -18.996 0.3000000119
22380  8.324  -60.823  -21.528 0.6000000238
24494  16.453  -58.583  -22.171 0.4000000060
24516  17.116  -57.628  -23.746 0.4000000060
25466  16.272  -57.094  -25.662 0.4000000060
140495  7.113  -60.654  -22.699 0.6000000238
25446  17.325  -57.726  -24.232 0.4000000060
22392  6.149  -61.515  -22.615 0.5000000000
21411  5.628  -62.136  -22.082 0.5000000000
28023  14.220  -54.570  -19.382 0.3000000119
26302  12.337  -56.169  -19.064 0.3000000119
27163  11.766  -55.545  -19.279 0.3000000119
27176  10.269  -55.837  -19.937 0.4000000060
23486  17.847  -58.820  -24.429 0.3000000119
24539  17.188  -57.992  -25.535 0.4000000060
23487  17.561  -59.416  -24.925 0.4000000060
152229  11.281  -55.083  -19.671 0.4000000060
23455  7.225  -59.553  -22.828 0.6000000238
21412  5.254  -61.386  -22.357 0.4000000060
27183  9.976  -55.399  -20.726 0.4000000060
145324  14.966  -54.130  -19.465 0.3000000119
28978  13.665  -53.945  -19.464 0.3000000119
23469  5.507  -59.737  -23.371 0.5000000000
27184  9.364  -55.739  -21.323 0.4000000060
27185  8.675  -56.020  -21.848 0.4000000060
27191  8.300  -55.567  -23.045 0.5000000000
28054  9.777  -55.142  -21.895 0.4000000060
27190  9.141  -55.503  -22.559 0.4000000060
31083  12.969  -52.613  -25.242 0.3000000119
30050  11.598  -53.144  -25.644 0.3000000119
30036  11.912  -53.432  -24.964 0.3000000119
29032  10.517  -54.190  -25.513 0.3000000119
29031  10.869  -53.290  -25.592 0.3000000119
28961  6.829  -53.380  -18.145 0.4000000060
31101  12.903  -52.331  -25.995 0.3000000119
4309  29.635  -83.117  -25.202 0.3000000119
5576  21.506  -80.869  -25.608 0.4000000060
28061  10.454  -55.041  -24.112 0.3000000119
24575  9.824  -58.931  -29.591 0.6000000238
25439  14.622  -57.454  -23.242 0.5000000000
29024  10.943  -54.522  -24.780 0.3000000119
149261  22.977  -81.002  -29.316 0.3000000119
5631  21.452  -80.713  -28.823 0.4000000060
9947  9.008  -74.938  -34.935 0.5000000000
506  21.520  -89.359  -16.719 0.4000000060
196  19.429  -90.603  -15.096 0.5000000000
509  15.246  -90.521  -14.939 0.5000000000
128689  24.667  -88.530  -19.091 0.5000000000
1998  22.241  -86.992  -26.610 0.4000000060
849  20.964  -89.551  -16.245 0.4000000060
127384  24.264  -86.933  -18.848 0.4000000060
147790  20.845  -87.949  -19.704 0.4000000060
2574  21.167  -86.320  -26.094 0.4000000060
2007  24.702  -86.617  -26.544 0.4000000060
1565  25.518  -87.088  -26.061 0.4000000060
1483  19.426  -86.978  -16.174 0.3000000119
1504  27.882  -86.852  -17.901 0.3000000119
2484  24.264  -85.121  -18.000 0.3000000119
128228  21.044  -85.059  -19.064 0.4000000060
139280  20.364  -86.345  -19.613 0.4000000060
2557  21.815  -85.582  -25.617 0.3000000119
2558  20.673  -85.444  -25.701 0.4000000060
146023  20.603  -83.273  -19.136 0.4000000060
127390  20.485  -84.237  -21.323 0.4000000060
2537  29.249  -85.241  -22.821 0.5000000000
6422  14.608  -78.583  -40.373 0.5000000000
128587  19.359  -84.956  -28.133 0.4000000060
3051  26.004  -83.713  -16.690 0.3000000119
128783  21.822  -82.617  -20.026 0.4000000060
128190  22.457  -83.173  -20.561 0.4000000060
146095  23.938  -83.619  -20.660 0.5000000000
3087  28.135  -84.437  -20.586 0.5000000000
3748  26.821  -83.854  -27.755 0.3000000119
3714  23.375  -83.828  -23.945 0.3000000119
3137  21.167  -84.827  -25.078 0.3000000119
3138  20.214  -84.568  -25.468 0.3000000119
7938  15.668  -77.031  -41.255 0.6000000238
3667  26.243  -82.850  -19.463 0.3000000119
3681  25.195  -83.257  -19.943 0.4000000060
150010  29.883  -84.025  -24.470 0.3000000119
7157  12.068  -78.081  -39.735 0.5000000000
4337  21.590  -82.536  -26.802 0.4000000060
4284  29.435  -81.697  -21.014 0.3000000119
3711  29.922  -83.651  -24.316 0.3000000119
134053  19.530  -80.487  -26.800 0.4000000060
5609  21.745  -80.656  -27.409 0.4000000060
148603  22.819  -81.179  -28.214 0.4000000060
7027  17.582  -78.855  -26.445 0.3000000119
4924  28.920  -81.395  -29.798 0.3000000119
8558  7.683  -76.731  -33.820 0.6000000238
5595  20.358  -80.501  -26.297 0.3000000119
4374  29.834  -82.013  -29.789 0.3000000119
4361  30.289  -82.339  -29.234 0.3000000119
6976  22.925  -78.441  -21.966 0.3000000119
10794  10.377  -72.877  -36.305 0.5000000000
20445  13.171  -62.819  -20.215 0.6999999881
139675  11.465  -61.836  -19.628 0.6999999881
21400  9.306  -61.395  -20.593 0.6000000238
27161  13.702  -55.302  -19.267 0.3000000119
28024  13.402  -54.623  -19.297 0.3000000119
8618  12.626  -77.171  -40.019 0.5000000000
7158  11.467  -78.028  -39.199 0.5000000000
7072  17.181  -79.163  -31.976 0.6000000238
9933  10.160  -73.948  -33.669 0.4000000060
135654  10.772  -73.522  -33.216 0.5000000000
15102  9.110  -68.352  -34.542 0.5000000000
14147  9.989  -70.101  -32.155 0.5000000000
14148  9.365  -69.449  -32.727 0.5000000000
15085  9.121  -68.504  -33.417 0.5000000000
15979  8.776  -66.739  -33.640 0.5000000000
15073  9.053  -67.572  -33.040 0.5000000000
13184  10.902  -70.513  -31.760 0.5000000000
16912  7.820  -65.932  -33.394 0.4000000060
15072  9.204  -68.581  -32.409 0.5000000000
153687  8.379  -66.188  -33.207 0.5000000000
17839  6.513  -64.612  -32.395 0.5000000000
15060  9.151  -67.841  -31.995 0.6000000238
15968  8.850  -66.763  -32.536 0.5000000000
17838  7.490  -64.914  -32.266 0.5000000000
21545  6.171  -60.779  -29.225 0.5000000000
146854  8.705  -66.389  -31.485 0.6000000238
19662  5.641  -62.897  -31.140 0.5000000000
21559  5.706  -61.850  -30.053 0.5000000000
17837  8.172  -65.504  -31.934 0.6000000238
18728  7.031  -63.980  -31.798 0.6000000238
18729  6.017  -63.748  -32.063 0.5000000000
15955  9.042  -67.057  -30.616 0.6000000238
17819  7.899  -64.795  -31.381 0.6000000238
20586  6.595  -61.913  -30.408 0.6000000238
138509  7.661  -64.163  -30.785 0.6000000238
21558  6.391  -61.005  -30.029 0.5000000000
23568  7.561  -59.925  -29.923 0.5000000000
18718  7.158  -63.293  -31.153 0.6000000238
19661  6.666  -62.675  -30.929 0.6000000238
17653  12.600  -65.529  -19.796 0.5000000000
18572  11.852  -64.554  -19.313 0.5000000000
18571  12.531  -64.797  -19.741 0.5000000000
23552  8.972  -59.270  -29.610 0.6000000238
19651  7.368  -62.843  -30.546 0.6000000238
23586  7.994  -59.965  -30.401 0.6000000238
20585  7.280  -62.095  -30.567 0.6000000238
133502  7.292  -61.341  -30.459 0.6000000238
21544  7.817  -61.693  -30.540 0.6000000238
130658  10.406  -54.727  -21.163 0.3000000119
28971  5.299  -53.730  -18.930 0.3000000119
4944  17.620  -81.285  -30.603 0.4000000060
4968  17.232  -81.233  -31.820 0.5000000000
6419  19.891  -79.281  -41.153 0.5000000000
7166  19.158  -78.695  -40.963 0.5000000000
6350  16.721  -80.132  -31.685 0.4000000060
7152  18.266  -78.148  -40.359 0.4000000060
150627  17.922  -77.948  -31.404 0.4000000060
7171  12.800  -77.489  -40.355 0.4000000060
8615  14.675  -76.505  -40.900 0.4000000060
8625  13.313  -76.932  -40.621 0.4000000060
7928  15.776  -76.665  -41.104 0.4000000060
7915  16.844  -77.059  -41.155 0.4000000060
139457  20.483  -76.515  -33.478 0.4000000060
8537  18.241  -76.014  -32.472 0.4000000060
8538  17.280  -76.349  -32.129 0.4000000060
7140  11.807  -78.560  -38.822 0.4000000060
8536  19.248  -76.178  -32.393 0.4000000060
153313  18.766  -76.277  -31.995 0.4000000060
8551  17.809  -75.633  -33.833 0.4000000060
9226  16.630  -75.222  -34.066 0.5000000000
19639  7.838  -63.237  -29.638 0.5000000000
18690  8.036  -64.034  -29.235 0.5000000000
21543  8.409  -61.695  -30.341 0.5000000000
20564  8.622  -62.312  -29.490 0.5000000000
20547  9.362  -62.217  -28.913 0.5000000000
22524  9.394  -60.906  -30.586 0.5000000000
22510  10.874  -60.627  -29.908 0.5000000000
130758  10.741  -64.379  -19.169 0.4000000060
20428  8.056  -64.007  -20.282 0.4000000060
21542  9.205  -61.551  -29.990 0.5000000000
22537  8.964  -60.549  -30.684 0.5000000000
7079  16.973  -78.705  -32.615 0.5000000000
8526  18.376  -76.649  -31.748 0.4000000060
143614  18.776  -75.862  -33.190 0.4000000060
143609  15.165  -91.297  -14.168 0.4000000060
202  13.642  -91.655  -14.023 0.4000000060
24  13.226  -93.322  -17.876 0.4000000060
499  16.886  -90.988  -14.426 0.4000000060
200  15.394  -91.762  -13.962 0.4000000060
23  13.897  -93.296  -17.292 0.4000000060
63  14.738  -91.998  -13.715 0.4000000060
147865  15.950  -92.902  -18.192 0.4000000060
148677  14.562  -93.244  -17.666 0.4000000060
131509  12.961  -93.257  -16.132 0.4000000060
149976  18.214  -91.178  -14.715 0.5000000000
199  16.360  -91.598  -14.264 0.5000000000
75  17.357  -91.970  -15.088 0.4000000060
68  15.856  -92.081  -14.296 0.4000000060
15  14.697  -93.137  -16.679 0.4000000060
207  19.764  -90.623  -15.605 0.5000000000
220  20.077  -90.471  -16.926 0.5000000000
208  18.607  -91.456  -15.642 0.5000000000
141534  16.614  -92.282  -15.395 0.4000000060
77  15.427  -92.605  -14.823 0.4000000060
221  19.463  -90.983  -17.112 0.4000000060
74  17.907  -91.898  -15.675 0.4000000060
135851  18.917  -88.822  -18.889 0.4000000060
88  18.287  -91.261  -18.149 0.4000000060
89  17.564  -92.033  -18.153 0.4000000060
13  15.643  -92.907  -16.567 0.4000000060
7  14.450  -93.074  -15.518 0.4000000060
138878  17.775  -91.465  -18.864 0.4000000060
22  15.346  -93.071  -17.604 0.4000000060
141334  19.710  -90.299  -17.678 0.5000000000
222  18.718  -91.357  -17.285 0.4000000060
79  17.721  -92.067  -16.542 0.4000000060
81  15.915  -92.659  -15.611 0.4000000060
230  20.371  -88.754  -18.791 0.5000000000
227  19.112  -89.800  -18.260 0.4000000060
84  18.005  -91.903  -17.340 0.4000000060
85  17.110  -92.314  -17.161 0.4000000060
541  21.912  -89.175  -20.714 0.3000000119
141692  20.779  -88.792  -21.080 0.3000000119
900  22.799  -89.010  -20.908 0.4000000060
542  21.171  -89.161  -20.004 0.3000000119
146133  20.192  -87.876  -21.551 0.4000000060
895  23.517  -88.464  -20.353 0.4000000060
150285  24.209  -88.548  -22.081 0.3000000119
128212  23.650  -88.759  -21.688 0.4000000060
899  23.312  -89.166  -21.244 0.4000000060
146073  21.837  -87.866  -22.158 0.4000000060
146273  24.485  -87.900  -22.110 0.4000000060
128036  23.243  -88.322  -21.892 0.4000000060
145948  22.749  -86.693  -22.353 0.4000000060
146169  20.424  -85.260  -21.938 0.3000000119
231  19.786  -88.111  -19.288 0.3000000119
146160  19.321  -86.563  -21.607 0.3000000119
146125  21.118  -87.720  -19.843 0.4000000060
146207  25.219  -87.727  -22.239 0.4000000060
145930  20.742  -86.744  -22.434 0.3000000119
145927  24.339  -86.196  -22.247 0.4000000060
146275  24.856  -85.333  -21.861 0.4000000060
146272  22.772  -85.483  -22.077 0.4000000060
134073  21.768  -89.194  -19.069 0.4000000060
896  22.886  -89.083  -19.911 0.4000000060
907  24.577  -88.386  -22.483 0.4000000060
127388  26.615  -87.313  -22.216 0.4000000060
128231  25.346  -87.913  -22.344 0.4000000060
1537  27.619  -86.674  -22.225 0.4000000060
146206  26.907  -86.628  -21.833 0.4000000060
146271  25.335  -86.790  -22.214 0.4000000060
535  21.179  -89.245  -18.760 0.4000000060
539  21.855  -88.992  -19.191 0.4000000060
127385  21.222  -88.029  -19.888 0.3000000119
128247  23.239  -88.799  -19.736 0.4000000060
146010  19.241  -86.087  -20.446 0.3000000119
146215  26.968  -87.428  -22.654 0.4000000060
1552  26.354  -87.500  -24.485 0.4000000060
1545  27.548  -87.140  -23.378 0.4000000060
2523  28.366  -85.642  -21.626 0.4000000060
145943  25.807  -85.984  -22.045 0.4000000060
527  21.151  -89.668  -17.615 0.4000000060
526  22.098  -89.571  -17.899 0.4000000060
219  20.399  -89.926  -17.540 0.4000000060
533  22.963  -89.606  -18.277 0.4000000060
534  22.016  -89.666  -18.543 0.4000000060
889  23.969  -89.086  -19.093 0.4000000060
9227  15.757  -75.169  -33.457 0.4000000060
146180  26.327  -86.848  -22.089 0.4000000060
14  15.203  -92.961  -15.713 0.4000000060
16  13.760  -93.233  -16.233 0.4000000060
21  16.201  -92.737  -17.358 0.4000000060
25  12.381  -93.285  -17.493 0.4000000060
64  14.499  -92.255  -13.905 0.4000000060
67  16.646  -91.995  -14.629 0.4000000060
69  15.122  -92.222  -14.028 0.4000000060
70  14.639  -92.726  -14.542 0.4000000060
76  16.095  -92.335  -14.882 0.4000000060
78  18.347  -91.713  -16.471 0.4000000060
80  16.438  -92.547  -16.368 0.4000000060
90  16.707  -92.474  -18.145 0.4000000060
193  13.953  -92.059  -13.698 0.4000000060
197  18.935  -91.096  -15.057 0.5000000000
198  17.359  -91.468  -14.617 0.5000000000
201  14.593  -91.727  -13.870 0.4000000060
209  18.085  -91.543  -15.025 0.5000000000
215  20.276  -90.410  -16.250 0.5000000000
216  19.054  -91.312  -16.377 0.4000000060
225  20.793  -89.564  -18.194 0.4000000060
226  19.887  -89.326  -18.363 0.5000000000
228  18.372  -89.988  -18.551 0.4000000060
498  18.681  -90.805  -14.740 0.5000000000
500  15.924  -91.140  -14.283 0.4000000060
501  14.456  -91.138  -14.492 0.4000000060
517  23.526  -88.887  -17.053 0.3000000119
518  20.671  -90.269  -16.594 0.4000000060
524  23.641  -89.389  -17.825 0.4000000060
525  23.131  -89.405  -17.719 0.4000000060
532  23.863  -89.368  -18.200 0.5000000000
538  23.330  -89.363  -18.796 0.4000000060
540  19.801  -88.095  -19.315 0.3000000119
835  19.745  -90.130  -15.213 0.4000000060
837  18.250  -90.227  -14.797 0.5000000000
850  19.484  -89.329  -15.385 0.4000000060
873  24.383  -89.108  -17.657 0.4000000060
880  25.716  -88.163  -18.346 0.4000000060
881  24.861  -88.981  -18.174 0.5000000000
882  24.286  -89.097  -18.582 0.5000000000
888  24.625  -88.790  -18.896 0.5000000000
890  23.403  -88.806  -19.710 0.4000000060
894  25.020  -88.374  -18.770 0.5000000000
903  23.905  -89.005  -22.092 0.3000000119
904  23.405  -89.337  -22.574 0.3000000119
908  23.885  -88.941  -23.102 0.4000000060
1169  21.869  -88.612  -16.858 0.3000000119
1171  19.478  -88.219  -15.812 0.4000000060
1172  18.184  -88.590  -15.597 0.5000000000
1182  21.784  -87.919  -16.857 0.3000000119
1191  26.971  -87.661  -17.919 0.3000000119
1484  18.709  -87.844  -15.936 0.3000000119
1505  27.505  -87.170  -17.788 0.3000000119
1544  28.115  -86.812  -22.945 0.4000000060
1546  26.749  -87.574  -23.518 0.4000000060
1551  27.170  -87.217  -24.358 0.5000000000
1558  26.180  -86.965  -26.018 0.4000000060
1571  25.082  -86.668  -26.403 0.4000000060
1573  22.897  -87.449  -27.026 0.3000000119
1931  28.018  -86.394  -17.885 0.3000000119
1932  27.503  -86.816  -18.169 0.3000000119
1933  25.961  -87.060  -18.781 0.4000000060
1955  28.231  -86.063  -22.069 0.5000000000
1956  27.686  -86.292  -21.943 0.4000000060
1965  28.777  -85.693  -22.406 0.5000000000
1973  28.822  -85.901  -23.256 0.5000000000
1987  27.343  -86.546  -25.703 0.4000000060
1994  27.978  -85.981  -26.063 0.5000000000
1996  23.946  -86.645  -26.850 0.4000000060
1997  23.140  -86.712  -26.778 0.4000000060
1999  20.385  -87.029  -26.778 0.4000000060
2005  26.930  -85.843  -26.791 0.4000000060
2008  23.973  -86.895  -26.845 0.4000000060
2011  20.896  -87.265  -27.416 0.3000000119
2016  27.114  -85.283  -27.071 0.5000000000
2480  28.878  -85.802  -17.420 0.3000000119
2482  27.482  -85.965  -17.963 0.3000000119
2496  27.976  -86.429  -18.039 0.3000000119
2513  29.014  -85.124  -21.309 0.5000000000
2515  27.497  -85.040  -21.208 0.5000000000
2524  27.680  -85.910  -21.668 0.5000000000
2531  29.177  -85.195  -22.132 0.5000000000
2552  29.103  -85.037  -25.724 0.5000000000
2555  24.042  -85.491  -25.903 0.3000000119
2559  19.710  -85.306  -26.050 0.3000000119
2570  25.563  -85.662  -26.630 0.4000000060
2572  23.570  -86.153  -26.471 0.4000000060
2575  19.985  -86.139  -26.283 0.3000000119
2576  18.704  -86.077  -26.860 0.3000000119
2581  28.430  -84.671  -27.166 0.4000000060
2582  27.874  -85.061  -27.149 0.4000000060
2584  26.003  -85.811  -26.715 0.4000000060
2594  27.389  -84.750  -27.591 0.4000000060
3065  21.220  -84.057  -18.710 0.4000000060
3066  21.453  -83.304  -18.487 0.4000000060
3085  29.445  -84.037  -20.775 0.5000000000
3086  29.071  -84.686  -20.878 0.5000000000
3105  30.010  -84.245  -22.561 0.4000000060
3113  29.671  -84.642  -23.181 0.4000000060
3120  24.911  -84.130  -24.796 0.3000000119
3131  29.539  -84.285  -25.219 0.4000000060
3132  25.857  -84.076  -25.688 0.3000000119
3134  24.499  -84.803  -25.286 0.3000000119
3146  19.640  -84.477  -26.187 0.3000000119
3152  28.638  -84.254  -27.770 0.3000000119
3154  26.412  -84.985  -26.777 0.4000000060
3162  29.177  -83.860  -28.196 0.3000000119
3163  28.547  -84.040  -28.287 0.3000000119
3175  28.507  -83.735  -28.718 0.3000000119
3184  22.784  -84.609  -30.761 0.4000000060
3191  25.255  -84.845  -31.962 0.4000000060
3654  22.039  -83.026  -18.155 0.3000000119
3677  29.673  -83.281  -20.754 0.3000000119
3679  28.280  -83.579  -20.039 0.4000000060
3688  30.100  -83.649  -22.245 0.4000000060
3704  22.780  -83.249  -23.491 0.3000000119
3716  21.149  -83.518  -23.968 0.3000000119
3719  29.651  -83.709  -26.159 0.3000000119
3728  20.011  -83.855  -26.575 0.3000000119
3734  30.080  -83.043  -27.879 0.3000000119
3735  29.658  -83.620  -27.636 0.3000000119
3736  26.285  -83.524  -27.050 0.3000000119
3745  29.821  -82.989  -28.963 0.3000000119
3747  27.215  -83.287  -28.420 0.3000000119
3759  30.091  -82.123  -29.588 0.3000000119
3760  29.342  -83.133  -29.189 0.3000000119
3773  29.485  -82.702  -29.561 0.3000000119
3774  24.207  -82.956  -31.324 0.3000000119
3783  23.922  -83.947  -31.567 0.4000000060
4274  28.642  -81.898  -19.923 0.3000000119
4279  21.722  -82.513  -19.409 0.3000000119
4285  29.285  -82.361  -20.324 0.3000000119
4315  29.799  -83.313  -26.351 0.3000000119
4316  29.770  -82.934  -26.190 0.3000000119
4317  25.894  -82.813  -25.469 0.3000000119
4326  21.743  -81.770  -26.237 0.5000000000
4336  26.173  -82.647  -27.383 0.3000000119
4347  26.643  -82.464  -28.140 0.3000000119
4349  23.229  -81.920  -28.235 0.4000000060
4360  30.991  -81.906  -29.053 0.3000000119
4362  28.887  -82.158  -29.693 0.3000000119
4363  28.396  -82.847  -29.342 0.3000000119
4365  23.256  -82.624  -28.791 0.4000000060
4377  23.902  -82.282  -29.983 0.5000000000
4396  10.696  -82.505  -33.477 0.6999999881
4842  28.914  -81.396  -20.433 0.3000000119
4861  25.628  -81.747  -24.162 0.3000000119
4888  22.252  -81.323  -26.797 0.5000000000
4889  21.932  -81.042  -26.267 0.4000000060
4902  22.599  -81.277  -27.340 0.4000000060
4914  27.556  -81.349  -28.826 0.3000000119
4925  28.207  -81.838  -29.362 0.3000000119
4926  23.572  -81.606  -29.632 0.5000000000
4928  19.827  -81.251  -29.668 0.4000000060
4929  18.850  -81.380  -29.829 0.5000000000
4938  29.538  -81.811  -29.889 0.3000000119
4940  23.830  -81.707  -30.407 0.4000000060
4942  22.466  -80.959  -30.249 0.4000000060
4951  20.215  -81.367  -31.755 0.4000000060
4954  12.935  -81.292  -31.755 0.8000000119
4961  24.381  -81.767  -32.136 0.3000000119
4963  23.034  -81.158  -32.352 0.4000000060
4966  19.932  -81.268  -32.444 0.5000000000
4967  17.961  -81.315  -32.319 0.6000000238
4970  11.924  -81.939  -32.239 0.6999999881
4971  10.922  -81.538  -32.345 0.6999999881
4980  24.157  -81.242  -33.405 0.3000000119
4981  22.293  -81.071  -33.054 0.4000000060
4994  23.406  -80.962  -34.142 0.4000000060
4998  24.541  -81.163  -35.868 0.4000000060
5549  23.673  -80.422  -22.961 0.3000000119
5562  25.201  -80.348  -24.368 0.3000000119
5565  20.599  -80.341  -24.325 0.3000000119
5575  25.465  -80.481  -25.155 0.3000000119
5577  20.988  -80.556  -25.659 0.4000000060
5591  25.975  -80.271  -26.718 0.3000000119
5596  19.031  -80.308  -26.172 0.4000000060
5608  22.378  -80.833  -27.587 0.4000000060
5611  19.285  -80.620  -27.468 0.4000000060
5612  18.195  -80.594  -27.759 0.5000000000
5619  22.056  -80.673  -28.126 0.4000000060
5620  21.076  -80.581  -28.051 0.4000000060
5634  17.441  -80.768  -29.180 0.5000000000
5646  12.934  -80.649  -30.338 0.8999999762
5648  11.478  -80.579  -30.608 0.6999999881
5655  13.204  -80.669  -31.073 0.8999999762
5658  10.847  -80.606  -31.327 0.6999999881
5661  17.689  -80.966  -33.112 0.6000000238
5666  10.351  -80.743  -32.141 0.6000000238
5676  17.175  -80.544  -33.182 0.6999999881
5678  12.900  -81.566  -33.281 0.8000000119
5684  21.320  -80.708  -34.659 0.4000000060
5685  20.364  -80.712  -34.508 0.6000000238
5686  19.531  -80.683  -34.453 0.6000000238
5687  18.600  -80.597  -34.593 0.6999999881
5694  21.450  -80.603  -35.546 0.5000000000
5696  19.427  -80.442  -35.808 0.6999999881
5697  18.662  -80.389  -35.564 0.6999999881
5698  17.867  -80.320  -35.224 0.6999999881
5699  17.193  -80.036  -34.910 0.6999999881
5712  22.470  -80.452  -37.463 0.5000000000
5713  21.024  -79.957  -37.837 0.6999999881
5715  18.762  -79.734  -37.038 0.6999999881
6274  24.163  -79.578  -23.419 0.3000000119
6298  25.577  -79.610  -25.461 0.3000000119
6310  17.551  -79.417  -26.628 0.3000000119
6336  13.288  -79.972  -29.336 0.8999999762
6337  12.941  -80.105  -29.095 0.8999999762
6345  13.492  -79.989  -29.890 0.8999999762
6351  13.542  -80.030  -30.647 0.8000000119
6355  16.938  -79.648  -32.621 0.6000000238
6357  13.312  -80.253  -32.393 0.8000000119
6371  9.324  -79.820  -34.270 0.5000000000
6379  17.636  -79.754  -36.270 0.8000000119
6388  18.206  -79.445  -37.315 0.8000000119
6399  18.288  -78.511  -39.087 0.6000000238
6409  20.602  -79.542  -40.497 0.5000000000
7036  14.058  -78.432  -27.524 0.6999999881
7046  17.097  -79.229  -28.386 0.4000000060
7048  13.106  -79.233  -27.948 0.8000000119
7059  13.817  -79.037  -29.029 0.6999999881
7067  10.841  -79.151  -30.105 0.6000000238
7078  17.385  -78.126  -31.937 0.4000000060
7080  13.258  -79.261  -32.109 0.6999999881
7085  16.048  -78.022  -33.748 0.6999999881
7093  16.313  -78.898  -34.943 0.6999999881
7095  8.292  -78.244  -34.157 0.6000000238
7102  15.734  -78.311  -35.319 0.8000000119
7103  8.728  -78.860  -35.103 0.6000000238
7139  15.628  -77.523  -38.279 0.6999999881
7168  17.644  -77.767  -41.133 0.6000000238
7169  15.622  -77.611  -41.236 0.5000000000
7175  18.722  -78.855  -41.845 0.6000000238
7177  16.553  -77.867  -41.338 0.5000000000
7745  13.830  -78.131  -26.916 0.6000000238
7746  13.081  -77.967  -26.896 0.6999999881
7768  13.919  -77.336  -29.666 0.6000000238
7769  11.124  -77.155  -28.775 0.5000000000
7794  13.130  -77.223  -31.643 0.6000000238
7807  16.969  -77.170  -32.063 0.6000000238
7809  15.455  -76.673  -32.821 0.6000000238
7826  16.512  -78.155  -33.127 0.6000000238
7828  14.828  -77.077  -33.269 0.6000000238
7829  12.678  -77.693  -33.330 0.6000000238
7830  9.079  -78.179  -32.870 0.6000000238
7845  13.613  -77.423  -34.672 0.6999999881
7861  11.685  -78.154  -36.231 0.8000000119
7873  14.984  -77.776  -35.661 0.6999999881
7889  11.096  -78.319  -37.586 0.6999999881
7903  11.935  -77.363  -39.365 0.6000000238
7917  15.362  -76.728  -40.293 0.6000000238
7919  12.111  -77.685  -39.753 0.5000000000
7930  13.646  -77.099  -41.055 0.6000000238
7937  16.427  -77.099  -41.206 0.6000000238
7939  14.931  -77.066  -41.313 0.5000000000
8472  13.668  -76.590  -25.286 0.5000000000
8483  15.157  -76.737  -26.211 0.5000000000
8494  12.432  -76.818  -27.021 0.6999999881
8500  14.635  -76.771  -28.614 0.6000000238
8508  13.799  -76.565  -30.144 0.6000000238
8514  13.594  -76.154  -30.788 0.5000000000
8516  9.627  -76.274  -30.787 0.5000000000
8525  19.212  -76.692  -31.688 0.4000000060
8535  20.046  -76.346  -32.673 0.4000000060
8552  17.226  -75.760  -32.940 0.4000000060
8555  13.304  -76.953  -33.085 0.5000000000
8608  13.248  -76.704  -39.747 0.6000000238
8609  12.659  -76.888  -39.698 0.6000000238
8617  13.081  -76.800  -40.159 0.6000000238
8623  14.894  -76.714  -41.150 0.5000000000
8624  14.065  -76.700  -41.009 0.4000000060
9144  13.198  -75.796  -24.984 0.5000000000
9163  12.032  -75.637  -27.263 0.5000000000
9170  15.639  -76.090  -27.945 0.6000000238
9172  11.071  -75.255  -28.606 0.6999999881
9173  10.687  -75.438  -29.109 0.6999999881
9180  16.236  -75.165  -29.310 0.6000000238
9192  13.622  -75.874  -31.456 0.5000000000
9194  9.380  -75.519  -31.163 0.6000000238
9207  13.543  -76.057  -32.129 0.5000000000
9218  8.583  -76.034  -32.605 0.5000000000
9819  13.247  -74.981  -24.564 0.6000000238
9857  11.801  -74.883  -27.762 0.5000000000
9883  10.551  -74.761  -29.637 0.6000000238
9894  15.521  -74.830  -30.734 0.5000000000
9963  9.716  -74.210  -36.331 0.6000000238
9977  10.017  -73.598  -36.928 0.5000000000
9986  9.666  -74.000  -37.554 0.5000000000
10599  14.773  -73.877  -23.059 0.6000000238
10642  14.109  -73.343  -24.833 0.6000000238
10665  13.208  -73.214  -27.134 0.6000000238
10681  11.646  -73.654  -29.781 0.6999999881
11536  12.267  -72.126  -31.404 0.6000000238
11581  10.761  -73.066  -34.559 0.6000000238
12257  16.062  -71.292  -23.338 0.5000000000
12282  14.072  -71.412  -26.042 0.5000000000
12300  13.496  -71.380  -27.762 0.6000000238
12310  13.339  -71.344  -28.681 0.6000000238
12323  13.211  -71.290  -29.306 0.6000000238
12324  13.045  -71.627  -29.861 0.6000000238
12338  12.404  -71.009  -30.764 0.6000000238
12365  11.050  -71.335  -32.836 0.6000000238
12395  10.185  -72.116  -36.928 0.5000000000
13118  12.256  -70.290  -26.927 0.5000000000
13119  11.662  -70.095  -27.556 0.5000000000
13143  13.150  -70.933  -29.016 0.6000000238
13175  11.960  -70.596  -30.521 0.6000000238
13183  11.879  -70.926  -31.363 0.6000000238
13205  10.435  -70.962  -33.301 0.6000000238
14015  14.243  -70.172  -24.019 0.5000000000
14088  11.125  -69.839  -28.091 0.6000000238
14132  10.226  -69.931  -31.321 0.5000000000
14133  9.559  -69.396  -31.827 0.5000000000
14166  9.268  -69.489  -33.869 0.5000000000
14197  9.145  -69.087  -35.953 0.6000000238
15020  9.686  -68.381  -28.728 0.5000000000
15029  9.419  -68.012  -29.365 0.6999999881
15043  9.360  -68.282  -30.054 0.6999999881
15086  9.021  -67.478  -34.104 0.5000000000
15939  9.194  -67.580  -29.951 0.6999999881
15954  9.071  -67.317  -31.388 0.6000000238
15993  8.614  -66.854  -34.549 0.5000000000
16877  8.758  -66.452  -30.498 0.6999999881
17658  12.564  -65.843  -20.284 0.5000000000
17666  12.228  -66.076  -20.941 0.6000000238
17801  8.207  -65.090  -30.289 0.6000000238
17852  7.954  -65.642  -32.759 0.5000000000
17853  7.257  -65.352  -32.873 0.5000000000
18577  12.806  -64.984  -20.202 0.5000000000
18586  12.675  -64.749  -20.892 0.6000000238
18587  12.180  -64.933  -21.537 0.6000000238
18600  12.499  -64.154  -21.527 0.5000000000
18672  8.571  -64.371  -28.404 0.5000000000
18705  7.605  -63.690  -30.167 0.5000000000
18719  6.349  -63.285  -31.560 0.6000000238
19532  9.090  -63.805  -19.844 0.4000000060
19562  12.980  -63.479  -20.817 0.6000000238
19573  11.853  -63.732  -22.426 0.6000000238
19589  9.444  -63.732  -23.777 0.5000000000
19638  8.350  -63.522  -28.794 0.5000000000
20425  12.825  -62.946  -19.795 0.6999999881
20427  8.810  -63.183  -20.400 0.5000000000
20480  11.457  -62.322  -23.225 0.6000000238
20488  10.171  -62.220  -23.951 0.6000000238
20489  9.517  -62.151  -24.394 0.6000000238
20490  8.797  -62.590  -24.666 0.5000000000
20502  8.284  -62.099  -25.287 0.5000000000
20548  8.242  -62.892  -29.243 0.5000000000
20565  7.904  -62.387  -30.116 0.5000000000
21379  13.436  -61.096  -19.920 0.8000000119
21381  11.971  -61.237  -19.479 0.6000000238
21401  8.433  -61.673  -21.288 0.6000000238
21402  7.264  -62.856  -21.572 0.5000000000
21408  13.504  -61.391  -21.202 0.8000000119
21410  6.460  -62.430  -22.068 0.5000000000
21422  13.133  -61.965  -21.888 0.6000000238
21437  10.882  -61.681  -23.788 0.6000000238
21469  8.107  -61.444  -25.790 0.5000000000
21488  7.088  -61.259  -26.598 0.5000000000
21527  11.207  -61.042  -28.829 0.5000000000
21541  10.035  -60.936  -30.212 0.5000000000
21556  8.834  -61.144  -30.636 0.5000000000
21557  8.149  -61.021  -30.675 0.6000000238
22365  12.357  -60.512  -19.420 0.6999999881
22367  10.538  -60.465  -19.705 0.6999999881
22378  13.654  -60.328  -20.068 0.8000000119
22390  13.684  -60.843  -20.625 0.8000000119
22391  7.405  -61.285  -22.267 0.6000000238
22393  5.285  -60.580  -22.889 0.5000000000
22408  13.284  -60.499  -22.534 0.8000000119
22437  11.153  -60.290  -24.393 0.6000000238
22449  16.927  -59.892  -25.382 0.4000000060
22453  10.197  -60.202  -25.225 0.6999999881
22455  8.556  -60.841  -25.967 0.5000000000
22491  8.749  -59.869  -27.180 0.6000000238
22492  7.980  -60.143  -27.572 0.5000000000
22512  7.155  -60.142  -29.032 0.5000000000
22525  7.430  -60.468  -30.359 0.6000000238
22526  6.852  -60.424  -29.676 0.5000000000
22536  9.889  -60.312  -30.619 0.6000000238
22538  8.234  -60.353  -30.634 0.5000000000
23415  12.247  -59.020  -19.258 0.6999999881
23416  10.878  -59.725  -19.391 0.6999999881
23438  9.500  -59.933  -20.411 0.6999999881
23456  6.182  -60.515  -23.108 0.6000000238
23468  6.371  -59.544  -23.353 0.6999999881
23477  13.398  -58.744  -23.060 0.6999999881
23488  12.268  -59.248  -24.271 0.8000000119
23489  11.549  -59.582  -24.592 0.6999999881
23490  10.841  -59.843  -24.924 0.5000000000
23500  17.504  -58.602  -25.063 0.4000000060
23501  17.138  -58.953  -25.578 0.4000000060
23504  10.560  -59.547  -25.625 0.6999999881
23536  15.352  -58.469  -28.191 0.5000000000
23549  14.066  -59.026  -29.622 0.5000000000
23551  9.473  -59.089  -28.646 0.6999999881
23553  8.005  -59.646  -29.318 0.6000000238
23567  8.325  -59.648  -30.133 0.6000000238
23580  13.611  -57.751  -30.955 0.6000000238
23581  12.969  -58.346  -30.990 0.6999999881
23582  11.937  -59.079  -30.806 0.6000000238
23584  9.436  -59.927  -30.686 0.5000000000
23585  8.645  -59.938  -30.609 0.5000000000
24429  13.230  -58.289  -19.692 0.5000000000
24430  12.658  -58.307  -19.331 0.5000000000
24456  15.147  -58.414  -21.233 0.4000000060
24458  9.510  -59.060  -20.192 0.6999999881
24475  14.583  -58.752  -21.856 0.6000000238
24476  14.069  -58.996  -21.151 0.6999999881
24496  14.702  -58.038  -22.540 0.5000000000
24498  6.779  -58.881  -23.211 0.6999999881
24529  17.401  -57.932  -24.708 0.4000000060
24530  13.742  -57.407  -24.358 0.6999999881
24531  12.553  -58.224  -25.113 0.8000000119
24540  16.675  -57.511  -26.080 0.5000000000
24547  16.397  -57.660  -26.911 0.6000000238
24550  10.901  -58.601  -27.148 0.6999999881
24561  15.478  -57.378  -28.629 0.6000000238
24573  11.337  -57.823  -29.468 0.6999999881
24582  13.748  -57.414  -30.892 0.6999999881
24595  13.166  -57.733  -30.970 0.6000000238
24598  9.895  -59.499  -30.529 0.6999999881
25404  13.080  -57.634  -19.422 0.5000000000
25406  11.486  -57.387  -19.049 0.6000000238
25429  14.742  -58.306  -20.959 0.5000000000
25431  7.846  -57.702  -21.871 0.5000000000
25437  16.420  -57.696  -22.921 0.4000000060
25441  4.918  -57.205  -22.904 0.5000000000
25447  16.328  -57.144  -23.738 0.5000000000
25451  5.973  -57.633  -23.234 0.6999999881
25456  16.986  -57.319  -24.400 0.4000000060
25465  16.906  -57.340  -25.220 0.4000000060
25476  15.606  -56.909  -27.279 0.6000000238
25513  14.008  -57.042  -30.661 0.6999999881
25514  13.319  -57.289  -30.727 0.6000000238
26301  13.260  -56.095  -19.158 0.3000000119
26303  11.387  -56.445  -19.188 0.3000000119
26314  9.990  -56.537  -19.833 0.6000000238
26315  9.537  -56.713  -20.349 0.5000000000
26316  9.144  -57.228  -20.723 0.5000000000
26324  7.683  -56.960  -22.120 0.6000000238
26325  3.998  -56.781  -21.703 0.6000000238
26333  4.186  -56.989  -22.098 0.6000000238
26339  6.002  -56.689  -22.893 0.6000000238
26340  5.390  -56.720  -22.797 0.6000000238
27162  12.719  -55.199  -19.142 0.3000000119
27164  10.973  -55.713  -19.531 0.3000000119
27192  7.431  -55.475  -23.271 0.6000000238
27193  6.267  -55.679  -22.591 0.5000000000
27199  8.971  -55.496  -24.000 0.6000000238
28026  10.649  -55.154  -20.147 0.4000000060
28027  5.102  -54.604  -20.149 0.6000000238
28056  5.181  -55.146  -21.398 0.6000000238
28057  4.423  -55.557  -20.980 0.5000000000
28062  9.779  -55.252  -23.381 0.3000000119
28063  7.090  -54.458  -23.654 0.4000000060
28065  5.695  -55.385  -22.158 0.6000000238
28071  10.160  -55.011  -25.219 0.3000000119
28072  8.760  -55.446  -25.111 0.5000000000
28073  8.035  -55.293  -25.079 0.5000000000
28074  7.618  -54.911  -24.504 0.5000000000
28081  9.445  -54.607  -25.584 0.4000000060
28082  8.629  -55.126  -25.432 0.5000000000
28083  7.937  -54.790  -25.152 0.5000000000
28960  7.802  -53.441  -17.711 0.4000000060
29001  6.105  -54.150  -21.233 0.5000000000
29009  6.847  -53.216  -22.266 0.4000000060
29023  11.316  -53.799  -25.329 0.3000000119
29025  8.005  -53.795  -24.838 0.4000000060
29939  10.206  -53.013  -15.789 0.3000000119
29940  9.412  -52.947  -15.896 0.3000000119
29963  10.987  -53.297  -17.414 0.3000000119
29980  8.833  -53.421  -18.650 0.4000000060
29982  5.755  -53.198  -18.363 0.3000000119
30008  7.441  -52.870  -20.990 0.5000000000
30035  12.240  -52.926  -25.609 0.3000000119
30039  8.373  -52.749  -24.255 0.4000000060
31064  9.318  -51.082  -22.926 0.3000000119
31085  9.622  -51.647  -24.135 0.3000000119
31086  8.823  -51.858  -23.635 0.3000000119
32112  9.742  -50.224  -22.377 0.3000000119
127381  22.361  -86.795  -19.013 0.4000000060
127383  19.662  -87.790  -20.392 0.3000000119
127386  24.445  -88.351  -19.328 0.5000000000
127387  22.036  -88.758  -21.501 0.4000000060
127389  26.471  -87.122  -22.137 0.4000000060
127391  27.082  -86.881  -22.059 0.4000000060
127394  22.957  -86.046  -30.435 0.3000000119
127395  18.953  -86.103  -28.717 0.3000000119
127476  12.731  -82.536  -34.580 0.6999999881
127477  12.465  -83.024  -34.436 0.6999999881
127483  12.947  -82.540  -35.993 0.5000000000
127488  11.017  -78.668  -36.872 0.6000000238
127491  11.375  -78.394  -38.574 0.6000000238
128045  25.542  -87.419  -22.224 0.4000000060
128048  24.047  -87.383  -22.244 0.4000000060
128059  12.533  -80.389  -36.656 0.6999999881
128082  22.245  -85.243  -30.507 0.3000000119
128100  23.142  -88.964  -20.935 0.4000000060
128112  9.298  -80.204  -35.840 0.6000000238
128144  20.105  -83.221  -19.794 0.4000000060
128156  18.924  -86.164  -27.881 0.3000000119
128174  11.258  -78.981  -38.046 0.6000000238
128208  8.864  -81.076  -34.624 0.6000000238
128259  22.805  -88.975  -20.870 0.4000000060
128266  26.845  -86.269  -21.904 0.4000000060
128274  25.560  -88.047  -18.962 0.5000000000
128318  20.519  -85.489  -29.594 0.3000000119
128329  23.700  -88.666  -19.750 0.4000000060
128469  11.991  -78.590  -34.840 0.8000000119
128543  12.205  -82.653  -33.768 0.6999999881
128567  11.169  -83.456  -34.627 0.6000000238
128761  26.213  -87.648  -18.654 0.3000000119
128875  27.456  -87.095  -22.583 0.4000000060
129411  11.234  -78.827  -36.083 0.6999999881
130060  24.509  -81.260  -34.245 0.3000000119
130108  22.426  -89.576  -18.751 0.4000000060
130288  21.489  -89.688  -18.233 0.4000000060
131058  17.193  -92.212  -16.021 0.4000000060
131134  17.157  -92.145  -18.983 0.4000000060
131682  10.631  -71.794  -34.384 0.6000000238
131793  22.176  -88.735  -19.859 0.3000000119
132092  12.206  -69.919  -25.165 0.5000000000
132465  17.130  -79.765  -28.070 0.4000000060
132523  26.575  -84.272  -27.163 0.4000000060
132633  14.446  -76.396  -32.880 0.6000000238
132724  12.369  -62.149  -19.659 0.6999999881
133156  21.374  -89.308  -17.239 0.4000000060
133283  16.767  -80.925  -31.802 0.5000000000
134173  22.577  -88.838  -17.191 0.4000000060
134284  26.569  -84.495  -17.058 0.3000000119
134564  16.348  -92.656  -18.937 0.4000000060
134604  19.008  -90.741  -17.935 0.4000000060
135009  19.058  -81.305  -32.442 0.6000000238
135083  23.156  -89.288  -21.790 0.4000000060
135229  21.186  -80.687  -24.899 0.3000000119
135304  25.295  -88.136  -18.818 0.5000000000
135461  9.588  -62.148  -20.291 0.6000000238
135531  27.469  -84.106  -28.098 0.4000000060
135556  5.990  -62.378  -30.599 0.5000000000
135686  11.230  -62.736  -19.590 0.8000000119
135942  20.865  -80.987  -29.624 0.4000000060
136097  12.714  -59.795  -19.443 0.6999999881
136721  16.734  -79.514  -34.552 0.6999999881
138159  7.532  -61.506  -26.111 0.5000000000
138444  21.542  -87.126  -26.609 0.3000000119
138695  22.832  -88.087  -19.452 0.4000000060
138856  9.665  -74.360  -34.028 0.5000000000
139420  29.344  -83.381  -28.722 0.3000000119
139628  29.367  -84.912  -21.673 0.4000000060
139917  13.014  -58.008  -24.462 0.8000000119
139953  28.545  -85.382  -26.049 0.4000000060
140415  20.102  -80.517  -35.848 0.6000000238
140626  23.516  -80.674  -37.447 0.4000000060
140979  14.518  -57.049  -24.211 0.6000000238
141584  12.736  -62.644  -22.123 0.6999999881
141829  19.192  -85.928  -26.585 0.4000000060
141973  13.378  -61.184  -22.086 0.8000000119
142287  29.763  -84.542  -21.831 0.5000000000
142309  25.535  -86.314  -26.543 0.4000000060
143492  23.556  -81.347  -30.907 0.3000000119
143740  21.260  -88.172  -18.958 0.3000000119
143747  11.756  -77.369  -37.527 0.8000000119
143986  7.293  -55.278  -23.187 0.6000000238
144022  14.365  -53.870  -19.465 0.3000000119
144051  27.479  -86.839  -25.011 0.5000000000
144511  20.914  -88.846  -16.139 0.3000000119
144991  12.917  -75.102  -25.335 0.5000000000
145762  26.379  -86.120  -18.191 0.3000000119
145910  23.517  -88.697  -21.680 0.4000000060
145931  24.486  -88.233  -22.025 0.3000000119
146016  22.897  -86.915  -29.713 0.3000000119
146132  11.113  -79.199  -36.268 0.6999999881
146181  25.947  -87.527  -22.234 0.4000000060
146189  23.102  -88.519  -20.336 0.4000000060
146260  11.533  -79.660  -36.419 0.8000000119
146276  25.806  -85.326  -21.762 0.4000000060
146284  21.044  -88.309  -21.064 0.4000000060
146768  19.511  -81.414  -31.938 0.4000000060
147288  27.130  -87.119  -22.204 0.4000000060
147448  14.573  -57.196  -23.703 0.6000000238
148387  12.793  -81.566  -33.936 0.8000000119
148613  22.699  -89.332  -21.655 0.4000000060
148649  24.541  -89.088  -18.140 0.4000000060
148894  18.788  -85.370  -27.623 0.4000000060
149072  9.333  -68.706  -31.615 0.5000000000
149136  19.751  -90.914  -16.242 0.5000000000
149152  8.450  -51.817  -16.080 0.3000000119
149367  18.592  -85.716  -28.257 0.3000000119
150057  11.024  -64.802  -22.482 0.6000000238
150764  12.882  -64.281  -19.901 0.6000000238
150865  14.452  -71.798  -25.562 0.6000000238
150989  8.655  -66.061  -29.783 0.6000000238
151481  16.052  -74.862  -30.058 0.6000000238
151496  9.834  -61.619  -29.334 0.5000000000
151732  27.390  -85.287  -26.995 0.5000000000
151909  10.604  -56.323  -19.517 0.4000000060
151964  29.815  -83.478  -27.382 0.3000000119
152136  27.789  -83.084  -28.899 0.3000000119
152175  8.422  -66.021  -32.492 0.6000000238
152187  12.044  -70.321  -29.022 0.6999999881
152887  13.558  -71.112  -27.135 0.6000000238
153473  15.421  -70.866  -23.760 0.5000000000
153499  19.273  -91.118  -15.686 0.5000000000
153637  26.690  -84.872  -21.265 0.5000000000
153670  13.768  -76.650  -39.874 0.6000000238
153863  14.966  -92.965  -15.113 0.4000000060
153931  25.862  -82.104  -26.875 0.3000000119
154233  5.687  -61.108  -22.803 0.5000000000
154353  28.871  -84.048  -20.473 0.5000000000
154664  6.603  -60.446  -29.159 0.5000000000
154894  13.918  -59.359  -21.688 0.8000000119
154933  24.706  -84.278  -31.944 0.4000000060
155216  28.032  -86.455  -22.395 0.4000000060
155290  10.843  -74.007  -30.568 0.6000000238
