#!ascii label  , from subject sub-v1s23x0050607_ses-1 vox2ras=TkReg
1142
45089  -8.561  -31.315  57.492 0.0000000000
54156  -30.713  -23.060  39.359 0.0000000000
59074  -30.101  -17.181  40.462 0.0000000000
57107  -26.460  -18.701  47.864 0.0000000000
66716  -39.304  -9.775  33.740 0.0000000000
129703  -32.341  -9.116  36.428 0.0000000000
52089  -32.646  -24.450  46.633 0.0000000000
55146  -28.168  -22.101  44.531 0.0000000000
70612  -42.967  -5.641  37.290 0.0000000000
74879  -43.288  -0.828  37.799 0.0000000000
76624  -45.946  1.458  35.326 0.0000000000
62902  -34.192  -12.844  41.937 0.0000000000
63841  -29.999  -13.084  38.389 0.0000000000
67635  -35.489  -8.357  41.487 0.0000000000
69694  -38.400  -6.588  39.586 0.0000000000
52072  -20.202  -24.954  47.873 0.0000000000
42155  -5.676  -34.537  61.094 0.0000000000
56233  -33.165  -20.713  39.345 0.0000000000
146542  -33.189  -17.625  43.873 0.0000000000
128072  -21.393  -22.194  44.815 0.0000000000
57197  -23.840  -19.777  40.991 0.0000000000
147439  -43.989  -0.186  28.381 0.0000000000
75716  -48.707  0.587  32.878 0.0000000000
128593  -36.002  -10.530  35.395 0.0000000000
66651  -41.227  -8.002  38.669 0.0000000000
47828  -10.551  -29.014  52.817 0.0000000000
36915  -5.589  -40.855  58.762 0.0000000000
136298  -43.190  -3.157  37.817 0.0000000000
65627  -34.815  -10.972  41.357 0.0000000000
48970  -19.259  -27.185  45.976 0.0000000000
44143  -7.582  -32.676  59.610 0.0000000000
127600  -32.190  -21.518  36.709 0.0000000000
54157  -32.520  -22.344  39.176 0.0000000000
57126  -23.044  -18.760  46.448 0.0000000000
135090  -22.427  -20.365  42.743 0.0000000000
57150  -24.810  -18.694  44.915 0.0000000000
54120  -29.026  -23.290  42.459 0.0000000000
55190  -27.606  -21.588  40.847 0.0000000000
55203  -29.161  -22.425  38.873 0.0000000000
138176  -25.267  -18.823  50.434 0.0000000000
56121  -21.737  -19.741  48.279 0.0000000000
73261  -39.795  -2.159  32.882 0.0000000000
74912  -42.632  -0.580  30.304 0.0000000000
140176  -46.979  0.830  33.700 0.0000000000
64726  -30.877  -10.898  37.521 0.0000000000
66700  -34.700  -9.267  35.708 0.0000000000
67667  -40.427  -7.770  39.049 0.0000000000
48914  -16.061  -26.939  49.491 0.0000000000
130266  -14.092  -26.565  52.020 0.0000000000
49868  -11.557  -26.562  53.972 0.0000000000
47871  -11.893  -28.009  50.153 0.0000000000
125837  -6.744  -38.825  56.736 0.0000000000
53108  -30.969  -24.145  43.163 0.0000000000
53137  -32.943  -23.079  42.024 0.0000000000
53082  -34.394  -23.627  45.234 0.0000000000
55081  -28.781  -21.164  49.954 0.0000000000
56147  -27.424  -20.289  46.220 0.0000000000
55111  -29.153  -22.314  47.837 0.0000000000
140492  -30.053  -24.158  45.203 0.0000000000
68790  -41.122  -7.779  34.923 0.0000000000
70627  -41.114  -5.164  35.310 0.0000000000
73233  -41.108  -3.017  35.873 0.0000000000
74064  -41.932  -0.944  34.196 0.0000000000
133087  -43.532  -0.026  33.287 0.0000000000
75691  -44.292  0.854  36.069 0.0000000000
61957  -31.686  -14.875  41.310 0.0000000000
61041  -29.894  -15.612  39.832 0.0000000000
62915  -32.377  -13.213  40.677 0.0000000000
64711  -32.902  -10.841  40.017 0.0000000000
66647  -33.306  -8.669  39.289 0.0000000000
67685  -35.795  -7.648  37.951 0.0000000000
69666  -36.812  -6.150  40.566 0.0000000000
49955  -19.240  -25.936  49.271 0.0000000000
130454  -17.645  -26.960  47.949 0.0000000000
75747  -48.632  1.325  27.920 0.0000000000
136710  -4.004  -34.747  61.197 0.0000000000
57230  -32.553  -20.384  37.421 0.0000000000
58142  -32.075  -18.919  39.994 0.0000000000
56193  -33.300  -20.881  42.349 0.0000000000
57189  -32.608  -19.762  42.279 0.0000000000
59053  -31.543  -17.224  42.539 0.0000000000
61010  -33.268  -15.281  43.048 0.0000000000
146976  -26.448  -20.411  42.423 0.0000000000
55079  -21.327  -20.916  50.550 0.0000000000
53064  -20.796  -23.476  46.719 0.0000000000
74908  -44.462  0.170  31.805 0.0000000000
75727  -45.647  0.509  30.546 0.0000000000
75741  -47.413  0.999  28.858 0.0000000000
148933  -49.801  1.120  31.847 0.0000000000
44207  -8.585  -32.530  54.369 0.0000000000
130849  -7.532  -33.971  56.061 0.0000000000
144983  -37.801  -11.033  34.534 0.0000000000
67702  -37.563  -8.851  37.546 0.0000000000
65654  -38.934  -9.604  36.806 0.0000000000
65682  -40.524  -9.253  35.525 0.0000000000
67704  -42.563  -7.581  37.573 0.0000000000
46848  -9.609  -29.695  55.303 0.0000000000
41355  -6.807  -35.652  58.376 0.0000000000
39621  -5.405  -37.698  59.868 0.0000000000
38732  -3.959  -37.756  59.651 0.0000000000
146690  -7.892  -32.345  58.413 0.0000000000
54168  -31.244  -22.765  38.468 0.0000000000
54185  -31.735  -22.473  37.645 0.0000000000
127733  -31.649  -22.841  39.234 0.0000000000
57115  -24.576  -18.197  47.217 0.0000000000
128637  -23.812  -18.598  45.232 0.0000000000
57128  -26.054  -18.844  46.490 0.0000000000
53147  -29.988  -23.737  41.035 0.0000000000
54154  -28.902  -22.718  39.874 0.0000000000
54155  -29.762  -23.018  39.571 0.0000000000
55216  -29.527  -22.190  37.782 0.0000000000
57093  -27.102  -19.512  50.526 0.0000000000
57085  -27.142  -19.656  51.453 0.0000000000
57098  -25.836  -18.664  49.502 0.0000000000
129715  -24.171  -18.050  48.152 0.0000000000
142426  -42.031  -0.841  30.870 0.0000000000
58140  -30.828  -18.375  39.025 0.0000000000
59093  -30.030  -17.706  39.224 0.0000000000
131595  -31.399  -10.176  36.955 0.0000000000
64748  -31.148  -10.847  35.430 0.0000000000
66685  -33.420  -8.943  36.142 0.0000000000
48930  -14.389  -26.838  48.409 0.0000000000
49932  -14.602  -26.700  50.426 0.0000000000
48913  -13.273  -27.019  49.342 0.0000000000
49910  -12.302  -26.718  51.248 0.0000000000
136444  -12.423  -28.122  49.436 0.0000000000
52101  -32.218  -24.499  45.160 0.0000000000
52114  -33.273  -24.095  43.990 0.0000000000
52102  -33.829  -24.142  45.596 0.0000000000
55083  -29.973  -22.140  50.847 0.0000000000
55089  -29.246  -21.825  49.573 0.0000000000
54033  -30.376  -22.812  50.510 0.0000000000
52074  -32.359  -24.454  47.524 0.0000000000
141881  -30.684  -24.124  47.857 0.0000000000
53067  -31.084  -24.438  46.298 0.0000000000
52111  -30.703  -24.355  44.916 0.0000000000
69723  -42.045  -7.150  35.770 0.0000000000
148756  -41.035  -6.886  35.051 0.0000000000
137649  -42.345  -5.572  36.189 0.0000000000
74038  -43.049  -1.766  37.747 0.0000000000
72385  -42.342  -3.367  36.879 0.0000000000
74047  -42.082  -1.801  36.685 0.0000000000
135378  -41.363  -1.418  35.011 0.0000000000
74884  -42.478  -0.918  36.607 0.0000000000
74893  -43.286  0.202  34.962 0.0000000000
75687  -43.552  -0.077  37.324 0.0000000000
61959  -33.137  -14.086  42.156 0.0000000000
61967  -32.089  -14.032  40.969 0.0000000000
62901  -33.526  -12.878  41.445 0.0000000000
66636  -34.984  -10.092  41.210 0.0000000000
65632  -33.634  -10.877  40.527 0.0000000000
66641  -33.844  -9.977  40.269 0.0000000000
138027  -33.358  -9.424  39.737 0.0000000000
67650  -34.399  -8.500  40.337 0.0000000000
68728  -35.113  -6.785  40.243 0.0000000000
68713  -35.612  -7.221  41.099 0.0000000000
147499  -19.805  -23.460  49.527 0.0000000000
52025  -19.200  -24.113  50.639 0.0000000000
51030  -19.879  -25.431  48.374 0.0000000000
149510  -18.371  -27.153  47.006 0.0000000000
76665  -50.024  1.821  28.666 0.0000000000
76675  -50.262  1.648  27.607 0.0000000000
42154  -5.204  -34.440  61.206 0.0000000000
141954  -33.193  -21.212  38.577 0.0000000000
56261  -32.442  -20.979  36.770 0.0000000000
139816  -32.862  -20.357  38.532 0.0000000000
57214  -32.287  -19.373  39.224 0.0000000000
140488  -32.512  -19.574  40.062 0.0000000000
54110  -34.058  -22.462  43.634 0.0000000000
54135  -33.137  -22.085  41.848 0.0000000000
55171  -33.607  -21.310  43.191 0.0000000000
58088  -33.839  -18.544  44.343 0.0000000000
57165  -33.138  -19.663  43.511 0.0000000000
58096  -32.803  -18.932  43.444 0.0000000000
58108  -31.603  -18.251  42.225 0.0000000000
138497  -32.141  -17.328  43.121 0.0000000000
60022  -32.195  -16.545  42.969 0.0000000000
60008  -33.492  -16.204  43.740 0.0000000000
56190  -23.034  -19.808  42.350 0.0000000000
55134  -27.714  -21.361  44.999 0.0000000000
56168  -26.603  -20.278  43.877 0.0000000000
56181  -27.163  -21.082  43.607 0.0000000000
56231  -26.456  -20.151  39.086 0.0000000000
129489  -22.513  -20.233  51.319 0.0000000000
56144  -21.613  -21.043  46.285 0.0000000000
141291  -21.274  -21.276  47.513 0.0000000000
54085  -21.127  -22.490  45.616 0.0000000000
52110  -20.730  -24.700  44.637 0.0000000000
75700  -44.874  0.775  34.400 0.0000000000
132003  -44.297  0.273  33.145 0.0000000000
75707  -45.338  0.696  33.826 0.0000000000
75710  -47.794  0.707  33.373 0.0000000000
150881  -46.511  0.526  32.646 0.0000000000
75721  -47.467  0.607  32.050 0.0000000000
132224  -47.143  0.876  29.896 0.0000000000
75730  -47.846  0.976  30.607 0.0000000000
76651  -48.611  1.238  30.516 0.0000000000
75723  -49.141  0.842  32.131 0.0000000000
62953  -29.845  -13.858  38.822 0.0000000000
61049  -29.156  -15.327  38.589 0.0000000000
64772  -36.469  -11.125  33.412 0.0000000000
64749  -36.849  -10.877  35.547 0.0000000000
68744  -36.734  -6.721  39.177 0.0000000000
67701  -36.523  -8.531  37.372 0.0000000000
68758  -38.230  -7.874  38.608 0.0000000000
67668  -40.735  -8.011  38.709 0.0000000000
66660  -39.779  -8.651  38.008 0.0000000000
65643  -40.287  -8.831  37.514 0.0000000000
64740  -39.821  -9.758  35.877 0.0000000000
136314  -40.945  -8.899  36.895 0.0000000000
66691  -41.760  -8.504  36.188 0.0000000000
67703  -42.201  -8.055  37.704 0.0000000000
48831  -11.093  -27.205  53.343 0.0000000000
47812  -10.289  -28.374  54.365 0.0000000000
47793  -9.605  -28.804  55.835 0.0000000000
46860  -10.116  -29.180  54.134 0.0000000000
45923  -9.665  -30.841  53.756 0.0000000000
45934  -10.058  -30.676  52.343 0.0000000000
138351  -7.271  -36.076  55.333 0.0000000000
41364  -7.089  -35.105  56.960 0.0000000000
40526  -6.787  -36.482  56.924 0.0000000000
37866  -6.085  -40.156  58.326 0.0000000000
145481  -6.296  -37.907  58.795 0.0000000000
132101  -5.287  -38.991  59.439 0.0000000000
38734  -4.807  -37.853  59.875 0.0000000000
37858  -4.551  -39.661  59.423 0.0000000000
53018  -31.427  -23.673  50.406 0.0000000000
71500  -43.937  -4.798  38.943 0.0000000000
71504  -43.117  -4.917  37.460 0.0000000000
136299  -44.155  -3.048  38.997 0.0000000000
63810  -34.650  -12.242  41.920 0.0000000000
51064  -20.449  -25.157  46.301 0.0000000000
51063  -20.209  -26.002  46.778 0.0000000000
44115  -7.252  -32.153  61.351 0.0000000000
43130  -6.579  -33.722  60.795 0.0000000000
55232  -31.165  -22.135  36.823 0.0000000000
151519  -32.402  -22.245  37.711 0.0000000000
55204  -33.137  -21.564  39.325 0.0000000000
59042  -34.698  -16.670  44.209 0.0000000000
56156  -21.996  -20.385  45.152 0.0000000000
55155  -21.943  -21.159  43.839 0.0000000000
57148  -22.416  -19.661  44.893 0.0000000000
57161  -23.253  -19.108  43.791 0.0000000000
57175  -24.347  -19.445  42.344 0.0000000000
54119  -28.486  -22.696  43.163 0.0000000000
55169  -27.916  -22.051  42.748 0.0000000000
55181  -28.072  -22.256  41.257 0.0000000000
55202  -28.333  -21.965  39.326 0.0000000000
130885  -28.809  -21.613  36.968 0.0000000000
57069  -24.860  -19.371  51.998 0.0000000000
56102  -22.855  -19.626  50.774 0.0000000000
57096  -22.737  -18.947  49.307 0.0000000000
57125  -22.351  -19.210  46.914 0.0000000000
72407  -38.821  -3.478  33.432 0.0000000000
129441  -43.546  -0.212  29.012 0.0000000000
77540  -46.849  2.406  36.222 0.0000000000
75702  -46.688  0.986  34.140 0.0000000000
64725  -30.615  -11.897  37.940 0.0000000000
65679  -34.331  -9.704  34.567 0.0000000000
65680  -35.665  -9.974  35.682 0.0000000000
69670  -40.895  -6.065  41.124 0.0000000000
68747  -40.095  -7.627  39.209 0.0000000000
68715  -41.319  -6.847  40.449 0.0000000000
146277  -17.874  -27.382  50.314 0.0000000000
48878  -16.690  -27.448  51.103 0.0000000000
48832  -14.164  -26.815  53.654 0.0000000000
135202  -13.286  -26.388  53.172 0.0000000000
48853  -11.403  -27.186  52.374 0.0000000000
47859  -11.173  -28.132  51.737 0.0000000000
46892  -10.692  -29.750  51.300 0.0000000000
46914  -11.575  -29.324  49.893 0.0000000000
53134  -30.539  -23.872  41.686 0.0000000000
53148  -31.626  -23.214  40.782 0.0000000000
53123  -32.608  -23.755  42.606 0.0000000000
53110  -33.678  -23.583  43.455 0.0000000000
141970  -27.820  -20.069  48.898 0.0000000000
56122  -27.188  -19.328  47.594 0.0000000000
56124  -28.261  -20.637  48.558 0.0000000000
55110  -28.575  -21.577  47.294 0.0000000000
54077  -28.739  -22.504  45.976 0.0000000000
53026  -30.458  -23.621  49.020 0.0000000000
53065  -29.709  -23.652  46.695 0.0000000000
54098  -29.095  -23.108  44.655 0.0000000000
53106  -29.513  -23.647  44.112 0.0000000000
53121  -30.363  -23.999  42.529 0.0000000000
146940  -28.538  -20.611  51.146 0.0000000000
67725  -40.494  -9.002  34.574 0.0000000000
68797  -38.925  -8.346  33.577 0.0000000000
68789  -40.456  -7.552  34.643 0.0000000000
135726  -40.084  -6.565  34.515 0.0000000000
125505  -39.959  -4.851  34.649 0.0000000000
71522  -41.975  -4.750  36.111 0.0000000000
71520  -40.830  -4.369  35.354 0.0000000000
71530  -39.630  -4.028  34.409 0.0000000000
73239  -40.138  -2.471  33.850 0.0000000000
74071  -40.844  -1.809  33.672 0.0000000000
74076  -41.703  -1.105  32.626 0.0000000000
74077  -42.385  -0.745  32.341 0.0000000000
74897  -42.781  -0.435  33.677 0.0000000000
75699  -44.102  0.643  34.851 0.0000000000
75692  -45.077  1.254  35.663 0.0000000000
75679  -45.060  0.938  38.528 0.0000000000
76609  -46.167  2.164  36.712 0.0000000000
61020  -30.638  -16.246  41.216 0.0000000000
60046  -29.692  -16.462  40.045 0.0000000000
61029  -30.939  -15.350  40.915 0.0000000000
151160  -31.030  -14.072  40.050 0.0000000000
62932  -31.092  -13.356  39.749 0.0000000000
63825  -33.334  -12.337  40.979 0.0000000000
143044  -32.240  -12.036  40.103 0.0000000000
64709  -31.452  -11.783  39.514 0.0000000000
126915  -31.534  -10.668  39.178 0.0000000000
65642  -31.777  -9.690  38.758 0.0000000000
151723  -32.503  -8.470  37.922 0.0000000000
66670  -33.657  -8.476  36.919 0.0000000000
68742  -34.322  -7.427  39.112 0.0000000000
68743  -35.600  -6.608  39.474 0.0000000000
69681  -37.846  -6.006  40.388 0.0000000000
69653  -38.708  -5.565  42.221 0.0000000000
69669  -39.850  -5.677  41.311 0.0000000000
48918  -18.644  -25.862  50.510 0.0000000000
49969  -19.532  -26.564  48.038 0.0000000000
127635  -18.943  -26.858  49.084 0.0000000000
48916  -18.277  -27.109  49.976 0.0000000000
48932  -16.823  -26.773  48.261 0.0000000000
138325  -31.597  -18.860  38.777 0.0000000000
58129  -30.709  -17.868  39.953 0.0000000000
54145  -32.445  -22.643  40.781 0.0000000000
54146  -33.111  -21.907  40.918 0.0000000000
56220  -33.101  -20.735  40.673 0.0000000000
57190  -32.974  -20.445  41.861 0.0000000000
56205  -32.921  -20.410  41.057 0.0000000000
58131  -32.080  -19.013  40.716 0.0000000000
58119  -31.521  -18.353  41.342 0.0000000000
60035  -30.550  -17.040  41.244 0.0000000000
60021  -31.674  -16.165  42.363 0.0000000000
61947  -32.743  -14.856  42.407 0.0000000000
61948  -33.887  -14.032  42.599 0.0000000000
61936  -34.810  -15.000  43.420 0.0000000000
61949  -34.669  -14.179  42.974 0.0000000000
57141  -26.207  -19.543  45.156 0.0000000000
57163  -25.740  -19.516  43.727 0.0000000000
57187  -25.418  -19.675  41.623 0.0000000000
56204  -27.030  -20.989  41.322 0.0000000000
57200  -26.024  -19.790  40.396 0.0000000000
54031  -20.825  -21.918  51.035 0.0000000000
54039  -20.442  -22.787  48.733 0.0000000000
128372  -21.623  -20.260  49.843 0.0000000000
54050  -20.785  -22.143  48.471 0.0000000000
150569  -20.669  -24.017  47.078 0.0000000000
51077  -20.474  -25.325  45.269 0.0000000000
136285  -43.028  -0.467  31.993 0.0000000000
74914  -43.969  0.076  31.006 0.0000000000
75726  -44.685  0.318  30.850 0.0000000000
75713  -45.963  0.489  32.909 0.0000000000
75719  -45.363  0.411  31.579 0.0000000000
75732  -44.858  0.397  29.858 0.0000000000
75739  -45.932  0.610  28.820 0.0000000000
151218  -46.392  0.633  28.433 0.0000000000
74930  -47.191  0.406  27.227 0.0000000000
75742  -48.258  1.266  28.770 0.0000000000
76657  -48.836  1.427  29.620 0.0000000000
133657  -8.594  -31.909  55.855 0.0000000000
44181  -8.155  -32.399  56.516 0.0000000000
43177  -8.045  -33.065  55.447 0.0000000000
60071  -29.019  -16.616  38.553 0.0000000000
65693  -39.158  -10.519  34.517 0.0000000000
66671  -34.807  -8.527  36.726 0.0000000000
66672  -36.041  -9.094  36.661 0.0000000000
66688  -36.824  -10.040  36.366 0.0000000000
67687  -38.938  -8.423  38.340 0.0000000000
66674  -38.010  -9.568  37.178 0.0000000000
128387  -37.248  -10.516  36.224 0.0000000000
64750  -38.645  -10.631  35.577 0.0000000000
64762  -39.340  -10.371  35.170 0.0000000000
66708  -40.120  -9.561  34.506 0.0000000000
66702  -41.201  -8.770  35.516 0.0000000000
134106  -41.988  -8.230  36.264 0.0000000000
68767  -42.895  -7.171  37.589 0.0000000000
46827  -8.950  -30.115  58.321 0.0000000000
46830  -9.189  -29.040  57.329 0.0000000000
150031  -9.231  -30.455  56.367 0.0000000000
45105  -9.253  -31.111  55.044 0.0000000000
44226  -9.089  -32.357  52.658 0.0000000000
43157  -7.407  -33.670  57.618 0.0000000000
42170  -6.973  -34.121  59.062 0.0000000000
41338  -6.259  -35.424  60.241 0.0000000000
140518  -6.583  -37.191  57.505 0.0000000000
134346  -6.263  -36.831  59.456 0.0000000000
40481  -5.675  -35.929  60.420 0.0000000000
40464  -4.832  -35.687  60.659 0.0000000000
40478  -3.802  -36.364  60.202 0.0000000000
35918  -4.542  -41.265  59.134 0.0000000000
37857  -3.858  -39.759  59.437 0.0000000000
45880  -8.648  -30.955  58.271 0.0000000000
44157  -8.172  -31.820  58.203 0.0000000000
53158  -31.156  -23.229  40.064 0.0000000000
126519  -25.369  -18.193  47.931 0.0000000000
57116  -25.732  -18.491  47.119 0.0000000000
54143  -30.294  -23.437  40.207 0.0000000000
54167  -30.179  -22.696  38.619 0.0000000000
57099  -26.782  -19.173  49.606 0.0000000000
150620  -25.916  -18.432  48.605 0.0000000000
150497  -30.040  -17.452  39.897 0.0000000000
65652  -31.666  -9.376  37.091 0.0000000000
65663  -31.435  -10.243  36.162 0.0000000000
65664  -31.859  -9.645  36.299 0.0000000000
66684  -32.694  -9.475  35.589 0.0000000000
48948  -13.917  -27.625  47.991 0.0000000000
49968  -14.038  -26.684  49.112 0.0000000000
48929  -13.530  -27.304  48.654 0.0000000000
48928  -12.950  -27.699  49.108 0.0000000000
126739  -32.895  -24.421  45.767 0.0000000000
54023  -30.573  -22.566  51.280 0.0000000000
54032  -29.795  -22.373  50.059 0.0000000000
52088  -31.714  -24.466  46.890 0.0000000000
126853  -31.992  -24.541  46.015 0.0000000000
52100  -31.335  -24.502  45.441 0.0000000000
54016  -30.804  -22.281  52.124 0.0000000000
70618  -42.664  -6.043  36.763 0.0000000000
69715  -42.345  -6.581  36.207 0.0000000000
74037  -42.567  -1.802  37.216 0.0000000000
74878  -42.817  -1.135  37.286 0.0000000000
74885  -43.099  -0.462  36.931 0.0000000000
62889  -33.680  -13.435  41.983 0.0000000000
62900  -32.888  -13.540  41.398 0.0000000000
66643  -34.965  -9.000  41.028 0.0000000000
66642  -34.407  -9.545  40.634 0.0000000000
66648  -33.881  -9.057  39.979 0.0000000000
67651  -34.952  -7.862  40.731 0.0000000000
52055  -20.132  -24.209  48.403 0.0000000000
52038  -19.770  -24.152  49.064 0.0000000000
52054  -19.887  -24.864  48.699 0.0000000000
76659  -50.587  2.030  29.511 0.0000000000
43123  -6.231  -33.415  61.367 0.0000000000
42145  -5.609  -33.822  61.443 0.0000000000
42144  -5.084  -33.861  61.567 0.0000000000
56248  -32.949  -21.187  37.791 0.0000000000
129750  -32.875  -20.023  39.473 0.0000000000
54122  -33.763  -22.057  43.144 0.0000000000
55158  -34.001  -21.803  43.819 0.0000000000
59034  -33.706  -17.831  44.150 0.0000000000
58097  -33.225  -18.344  43.855 0.0000000000
59041  -32.537  -18.009  43.433 0.0000000000
60007  -32.799  -16.934  43.641 0.0000000000
128401  -33.795  -17.024  44.006 0.0000000000
54096  -21.292  -22.772  44.163 0.0000000000
55135  -28.218  -21.917  45.510 0.0000000000
55145  -27.650  -21.509  44.108 0.0000000000
55132  -21.433  -21.614  45.532 0.0000000000
55122  -21.228  -21.930  46.296 0.0000000000
53092  -21.079  -23.461  44.339 0.0000000000
74924  -44.678  0.057  28.076 0.0000000000
75696  -45.470  1.073  34.882 0.0000000000
75701  -45.822  0.902  34.244 0.0000000000
147108  -47.899  0.614  32.610 0.0000000000
75729  -47.714  0.750  31.378 0.0000000000
75722  -48.245  0.696  32.074 0.0000000000
76645  -48.461  0.950  31.347 0.0000000000
61994  -29.303  -14.480  38.407 0.0000000000
62952  -29.412  -13.655  38.053 0.0000000000
64758  -35.366  -10.827  33.771 0.0000000000
65692  -36.082  -10.873  34.685 0.0000000000
68745  -37.854  -7.031  39.012 0.0000000000
141229  -37.345  -7.556  38.545 0.0000000000
66650  -40.462  -8.335  38.302 0.0000000000
66661  -41.068  -8.533  37.749 0.0000000000
66677  -41.681  -8.510  37.012 0.0000000000
67689  -42.051  -7.884  38.613 0.0000000000
47844  -10.812  -28.124  52.791 0.0000000000
48830  -10.686  -27.855  53.792 0.0000000000
135555  -10.444  -28.671  53.543 0.0000000000
46872  -10.278  -29.515  53.345 0.0000000000
46881  -10.421  -29.849  52.367 0.0000000000
40527  -7.013  -36.211  56.114 0.0000000000
37860  -5.968  -39.247  58.849 0.0000000000
37859  -5.312  -39.862  59.166 0.0000000000
149214  -4.913  -39.331  59.484 0.0000000000
64690  -35.906  -11.565  42.273 0.0000000000
51076  -20.288  -26.045  45.858 0.0000000000
45076  -7.929  -31.931  59.866 0.0000000000
45070  -7.851  -31.742  60.730 0.0000000000
44130  -7.463  -32.462  60.504 0.0000000000
43124  -6.875  -32.969  61.036 0.0000000000
43131  -7.127  -33.217  60.258 0.0000000000
54169  -32.180  -22.558  38.335 0.0000000000
55217  -32.936  -21.945  38.218 0.0000000000
55192  -32.823  -22.149  40.052 0.0000000000
57137  -22.367  -19.505  46.152 0.0000000000
57138  -22.896  -19.051  45.573 0.0000000000
57139  -24.790  -18.545  45.702 0.0000000000
130019  -23.910  -18.674  44.372 0.0000000000
129599  -23.663  -19.266  42.878 0.0000000000
57162  -24.859  -18.920  44.059 0.0000000000
141766  -28.377  -22.644  42.410 0.0000000000
54132  -28.549  -22.799  41.711 0.0000000000
55215  -28.421  -21.608  38.098 0.0000000000
55231  -29.991  -22.063  36.740 0.0000000000
57084  -26.319  -19.288  51.257 0.0000000000
57071  -26.718  -19.592  52.159 0.0000000000
57070  -25.806  -19.400  52.070 0.0000000000
57082  -24.565  -19.062  51.130 0.0000000000
57091  -24.214  -18.717  50.303 0.0000000000
57114  -23.264  -18.407  47.326 0.0000000000
57106  -23.008  -18.460  48.423 0.0000000000
137561  -21.952  -20.298  45.875 0.0000000000
73250  -39.293  -2.789  33.307 0.0000000000
63851  -30.114  -12.381  37.240 0.0000000000
64735  -30.480  -11.619  36.903 0.0000000000
66699  -33.928  -9.366  35.293 0.0000000000
128916  -35.025  -9.702  35.198 0.0000000000
69683  -40.654  -6.590  40.411 0.0000000000
68734  -41.859  -7.076  40.218 0.0000000000
48897  -16.880  -27.425  50.250 0.0000000000
48898  -17.881  -27.292  51.139 0.0000000000
49933  -15.604  -26.959  50.156 0.0000000000
49912  -14.517  -26.742  51.339 0.0000000000
148977  -15.341  -27.118  51.616 0.0000000000
48854  -15.119  -27.079  52.213 0.0000000000
49896  -13.330  -26.408  52.331 0.0000000000
48896  -12.076  -27.282  50.587 0.0000000000
48876  -11.952  -26.742  51.857 0.0000000000
48875  -11.660  -27.408  51.323 0.0000000000
131415  -11.448  -28.157  50.859 0.0000000000
46893  -11.049  -28.902  51.058 0.0000000000
47870  -11.421  -28.784  50.283 0.0000000000
53122  -31.151  -23.981  42.318 0.0000000000
52135  -31.789  -24.032  42.918 0.0000000000
53095  -33.894  -24.019  44.644 0.0000000000
129829  -33.968  -23.751  44.003 0.0000000000
56112  -28.194  -20.509  49.520 0.0000000000
55099  -29.165  -21.999  48.748 0.0000000000
55098  -28.706  -21.410  48.196 0.0000000000
55124  -28.365  -21.745  46.401 0.0000000000
54064  -28.906  -22.408  46.844 0.0000000000
53027  -31.040  -23.774  49.578 0.0000000000
53066  -30.259  -24.119  46.546 0.0000000000
53052  -30.098  -23.771  47.410 0.0000000000
53080  -29.694  -23.873  45.885 0.0000000000
54087  -29.160  -23.181  45.513 0.0000000000
53093  -29.578  -23.739  44.983 0.0000000000
52123  -30.836  -24.238  44.072 0.0000000000
53107  -30.094  -24.015  43.476 0.0000000000
55075  -29.543  -21.512  51.191 0.0000000000
56104  -28.358  -20.571  50.442 0.0000000000
126598  -27.799  -20.060  50.232 0.0000000000
67726  -41.064  -8.750  35.070 0.0000000000
139707  -39.858  -8.195  34.240 0.0000000000
140986  -40.701  -8.382  34.701 0.0000000000
69722  -41.386  -6.017  35.317 0.0000000000
70638  -40.590  -5.702  34.856 0.0000000000
70637  -39.616  -5.647  34.293 0.0000000000
70626  -40.594  -4.862  35.040 0.0000000000
72380  -43.214  -3.990  37.771 0.0000000000
72386  -42.715  -4.252  37.032 0.0000000000
73227  -41.720  -3.187  36.420 0.0000000000
72392  -41.531  -3.959  36.095 0.0000000000
72391  -40.995  -3.780  35.656 0.0000000000
71531  -40.255  -4.146  34.953 0.0000000000
72398  -40.522  -3.526  35.184 0.0000000000
72397  -40.044  -3.302  34.571 0.0000000000
73240  -40.441  -2.699  34.772 0.0000000000
74055  -41.874  -0.938  35.294 0.0000000000
74063  -41.165  -1.576  34.284 0.0000000000
74072  -41.496  -1.283  33.467 0.0000000000
74073  -42.231  -0.810  33.188 0.0000000000
74892  -42.595  -0.383  34.605 0.0000000000
75694  -43.786  0.517  35.596 0.0000000000
75695  -44.612  0.890  35.205 0.0000000000
76615  -44.758  1.199  36.500 0.0000000000
149239  -45.656  1.829  37.259 0.0000000000
61021  -31.284  -15.748  41.665 0.0000000000
62914  -31.662  -13.638  40.319 0.0000000000
62933  -31.855  -12.761  39.989 0.0000000000
64700  -34.420  -11.642  41.472 0.0000000000
63809  -33.989  -12.260  41.470 0.0000000000
64707  -33.809  -11.700  40.987 0.0000000000
64706  -32.992  -11.674  40.461 0.0000000000
64710  -32.230  -11.213  39.821 0.0000000000
65635  -32.278  -10.260  39.525 0.0000000000
66646  -32.570  -9.286  39.182 0.0000000000
66657  -32.086  -8.832  38.270 0.0000000000
67682  -32.808  -8.522  38.500 0.0000000000
67698  -33.119  -8.278  37.774 0.0000000000
67683  -33.651  -7.962  38.581 0.0000000000
68729  -35.939  -6.509  40.515 0.0000000000
140894  -34.772  -6.920  39.533 0.0000000000
69692  -36.268  -6.296  39.920 0.0000000000
69636  -38.727  -5.786  43.268 0.0000000000
69654  -39.576  -5.450  42.567 0.0000000000
69668  -38.572  -5.729  41.069 0.0000000000
146348  -40.400  -5.529  41.938 0.0000000000
149910  -19.125  -24.637  50.086 0.0000000000
127238  -19.070  -25.301  49.906 0.0000000000
49934  -18.727  -25.460  50.935 0.0000000000
149016  -18.864  -25.755  49.996 0.0000000000
49989  -19.831  -26.630  46.372 0.0000000000
49981  -19.742  -26.581  47.244 0.0000000000
48954  -19.261  -27.004  46.881 0.0000000000
48952  -18.163  -27.114  47.460 0.0000000000
48953  -18.790  -27.059  47.490 0.0000000000
127863  -18.504  -27.079  48.432 0.0000000000
132712  -18.488  -27.053  49.353 0.0000000000
48933  -17.853  -27.246  49.049 0.0000000000
41337  -3.883  -35.449  60.734 0.0000000000
55255  -32.065  -21.076  35.902 0.0000000000
57242  -32.218  -20.104  36.417 0.0000000000
57213  -32.042  -19.496  38.057 0.0000000000
58141  -31.536  -18.605  39.577 0.0000000000
58130  -31.477  -18.393  40.436 0.0000000000
149156  -32.453  -23.493  42.041 0.0000000000
53136  -32.224  -23.241  41.498 0.0000000000
55170  -33.433  -21.593  42.445 0.0000000000
55182  -33.255  -21.313  41.588 0.0000000000
55193  -33.210  -21.167  40.774 0.0000000000
56206  -33.141  -20.806  41.355 0.0000000000
57178  -32.682  -19.558  43.002 0.0000000000
57179  -33.052  -20.213  42.768 0.0000000000
141647  -32.666  -19.973  41.537 0.0000000000
57201  -32.554  -19.795  40.858 0.0000000000
58120  -32.122  -19.200  41.688 0.0000000000
59063  -31.124  -17.553  41.740 0.0000000000
60036  -31.073  -16.680  41.839 0.0000000000
61009  -32.421  -15.666  42.713 0.0000000000
141966  -33.404  -14.574  42.694 0.0000000000
60009  -34.785  -15.816  43.882 0.0000000000
60996  -35.581  -15.392  43.780 0.0000000000
62891  -35.182  -13.565  42.843 0.0000000000
132653  -22.071  -20.965  43.138 0.0000000000
55154  -21.879  -21.716  43.184 0.0000000000
55167  -22.162  -21.272  42.390 0.0000000000
56134  -27.457  -19.901  47.069 0.0000000000
147811  -26.857  -19.512  46.394 0.0000000000
56146  -26.795  -19.903  45.651 0.0000000000
57152  -26.190  -19.754  44.475 0.0000000000
57164  -26.188  -20.080  43.022 0.0000000000
57176  -25.560  -19.629  42.875 0.0000000000
57177  -25.915  -19.934  42.185 0.0000000000
55180  -27.555  -21.654  41.874 0.0000000000
56218  -27.101  -20.919  40.404 0.0000000000
150470  -21.028  -21.509  50.786 0.0000000000
141413  -20.233  -22.737  49.635 0.0000000000
142329  -20.582  -22.210  49.228 0.0000000000
56109  -21.951  -19.639  49.170 0.0000000000
57089  -22.382  -19.560  49.998 0.0000000000
56120  -21.238  -20.513  48.898 0.0000000000
54076  -21.161  -22.241  46.904 0.0000000000
54063  -21.083  -22.057  47.596 0.0000000000
54062  -20.890  -22.809  47.164 0.0000000000
54049  -20.673  -22.776  47.924 0.0000000000
137330  -20.687  -24.229  46.424 0.0000000000
52099  -20.688  -24.468  45.560 0.0000000000
74900  -42.977  -0.436  32.831 0.0000000000
74902  -44.601  0.281  32.619 0.0000000000
74907  -43.570  -0.173  31.524 0.0000000000
75708  -46.111  0.683  33.625 0.0000000000
75720  -46.214  0.514  31.431 0.0000000000
125575  -45.995  0.445  32.213 0.0000000000
75733  -45.564  0.546  29.589 0.0000000000
75740  -46.662  0.800  28.950 0.0000000000
75745  -46.836  0.644  28.031 0.0000000000
75746  -47.746  0.918  27.822 0.0000000000
76646  -49.242  1.201  31.277 0.0000000000
76652  -49.444  1.483  30.438 0.0000000000
76658  -49.706  1.704  29.555 0.0000000000
127310  -50.044  1.421  31.182 0.0000000000
44191  -8.383  -32.504  55.203 0.0000000000
43190  -8.147  -33.193  54.696 0.0000000000
60061  -29.258  -16.566  39.234 0.0000000000
61040  -29.363  -15.836  39.291 0.0000000000
64773  -37.305  -11.061  33.809 0.0000000000
64774  -38.278  -10.821  34.136 0.0000000000
67699  -34.129  -7.996  37.538 0.0000000000
67700  -35.331  -8.115  37.323 0.0000000000
66673  -37.149  -9.427  36.951 0.0000000000
66687  -36.078  -9.864  36.157 0.0000000000
67666  -39.791  -8.084  38.704 0.0000000000
145921  -39.464  -9.152  37.274 0.0000000000
66675  -38.678  -9.362  37.262 0.0000000000
65653  -38.252  -9.847  36.782 0.0000000000
66689  -37.626  -10.093  36.612 0.0000000000
65666  -37.965  -10.293  36.441 0.0000000000
64737  -37.813  -10.673  35.984 0.0000000000
64738  -38.613  -10.334  36.164 0.0000000000
65681  -39.948  -9.808  35.349 0.0000000000
65694  -39.868  -10.042  34.812 0.0000000000
65695  -40.427  -9.405  35.070 0.0000000000
66709  -40.776  -9.134  35.048 0.0000000000
66701  -40.826  -8.962  35.327 0.0000000000
67712  -42.038  -8.103  36.833 0.0000000000
67713  -42.326  -7.653  36.921 0.0000000000
148120  -9.345  -29.142  56.594 0.0000000000
46836  -9.414  -29.768  56.124 0.0000000000
45891  -9.241  -29.938  56.962 0.0000000000
45904  -9.341  -30.584  55.618 0.0000000000
45903  -9.048  -31.323  55.541 0.0000000000
45933  -9.717  -31.132  52.838 0.0000000000
45127  -9.293  -31.698  53.404 0.0000000000
132649  -9.453  -31.770  52.504 0.0000000000
44180  -7.820  -33.220  56.165 0.0000000000
44167  -7.777  -32.977  57.183 0.0000000000
43165  -7.502  -33.780  56.800 0.0000000000
42180  -7.061  -35.004  57.819 0.0000000000
42175  -7.137  -34.259  58.140 0.0000000000
42174  -6.905  -34.897  58.745 0.0000000000
42169  -6.706  -34.781  59.735 0.0000000000
41346  -6.606  -35.554  59.368 0.0000000000
127434  -6.593  -37.968  57.060 0.0000000000
39622  -6.081  -37.523  59.475 0.0000000000
39610  -5.645  -36.807  60.037 0.0000000000
40465  -5.213  -35.546  60.758 0.0000000000
40480  -5.136  -36.240  60.456 0.0000000000
38733  -4.309  -38.072  59.589 0.0000000000
39608  -4.317  -37.239  59.944 0.0000000000
39607  -3.644  -37.297  59.802 0.0000000000
36908  -4.230  -40.521  59.313 0.0000000000
45082  -7.914  -32.152  58.961 0.0000000000
54144  -32.004  -22.722  40.029 0.0000000000
128639  -23.910  -18.354  46.707 0.0000000000
128638  -23.838  -18.467  46.048 0.0000000000
149762  -25.559  -18.723  45.995 0.0000000000
54133  -29.257  -23.369  41.374 0.0000000000
54142  -29.472  -23.277  40.460 0.0000000000
56103  -27.883  -20.078  51.115 0.0000000000
57092  -26.180  -19.071  50.362 0.0000000000
137732  -24.858  -18.418  49.695 0.0000000000
126198  -25.048  -18.138  48.884 0.0000000000
147528  -40.446  -1.767  32.392 0.0000000000
58158  -31.069  -18.672  38.001 0.0000000000
64736  -30.953  -10.837  36.491 0.0000000000
65678  -33.288  -9.705  34.735 0.0000000000
49954  -15.037  -26.631  49.197 0.0000000000
49953  -14.593  -26.624  49.705 0.0000000000
49952  -13.831  -26.586  49.789 0.0000000000
49931  -13.684  -26.542  50.567 0.0000000000
49911  -13.337  -26.459  51.424 0.0000000000
49930  -12.750  -26.705  50.535 0.0000000000
48912  -12.557  -27.311  49.797 0.0000000000
47884  -11.939  -28.754  49.679 0.0000000000
46929  -12.652  -28.821  49.123 0.0000000000
52124  -31.658  -24.230  43.775 0.0000000000
52113  -32.379  -24.332  44.321 0.0000000000
126402  -33.103  -24.332  44.899 0.0000000000
55082  -29.392  -21.680  50.398 0.0000000000
55088  -28.701  -21.270  49.093 0.0000000000
54051  -29.484  -22.646  48.551 0.0000000000
53038  -31.033  -24.107  48.598 0.0000000000
52073  -31.402  -24.386  47.749 0.0000000000
53053  -30.832  -24.286  47.139 0.0000000000
53081  -30.485  -24.316  45.724 0.0000000000
52112  -31.526  -24.414  44.609 0.0000000000
55076  -30.147  -21.882  51.663 0.0000000000
68780  -41.656  -7.592  35.420 0.0000000000
145578  -41.675  -6.777  35.433 0.0000000000
139558  -41.976  -6.251  35.737 0.0000000000
70628  -41.729  -5.396  35.699 0.0000000000
73214  -43.385  -2.510  38.080 0.0000000000
72379  -42.826  -3.339  37.367 0.0000000000
73224  -42.918  -2.574  37.571 0.0000000000
73228  -41.987  -2.580  36.671 0.0000000000
74046  -41.446  -1.927  36.011 0.0000000000
73241  -40.838  -2.152  35.149 0.0000000000
132920  -41.965  -1.127  36.121 0.0000000000
74888  -42.522  -0.493  35.603 0.0000000000
74889  -43.061  -0.097  36.034 0.0000000000
75690  -43.611  0.249  36.522 0.0000000000
75688  -44.165  0.611  37.154 0.0000000000
61958  -32.412  -14.422  41.708 0.0000000000
62916  -32.980  -12.892  40.981 0.0000000000
146688  -34.247  -11.176  41.041 0.0000000000
65633  -34.336  -10.469  40.851 0.0000000000
65636  -33.145  -10.131  39.855 0.0000000000
67665  -33.932  -8.133  39.574 0.0000000000
68727  -34.460  -7.492  39.966 0.0000000000
68714  -36.468  -6.672  41.490 0.0000000000
53007  -19.474  -23.510  51.406 0.0000000000
52026  -19.374  -24.010  49.794 0.0000000000
52037  -19.426  -24.758  49.374 0.0000000000
51011  -19.546  -25.404  49.004 0.0000000000
48969  -18.612  -27.325  46.459 0.0000000000
48951  -16.737  -26.851  47.238 0.0000000000
76674  -49.417  1.561  27.995 0.0000000000
75748  -49.192  1.249  27.123 0.0000000000
76684  -50.810  1.396  26.755 0.0000000000
42153  -4.647  -34.419  61.255 0.0000000000
55233  -32.564  -21.725  37.435 0.0000000000
54109  -33.821  -22.872  43.186 0.0000000000
54121  -33.440  -22.482  42.553 0.0000000000
141137  -33.582  -19.475  44.182 0.0000000000
144591  -33.323  -19.012  43.868 0.0000000000
58109  -32.195  -18.890  42.781 0.0000000000
59054  -31.889  -17.964  42.893 0.0000000000
60023  -32.890  -16.009  43.329 0.0000000000
150426  -33.408  -15.698  43.473 0.0000000000
128909  -22.637  -20.493  41.954 0.0000000000
55123  -27.829  -21.141  45.908 0.0000000000
56158  -27.275  -20.632  45.361 0.0000000000
56169  -27.167  -20.869  44.476 0.0000000000
56180  -26.737  -20.714  42.987 0.0000000000
55201  -27.669  -21.472  39.882 0.0000000000
56232  -27.097  -20.784  39.467 0.0000000000
55080  -21.910  -20.694  51.134 0.0000000000
56132  -21.600  -20.791  47.080 0.0000000000
135908  -21.348  -20.561  47.860 0.0000000000
55108  -21.371  -21.582  46.959 0.0000000000
53078  -20.888  -23.479  45.795 0.0000000000
53091  -20.908  -23.871  44.890 0.0000000000
53104  -20.959  -24.111  44.062 0.0000000000
150182  -43.949  0.322  33.656 0.0000000000
74899  -44.624  0.543  33.721 0.0000000000
74903  -45.177  0.502  33.180 0.0000000000
75709  -46.747  0.643  33.178 0.0000000000
75715  -47.185  0.610  32.682 0.0000000000
75714  -46.719  0.536  32.094 0.0000000000
126053  -46.994  0.625  31.401 0.0000000000
75728  -46.593  0.640  30.639 0.0000000000
147547  -47.260  0.757  30.780 0.0000000000
75735  -47.979  1.192  29.719 0.0000000000
44241  -8.692  -33.042  52.806 0.0000000000
43206  -8.359  -33.291  53.678 0.0000000000
61978  -29.826  -14.906  39.177 0.0000000000
61993  -28.959  -14.974  38.041 0.0000000000
125845  -36.115  -11.088  33.892 0.0000000000
64759  -36.899  -11.159  34.476 0.0000000000
64760  -37.765  -10.980  35.220 0.0000000000
68757  -36.241  -7.175  38.565 0.0000000000
147343  -36.951  -8.003  37.966 0.0000000000
67686  -37.942  -8.352  38.143 0.0000000000
66649  -40.094  -8.166  38.580 0.0000000000
65655  -39.628  -9.473  36.652 0.0000000000
65668  -39.399  -9.735  36.370 0.0000000000
148245  -40.231  -9.209  36.770 0.0000000000
65669  -40.255  -9.439  36.132 0.0000000000
65670  -40.971  -8.951  35.785 0.0000000000
66690  -41.453  -8.823  35.946 0.0000000000
66676  -41.352  -8.777  36.233 0.0000000000
67690  -42.731  -7.560  38.379 0.0000000000
137333  -10.975  -27.171  54.070 0.0000000000
48815  -10.632  -27.519  54.658 0.0000000000
47794  -10.060  -28.086  55.202 0.0000000000
47811  -9.886  -28.950  54.903 0.0000000000
150488  -9.848  -29.656  54.618 0.0000000000
45915  -9.587  -30.472  54.687 0.0000000000
46871  -10.002  -30.026  53.985 0.0000000000
45924  -10.054  -30.360  53.133 0.0000000000
42191  -7.413  -34.599  55.583 0.0000000000
42186  -7.307  -34.516  56.461 0.0000000000
41373  -7.160  -35.357  56.025 0.0000000000
41372  -7.001  -35.766  56.703 0.0000000000
41363  -6.912  -35.730  57.454 0.0000000000
37874  -6.436  -39.353  57.686 0.0000000000
38754  -6.297  -38.542  58.393 0.0000000000
38745  -5.857  -38.363  59.339 0.0000000000
39609  -4.973  -37.065  60.202 0.0000000000
38743  -4.698  -38.727  59.588 0.0000000000
37852  -4.152  -38.891  59.456 0.0000000000
54034  -30.988  -23.175  50.906 0.0000000000
52057  -32.667  -24.299  49.182 0.0000000000
71505  -43.491  -4.864  38.229 0.0000000000
72381  -43.618  -4.146  38.496 0.0000000000
72374  -43.627  -3.294  38.409 0.0000000000
74021  -43.621  -1.702  38.307 0.0000000000
74869  -43.870  -0.944  38.436 0.0000000000
74880  -43.921  -0.081  38.132 0.0000000000
63795  -34.906  -12.883  42.371 0.0000000000
64701  -35.128  -11.575  41.852 0.0000000000
65628  -35.592  -10.691  41.838 0.0000000000
66637  -35.561  -9.523  41.692 0.0000000000
67636  -36.062  -7.725  41.926 0.0000000000
51049  -20.295  -25.338  47.146 0.0000000000
141947  -6.119  -34.079  61.173 0.0000000000
147751  -32.057  -22.068  37.063 0.0000000000
55205  -33.171  -20.974  40.068 0.0000000000
55144  -21.736  -21.255  44.736 0.0000000000
55143  -21.646  -21.968  43.996 0.0000000000
56167  -22.075  -20.389  44.373 0.0000000000
56179  -22.223  -20.324  43.548 0.0000000000
57149  -23.038  -19.035  44.662 0.0000000000
57160  -22.534  -19.610  44.072 0.0000000000
57174  -22.761  -19.642  43.199 0.0000000000
57186  -23.769  -19.647  41.946 0.0000000000
54107  -28.427  -22.519  43.908 0.0000000000
55157  -28.015  -22.105  43.641 0.0000000000
136814  -28.054  -22.309  41.994 0.0000000000
54141  -28.704  -22.810  40.819 0.0000000000
55191  -28.204  -22.162  40.332 0.0000000000
55214  -27.672  -21.234  38.863 0.0000000000
55253  -29.214  -21.761  35.979 0.0000000000
56094  -23.265  -19.779  51.533 0.0000000000
57081  -23.673  -19.200  50.951 0.0000000000
57090  -23.243  -18.976  50.134 0.0000000000
57097  -23.853  -18.333  49.304 0.0000000000
56133  -21.787  -19.872  47.387 0.0000000000
56145  -21.890  -20.113  46.598 0.0000000000
55133  -21.743  -20.935  45.520 0.0000000000
71541  -38.502  -4.214  33.495 0.0000000000
76617  -46.394  1.899  35.766 0.0000000000
75697  -46.346  1.211  34.643 0.0000000000
76625  -46.834  1.519  35.044 0.0000000000
76630  -47.235  1.250  34.511 0.0000000000
75717  -49.374  0.674  33.496 0.0000000000
63842  -30.525  -12.496  38.649 0.0000000000
63850  -29.721  -13.023  37.590 0.0000000000
132591  -30.199  -12.551  37.951 0.0000000000
69682  -39.702  -6.257  40.300 0.0000000000
68730  -39.479  -6.864  39.574 0.0000000000
68731  -40.344  -6.911  39.948 0.0000000000
68732  -40.980  -7.334  39.936 0.0000000000
67652  -40.957  -7.525  39.535 0.0000000000
67653  -41.492  -7.396  39.773 0.0000000000
143668  -41.154  -7.621  39.350 0.0000000000
67669  -41.721  -7.592  39.353 0.0000000000
49913  -15.480  -27.133  51.079 0.0000000000
48877  -16.381  -27.407  51.897 0.0000000000
49880  -12.387  -26.280  53.545 0.0000000000
147560  -12.633  -26.483  51.887 0.0000000000
49895  -12.301  -26.359  52.598 0.0000000000
49879  -11.632  -26.580  53.140 0.0000000000
47843  -10.795  -28.967  52.017 0.0000000000
46903  -11.128  -29.670  50.420 0.0000000000
129174  -30.792  -23.618  40.853 0.0000000000
53135  -31.365  -23.655  41.527 0.0000000000
125547  -31.962  -23.774  42.108 0.0000000000
52125  -32.476  -24.096  43.457 0.0000000000
53109  -33.120  -23.888  43.203 0.0000000000
53124  -33.326  -23.332  42.806 0.0000000000
52091  -34.208  -24.062  46.375 0.0000000000
56110  -27.335  -19.452  48.847 0.0000000000
144049  -27.144  -19.202  48.208 0.0000000000
56123  -27.733  -19.943  48.027 0.0000000000
151448  -27.944  -20.334  47.405 0.0000000000
55097  -28.242  -20.765  47.715 0.0000000000
55109  -27.992  -20.840  46.869 0.0000000000
54042  -30.785  -23.339  50.230 0.0000000000
54041  -30.231  -23.151  49.673 0.0000000000
54066  -29.704  -23.139  48.032 0.0000000000
53037  -30.283  -23.694  48.307 0.0000000000
54065  -29.471  -23.083  47.198 0.0000000000
54078  -29.258  -23.155  46.370 0.0000000000
54086  -28.671  -22.559  45.106 0.0000000000
54097  -28.649  -22.650  44.401 0.0000000000
54108  -28.914  -23.031  43.813 0.0000000000
149819  -28.907  -23.154  43.179 0.0000000000
148038  -29.344  -23.540  43.287 0.0000000000
53094  -30.098  -24.105  44.466 0.0000000000
53120  -29.712  -23.789  42.728 0.0000000000
53133  -29.791  -23.798  41.930 0.0000000000
56096  -28.456  -20.430  51.833 0.0000000000
56111  -27.537  -19.764  49.591 0.0000000000
149165  -38.900  -9.099  33.385 0.0000000000
67735  -39.698  -9.095  33.918 0.0000000000
69732  -39.675  -7.243  34.241 0.0000000000
144969  -39.107  -6.512  33.926 0.0000000000
71512  -42.770  -5.174  36.796 0.0000000000
71511  -42.438  -4.793  36.514 0.0000000000
72393  -42.128  -4.094  36.540 0.0000000000
71521  -41.373  -4.598  35.703 0.0000000000
72408  -39.488  -3.308  33.941 0.0000000000
74062  -40.687  -2.113  34.343 0.0000000000
151395  -40.446  -1.890  33.174 0.0000000000
74075  -41.037  -1.524  32.907 0.0000000000
139030  -41.145  -1.369  32.060 0.0000000000
142360  -41.836  -0.978  31.788 0.0000000000
74898  -43.344  0.065  34.031 0.0000000000
74894  -44.008  0.507  34.232 0.0000000000
75678  -44.488  0.618  38.068 0.0000000000
76608  -44.968  1.282  37.433 0.0000000000
76616  -45.516  1.658  36.345 0.0000000000
60047  -30.188  -16.613  40.749 0.0000000000
61028  -30.230  -15.871  40.528 0.0000000000
61966  -30.529  -14.907  40.078 0.0000000000
142516  -31.326  -14.459  40.613 0.0000000000
61979  -30.422  -14.026  39.539 0.0000000000
62931  -30.499  -13.215  39.105 0.0000000000
63824  -32.645  -12.501  40.542 0.0000000000
63832  -31.041  -12.592  39.369 0.0000000000
63843  -30.821  -11.997  38.905 0.0000000000
64718  -30.908  -11.145  38.628 0.0000000000
65641  -31.346  -10.179  38.045 0.0000000000
139582  -31.618  -9.238  37.872 0.0000000000
66669  -32.390  -8.653  37.240 0.0000000000
67684  -34.640  -7.549  38.165 0.0000000000
68756  -35.122  -7.062  38.755 0.0000000000
69693  -37.291  -6.346  39.757 0.0000000000
141810  -38.810  -6.189  40.137 0.0000000000
69635  -37.900  -6.100  42.884 0.0000000000
69652  -37.878  -5.839  41.993 0.0000000000
69667  -37.405  -6.003  41.321 0.0000000000
69655  -41.151  -5.608  41.893 0.0000000000
51048  -19.989  -25.888  47.707 0.0000000000
126928  -19.594  -25.996  48.518 0.0000000000
48934  -19.088  -26.885  48.282 0.0000000000
130472  -19.274  -26.554  48.796 0.0000000000
145542  -18.991  -26.293  49.565 0.0000000000
48917  -18.597  -26.507  50.076 0.0000000000
149641  -17.849  -27.337  49.756 0.0000000000
48915  -17.046  -27.199  49.394 0.0000000000
48950  -15.749  -26.873  47.425 0.0000000000
48931  -15.687  -26.690  48.521 0.0000000000
76666  -51.103  2.121  28.609 0.0000000000
76676  -51.376  1.845  27.521 0.0000000000
54134  -32.777  -22.576  41.417 0.0000000000
150418  -33.139  -21.512  40.205 0.0000000000
56219  -32.989  -20.314  40.199 0.0000000000
59075  -30.863  -17.676  40.929 0.0000000000
61022  -32.022  -15.279  42.028 0.0000000000
150344  -34.158  -16.232  43.928 0.0000000000
60995  -34.003  -15.516  43.559 0.0000000000
61011  -34.030  -14.764  43.053 0.0000000000
62890  -34.398  -13.436  42.486 0.0000000000
57117  -26.700  -19.092  47.058 0.0000000000
57129  -26.232  -19.213  45.841 0.0000000000
57151  -25.611  -19.210  44.643 0.0000000000
56157  -26.697  -20.179  44.857 0.0000000000
129214  -24.757  -19.213  43.104 0.0000000000
133540  -24.564  -19.576  41.483 0.0000000000
55168  -27.320  -21.350  42.794 0.0000000000
56192  -26.864  -20.993  42.183 0.0000000000
56191  -26.496  -20.392  41.717 0.0000000000
56217  -26.576  -20.276  39.983 0.0000000000
56203  -26.586  -20.298  40.868 0.0000000000
57188  -26.032  -19.851  41.280 0.0000000000
57199  -25.320  -19.567  40.824 0.0000000000
57198  -24.492  -19.646  40.395 0.0000000000
54021  -20.425  -22.378  51.446 0.0000000000
54030  -20.300  -22.461  50.614 0.0000000000
53025  -20.121  -23.455  48.909 0.0000000000
53036  -20.404  -23.467  48.163 0.0000000000
56101  -22.127  -20.225  50.610 0.0000000000
56108  -21.043  -20.954  49.737 0.0000000000
55096  -21.013  -21.342  48.224 0.0000000000
55087  -20.835  -21.514  49.126 0.0000000000
139997  -20.457  -24.147  47.672 0.0000000000
52087  -20.475  -24.646  47.081 0.0000000000
147419  -42.441  -0.690  31.638 0.0000000000
74906  -42.852  -0.488  31.176 0.0000000000
74901  -43.793  -0.072  32.463 0.0000000000
74913  -43.337  -0.234  30.654 0.0000000000
74919  -43.946  0.058  30.053 0.0000000000
74923  -44.309  0.202  29.053 0.0000000000
74909  -45.254  0.407  32.409 0.0000000000
75738  -45.110  0.440  28.929 0.0000000000
148330  -45.445  0.348  28.213 0.0000000000
75734  -46.273  0.664  29.744 0.0000000000
75744  -46.086  0.404  27.975 0.0000000000
76664  -49.125  1.536  28.746 0.0000000000
127021  -50.289  1.750  30.363 0.0000000000
45096  -8.558  -31.622  56.709 0.0000000000
44168  -8.147  -32.106  57.329 0.0000000000
43176  -7.744  -33.808  55.259 0.0000000000
43189  -7.879  -33.977  54.195 0.0000000000
59092  -29.607  -17.127  39.720 0.0000000000
130003  -29.330  -17.157  38.911 0.0000000000
65705  -38.675  -10.333  33.652 0.0000000000
66686  -34.396  -8.838  36.254 0.0000000000
141022  -35.328  -9.242  36.135 0.0000000000
65665  -36.449  -10.464  35.941 0.0000000000
68746  -39.034  -7.553  38.943 0.0000000000
66658  -38.451  -8.968  37.698 0.0000000000
66659  -39.161  -8.874  37.814 0.0000000000
64739  -39.177  -10.006  36.187 0.0000000000
64751  -39.315  -10.166  35.753 0.0000000000
64761  -38.590  -10.840  34.878 0.0000000000
65706  -39.575  -10.184  34.230 0.0000000000
67720  -41.695  -8.560  35.888 0.0000000000
133686  -41.539  -8.405  35.494 0.0000000000
68773  -42.222  -7.513  36.296 0.0000000000
69716  -42.561  -6.944  36.887 0.0000000000
69706  -42.986  -6.436  37.481 0.0000000000
67670  -42.529  -7.403  39.341 0.0000000000
45883  -8.940  -30.489  57.608 0.0000000000
45884  -9.098  -29.738  57.709 0.0000000000
45890  -8.966  -30.848  56.893 0.0000000000
146770  -9.028  -31.157  56.181 0.0000000000
45104  -8.865  -31.795  54.939 0.0000000000
45119  -8.983  -31.964  54.131 0.0000000000
45120  -9.295  -31.322  54.349 0.0000000000
44225  -8.827  -32.481  53.507 0.0000000000
45944  -10.345  -30.602  51.558 0.0000000000
135805  -7.868  -32.542  57.938 0.0000000000
44156  -7.635  -32.833  58.646 0.0000000000
42181  -7.237  -34.375  57.293 0.0000000000
43146  -7.318  -33.561  58.438 0.0000000000
43138  -7.250  -33.399  59.345 0.0000000000
43137  -6.813  -33.969  60.003 0.0000000000
42162  -6.291  -34.577  60.629 0.0000000000
39653  -6.719  -37.337  56.601 0.0000000000
40516  -6.685  -36.415  57.961 0.0000000000
39643  -6.448  -37.866  57.972 0.0000000000
39633  -6.461  -37.158  58.604 0.0000000000
40504  -6.536  -36.309  58.950 0.0000000000
40494  -6.229  -36.189  59.862 0.0000000000
41325  -5.722  -35.207  60.745 0.0000000000
41324  -5.309  -34.968  60.962 0.0000000000
41323  -4.945  -35.083  60.987 0.0000000000
41322  -4.486  -35.197  60.887 0.0000000000
40479  -4.591  -36.353  60.284 0.0000000000
40463  -4.356  -35.761  60.498 0.0000000000
35919  -5.194  -41.492  59.036 0.0000000000
36909  -4.896  -40.610  59.220 0.0000000000
38742  -3.582  -38.833  59.345 0.0000000000
38744  -5.188  -38.355  59.741 0.0000000000
38764  -6.510  -38.507  57.540 0.0000000000
48816  -11.200  -26.875  54.649 0.0000000000
49951  -13.140  -26.713  49.940 0.0000000000
53051  -20.654  -23.463  47.445 0.0000000000
53079  -21.121  -23.040  44.938 0.0000000000
54040  -29.605  -22.562  49.259 0.0000000000
54052  -29.903  -23.201  48.839 0.0000000000
54075  -20.982  -22.749  46.415 0.0000000000
55156  -27.631  -21.609  43.378 0.0000000000
56105  -28.933  -21.117  50.780 0.0000000000
57083  -25.429  -19.139  51.300 0.0000000000
57105  -22.311  -19.119  48.599 0.0000000000
57113  -22.316  -19.029  47.800 0.0000000000
57127  -24.945  -18.409  46.477 0.0000000000
57140  -25.585  -18.955  45.389 0.0000000000
65656  -40.792  -9.082  36.286 0.0000000000
65667  -38.654  -9.958  36.481 0.0000000000
65683  -40.972  -9.070  35.708 0.0000000000
66662  -41.702  -8.281  37.972 0.0000000000
67688  -39.586  -8.470  38.283 0.0000000000
68748  -40.677  -7.550  39.449 0.0000000000
68781  -41.949  -8.048  35.836 0.0000000000
69680  -35.637  -6.367  40.047 0.0000000000
71542  -39.102  -3.946  33.885 0.0000000000
73223  -42.465  -2.600  37.089 0.0000000000
73232  -40.724  -3.017  35.381 0.0000000000
75703  -47.564  0.981  34.077 0.0000000000
127593  -26.599  -18.888  48.788 0.0000000000
131172  -25.090  -19.551  42.282 0.0000000000
133701  -19.279  -26.880  47.621 0.0000000000
138552  -7.608  -33.124  57.948 0.0000000000
139969  -20.739  -21.802  50.109 0.0000000000
141352  -8.182  -32.611  55.847 0.0000000000
143706  -24.062  -18.895  43.618 0.0000000000
146549  -24.052  -19.442  51.714 0.0000000000
146901  -22.286  -19.755  45.528 0.0000000000
147336  -25.801  -19.078  50.830 0.0000000000
149039  -35.580  -10.168  35.287 0.0000000000
149072  -11.740  -27.717  50.720 0.0000000000
151926  -3.933  -38.288  59.472 0.0000000000
