#!ascii label  , from subject sub-v1s23x0050553_ses-1 vox2ras=TkReg
995
50654  27.250  -22.196  44.962 0.0000000000
65814  36.855  -5.541  33.847 0.0000000000
58751  29.392  -14.041  39.667 0.0000000000
45773  11.607  -27.303  57.461 0.0000000000
55144  22.872  -16.858  51.154 0.0000000000
62133  29.999  -9.451  40.019 0.0000000000
49614  17.354  -23.598  53.307 0.0000000000
45790  15.740  -27.211  56.629 0.0000000000
50582  20.623  -22.513  51.642 0.0000000000
64098  40.512  -7.229  33.633 0.0000000000
53368  31.046  -18.700  45.236 0.0000000000
55257  31.526  -17.748  42.540 0.0000000000
51601  32.796  -21.828  45.842 0.0000000000
68223  40.343  -2.471  33.208 0.0000000000
65827  42.888  -4.872  30.715 0.0000000000
66624  34.133  -4.831  37.246 0.0000000000
62168  36.402  -9.075  36.830 0.0000000000
62161  32.719  -9.421  37.461 0.0000000000
58747  33.472  -14.195  39.128 0.0000000000
48702  26.826  -24.089  50.047 0.0000000000
42065  11.265  -30.983  61.668 0.0000000000
42053  7.536  -31.773  62.289 0.0000000000
42019  5.654  -32.020  65.843 0.0000000000
53344  24.579  -19.419  47.011 0.0000000000
124322  24.053  -21.304  50.943 0.0000000000
57879  26.188  -14.468  43.539 0.0000000000
57875  32.233  -14.469  44.700 0.0000000000
68241  46.167  -2.674  29.412 0.0000000000
64967  38.414  -6.137  33.337 0.0000000000
64053  38.694  -7.946  35.142 0.0000000000
125933  28.333  -20.053  44.266 0.0000000000
51640  30.860  -21.138  43.661 0.0000000000
50651  30.410  -22.404  45.401 0.0000000000
67411  37.373  -3.557  35.352 0.0000000000
117211  39.908  -2.713  34.924 0.0000000000
66643  37.991  -4.400  33.200 0.0000000000
116400  39.505  -4.894  32.317 0.0000000000
121186  6.299  -36.110  67.220 0.0000000000
64923  33.004  -6.463  37.104 0.0000000000
64914  32.073  -6.572  38.540 0.0000000000
117183  29.107  -11.423  39.608 0.0000000000
60350  31.225  -11.506  38.239 0.0000000000
58749  31.594  -14.104  38.959 0.0000000000
57910  32.174  -14.184  41.274 0.0000000000
45771  13.450  -27.347  57.420 0.0000000000
45725  15.233  -27.464  59.271 0.0000000000
44799  13.325  -28.661  59.095 0.0000000000
44773  12.864  -29.209  61.849 0.0000000000
43890  11.182  -29.282  58.859 0.0000000000
43852  7.456  -29.843  61.420 0.0000000000
41103  6.068  -32.079  63.919 0.0000000000
55170  24.182  -17.570  49.215 0.0000000000
52465  23.130  -20.522  48.218 0.0000000000
53315  21.969  -19.143  49.296 0.0000000000
48639  20.736  -25.053  53.531 0.0000000000
49612  22.053  -22.694  53.499 0.0000000000
54354  35.111  -18.730  44.105 0.0000000000
121526  31.953  -16.337  42.660 0.0000000000
63992  31.802  -6.842  40.969 0.0000000000
62113  29.957  -9.409  41.988 0.0000000000
60323  28.068  -11.246  40.715 0.0000000000
47688  18.710  -25.975  53.777 0.0000000000
46742  18.381  -26.761  56.697 0.0000000000
46776  15.964  -26.062  54.620 0.0000000000
47675  14.397  -25.407  55.378 0.0000000000
48580  12.194  -24.768  57.255 0.0000000000
54301  20.677  -18.663  50.893 0.0000000000
53268  19.239  -19.723  52.209 0.0000000000
49626  18.548  -23.811  52.384 0.0000000000
55200  30.560  -17.372  46.164 0.0000000000
55224  29.030  -16.893  45.062 0.0000000000
54367  30.806  -18.655  43.103 0.0000000000
52507  33.481  -20.436  44.041 0.0000000000
68231  43.152  -2.337  31.158 0.0000000000
67426  40.924  -3.552  31.605 0.0000000000
65815  41.062  -5.753  32.005 0.0000000000
65801  35.225  -5.375  35.269 0.0000000000
116711  36.071  -7.275  35.167 0.0000000000
64038  34.708  -7.618  36.125 0.0000000000
62170  34.632  -9.009  37.087 0.0000000000
60346  35.546  -11.537  38.646 0.0000000000
62149  31.371  -9.262  38.004 0.0000000000
124474  32.961  -11.845  38.131 0.0000000000
129068  26.993  -23.461  47.354 0.0000000000
49694  30.270  -23.259  47.868 0.0000000000
67397  36.777  -3.633  36.844 0.0000000000
46693  10.096  -26.562  59.395 0.0000000000
43865  9.252  -29.812  60.111 0.0000000000
42051  9.853  -31.968  62.271 0.0000000000
41102  9.765  -33.078  64.513 0.0000000000
40196  8.465  -33.816  65.088 0.0000000000
39323  6.171  -34.212  64.848 0.0000000000
40199  4.797  -34.116  66.250 0.0000000000
40165  3.766  -32.978  67.221 0.0000000000
51602  25.219  -21.324  45.737 0.0000000000
50609  24.950  -22.897  47.599 0.0000000000
49673  24.965  -23.050  49.665 0.0000000000
51562  21.594  -20.985  51.408 0.0000000000
58741  27.608  -13.887  40.825 0.0000000000
56086  28.468  -16.128  44.101 0.0000000000
57012  29.288  -14.776  43.276 0.0000000000
57912  30.122  -14.112  41.914 0.0000000000
49678  33.070  -22.981  48.952 0.0000000000
68247  47.281  -2.958  28.450 0.0000000000
67436  44.360  -3.220  29.880 0.0000000000
66663  45.987  -4.273  29.107 0.0000000000
64968  37.587  -5.831  33.553 0.0000000000
64077  38.382  -7.381  34.528 0.0000000000
64078  37.483  -7.152  34.522 0.0000000000
111980  28.291  -21.484  44.273 0.0000000000
50663  29.016  -21.952  44.463 0.0000000000
50652  28.841  -22.499  45.210 0.0000000000
66645  36.780  -4.810  33.907 0.0000000000
67420  37.717  -3.824  33.848 0.0000000000
65813  37.357  -5.023  33.447 0.0000000000
65812  38.073  -5.296  33.082 0.0000000000
37442  5.115  -36.312  66.592 0.0000000000
65773  32.606  -5.865  38.667 0.0000000000
65763  32.786  -5.808  39.808 0.0000000000
114506  29.749  -13.243  39.190 0.0000000000
119470  30.474  -13.257  38.839 0.0000000000
58750  30.186  -14.051  39.299 0.0000000000
121863  31.868  -14.544  40.615 0.0000000000
57927  31.324  -14.563  40.344 0.0000000000
45772  12.455  -27.274  57.321 0.0000000000
129585  13.039  -27.731  57.854 0.0000000000
45749  12.272  -28.015  57.969 0.0000000000
44800  12.766  -29.167  59.298 0.0000000000
45750  11.232  -27.960  57.935 0.0000000000
55158  23.112  -17.017  50.159 0.0000000000
54312  22.915  -17.850  49.058 0.0000000000
55173  21.841  -17.882  49.884 0.0000000000
47672  20.535  -25.412  55.479 0.0000000000
56956  26.699  -15.188  46.578 0.0000000000
121535  35.476  -17.389  44.392 0.0000000000
61190  28.922  -10.188  41.200 0.0000000000
61178  27.974  -10.103  42.517 0.0000000000
47706  17.754  -25.335  53.404 0.0000000000
46774  17.496  -26.381  54.325 0.0000000000
47707  16.970  -25.090  53.625 0.0000000000
48606  14.574  -24.661  55.192 0.0000000000
49580  13.522  -23.957  55.932 0.0000000000
47656  13.152  -25.409  56.056 0.0000000000
54272  20.154  -18.424  52.307 0.0000000000
50554  17.403  -22.595  53.615 0.0000000000
50553  17.895  -22.313  52.942 0.0000000000
115401  17.884  -24.014  52.832 0.0000000000
48640  18.360  -24.781  52.815 0.0000000000
55222  30.688  -17.816  44.030 0.0000000000
54349  30.856  -18.170  44.630 0.0000000000
51629  32.260  -21.340  44.475 0.0000000000
118472  31.643  -20.924  43.612 0.0000000000
51628  33.087  -21.105  44.614 0.0000000000
52492  34.622  -20.341  45.193 0.0000000000
51599  34.357  -21.093  46.552 0.0000000000
118180  39.704  -2.723  33.827 0.0000000000
68226  41.746  -2.362  32.043 0.0000000000
67427  40.421  -3.376  32.000 0.0000000000
64980  39.933  -6.121  32.652 0.0000000000
65816  40.169  -5.473  32.219 0.0000000000
64979  40.625  -6.324  32.511 0.0000000000
65802  34.735  -5.066  35.854 0.0000000000
64941  34.612  -5.803  35.667 0.0000000000
65795  34.140  -5.513  36.280 0.0000000000
63100  33.133  -8.162  37.064 0.0000000000
63099  33.942  -8.623  37.004 0.0000000000
62160  34.115  -9.388  37.339 0.0000000000
61225  35.215  -10.254  37.868 0.0000000000
61218  33.699  -10.644  37.800 0.0000000000
63067  30.810  -8.142  39.934 0.0000000000
63075  30.916  -8.239  39.011 0.0000000000
62150  30.741  -9.158  38.647 0.0000000000
58757  33.012  -13.389  38.626 0.0000000000
60349  32.164  -11.710  38.048 0.0000000000
59571  33.418  -12.450  38.406 0.0000000000
59570  34.773  -12.533  38.798 0.0000000000
49670  27.021  -23.985  49.182 0.0000000000
49669  28.865  -23.803  48.921 0.0000000000
115353  34.804  -4.468  37.811 0.0000000000
66623  35.309  -4.133  37.097 0.0000000000
66635  35.861  -4.136  35.634 0.0000000000
45767  16.742  -27.215  56.621 0.0000000000
46724  16.905  -27.219  57.667 0.0000000000
43850  12.369  -29.958  61.457 0.0000000000
43836  12.454  -29.733  62.428 0.0000000000
42910  12.012  -30.224  62.966 0.0000000000
42924  11.603  -30.963  62.576 0.0000000000
46677  9.588  -26.661  60.822 0.0000000000
44802  9.491  -28.580  59.429 0.0000000000
44787  8.919  -28.203  59.984 0.0000000000
42069  7.677  -31.197  61.664 0.0000000000
42936  8.236  -30.750  61.077 0.0000000000
42052  8.335  -31.840  62.046 0.0000000000
41133  9.876  -32.494  62.982 0.0000000000
117849  9.256  -32.836  63.167 0.0000000000
40195  9.256  -33.412  65.042 0.0000000000
40222  7.986  -33.298  63.540 0.0000000000
42032  5.717  -32.010  64.732 0.0000000000
40210  6.472  -33.471  64.274 0.0000000000
40211  5.668  -33.569  64.910 0.0000000000
39313  5.460  -34.399  65.461 0.0000000000
41079  5.203  -32.589  66.573 0.0000000000
53329  25.862  -19.200  47.734 0.0000000000
53357  26.267  -19.642  46.252 0.0000000000
53359  24.780  -20.089  46.334 0.0000000000
51603  24.663  -21.784  46.364 0.0000000000
120136  24.040  -21.377  46.873 0.0000000000
51579  23.455  -21.243  49.558 0.0000000000
50602  23.891  -21.866  49.228 0.0000000000
50592  24.514  -22.043  50.776 0.0000000000
51564  19.797  -20.950  51.373 0.0000000000
126715  20.890  -20.134  50.794 0.0000000000
51563  20.616  -21.524  51.423 0.0000000000
50566  22.527  -21.909  53.274 0.0000000000
63113  36.845  -8.582  36.308 0.0000000000
63112  37.721  -8.652  36.300 0.0000000000
62157  37.257  -9.035  36.840 0.0000000000
110333  26.038  -12.895  43.703 0.0000000000
58733  26.520  -12.898  41.924 0.0000000000
128658  26.662  -14.113  42.165 0.0000000000
55241  30.154  -17.074  43.985 0.0000000000
56067  28.036  -16.539  44.655 0.0000000000
56085  29.455  -16.371  44.033 0.0000000000
56994  32.865  -15.349  43.855 0.0000000000
122920  30.609  -15.483  43.862 0.0000000000
56996  30.887  -14.706  44.240 0.0000000000
57892  29.611  -14.236  42.922 0.0000000000
58699  31.035  -13.563  44.160 0.0000000000
58715  31.194  -13.312  43.293 0.0000000000
50608  31.794  -23.226  48.551 0.0000000000
68240  46.917  -2.511  29.037 0.0000000000
67432  43.072  -3.569  30.503 0.0000000000
128432  43.891  -2.817  30.307 0.0000000000
66658  43.438  -4.237  30.335 0.0000000000
65832  44.882  -4.866  29.752 0.0000000000
64997  45.931  -6.054  29.675 0.0000000000
50537  17.079  -22.421  54.544 0.0000000000
49598  16.244  -23.760  54.348 0.0000000000
64099  39.786  -6.910  33.580 0.0000000000
64075  40.645  -7.723  34.336 0.0000000000
119850  39.234  -7.622  34.628 0.0000000000
53384  28.963  -19.790  44.149 0.0000000000
52520  29.840  -20.262  43.505 0.0000000000
51642  29.407  -20.876  43.675 0.0000000000
51631  30.497  -21.713  44.234 0.0000000000
50634  32.155  -22.261  46.248 0.0000000000
67409  39.118  -3.187  36.343 0.0000000000
67415  38.166  -3.423  34.740 0.0000000000
124889  38.447  -3.409  33.909 0.0000000000
67423  39.124  -3.482  32.882 0.0000000000
67422  39.782  -3.343  32.465 0.0000000000
66649  38.742  -4.801  32.656 0.0000000000
65811  38.750  -5.641  32.880 0.0000000000
38378  6.897  -35.530  67.196 0.0000000000
66619  33.986  -4.852  38.078 0.0000000000
64931  33.525  -5.945  36.675 0.0000000000
129133  32.839  -5.803  37.986 0.0000000000
64025  32.579  -6.968  37.413 0.0000000000
64026  31.826  -8.033  37.779 0.0000000000
62141  29.795  -9.999  39.665 0.0000000000
61220  30.527  -10.154  38.651 0.0000000000
113045  30.399  -11.603  38.592 0.0000000000
58759  31.241  -13.302  38.613 0.0000000000
58748  32.523  -14.231  38.990 0.0000000000
57925  33.453  -14.810  40.357 0.0000000000
58728  33.522  -13.977  41.724 0.0000000000
118632  27.227  -24.261  51.659 0.0000000000
45791  14.835  -27.054  56.802 0.0000000000
45746  15.366  -27.515  58.410 0.0000000000
45770  14.501  -27.440  57.703 0.0000000000
109619  13.905  -28.104  58.966 0.0000000000
45727  13.814  -28.331  59.834 0.0000000000
43876  12.264  -29.742  59.749 0.0000000000
129176  11.601  -30.197  59.979 0.0000000000
44774  8.166  -28.466  61.282 0.0000000000
43837  7.169  -29.570  62.329 0.0000000000
42926  6.595  -30.990  62.666 0.0000000000
41121  6.763  -32.325  63.246 0.0000000000
42912  6.320  -30.686  63.503 0.0000000000
42901  6.235  -30.466  64.418 0.0000000000
113214  6.370  -30.666  66.023 0.0000000000
54311  24.736  -18.147  48.622 0.0000000000
126479  23.431  -20.119  47.551 0.0000000000
53330  23.080  -19.494  48.063 0.0000000000
52466  22.690  -20.041  48.647 0.0000000000
52445  22.850  -20.597  49.988 0.0000000000
49624  20.407  -24.268  52.133 0.0000000000
49643  21.260  -22.902  52.104 0.0000000000
48638  21.293  -24.319  53.241 0.0000000000
62148  36.611  -10.020  37.824 0.0000000000
57864  26.198  -14.944  44.245 0.0000000000
121034  33.666  -18.031  42.669 0.0000000000
112657  31.749  -16.955  42.447 0.0000000000
55238  33.942  -17.383  42.828 0.0000000000
56083  34.173  -16.577  43.293 0.0000000000
68236  45.903  -2.159  30.013 0.0000000000
38388  2.900  -35.337  66.498 0.0000000000
63985  31.507  -7.558  41.496 0.0000000000
63059  30.968  -8.208  40.970 0.0000000000
62125  30.022  -9.458  40.974 0.0000000000
61198  29.336  -10.169  40.374 0.0000000000
60340  28.476  -11.725  40.034 0.0000000000
59554  28.377  -12.659  39.969 0.0000000000
47673  19.771  -25.940  55.635 0.0000000000
46741  19.170  -26.412  56.983 0.0000000000
46760  18.474  -26.586  55.258 0.0000000000
114519  17.045  -26.949  55.551 0.0000000000
46743  16.057  -26.996  55.755 0.0000000000
47691  15.828  -25.195  54.503 0.0000000000
47674  15.135  -25.560  54.958 0.0000000000
46744  15.179  -26.765  55.976 0.0000000000
46746  13.414  -26.231  56.278 0.0000000000
47657  12.609  -25.968  56.516 0.0000000000
47640  11.978  -25.673  56.899 0.0000000000
55146  21.087  -17.821  50.974 0.0000000000
54289  20.627  -18.101  51.593 0.0000000000
53267  19.722  -19.165  51.825 0.0000000000
51543  19.036  -21.498  51.720 0.0000000000
126762  18.679  -19.945  53.439 0.0000000000
51544  18.527  -21.060  52.382 0.0000000000
50583  19.718  -22.918  51.635 0.0000000000
48657  19.883  -24.837  52.348 0.0000000000
47703  20.050  -25.559  53.897 0.0000000000
56027  28.831  -16.889  47.592 0.0000000000
56041  27.533  -16.434  46.598 0.0000000000
55201  28.996  -17.082  45.969 0.0000000000
55223  29.992  -17.207  44.598 0.0000000000
54366  31.248  -18.573  42.723 0.0000000000
124023  30.515  -19.945  43.212 0.0000000000
53399  31.751  -19.419  42.667 0.0000000000
53407  32.497  -19.007  42.543 0.0000000000
53396  34.327  -19.144  43.610 0.0000000000
53367  35.580  -19.350  45.374 0.0000000000
69098  42.598  -2.189  31.762 0.0000000000
68232  41.977  -2.778  31.425 0.0000000000
66651  42.078  -4.388  31.030 0.0000000000
66653  40.490  -4.038  31.722 0.0000000000
66652  41.186  -4.238  31.406 0.0000000000
64957  35.715  -5.690  34.706 0.0000000000
64079  36.621  -6.856  34.607 0.0000000000
64939  35.847  -6.512  34.807 0.0000000000
64056  35.441  -7.495  35.671 0.0000000000
63114  35.456  -8.209  36.210 0.0000000000
64039  33.536  -6.728  36.581 0.0000000000
63115  34.680  -8.386  36.617 0.0000000000
62169  35.458  -8.961  36.838 0.0000000000
61224  36.031  -10.431  38.071 0.0000000000
60345  36.210  -11.124  38.648 0.0000000000
64904  31.613  -6.897  39.043 0.0000000000
64011  31.489  -7.595  38.548 0.0000000000
62162  32.027  -9.372  37.630 0.0000000000
61219  31.125  -10.546  38.162 0.0000000000
60358  31.865  -10.835  37.857 0.0000000000
129233  33.116  -10.431  37.694 0.0000000000
60348  33.798  -11.531  38.140 0.0000000000
127185  26.785  -22.981  46.100 0.0000000000
49711  29.054  -23.183  46.752 0.0000000000
49696  28.586  -23.455  47.450 0.0000000000
49668  29.690  -23.822  49.209 0.0000000000
67403  36.597  -3.671  35.894 0.0000000000
126678  35.928  -4.463  35.016 0.0000000000
47629  11.108  -25.579  58.268 0.0000000000
47630  10.594  -26.021  58.821 0.0000000000
46711  10.389  -26.845  58.411 0.0000000000
44815  9.881  -28.060  58.845 0.0000000000
43877  10.677  -29.716  59.416 0.0000000000
42948  10.459  -30.682  60.450 0.0000000000
43866  8.436  -29.499  60.410 0.0000000000
42949  9.604  -30.506  60.443 0.0000000000
42066  10.524  -31.493  61.951 0.0000000000
41132  10.626  -31.970  62.794 0.0000000000
42017  10.675  -32.296  65.018 0.0000000000
39310  7.982  -34.205  65.495 0.0000000000
40223  7.047  -33.120  63.566 0.0000000000
39322  6.925  -34.152  64.581 0.0000000000
113423  7.427  -34.741  65.871 0.0000000000
38399  6.143  -35.401  65.793 0.0000000000
38400  5.479  -35.200  65.805 0.0000000000
39314  4.703  -34.946  66.097 0.0000000000
41062  4.884  -32.122  67.243 0.0000000000
40181  4.230  -33.583  66.927 0.0000000000
39297  3.952  -34.367  66.759 0.0000000000
52509  27.143  -20.559  44.537 0.0000000000
53372  26.259  -20.056  45.477 0.0000000000
50655  26.364  -22.025  45.219 0.0000000000
50639  26.115  -22.550  45.917 0.0000000000
49699  25.640  -23.080  47.253 0.0000000000
116291  25.798  -23.561  48.968 0.0000000000
51593  23.895  -21.914  47.777 0.0000000000
49687  24.655  -22.823  48.810 0.0000000000
49656  26.082  -23.892  50.247 0.0000000000
53300  21.180  -19.058  50.286 0.0000000000
52446  22.110  -20.236  50.328 0.0000000000
51561  22.622  -20.749  51.572 0.0000000000
50567  21.902  -22.016  52.706 0.0000000000
51541  22.693  -21.323  52.770 0.0000000000
51540  23.594  -21.295  52.424 0.0000000000
64054  37.842  -7.804  35.087 0.0000000000
60310  26.986  -11.262  42.240 0.0000000000
60333  27.461  -12.089  40.904 0.0000000000
58740  28.449  -13.803  40.131 0.0000000000
56053  26.894  -16.286  45.330 0.0000000000
56983  26.858  -15.949  44.128 0.0000000000
57000  27.103  -15.614  43.460 0.0000000000
56084  30.559  -16.266  43.595 0.0000000000
56998  28.959  -15.494  43.668 0.0000000000
57014  27.505  -15.216  42.805 0.0000000000
57894  27.919  -14.955  42.148 0.0000000000
57913  28.858  -14.708  41.146 0.0000000000
110901  29.583  -14.586  40.818 0.0000000000
58730  31.697  -13.578  42.179 0.0000000000
49710  30.002  -23.030  46.978 0.0000000000
50635  31.518  -22.645  46.747 0.0000000000
120983  33.122  -22.273  47.500 0.0000000000
50600  33.840  -22.704  49.058 0.0000000000
50616  34.010  -21.854  47.682 0.0000000000
68257  47.805  -3.095  27.964 0.0000000000
113666  44.538  -2.512  30.249 0.0000000000
68242  45.230  -2.755  29.727 0.0000000000
119080  44.154  -4.629  30.037 0.0000000000
67435  45.017  -3.489  29.565 0.0000000000
67434  45.783  -3.434  29.267 0.0000000000
67442  46.341  -3.763  28.889 0.0000000000
66669  47.184  -4.422  28.371 0.0000000000
64955  37.115  -6.366  34.062 0.0000000000
51634  27.538  -21.379  44.457 0.0000000000
50664  28.139  -22.057  44.689 0.0000000000
50653  28.063  -22.574  45.275 0.0000000000
38401  4.677  -35.740  66.369 0.0000000000
58752  29.011  -13.105  39.570 0.0000000000
57936  30.921  -14.418  39.647 0.0000000000
57937  29.913  -14.503  39.933 0.0000000000
55172  22.566  -17.551  49.621 0.0000000000
55159  22.233  -17.245  50.372 0.0000000000
47653  20.358  -25.590  56.360 0.0000000000
47652  21.029  -25.092  56.132 0.0000000000
56955  27.184  -15.787  47.015 0.0000000000
48641  17.510  -24.525  53.213 0.0000000000
49613  17.850  -23.188  52.879 0.0000000000
53382  30.381  -18.744  44.216 0.0000000000
51613  32.712  -21.530  45.141 0.0000000000
51612  33.359  -21.349  45.415 0.0000000000
51611  34.062  -20.989  45.733 0.0000000000
51600  33.559  -21.540  46.329 0.0000000000
68224  39.647  -2.889  32.983 0.0000000000
68219  40.504  -2.418  34.187 0.0000000000
68227  41.120  -2.326  32.606 0.0000000000
68228  40.363  -2.838  32.475 0.0000000000
64965  40.186  -6.675  33.059 0.0000000000
64964  40.944  -7.038  32.945 0.0000000000
39286  8.108  -34.305  67.278 0.0000000000
109660  34.377  -4.918  36.540 0.0000000000
120117  33.281  -9.035  37.258 0.0000000000
61226  34.349  -10.109  37.661 0.0000000000
61227  33.413  -9.895  37.533 0.0000000000
63076  30.482  -8.863  39.520 0.0000000000
48701  27.624  -24.153  49.850 0.0000000000
129766  34.665  -4.477  36.938 0.0000000000
66628  35.122  -4.431  36.250 0.0000000000
45768  16.207  -27.360  57.295 0.0000000000
42934  11.814  -30.494  61.232 0.0000000000
42923  11.975  -30.448  62.034 0.0000000000
45707  9.287  -27.408  60.260 0.0000000000
41134  9.015  -32.373  62.523 0.0000000000
41135  8.048  -32.344  62.574 0.0000000000
41119  8.495  -32.836  63.073 0.0000000000
41136  7.346  -32.202  62.740 0.0000000000
42018  5.942  -31.133  65.198 0.0000000000
41090  5.410  -32.882  65.413 0.0000000000
126299  25.236  -18.668  48.110 0.0000000000
123985  25.076  -19.059  47.412 0.0000000000
115861  25.466  -19.471  46.747 0.0000000000
52481  24.540  -20.894  46.239 0.0000000000
52473  23.980  -20.265  46.834 0.0000000000
51571  23.501  -20.989  50.554 0.0000000000
50593  24.104  -21.733  50.080 0.0000000000
51559  24.200  -21.552  51.591 0.0000000000
116884  36.090  -8.594  36.367 0.0000000000
58685  25.984  -13.658  43.888 0.0000000000
58701  26.075  -13.634  43.112 0.0000000000
112583  26.207  -12.841  42.798 0.0000000000
57896  26.454  -14.272  42.672 0.0000000000
111961  30.499  -16.961  43.559 0.0000000000
55258  31.106  -17.051  42.873 0.0000000000
109961  30.492  -14.020  44.268 0.0000000000
57876  31.332  -14.057  44.644 0.0000000000
69108  46.728  -2.080  29.723 0.0000000000
66659  42.762  -4.084  30.650 0.0000000000
50538  16.515  -22.946  54.708 0.0000000000
120980  16.895  -22.448  55.272 0.0000000000
51519  17.522  -21.793  54.403 0.0000000000
64953  39.007  -6.928  33.900 0.0000000000
64076  39.868  -7.389  34.156 0.0000000000
53401  29.495  -19.782  43.744 0.0000000000
51643  28.915  -20.321  43.811 0.0000000000
50662  29.944  -22.077  44.635 0.0000000000
127645  30.497  -22.097  44.831 0.0000000000
51615  31.046  -22.067  44.991 0.0000000000
50650  31.321  -22.387  45.833 0.0000000000
67410  38.299  -3.357  35.832 0.0000000000
67419  38.472  -3.712  33.319 0.0000000000
67418  39.052  -3.184  33.518 0.0000000000
123184  38.660  -4.021  32.813 0.0000000000
64966  39.336  -6.318  33.100 0.0000000000
38385  6.297  -35.835  66.543 0.0000000000
65783  33.823  -5.012  38.816 0.0000000000
66620  33.633  -5.236  37.522 0.0000000000
65784  33.294  -5.394  38.208 0.0000000000
64924  32.564  -6.331  37.837 0.0000000000
64010  32.056  -7.150  37.957 0.0000000000
61207  29.563  -10.693  39.451 0.0000000000
61206  30.104  -10.850  38.829 0.0000000000
60339  29.736  -11.540  39.034 0.0000000000
123438  30.872  -13.905  38.991 0.0000000000
58758  32.089  -13.440  38.511 0.0000000000
57934  32.998  -14.714  39.631 0.0000000000
57935  31.967  -14.640  39.741 0.0000000000
57909  33.013  -14.426  41.138 0.0000000000
58729  32.614  -13.639  41.958 0.0000000000
46725  13.889  -26.917  56.834 0.0000000000
45748  13.216  -28.200  58.438 0.0000000000
116659  13.814  -27.751  58.209 0.0000000000
122023  13.344  -28.827  60.371 0.0000000000
128881  13.255  -28.877  59.691 0.0000000000
43889  12.035  -29.366  58.969 0.0000000000
42960  11.497  -29.826  59.442 0.0000000000
43826  7.053  -29.282  63.322 0.0000000000
43838  6.715  -30.147  62.905 0.0000000000
43827  6.549  -29.854  63.844 0.0000000000
42892  6.474  -30.244  65.336 0.0000000000
55157  24.583  -17.253  50.109 0.0000000000
54310  25.227  -17.776  49.518 0.0000000000
54321  23.944  -18.198  48.491 0.0000000000
54330  23.667  -18.766  47.993 0.0000000000
55181  23.492  -17.838  48.901 0.0000000000
124103  22.304  -18.373  49.224 0.0000000000
53331  22.468  -19.254  48.767 0.0000000000
52456  22.339  -19.932  49.393 0.0000000000
48656  20.647  -24.732  52.690 0.0000000000
49623  21.141  -23.842  52.445 0.0000000000
114700  26.157  -13.869  45.406 0.0000000000
57850  26.207  -14.928  45.103 0.0000000000
54364  34.391  -18.186  43.272 0.0000000000
55220  35.820  -17.064  44.979 0.0000000000
56082  34.977  -16.977  43.815 0.0000000000
56064  35.319  -16.593  44.522 0.0000000000
62126  29.477  -9.807  41.322 0.0000000000
61191  28.157  -10.508  41.505 0.0000000000
61199  28.624  -10.601  40.778 0.0000000000
110348  27.998  -12.117  40.389 0.0000000000
46772  19.129  -26.305  55.099 0.0000000000
46773  18.416  -26.369  54.448 0.0000000000
46775  16.744  -26.279  54.429 0.0000000000
124380  17.041  -26.658  54.805 0.0000000000
46762  16.354  -26.673  54.976 0.0000000000
49599  15.594  -23.926  54.712 0.0000000000
48621  15.839  -24.414  54.481 0.0000000000
46764  14.708  -26.135  55.510 0.0000000000
46745  14.293  -26.518  56.147 0.0000000000
47655  13.908  -25.776  55.757 0.0000000000
48591  12.564  -25.125  56.538 0.0000000000
55147  21.168  -17.576  51.677 0.0000000000
55129  20.838  -17.743  52.371 0.0000000000
54273  19.574  -18.993  52.668 0.0000000000
52434  19.651  -20.031  51.472 0.0000000000
52413  19.073  -20.584  51.846 0.0000000000
115074  18.300  -22.878  52.459 0.0000000000
50568  18.471  -22.074  52.238 0.0000000000
126408  19.100  -22.309  51.703 0.0000000000
117824  18.885  -23.024  51.919 0.0000000000
49625  19.585  -23.958  51.903 0.0000000000
48658  19.141  -24.607  52.360 0.0000000000
47705  18.546  -25.528  53.268 0.0000000000
47704  19.330  -25.660  53.440 0.0000000000
47687  19.341  -25.999  54.326 0.0000000000
128159  19.590  -26.014  54.977 0.0000000000
55189  29.306  -17.090  46.810 0.0000000000
55211  30.009  -17.287  45.322 0.0000000000
55240  30.816  -17.845  43.396 0.0000000000
114741  30.557  -20.535  43.361 0.0000000000
113960  32.608  -20.765  43.841 0.0000000000
52518  32.131  -20.284  43.107 0.0000000000
52517  32.892  -20.218  43.370 0.0000000000
53398  32.657  -19.682  42.853 0.0000000000
53397  33.480  -19.642  43.316 0.0000000000
53381  34.076  -19.870  43.940 0.0000000000
52480  34.671  -20.603  46.059 0.0000000000
52491  35.177  -19.757  45.083 0.0000000000
68214  40.588  -2.559  35.685 0.0000000000
69090  43.029  -1.678  32.570 0.0000000000
68233  41.096  -2.882  31.822 0.0000000000
67433  42.427  -3.368  30.869 0.0000000000
67425  41.597  -3.491  31.330 0.0000000000
66648  39.337  -4.064  32.395 0.0000000000
130012  39.977  -3.845  32.077 0.0000000000
66647  40.000  -4.522  32.021 0.0000000000
65822  40.705  -4.859  31.734 0.0000000000
65821  41.513  -5.134  31.453 0.0000000000
65809  35.746  -4.979  34.802 0.0000000000
64057  34.751  -6.767  35.669 0.0000000000
63116  33.845  -7.686  36.620 0.0000000000
62158  35.931  -9.727  37.431 0.0000000000
62159  34.955  -9.580  37.415 0.0000000000
61216  35.414  -10.979  38.277 0.0000000000
64895  32.309  -6.314  40.433 0.0000000000
64896  31.662  -6.832  39.958 0.0000000000
63084  31.313  -8.490  38.267 0.0000000000
63101  31.759  -8.759  37.757 0.0000000000
60351  30.640  -10.922  38.456 0.0000000000
60357  32.860  -11.020  37.869 0.0000000000
61228  32.491  -10.144  37.651 0.0000000000
49713  27.257  -23.276  46.669 0.0000000000
49712  28.123  -23.312  46.637 0.0000000000
49697  27.735  -23.517  47.408 0.0000000000
114048  29.160  -24.041  49.632 0.0000000000
67402  37.528  -3.495  36.321 0.0000000000
66636  35.403  -4.722  35.441 0.0000000000
46722  18.640  -26.617  57.737 0.0000000000
46676  10.031  -26.177  60.365 0.0000000000
47614  10.459  -25.700  59.816 0.0000000000
45728  10.023  -27.282  58.817 0.0000000000
45751  10.453  -27.666  58.280 0.0000000000
43878  9.803  -29.392  59.602 0.0000000000
42962  10.156  -30.132  59.940 0.0000000000
43851  7.861  -29.281  60.905 0.0000000000
42068  8.689  -31.394  61.467 0.0000000000
42935  9.134  -30.943  60.935 0.0000000000
42067  9.704  -31.454  61.466 0.0000000000
114825  9.910  -31.007  60.837 0.0000000000
41118  9.737  -32.963  63.747 0.0000000000
41117  10.439  -32.419  63.580 0.0000000000
41101  10.310  -32.664  64.377 0.0000000000
40208  8.471  -33.661  64.280 0.0000000000
116372  8.805  -33.733  65.925 0.0000000000
42041  6.368  -31.500  63.321 0.0000000000
127013  6.411  -32.773  63.835 0.0000000000
39311  7.255  -34.511  65.137 0.0000000000
129785  6.623  -34.550  65.032 0.0000000000
38398  6.735  -34.942  65.496 0.0000000000
39312  6.096  -34.840  65.303 0.0000000000
40198  5.277  -33.675  65.641 0.0000000000
42006  5.527  -31.775  66.839 0.0000000000
41080  4.548  -32.849  67.099 0.0000000000
40182  3.298  -33.640  66.974 0.0000000000
53385  27.657  -20.026  44.544 0.0000000000
53358  25.531  -20.037  45.938 0.0000000000
52496  25.711  -20.628  45.478 0.0000000000
52495  26.408  -20.560  44.959 0.0000000000
51617  25.970  -21.288  45.192 0.0000000000
127165  25.737  -21.910  45.544 0.0000000000
50621  25.028  -22.576  46.757 0.0000000000
49686  25.597  -23.308  48.207 0.0000000000
51594  23.544  -20.990  47.576 0.0000000000
51586  23.513  -21.429  48.567 0.0000000000
50601  24.388  -22.413  49.395 0.0000000000
50610  24.086  -22.240  48.621 0.0000000000
49672  25.613  -23.570  49.601 0.0000000000
49657  25.462  -23.471  50.375 0.0000000000
49640  25.916  -23.783  51.058 0.0000000000
54300  21.300  -18.244  50.356 0.0000000000
52448  20.733  -19.562  50.731 0.0000000000
52432  21.487  -20.404  50.847 0.0000000000
52431  22.167  -20.532  51.016 0.0000000000
117600  21.573  -23.008  52.728 0.0000000000
51530  23.276  -21.639  53.252 0.0000000000
116316  22.963  -20.864  52.194 0.0000000000
64055  36.943  -7.599  35.100 0.0000000000
110405  27.249  -10.600  42.819 0.0000000000
60302  26.720  -11.226  43.133 0.0000000000
59532  26.907  -12.060  41.639 0.0000000000
59545  27.086  -12.990  41.142 0.0000000000
59555  27.753  -12.981  40.470 0.0000000000
55212  28.066  -16.803  45.414 0.0000000000
56052  27.373  -16.542  45.743 0.0000000000
125089  27.233  -16.313  44.523 0.0000000000
56087  27.557  -16.078  44.034 0.0000000000
56101  32.520  -16.785  42.416 0.0000000000
56102  31.268  -16.346  43.003 0.0000000000
56997  29.745  -15.165  43.860 0.0000000000
57013  28.435  -15.105  42.984 0.0000000000
117314  29.341  -14.544  41.765 0.0000000000
57928  30.504  -14.497  40.537 0.0000000000
58731  30.858  -13.633  42.493 0.0000000000
114908  31.661  -13.117  43.923 0.0000000000
49695  29.428  -23.346  47.610 0.0000000000
49679  32.409  -23.222  48.943 0.0000000000
50619  31.692  -22.906  47.668 0.0000000000
109799  32.556  -22.814  48.148 0.0000000000
50618  32.325  -22.507  47.158 0.0000000000
50606  34.358  -22.151  48.510 0.0000000000
51585  34.852  -21.547  48.047 0.0000000000
68246  48.028  -2.369  28.283 0.0000000000
67451  47.490  -3.706  28.121 0.0000000000
69097  43.639  -1.846  31.842 0.0000000000
68237  45.212  -2.204  30.276 0.0000000000
65831  45.704  -5.075  29.415 0.0000000000
66664  45.295  -4.185  29.414 0.0000000000
64954  37.991  -6.650  33.961 0.0000000000
52508  28.048  -20.668  44.169 0.0000000000
51633  28.823  -21.180  43.893 0.0000000000
116527  29.589  -22.391  45.132 0.0000000000
66641  36.971  -4.236  34.204 0.0000000000
67416  37.300  -3.773  34.560 0.0000000000
66644  37.335  -4.447  33.697 0.0000000000
37441  5.771  -36.356  66.873 0.0000000000
65772  33.324  -5.387  39.231 0.0000000000
64903  32.118  -6.339  39.387 0.0000000000
59564  29.417  -12.307  39.291 0.0000000000
59563  30.067  -12.403  38.825 0.0000000000
46726  12.896  -26.699  56.824 0.0000000000
44812  12.614  -28.769  58.642 0.0000000000
44813  11.716  -28.727  58.411 0.0000000000
43812  7.134  -29.140  64.423 0.0000000000
126629  23.842  -17.163  49.915 0.0000000000
55171  23.349  -17.428  49.440 0.0000000000
54313  21.659  -18.649  49.763 0.0000000000
48604  20.686  -25.222  54.556 0.0000000000
54347  35.623  -18.748  44.900 0.0000000000
119113  35.556  -18.111  44.519 0.0000000000
55210  35.969  -18.200  45.176 0.0000000000
123332  28.942  -9.875  41.993 0.0000000000
46781  17.984  -26.010  53.740 0.0000000000
47689  17.211  -25.851  53.874 0.0000000000
47690  16.515  -25.589  54.191 0.0000000000
49578  15.040  -23.757  55.193 0.0000000000
49579  14.129  -23.844  55.592 0.0000000000
48607  13.728  -24.761  55.609 0.0000000000
53256  19.095  -19.487  53.094 0.0000000000
51532  17.698  -21.816  53.588 0.0000000000
51531  18.055  -21.462  53.036 0.0000000000
109233  31.137  -17.800  45.219 0.0000000000
54355  30.614  -18.446  43.591 0.0000000000
51630  31.397  -21.561  44.358 0.0000000000
52506  34.181  -20.264  44.470 0.0000000000
52493  33.836  -20.813  44.883 0.0000000000
52472  35.090  -20.641  46.766 0.0000000000
69091  42.216  -1.906  32.528 0.0000000000
127432  41.704  -2.105  32.553 0.0000000000
64978  41.463  -6.625  32.389 0.0000000000
128607  41.475  -7.099  32.798 0.0000000000
64930  34.045  -6.244  36.131 0.0000000000
64024  33.037  -7.284  36.953 0.0000000000
61217  34.567  -10.850  38.037 0.0000000000
63993  31.311  -7.497  40.473 0.0000000000
64001  31.262  -7.513  39.466 0.0000000000
59573  31.665  -12.499  38.303 0.0000000000
59572  32.551  -12.553  38.303 0.0000000000
112908  34.166  -12.271  38.492 0.0000000000
58756  34.006  -13.203  38.793 0.0000000000
49684  27.222  -23.719  48.209 0.0000000000
49683  28.212  -23.688  48.186 0.0000000000
48708  27.890  -23.967  49.004 0.0000000000
48700  28.456  -24.121  49.726 0.0000000000
66618  35.550  -4.421  38.615 0.0000000000
129012  35.611  -4.176  37.847 0.0000000000
66622  36.115  -3.861  37.388 0.0000000000
66627  35.886  -3.851  36.488 0.0000000000
118989  17.602  -27.014  56.379 0.0000000000
46723  17.696  -27.017  57.225 0.0000000000
43825  12.037  -30.076  63.886 0.0000000000
42029  11.336  -31.520  63.927 0.0000000000
46694  9.716  -26.800  60.060 0.0000000000
45729  9.681  -27.316  59.448 0.0000000000
124130  9.378  -27.907  59.520 0.0000000000
43879  8.926  -29.014  59.876 0.0000000000
42951  7.875  -30.044  60.797 0.0000000000
42937  7.604  -30.492  61.335 0.0000000000
129637  9.136  -31.821  61.949 0.0000000000
40207  9.267  -33.343  64.200 0.0000000000
40221  8.911  -33.254  63.625 0.0000000000
42031  6.004  -31.303  64.130 0.0000000000
41104  5.874  -32.742  64.480 0.0000000000
40180  4.974  -33.362  66.422 0.0000000000
41064  3.439  -32.398  67.229 0.0000000000
124298  25.091  -20.592  45.881 0.0000000000
50622  24.414  -22.267  47.184 0.0000000000
52455  22.932  -20.694  49.044 0.0000000000
119395  24.608  -22.471  50.073 0.0000000000
49658  24.950  -22.853  50.566 0.0000000000
52433  20.276  -20.154  51.073 0.0000000000
121897  20.722  -20.692  51.119 0.0000000000
49595  22.361  -23.054  54.381 0.0000000000
50552  22.968  -22.233  53.987 0.0000000000
63127  36.299  -8.030  35.764 0.0000000000
63126  37.321  -8.186  35.699 0.0000000000
59509  26.209  -12.144  44.375 0.0000000000
59521  26.313  -12.033  43.433 0.0000000000
60311  26.546  -12.032  42.505 0.0000000000
58732  26.904  -13.854  41.631 0.0000000000
56066  29.164  -16.661  44.439 0.0000000000
109676  29.779  -16.074  43.889 0.0000000000
57010  32.534  -15.926  42.974 0.0000000000
57011  31.510  -15.679  43.468 0.0000000000
129049  30.241  -14.588  44.094 0.0000000000
57877  29.899  -14.253  43.783 0.0000000000
57893  28.816  -14.781  42.296 0.0000000000
58700  30.348  -13.722  43.464 0.0000000000
49681  30.452  -23.497  48.651 0.0000000000
49693  31.044  -23.219  48.180 0.0000000000
49680  31.129  -23.523  49.029 0.0000000000
49666  31.901  -23.583  49.377 0.0000000000
49665  32.755  -23.492  49.661 0.0000000000
124938  47.526  -2.298  28.781 0.0000000000
68238  43.184  -2.849  30.606 0.0000000000
67431  43.636  -3.404  30.238 0.0000000000
66657  43.990  -3.886  29.962 0.0000000000
65824  45.200  -5.765  29.953 0.0000000000
116759  46.291  -4.854  29.009 0.0000000000
65830  46.404  -5.536  29.159 0.0000000000
49597  16.847  -23.205  53.946 0.0000000000
48642  16.805  -24.165  53.632 0.0000000000
51518  17.998  -21.060  54.055 0.0000000000
53383  29.716  -19.364  44.025 0.0000000000
51641  30.078  -21.049  43.583 0.0000000000
51632  29.595  -21.524  43.963 0.0000000000
51614  31.979  -21.905  45.275 0.0000000000
67414  39.069  -3.105  35.388 0.0000000000
124009  39.034  -3.051  34.379 0.0000000000
65817  39.393  -5.574  32.593 0.0000000000
39296  7.504  -34.889  66.734 0.0000000000
65790  33.773  -5.348  36.888 0.0000000000
65791  33.181  -5.774  37.407 0.0000000000
116136  32.483  -7.713  37.385 0.0000000000
125633  32.434  -8.641  37.438 0.0000000000
62140  30.237  -9.618  39.272 0.0000000000
119799  30.035  -10.258  39.159 0.0000000000
59574  30.821  -12.429  38.514 0.0000000000
111187  33.750  -14.643  41.027 0.0000000000
57926  32.565  -14.708  40.453 0.0000000000
128551  27.284  -24.302  51.141 0.0000000000
125050  27.399  -24.280  50.633 0.0000000000
45769  15.477  -27.374  57.503 0.0000000000
45747  14.579  -27.717  58.706 0.0000000000
44786  12.798  -29.478  60.722 0.0000000000
118315  12.927  -29.266  59.944 0.0000000000
43864  12.054  -30.153  60.579 0.0000000000
42947  11.238  -30.637  60.605 0.0000000000
44775  7.620  -29.016  61.755 0.0000000000
42925  7.058  -30.505  61.999 0.0000000000
115440  7.046  -31.238  62.200 0.0000000000
110060  25.470  -18.348  48.843 0.0000000000
54329  24.442  -18.744  47.830 0.0000000000
52474  23.833  -19.373  47.440 0.0000000000
54322  23.074  -18.469  48.542 0.0000000000
49644  20.558  -23.492  51.847 0.0000000000
122862  21.592  -23.526  53.115 0.0000000000
48619  21.373  -24.474  54.326 0.0000000000
120345  21.779  -23.654  53.872 0.0000000000
113109  36.874  -9.543  37.338 0.0000000000
120814  26.036  -14.174  44.469 0.0000000000
54374  32.951  -18.364  42.410 0.0000000000
55256  32.322  -17.632  42.293 0.0000000000
55255  33.169  -17.472  42.402 0.0000000000
56100  33.323  -16.635  42.694 0.0000000000
54363  35.097  -17.818  43.830 0.0000000000
120005  33.380  -16.007  43.204 0.0000000000
56993  33.800  -15.633  43.864 0.0000000000
113750  3.691  -36.059  66.450 0.0000000000
63068  30.449  -8.822  40.454 0.0000000000
63060  30.632  -8.914  41.493 0.0000000000
130137  29.128  -10.743  39.843 0.0000000000
60332  28.718  -10.910  40.170 0.0000000000
59565  28.853  -12.218  39.646 0.0000000000
47654  19.685  -26.051  56.583 0.0000000000
46759  18.993  -26.496  56.007 0.0000000000
112923  18.052  -26.826  55.802 0.0000000000
46761  17.719  -26.698  54.979 0.0000000000
48620  16.354  -24.702  54.121 0.0000000000
48605  15.276  -24.585  54.775 0.0000000000
46763  15.525  -26.450  55.215 0.0000000000
46727  11.945  -26.566  56.976 0.0000000000
46728  11.293  -26.734  57.408 0.0000000000
121876  21.806  -17.243  51.237 0.0000000000
128157  20.225  -18.733  51.536 0.0000000000
53283  20.161  -19.394  51.198 0.0000000000
114478  19.763  -21.976  51.500 0.0000000000
52400  18.735  -20.206  52.656 0.0000000000
47719  20.048  -25.364  52.954 0.0000000000
47686  20.026  -25.719  54.818 0.0000000000
56040  28.348  -16.854  46.831 0.0000000000
55202  27.998  -16.812  46.131 0.0000000000
55239  30.973  -17.823  42.919 0.0000000000
53400  30.302  -19.371  43.445 0.0000000000
109261  30.876  -19.370  42.968 0.0000000000
52519  31.156  -20.209  43.040 0.0000000000
54375  32.008  -18.461  42.400 0.0000000000
54365  33.700  -18.751  42.913 0.0000000000
53380  34.768  -19.648  44.406 0.0000000000
53379  35.308  -19.260  44.738 0.0000000000
112753  42.622  -2.658  31.082 0.0000000000
65820  42.338  -5.445  31.177 0.0000000000
65808  36.274  -5.258  34.315 0.0000000000
64956  36.356  -6.045  34.307 0.0000000000
64940  35.223  -6.153  35.184 0.0000000000
125339  35.449  -6.859  35.282 0.0000000000
120775  34.125  -6.996  36.188 0.0000000000
129309  31.768  -7.022  38.518 0.0000000000
124984  31.030  -9.813  38.226 0.0000000000
61229  31.616  -10.009  37.835 0.0000000000
60347  34.808  -11.665  38.455 0.0000000000
59569  35.326  -12.056  38.826 0.0000000000
50637  27.528  -22.937  45.822 0.0000000000
50636  28.559  -22.968  45.899 0.0000000000
113080  28.961  -23.579  48.128 0.0000000000
118375  30.084  -23.667  48.931 0.0000000000
67412  36.539  -3.978  34.951 0.0000000000
66642  36.342  -4.592  34.504 0.0000000000
45745  16.167  -27.399  58.078 0.0000000000
47628  11.638  -25.187  57.713 0.0000000000
47641  11.401  -26.070  57.390 0.0000000000
46710  10.856  -26.407  57.910 0.0000000000
45774  10.858  -27.187  57.729 0.0000000000
44814  10.783  -28.515  58.475 0.0000000000
44801  10.304  -28.977  59.034 0.0000000000
42961  10.985  -30.334  59.878 0.0000000000
45708  8.686  -27.911  60.794 0.0000000000
44788  8.419  -28.682  60.502 0.0000000000
42950  8.701  -30.280  60.578 0.0000000000
42081  10.541  -31.094  61.129 0.0000000000
42050  11.068  -31.404  62.403 0.0000000000
42039  11.263  -31.514  63.082 0.0000000000
42040  10.959  -31.969  63.498 0.0000000000
42030  10.879  -32.126  64.213 0.0000000000
39295  8.094  -34.271  66.363 0.0000000000
41120  7.613  -32.720  63.089 0.0000000000
40209  7.405  -33.709  64.049 0.0000000000
40197  7.763  -34.044  64.733 0.0000000000
38384  6.859  -35.319  66.196 0.0000000000
38386  5.589  -35.835  66.281 0.0000000000
42005  6.007  -31.253  66.364 0.0000000000
38387  3.761  -35.195  66.514 0.0000000000
55188  29.941  -17.174  47.351 0.0000000000
51616  26.696  -21.322  44.726 0.0000000000
50638  26.779  -22.587  45.553 0.0000000000
49714  26.393  -23.132  46.780 0.0000000000
50640  25.312  -22.205  46.034 0.0000000000
49715  25.680  -22.747  46.530 0.0000000000
49698  26.365  -23.434  47.738 0.0000000000
49685  26.369  -23.678  48.628 0.0000000000
49671  26.265  -23.838  49.445 0.0000000000
120649  24.449  -22.587  48.040 0.0000000000
115277  25.237  -23.274  48.921 0.0000000000
48674  26.704  -24.118  50.953 0.0000000000
55160  21.597  -17.641  50.521 0.0000000000
52457  21.698  -19.476  49.865 0.0000000000
52447  21.339  -19.836  50.428 0.0000000000
51572  22.850  -20.609  50.878 0.0000000000
51560  23.460  -20.895  51.530 0.0000000000
50581  21.372  -21.857  51.851 0.0000000000
51542  22.196  -21.200  52.137 0.0000000000
63125  38.212  -8.295  35.717 0.0000000000
126198  37.578  -9.401  37.302 0.0000000000
62102  28.141  -9.654  43.333 0.0000000000
61179  27.507  -10.699  42.082 0.0000000000
60324  27.439  -11.255  41.471 0.0000000000
56042  26.822  -15.983  46.074 0.0000000000
56969  26.535  -15.787  45.246 0.0000000000
56068  27.306  -16.548  45.021 0.0000000000
56069  26.814  -16.182  44.752 0.0000000000
56984  26.463  -15.569  44.511 0.0000000000
57001  26.538  -15.306  43.768 0.0000000000
56999  27.985  -15.652  43.456 0.0000000000
57878  26.720  -14.973  42.998 0.0000000000
57895  27.019  -14.626  42.171 0.0000000000
57915  27.613  -14.505  41.425 0.0000000000
57914  28.270  -14.802  41.510 0.0000000000
57930  28.296  -14.495  40.811 0.0000000000
57929  29.090  -14.467  40.343 0.0000000000
57911  31.236  -14.178  41.287 0.0000000000
113799  32.104  -13.195  42.911 0.0000000000
110008  29.618  -22.819  45.938 0.0000000000
116046  30.651  -22.732  46.359 0.0000000000
50620  30.881  -22.977  47.290 0.0000000000
50633  32.898  -22.055  46.685 0.0000000000
49664  33.445  -23.134  49.545 0.0000000000
50607  33.495  -22.492  48.301 0.0000000000
50617  33.487  -21.825  47.055 0.0000000000
51592  34.017  -21.495  47.008 0.0000000000
51591  34.625  -21.265  47.295 0.0000000000
68230  43.926  -2.250  30.858 0.0000000000
69104  44.825  -1.964  30.804 0.0000000000
66665  44.569  -4.023  29.688 0.0000000000
68248  46.538  -3.153  28.884 0.0000000000
67441  46.894  -3.708  28.551 0.0000000000
66670  46.573  -4.343  28.744 0.0000000000
42054  6.885  -31.681  62.704 0.0000000000
47720  19.237  -25.233  52.751 0.0000000000
48673  27.858  -24.466  51.293 0.0000000000
49682  29.702  -23.551  48.480 0.0000000000
53406  33.083  -19.102  42.717 0.0000000000
55237  34.549  -17.400  43.359 0.0000000000
56995  31.828  -15.040  44.151 0.0000000000
58716  26.414  -13.601  42.351 0.0000000000
123347  24.939  -23.039  48.307 0.0000000000
129541  31.038  -20.728  43.348 0.0000000000
