#!ascii label  , from subject sub-v1s23x0050561_ses-1 vox2ras=TkReg
1455
77915  -36.023  10.771  22.524 0.0000000000
74590  -43.119  8.030  11.999 0.0000000000
82320  -43.531  17.636  22.160 0.0000000000
75444  -42.683  8.523  17.321 0.0000000000
72644  -43.779  5.847  26.050 0.0000000000
81010  -38.502  15.412  12.221 0.0000000000
85190  -46.641  21.503  10.791 0.0000000000
86541  -38.287  23.586  17.662 0.0000000000
75307  -36.233  8.516  29.521 0.0000000000
75420  -37.238  8.799  18.542 0.0000000000
77965  -39.514  10.888  14.419 0.0000000000
80191  -36.208  14.617  17.739 0.0000000000
85081  -47.683  21.298  23.782 0.0000000000
82381  -46.713  17.774  17.016 0.0000000000
85124  -46.428  21.223  19.140 0.0000000000
85149  -42.118  21.048  15.154 0.0000000000
87825  -43.375  25.567  20.622 0.0000000000
74624  -42.490  7.093  7.479 0.0000000000
122031  -35.106  15.944  23.289 0.0000000000
128596  -40.125  13.554  22.547 0.0000000000
76245  -48.374  10.167  20.931 0.0000000000
74502  -42.521  7.471  21.809 0.0000000000
72680  -37.527  5.559  21.924 0.0000000000
71759  -37.000  4.646  27.364 0.0000000000
115244  -42.238  11.064  10.147 0.0000000000
78810  -41.492  13.107  5.605 0.0000000000
82363  -41.525  17.417  17.406 0.0000000000
83089  -42.613  18.743  10.491 0.0000000000
82462  -42.032  17.584  3.643 0.0000000000
84509  -39.480  21.112  7.896 0.0000000000
85175  -38.363  22.708  11.876 0.0000000000
120838  -34.907  9.981  19.781 0.0000000000
77939  -36.311  11.322  17.925 0.0000000000
78719  -35.060  12.521  19.573 0.0000000000
86481  -48.991  24.112  24.550 0.0000000000
85096  -48.439  21.314  21.776 0.0000000000
86515  -47.402  23.610  21.719 0.0000000000
85802  -44.406  22.906  20.326 0.0000000000
74608  -42.499  7.324  9.617 0.0000000000
82946  -34.399  18.562  25.628 0.0000000000
125216  -36.703  17.997  23.417 0.0000000000
73554  -43.191  7.023  23.707 0.0000000000
73561  -40.692  6.395  22.101 0.0000000000
71803  -40.688  4.915  24.434 0.0000000000
73503  -37.278  6.436  28.749 0.0000000000
75349  -31.915  8.519  25.295 0.0000000000
78685  -31.438  12.472  24.282 0.0000000000
77900  -29.575  11.531  24.846 0.0000000000
76319  -42.983  9.695  15.350 0.0000000000
114751  -38.505  13.247  13.229 0.0000000000
77989  -40.258  11.613  12.229 0.0000000000
78781  -39.529  12.486  10.180 0.0000000000
78041  -41.213  12.026  7.421 0.0000000000
80238  -39.888  14.266  8.858 0.0000000000
80945  -42.237  14.905  21.949 0.0000000000
80176  -40.734  14.707  20.110 0.0000000000
80961  -43.465  15.222  20.092 0.0000000000
83058  -48.589  19.433  13.371 0.0000000000
83043  -45.275  18.528  13.955 0.0000000000
83764  -45.118  19.998  9.690 0.0000000000
83110  -43.182  18.312  6.275 0.0000000000
84522  -43.978  20.951  7.113 0.0000000000
83109  -40.228  19.537  5.987 0.0000000000
85911  -43.299  22.033  9.113 0.0000000000
85139  -39.725  21.618  16.917 0.0000000000
85865  -40.184  22.411  13.834 0.0000000000
85862  -38.090  23.314  14.498 0.0000000000
87234  -37.059  24.422  12.821 0.0000000000
86552  -36.825  24.278  16.045 0.0000000000
75442  -40.160  8.219  17.482 0.0000000000
76317  -41.010  9.442  15.398 0.0000000000
77155  -38.561  10.229  16.335 0.0000000000
78745  -37.959  12.858  15.704 0.0000000000
80988  -37.552  15.501  15.263 0.0000000000
82969  -45.837  18.911  23.352 0.0000000000
81714  -45.595  16.566  20.024 0.0000000000
82986  -47.344  18.655  20.462 0.0000000000
83697  -48.772  19.285  17.141 0.0000000000
84448  -47.054  20.495  14.998 0.0000000000
85177  -44.320  22.070  12.466 0.0000000000
115923  -43.882  20.483  17.191 0.0000000000
85103  -41.793  21.739  19.010 0.0000000000
87180  -40.654  24.115  19.311 0.0000000000
75539  -40.173  8.701  6.327 0.0000000000
124831  -36.446  12.447  23.751 0.0000000000
78711  -37.957  12.060  22.357 0.0000000000
80933  -37.187  14.732  23.205 0.0000000000
81697  -39.555  16.767  22.337 0.0000000000
82964  -41.073  18.781  23.507 0.0000000000
83631  -41.695  20.297  27.188 0.0000000000
83659  -43.715  19.374  25.022 0.0000000000
75408  -45.336  8.844  19.433 0.0000000000
75388  -45.745  8.892  21.512 0.0000000000
74531  -42.678  7.810  19.809 0.0000000000
74511  -39.939  7.204  19.909 0.0000000000
74509  -37.537  7.125  19.920 0.0000000000
73509  -44.095  6.007  28.864 0.0000000000
75311  -40.356  8.496  29.286 0.0000000000
73506  -40.364  6.139  28.793 0.0000000000
71775  -40.824  4.502  26.577 0.0000000000
71800  -37.450  4.351  24.632 0.0000000000
117308  -35.541  9.935  23.561 0.0000000000
76342  -44.980  10.260  12.261 0.0000000000
77193  -41.322  10.714  13.874 0.0000000000
78003  -43.146  11.475  11.576 0.0000000000
76356  -44.076  9.975  10.178 0.0000000000
77231  -43.855  10.040  7.767 0.0000000000
76402  -42.663  9.812  5.202 0.0000000000
78825  -41.165  12.245  3.326 0.0000000000
80164  -38.305  14.213  20.244 0.0000000000
81725  -38.477  16.682  17.644 0.0000000000
118148  -39.141  17.457  14.835 0.0000000000
82378  -43.899  17.769  16.690 0.0000000000
83028  -42.243  18.357  14.865 0.0000000000
82420  -39.946  17.297  11.725 0.0000000000
81800  -40.956  16.266  8.120 0.0000000000
81047  -42.191  15.295  4.577 0.0000000000
80253  -38.998  14.354  3.962 0.0000000000
85893  -41.820  22.503  11.224 0.0000000000
85196  -39.221  21.421  10.497 0.0000000000
84480  -36.479  20.066  11.283 0.0000000000
84464  -35.894  20.896  13.276 0.0000000000
85860  -34.761  22.493  14.114 0.0000000000
125326  -34.557  9.824  20.826 0.0000000000
77117  -34.874  11.056  19.591 0.0000000000
77925  -35.185  11.972  20.936 0.0000000000
87160  -49.094  24.071  23.227 0.0000000000
87173  -46.177  24.770  21.864 0.0000000000
74598  -42.918  7.993  11.222 0.0000000000
73532  -43.672  6.335  25.256 0.0000000000
72656  -42.286  5.811  24.610 0.0000000000
72642  -42.541  5.426  25.484 0.0000000000
75348  -31.095  8.446  25.837 0.0000000000
76212  -30.916  9.929  25.024 0.0000000000
75446  -44.128  8.803  17.707 0.0000000000
75458  -43.105  8.838  16.714 0.0000000000
130276  -38.338  13.814  12.610 0.0000000000
130118  -38.590  13.517  11.911 0.0000000000
118092  -38.665  14.323  11.085 0.0000000000
79498  -39.347  13.377  9.940 0.0000000000
81023  -38.822  14.990  10.984 0.0000000000
82325  -43.016  16.753  21.880 0.0000000000
80953  -43.126  14.755  20.882 0.0000000000
81705  -44.096  15.961  21.241 0.0000000000
84474  -47.745  20.384  11.953 0.0000000000
83740  -47.578  19.567  12.160 0.0000000000
84491  -46.409  20.769  9.988 0.0000000000
83786  -44.806  20.537  8.195 0.0000000000
84512  -45.428  21.211  8.749 0.0000000000
130761  -43.780  21.465  7.603 0.0000000000
85912  -44.855  22.067  9.238 0.0000000000
85838  -38.946  22.472  17.616 0.0000000000
85847  -38.897  22.243  16.380 0.0000000000
85837  -37.792  23.369  17.025 0.0000000000
86561  -37.165  23.746  15.491 0.0000000000
127047  -37.324  23.957  16.730 0.0000000000
75421  -38.893  8.117  18.285 0.0000000000
76288  -38.916  9.288  16.722 0.0000000000
76287  -38.172  9.348  17.473 0.0000000000
78731  -36.175  13.173  17.543 0.0000000000
78732  -36.907  12.431  17.185 0.0000000000
78738  -36.834  13.309  16.844 0.0000000000
79471  -37.660  13.770  15.310 0.0000000000
80202  -36.969  14.775  16.197 0.0000000000
83662  -47.046  19.732  23.461 0.0000000000
82980  -46.905  18.790  22.247 0.0000000000
83670  -47.781  20.054  22.450 0.0000000000
85106  -47.360  21.118  19.693 0.0000000000
84398  -47.847  20.331  19.624 0.0000000000
121087  -47.632  20.446  18.329 0.0000000000
126262  -48.252  20.205  16.107 0.0000000000
84436  -47.110  20.455  16.650 0.0000000000
84435  -45.194  20.481  15.879 0.0000000000
84413  -45.199  20.681  17.973 0.0000000000
86518  -43.834  23.780  20.523 0.0000000000
85104  -43.115  21.743  19.299 0.0000000000
113231  -42.338  23.196  19.901 0.0000000000
86522  -41.369  23.437  19.581 0.0000000000
87177  -42.042  24.956  20.058 0.0000000000
74628  -40.628  7.250  7.306 0.0000000000
80146  -35.557  14.360  23.482 0.0000000000
80147  -36.651  13.986  23.477 0.0000000000
125842  -35.917  15.875  23.110 0.0000000000
131601  -37.893  18.927  24.517 0.0000000000
82314  -37.890  17.235  22.694 0.0000000000
82962  -38.820  18.618  23.482 0.0000000000
82974  -40.265  18.278  22.828 0.0000000000
128619  -40.595  19.248  25.319 0.0000000000
85060  -40.524  21.263  26.069 0.0000000000
84369  -43.225  19.848  26.126 0.0000000000
84379  -43.694  19.855  25.605 0.0000000000
84380  -44.223  19.922  24.971 0.0000000000
85078  -43.789  21.514  23.858 0.0000000000
113899  -46.987  9.675  18.961 0.0000000000
76259  -46.590  9.345  19.940 0.0000000000
118920  -45.658  8.833  23.046 0.0000000000
75387  -44.172  8.244  21.499 0.0000000000
75394  -44.593  8.441  20.630 0.0000000000
74515  -43.062  7.841  20.595 0.0000000000
74529  -41.384  7.493  19.651 0.0000000000
119701  -41.481  7.189  21.262 0.0000000000
72674  -39.369  5.591  22.393 0.0000000000
73569  -38.503  6.355  20.934 0.0000000000
73568  -37.484  6.150  21.193 0.0000000000
75309  -38.681  8.690  29.252 0.0000000000
73504  -38.686  6.532  28.697 0.0000000000
72624  -39.121  4.973  27.883 0.0000000000
72626  -41.002  4.922  27.827 0.0000000000
71762  -39.523  4.548  27.205 0.0000000000
71787  -38.824  4.304  25.808 0.0000000000
71786  -37.232  4.336  25.657 0.0000000000
77907  -35.251  10.849  24.093 0.0000000000
77904  -33.456  11.424  24.277 0.0000000000
76343  -45.600  10.473  12.743 0.0000000000
77165  -39.546  10.243  15.049 0.0000000000
77167  -41.423  9.899  14.835 0.0000000000
77966  -40.392  10.735  14.059 0.0000000000
78001  -41.055  11.463  11.615 0.0000000000
135775  -41.631  11.508  12.047 0.0000000000
78014  -42.861  11.207  10.753 0.0000000000
78015  -43.780  11.100  11.028 0.0000000000
78025  -43.109  10.810  9.910 0.0000000000
76364  -43.963  9.792  9.161 0.0000000000
77221  -43.289  10.555  9.040 0.0000000000
78804  -40.941  12.956  7.001 0.0000000000
130309  -42.539  11.032  6.285 0.0000000000
78811  -42.242  12.169  4.679 0.0000000000
77255  -41.786  10.450  4.184 0.0000000000
78817  -42.069  13.116  4.059 0.0000000000
78705  -39.230  12.683  22.665 0.0000000000
79431  -38.065  12.714  21.439 0.0000000000
79440  -39.859  13.434  21.109 0.0000000000
114690  -41.021  16.279  18.917 0.0000000000
81716  -39.533  16.205  18.873 0.0000000000
134764  -39.702  16.921  18.081 0.0000000000
82373  -38.879  17.389  16.266 0.0000000000
82375  -40.362  17.699  16.496 0.0000000000
82351  -46.441  17.243  18.605 0.0000000000
82350  -44.678  16.606  18.562 0.0000000000
82366  -45.722  17.451  17.435 0.0000000000
83069  -43.533  18.785  12.058 0.0000000000
83042  -43.588  18.468  14.148 0.0000000000
83054  -42.720  18.513  13.261 0.0000000000
128637  -41.234  18.375  12.940 0.0000000000
83078  -41.156  18.217  11.608 0.0000000000
82427  -40.719  17.514  10.238 0.0000000000
82428  -41.390  18.002  9.859 0.0000000000
82456  -43.205  18.193  4.840 0.0000000000
81815  -42.857  16.844  4.692 0.0000000000
81821  -42.709  16.814  3.678 0.0000000000
81058  -41.314  15.554  3.062 0.0000000000
81819  -40.620  16.522  3.274 0.0000000000
81052  -38.921  15.854  4.681 0.0000000000
82453  -39.954  17.480  3.857 0.0000000000
84518  -40.083  20.722  7.306 0.0000000000
83108  -39.475  19.034  6.864 0.0000000000
85157  -43.411  21.244  14.109 0.0000000000
85884  -42.710  22.367  12.271 0.0000000000
85875  -42.209  22.199  12.942 0.0000000000
131198  -38.935  23.394  12.526 0.0000000000
85891  -40.046  22.592  11.543 0.0000000000
85186  -38.774  21.648  11.218 0.0000000000
84482  -38.118  20.887  11.039 0.0000000000
85185  -37.925  21.445  11.721 0.0000000000
83737  -36.120  20.091  12.152 0.0000000000
85173  -36.985  21.850  12.543 0.0000000000
87232  -36.131  24.803  12.771 0.0000000000
86572  -36.097  24.188  12.761 0.0000000000
86571  -35.486  24.497  12.910 0.0000000000
86566  -34.689  23.482  13.738 0.0000000000
75404  -36.569  8.493  19.164 0.0000000000
77131  -36.911  10.050  18.029 0.0000000000
122633  -35.524  10.220  18.958 0.0000000000
77931  -35.650  11.570  18.436 0.0000000000
79447  -35.499  13.415  18.604 0.0000000000
85092  -48.908  21.250  22.601 0.0000000000
85789  -49.466  22.653  22.917 0.0000000000
85804  -47.958  22.890  21.448 0.0000000000
85803  -46.329  22.382  20.405 0.0000000000
122135  -45.454  21.633  19.438 0.0000000000
132677  -45.669  23.590  21.092 0.0000000000
114703  -45.158  25.081  21.478 0.0000000000
74616  -42.550  7.117  8.519 0.0000000000
82300  -34.155  18.095  24.078 0.0000000000
81691  -35.566  16.730  23.218 0.0000000000
82954  -35.549  18.550  24.643 0.0000000000
74490  -42.925  7.245  23.066 0.0000000000
73573  -41.812  7.155  21.831 0.0000000000
73552  -41.773  6.483  23.067 0.0000000000
72665  -40.574  5.627  23.247 0.0000000000
71820  -38.914  5.081  23.018 0.0000000000
74426  -36.802  7.668  29.303 0.0000000000
73516  -35.036  5.511  28.417 0.0000000000
75359  -32.702  8.637  24.848 0.0000000000
77074  -32.956  10.903  24.421 0.0000000000
77072  -31.321  10.672  24.649 0.0000000000
124064  -30.818  11.917  24.473 0.0000000000
78753  -38.647  12.313  14.390 0.0000000000
120590  -39.876  11.201  13.691 0.0000000000
78760  -39.304  12.251  12.821 0.0000000000
78000  -40.083  11.656  11.350 0.0000000000
124326  -40.452  11.433  10.008 0.0000000000
78033  -41.487  11.093  8.892 0.0000000000
78788  -40.267  12.183  8.914 0.0000000000
78796  -40.100  13.077  8.671 0.0000000000
79514  -40.306  14.111  7.913 0.0000000000
132843  -41.181  14.371  22.348 0.0000000000
79441  -40.611  13.616  21.106 0.0000000000
80168  -41.697  13.982  21.458 0.0000000000
80960  -42.630  14.962  20.085 0.0000000000
81728  -41.922  16.427  18.688 0.0000000000
83032  -47.549  18.279  15.689 0.0000000000
83031  -46.238  18.320  15.352 0.0000000000
83056  -46.410  18.684  13.345 0.0000000000
83070  -45.358  18.958  12.255 0.0000000000
83090  -43.374  19.067  10.627 0.0000000000
83096  -42.807  18.852  9.327 0.0000000000
83762  -43.585  19.407  8.528 0.0000000000
114374  -43.752  19.755  6.937 0.0000000000
83803  -43.186  19.393  5.560 0.0000000000
83116  -40.760  19.130  4.951 0.0000000000
120132  -42.791  20.897  6.574 0.0000000000
85227  -41.282  21.241  7.202 0.0000000000
85218  -41.216  21.624  7.907 0.0000000000
85141  -41.102  20.990  16.337 0.0000000000
85163  -41.095  22.136  13.657 0.0000000000
85153  -39.874  22.115  14.781 0.0000000000
85864  -39.376  22.705  13.995 0.0000000000
86581  -38.290  23.764  12.602 0.0000000000
86580  -37.612  24.169  12.701 0.0000000000
86574  -37.442  24.271  13.222 0.0000000000
86567  -36.863  24.203  14.462 0.0000000000
87216  -35.768  25.246  14.370 0.0000000000
120860  -41.018  8.171  17.507 0.0000000000
75457  -42.212  8.643  16.730 0.0000000000
130443  -40.576  8.472  16.919 0.0000000000
76303  -39.672  9.211  16.069 0.0000000000
77164  -38.838  10.577  15.591 0.0000000000
113402  -37.486  11.004  17.292 0.0000000000
77946  -38.375  11.135  16.220 0.0000000000
78746  -38.431  12.180  15.226 0.0000000000
78752  -38.157  12.990  14.833 0.0000000000
79476  -38.022  13.801  14.412 0.0000000000
81001  -38.173  15.235  13.544 0.0000000000
82979  -45.157  18.402  22.617 0.0000000000
82327  -45.161  16.975  21.381 0.0000000000
82328  -45.989  17.377  21.176 0.0000000000
82329  -46.766  17.951  20.853 0.0000000000
82993  -47.691  18.347  19.131 0.0000000000
83673  -47.583  20.017  21.354 0.0000000000
82994  -48.010  19.026  19.212 0.0000000000
83011  -48.659  18.710  17.398 0.0000000000
83034  -49.273  18.921  15.451 0.0000000000
84459  -48.669  20.091  13.640 0.0000000000
84466  -47.126  20.944  13.183 0.0000000000
85178  -45.554  21.960  12.114 0.0000000000
84465  -45.662  21.083  13.590 0.0000000000
84455  -43.987  20.829  14.722 0.0000000000
84444  -42.704  20.664  15.814 0.0000000000
135938  -44.249  21.535  19.208 0.0000000000
84411  -42.707  20.844  18.170 0.0000000000
84431  -41.554  20.764  16.943 0.0000000000
127989  -40.590  21.319  18.052 0.0000000000
116394  -40.316  22.350  18.742 0.0000000000
87184  -39.517  24.321  18.520 0.0000000000
77908  -36.592  11.230  23.501 0.0000000000
77921  -36.620  11.371  22.343 0.0000000000
78695  -37.765  12.059  23.370 0.0000000000
79420  -38.140  12.759  23.433 0.0000000000
80152  -39.145  14.262  22.986 0.0000000000
81694  -37.274  16.443  22.747 0.0000000000
81695  -38.150  16.221  22.580 0.0000000000
80938  -39.549  15.040  22.681 0.0000000000
81698  -40.682  16.132  22.302 0.0000000000
82318  -41.301  17.216  22.239 0.0000000000
82976  -42.367  18.468  22.852 0.0000000000
115470  -40.774  19.333  26.253 0.0000000000
83649  -41.709  19.409  26.011 0.0000000000
83658  -42.933  19.225  24.999 0.0000000000
82967  -43.959  18.949  23.826 0.0000000000
82968  -44.912  18.902  23.663 0.0000000000
84383  -45.481  19.893  24.234 0.0000000000
85080  -46.387  20.625  23.877 0.0000000000
76272  -45.466  9.286  18.015 0.0000000000
75426  -43.609  8.483  18.252 0.0000000000
76235  -46.792  9.486  22.416 0.0000000000
76243  -46.998  9.515  21.696 0.0000000000
75395  -45.412  8.745  20.766 0.0000000000
75407  -44.521  8.508  19.563 0.0000000000
75405  -42.951  8.116  18.902 0.0000000000
74546  -41.372  7.687  18.800 0.0000000000
74545  -40.024  7.631  18.768 0.0000000000
74543  -38.559  7.711  19.010 0.0000000000
73579  -40.128  6.879  20.658 0.0000000000
73595  -39.271  6.802  20.381 0.0000000000
116411  -37.762  7.716  19.259 0.0000000000
74525  -36.367  7.832  19.755 0.0000000000
74431  -41.709  7.452  29.556 0.0000000000
74438  -38.663  7.318  28.929 0.0000000000
74440  -40.056  6.922  29.054 0.0000000000
73492  -41.442  6.660  29.279 0.0000000000
73508  -42.058  5.964  29.025 0.0000000000
115655  -42.354  5.135  27.740 0.0000000000
134535  -42.337  4.999  26.345 0.0000000000
116669  -41.070  4.517  25.844 0.0000000000
115130  -38.979  4.492  24.228 0.0000000000
71818  -37.232  4.803  23.154 0.0000000000
77096  -35.830  10.034  23.006 0.0000000000
128258  -35.909  11.227  23.894 0.0000000000
122178  -35.620  12.594  23.819 0.0000000000
80145  -34.534  14.343  23.538 0.0000000000
80931  -33.415  15.747  23.529 0.0000000000
75486  -45.521  9.127  13.608 0.0000000000
76333  -45.269  9.661  12.882 0.0000000000
75501  -44.161  9.460  11.754 0.0000000000
76318  -41.993  9.493  15.361 0.0000000000
77168  -42.380  10.017  14.795 0.0000000000
77976  -40.774  11.091  13.429 0.0000000000
77978  -42.868  11.341  13.103 0.0000000000
77979  -43.975  11.467  12.955 0.0000000000
78005  -44.574  11.112  11.906 0.0000000000
76350  -44.467  10.278  11.554 0.0000000000
75500  -43.568  8.802  11.293 0.0000000000
75509  -43.758  9.138  9.637 0.0000000000
75517  -43.766  8.949  8.674 0.0000000000
75534  -43.252  8.039  7.126 0.0000000000
78043  -42.666  10.789  7.259 0.0000000000
77248  -43.475  9.983  6.367 0.0000000000
76392  -42.447  9.076  5.479 0.0000000000
76391  -41.570  9.011  5.301 0.0000000000
130216  -40.370  10.045  5.090 0.0000000000
78057  -39.717  10.843  4.588 0.0000000000
78717  -37.052  12.437  21.420 0.0000000000
79437  -36.033  13.444  20.013 0.0000000000
80181  -36.395  14.826  18.522 0.0000000000
80175  -39.618  14.884  19.944 0.0000000000
80956  -37.865  15.383  19.209 0.0000000000
80975  -37.081  15.756  17.593 0.0000000000
81748  -37.455  16.325  16.417 0.0000000000
121275  -38.191  16.776  15.307 0.0000000000
81766  -38.780  16.416  13.246 0.0000000000
81713  -44.842  16.090  20.455 0.0000000000
82349  -43.618  16.804  18.248 0.0000000000
82364  -42.384  17.414  17.366 0.0000000000
83030  -44.340  18.338  15.270 0.0000000000
83020  -43.491  18.188  15.765 0.0000000000
120397  -41.819  17.964  16.185 0.0000000000
82390  -40.544  18.076  15.109 0.0000000000
82408  -39.889  17.695  13.507 0.0000000000
81774  -39.264  16.672  12.132 0.0000000000
81787  -39.641  16.165  10.561 0.0000000000
80239  -40.780  14.591  7.070 0.0000000000
124446  -41.841  17.504  7.852 0.0000000000
81807  -41.464  16.139  6.865 0.0000000000
80250  -41.508  14.402  5.316 0.0000000000
80261  -41.562  13.656  3.453 0.0000000000
79530  -39.545  12.975  3.491 0.0000000000
117927  -39.002  18.331  5.754 0.0000000000
85895  -44.352  22.464  10.849 0.0000000000
85901  -42.069  22.250  10.254 0.0000000000
85207  -40.671  21.664  9.133 0.0000000000
85882  -40.567  22.762  12.090 0.0000000000
85188  -40.427  22.152  10.811 0.0000000000
85205  -39.086  21.206  9.653 0.0000000000
84499  -37.360  20.367  9.200 0.0000000000
83761  -35.940  19.692  10.227 0.0000000000
83760  -35.166  19.241  10.611 0.0000000000
85870  -36.532  22.508  12.804 0.0000000000
85161  -35.528  21.386  13.697 0.0000000000
88537  -40.005  25.813  18.138 0.0000000000
87843  -38.538  25.227  17.549 0.0000000000
87854  -37.184  25.405  16.649 0.0000000000
88561  -36.462  25.922  16.088 0.0000000000
87866  -35.366  25.912  13.740 0.0000000000
77103  -35.051  10.837  21.442 0.0000000000
77102  -34.873  11.495  20.820 0.0000000000
77920  -35.648  11.428  21.616 0.0000000000
73533  -44.458  6.508  25.743 0.0000000000
135774  -43.235  5.793  25.578 0.0000000000
75445  -43.399  8.652  17.491 0.0000000000
80220  -38.312  14.617  12.351 0.0000000000
79492  -38.412  14.108  11.768 0.0000000000
80225  -38.513  14.791  11.631 0.0000000000
81016  -38.715  15.378  11.513 0.0000000000
81704  -43.399  15.836  21.517 0.0000000000
82326  -43.829  16.724  21.660 0.0000000000
85180  -47.246  20.927  11.368 0.0000000000
125861  -47.211  20.600  11.316 0.0000000000
85191  -46.880  21.048  10.640 0.0000000000
84503  -46.010  21.019  9.293 0.0000000000
85212  -45.921  21.357  9.375 0.0000000000
116526  -45.282  21.626  8.920 0.0000000000
85896  -45.913  22.035  10.363 0.0000000000
86526  -38.945  23.051  18.106 0.0000000000
119491  -38.415  22.970  17.492 0.0000000000
87195  -37.686  24.092  17.255 0.0000000000
74542  -37.990  8.282  18.551 0.0000000000
123907  -38.465  8.668  17.828 0.0000000000
127991  -37.819  8.896  18.054 0.0000000000
79454  -35.761  13.802  17.949 0.0000000000
79455  -36.286  14.010  17.247 0.0000000000
79462  -36.798  14.111  16.520 0.0000000000
80197  -36.523  14.793  16.905 0.0000000000
84384  -47.279  20.300  23.594 0.0000000000
83663  -47.735  20.107  23.154 0.0000000000
84414  -47.419  20.721  18.968 0.0000000000
84424  -47.365  20.439  17.599 0.0000000000
112845  -46.478  20.770  18.290 0.0000000000
84423  -46.055  20.537  17.284 0.0000000000
85123  -45.326  21.124  18.746 0.0000000000
87178  -43.375  24.683  20.570 0.0000000000
127856  -42.896  23.868  20.286 0.0000000000
132691  -42.618  24.561  20.288 0.0000000000
86523  -42.080  24.072  20.027 0.0000000000
87824  -42.727  25.285  20.361 0.0000000000
74623  -41.842  6.311  8.081 0.0000000000
122382  -41.357  6.631  7.511 0.0000000000
74629  -41.632  7.311  6.900 0.0000000000
119400  -34.818  15.130  23.407 0.0000000000
131144  -35.519  15.261  23.323 0.0000000000
83647  -38.318  19.017  25.391 0.0000000000
118564  -38.002  18.678  23.740 0.0000000000
82957  -38.793  19.092  24.595 0.0000000000
82963  -39.777  19.094  24.248 0.0000000000
83648  -39.830  19.196  25.416 0.0000000000
85061  -42.766  20.982  24.821 0.0000000000
85062  -43.649  20.566  24.767 0.0000000000
76252  -47.975  9.967  20.365 0.0000000000
76260  -47.473  9.764  19.700 0.0000000000
74503  -43.300  7.843  21.516 0.0000000000
118634  -42.659  7.618  21.152 0.0000000000
74514  -42.339  7.582  20.546 0.0000000000
74501  -42.058  7.401  21.211 0.0000000000
72673  -38.361  5.395  22.283 0.0000000000
72681  -38.154  5.820  21.559 0.0000000000
73567  -36.667  6.335  21.218 0.0000000000
72679  -36.933  5.807  21.711 0.0000000000
124622  -37.649  8.310  29.314 0.0000000000
72623  -38.245  5.065  27.936 0.0000000000
71760  -37.756  4.645  27.369 0.0000000000
117141  -38.078  4.437  26.852 0.0000000000
71772  -37.345  4.417  26.644 0.0000000000
76216  -34.521  9.507  24.248 0.0000000000
77075  -34.511  10.319  24.278 0.0000000000
123356  -33.663  10.624  24.401 0.0000000000
77980  -45.042  11.408  12.898 0.0000000000
77179  -40.138  10.392  14.544 0.0000000000
78013  -41.681  11.290  10.775 0.0000000000
117619  -42.327  10.923  9.386 0.0000000000
79515  -40.826  13.783  6.577 0.0000000000
78805  -41.674  12.304  6.211 0.0000000000
79520  -41.596  13.708  5.066 0.0000000000
79426  -39.784  13.107  22.603 0.0000000000
78713  -39.808  12.913  22.030 0.0000000000
82346  -41.032  17.007  18.143 0.0000000000
81727  -40.133  16.655  18.473 0.0000000000
81743  -40.062  17.157  17.818 0.0000000000
82362  -39.653  17.429  16.985 0.0000000000
112614  -40.621  17.459  17.276 0.0000000000
82367  -46.737  17.549  17.800 0.0000000000
134636  -46.074  17.242  18.002 0.0000000000
82380  -45.845  17.801  16.718 0.0000000000
83080  -42.965  18.802  11.389 0.0000000000
131615  -43.279  18.603  12.784 0.0000000000
83079  -42.049  18.576  11.500 0.0000000000
83067  -41.597  18.440  12.331 0.0000000000
83088  -41.679  18.368  10.726 0.0000000000
120451  -42.125  18.456  9.918 0.0000000000
83123  -42.531  18.308  4.358 0.0000000000
82455  -42.980  17.569  4.295 0.0000000000
81824  -41.822  16.293  2.935 0.0000000000
82461  -41.255  17.156  3.204 0.0000000000
82454  -40.716  17.982  3.823 0.0000000000
84517  -39.335  20.620  7.681 0.0000000000
84508  -38.612  20.686  8.160 0.0000000000
85156  -42.481  21.377  14.320 0.0000000000
85165  -42.836  21.711  13.526 0.0000000000
85164  -41.948  21.846  13.707 0.0000000000
85880  -38.649  23.334  12.144 0.0000000000
134578  -37.458  21.606  12.160 0.0000000000
85174  -37.648  22.494  12.133 0.0000000000
127739  -36.532  9.549  18.521 0.0000000000
77926  -34.776  11.906  20.116 0.0000000000
77930  -35.052  11.795  19.184 0.0000000000
78720  -35.312  12.563  18.698 0.0000000000
125228  -35.266  13.099  19.187 0.0000000000
85775  -49.233  22.506  23.662 0.0000000000
86491  -49.284  23.492  23.675 0.0000000000
86504  -48.242  24.087  22.459 0.0000000000
118567  -48.478  23.368  22.014 0.0000000000
116688  -47.350  22.415  20.929 0.0000000000
86519  -46.610  23.123  21.088 0.0000000000
115141  -46.303  23.920  21.532 0.0000000000
131108  -45.758  25.513  21.931 0.0000000000
116834  -45.367  24.251  21.308 0.0000000000
87821  -44.416  25.489  21.189 0.0000000000
117911  -42.385  7.455  10.669 0.0000000000
82959  -35.000  18.225  23.946 0.0000000000
82953  -34.671  18.473  24.714 0.0000000000
74481  -43.902  7.310  24.033 0.0000000000
73553  -42.494  6.749  23.391 0.0000000000
72655  -41.481  5.469  24.325 0.0000000000
72666  -41.309  5.897  23.497 0.0000000000
72654  -40.852  5.408  23.844 0.0000000000
72664  -39.776  5.337  23.107 0.0000000000
71814  -40.186  5.068  23.774 0.0000000000
74467  -32.439  7.001  25.571 0.0000000000
74478  -32.345  7.970  25.241 0.0000000000
76205  -32.282  9.278  24.845 0.0000000000
76213  -31.818  9.975  24.756 0.0000000000
124600  -30.527  10.644  24.847 0.0000000000
77901  -30.265  11.355  24.689 0.0000000000
78759  -38.894  12.473  13.479 0.0000000000
78774  -38.989  12.977  11.561 0.0000000000
78775  -39.476  12.324  11.040 0.0000000000
78011  -39.940  11.759  10.468 0.0000000000
78022  -39.989  11.915  9.675 0.0000000000
80233  -39.392  14.287  9.784 0.0000000000
79502  -39.685  13.611  9.181 0.0000000000
130074  -40.033  13.741  8.517 0.0000000000
79507  -40.429  13.441  7.844 0.0000000000
80940  -41.434  14.975  22.301 0.0000000000
80154  -41.665  14.169  22.075 0.0000000000
80161  -42.348  14.484  21.484 0.0000000000
81718  -41.844  15.631  19.401 0.0000000000
81719  -42.836  15.818  19.251 0.0000000000
83046  -48.670  18.849  14.207 0.0000000000
83045  -47.621  18.485  14.677 0.0000000000
83057  -47.752  18.794  13.534 0.0000000000
83751  -46.273  19.808  11.025 0.0000000000
83739  -46.460  19.403  11.772 0.0000000000
83738  -45.518  19.314  11.524 0.0000000000
83082  -44.538  19.031  11.784 0.0000000000
83749  -44.168  19.457  10.181 0.0000000000
127749  -43.454  19.222  9.711 0.0000000000
83763  -44.388  19.845  8.931 0.0000000000
84510  -44.377  20.712  7.565 0.0000000000
83785  -44.154  20.032  7.685 0.0000000000
83796  -43.919  20.291  6.938 0.0000000000
83795  -43.541  19.689  6.265 0.0000000000
83802  -42.458  19.605  5.373 0.0000000000
84521  -43.483  20.552  6.571 0.0000000000
85916  -43.561  21.794  8.279 0.0000000000
85228  -42.165  21.352  7.120 0.0000000000
85219  -42.661  21.685  7.818 0.0000000000
85208  -41.839  21.795  8.765 0.0000000000
85147  -40.380  21.363  16.179 0.0000000000
131950  -40.318  21.655  15.372 0.0000000000
85146  -39.521  21.876  15.858 0.0000000000
85856  -38.467  22.779  15.146 0.0000000000
85857  -39.132  22.446  14.969 0.0000000000
85863  -38.652  23.034  14.202 0.0000000000
85871  -38.850  23.428  13.189 0.0000000000
86575  -38.072  23.838  13.425 0.0000000000
86560  -36.566  24.309  15.117 0.0000000000
118326  -36.319  24.663  13.765 0.0000000000
87217  -36.152  24.824  15.255 0.0000000000
77156  -39.216  9.783  15.778 0.0000000000
77143  -36.904  10.779  17.729 0.0000000000
77144  -37.611  10.210  17.483 0.0000000000
78739  -37.551  12.635  16.469 0.0000000000
77945  -37.706  11.666  16.815 0.0000000000
77953  -38.235  12.034  16.064 0.0000000000
77954  -38.632  11.377  15.481 0.0000000000
80203  -37.348  14.676  15.526 0.0000000000
80207  -37.699  14.599  14.784 0.0000000000
80212  -38.029  14.556  13.976 0.0000000000
80994  -37.925  15.370  14.380 0.0000000000
82322  -45.597  17.779  21.875 0.0000000000
130260  -46.103  18.473  22.463 0.0000000000
82982  -47.120  18.671  21.348 0.0000000000
82335  -47.058  17.962  19.912 0.0000000000
126159  -47.627  18.702  19.728 0.0000000000
84392  -48.152  20.673  22.116 0.0000000000
84394  -47.809  20.711  21.203 0.0000000000
116638  -48.037  20.017  18.850 0.0000000000
83678  -47.957  19.636  19.427 0.0000000000
83690  -48.242  19.343  18.622 0.0000000000
83003  -48.243  18.701  18.363 0.0000000000
117253  -48.547  19.143  17.916 0.0000000000
83012  -49.230  18.935  16.348 0.0000000000
135570  -48.067  20.309  15.376 0.0000000000
83712  -48.896  19.825  15.290 0.0000000000
117062  -48.379  20.233  14.566 0.0000000000
117167  -48.183  20.413  12.926 0.0000000000
84458  -47.708  20.521  13.896 0.0000000000
84457  -46.318  20.724  14.227 0.0000000000
84434  -44.374  20.464  16.332 0.0000000000
84446  -44.593  20.570  15.358 0.0000000000
84445  -43.635  20.600  15.608 0.0000000000
84433  -43.306  20.486  16.500 0.0000000000
85809  -44.764  22.141  19.838 0.0000000000
130086  -42.357  21.915  19.303 0.0000000000
85121  -42.433  21.395  18.809 0.0000000000
84420  -42.124  20.716  17.586 0.0000000000
84410  -41.936  21.058  18.310 0.0000000000
84419  -41.316  20.950  17.815 0.0000000000
85120  -41.299  21.425  18.519 0.0000000000
85821  -40.991  22.660  19.226 0.0000000000
130448  -40.493  23.198  19.108 0.0000000000
118825  -39.742  23.008  18.632 0.0000000000
87185  -40.136  24.663  18.911 0.0000000000
74627  -39.669  7.627  7.326 0.0000000000
122883  -39.933  9.535  6.014 0.0000000000
78694  -36.996  11.880  23.605 0.0000000000
77917  -37.350  11.548  23.216 0.0000000000
118352  -37.684  13.699  23.429 0.0000000000
80148  -38.716  13.430  23.256 0.0000000000
80151  -38.165  14.482  23.123 0.0000000000
82307  -36.139  17.454  23.281 0.0000000000
81692  -36.409  16.602  22.963 0.0000000000
82313  -36.951  17.314  22.975 0.0000000000
122156  -38.663  16.789  22.457 0.0000000000
81696  -39.032  15.999  22.458 0.0000000000
122099  -39.863  15.776  22.435 0.0000000000
126793  -40.869  18.056  22.583 0.0000000000
82975  -41.553  18.314  22.738 0.0000000000
124999  -41.970  17.721  22.376 0.0000000000
85039  -41.511  20.845  26.726 0.0000000000
83630  -41.067  20.086  27.496 0.0000000000
83642  -41.551  19.766  26.941 0.0000000000
83643  -42.469  19.958  26.723 0.0000000000
83644  -43.591  19.665  25.644 0.0000000000
83651  -43.394  19.538  25.725 0.0000000000
82966  -43.030  18.958  23.826 0.0000000000
83660  -44.495  19.372  24.560 0.0000000000
128776  -44.847  20.048  24.616 0.0000000000
84382  -45.256  20.757  24.115 0.0000000000
113418  -45.662  21.582  23.873 0.0000000000
125951  -47.461  10.172  18.139 0.0000000000
76258  -46.105  9.242  19.197 0.0000000000
75428  -45.487  9.079  18.705 0.0000000000
75427  -44.611  8.766  18.461 0.0000000000
133342  -44.989  8.746  19.026 0.0000000000
75382  -45.332  8.691  22.262 0.0000000000
75383  -46.118  9.117  22.267 0.0000000000
135759  -46.579  9.330  21.967 0.0000000000
75389  -46.433  9.241  21.501 0.0000000000
75396  -46.169  9.102  20.770 0.0000000000
75406  -43.562  8.158  19.805 0.0000000000
132907  -44.115  8.307  20.189 0.0000000000
117181  -43.843  8.383  18.976 0.0000000000
122054  -42.103  7.986  18.406 0.0000000000
74530  -42.088  7.722  19.224 0.0000000000
74512  -40.738  7.261  20.176 0.0000000000
74528  -40.561  7.489  19.267 0.0000000000
114168  -39.809  7.454  19.297 0.0000000000
74544  -39.361  7.667  18.855 0.0000000000
73562  -41.466  6.704  22.340 0.0000000000
73572  -41.127  6.857  21.655 0.0000000000
73571  -40.384  6.612  21.394 0.0000000000
117895  -37.764  6.608  20.529 0.0000000000
73578  -38.394  6.873  20.131 0.0000000000
74510  -38.261  7.321  19.574 0.0000000000
74526  -37.020  7.748  19.522 0.0000000000
74508  -36.716  7.261  20.081 0.0000000000
72615  -43.961  5.615  27.973 0.0000000000
75310  -39.568  8.622  29.228 0.0000000000
75312  -41.207  8.348  29.439 0.0000000000
73489  -36.895  6.875  29.024 0.0000000000
73490  -37.502  7.336  29.088 0.0000000000
123627  -38.037  6.898  28.840 0.0000000000
73505  -39.523  6.219  28.678 0.0000000000
74439  -39.281  7.155  28.939 0.0000000000
73491  -40.736  6.636  29.098 0.0000000000
73507  -41.167  5.980  28.863 0.0000000000
71763  -40.480  4.625  27.267 0.0000000000
117334  -41.689  4.935  27.638 0.0000000000
71764  -41.292  4.688  27.157 0.0000000000
114383  -42.800  5.163  27.043 0.0000000000
71776  -41.586  4.678  26.451 0.0000000000
71790  -41.809  4.863  25.708 0.0000000000
113308  -38.108  4.300  25.268 0.0000000000
113075  -38.930  4.324  24.937 0.0000000000
71801  -38.278  4.396  24.412 0.0000000000
71812  -38.550  4.635  23.673 0.0000000000
71811  -37.720  4.521  23.780 0.0000000000
76225  -35.095  9.392  23.792 0.0000000000
125200  -34.962  8.658  23.326 0.0000000000
76226  -35.351  9.373  23.203 0.0000000000
76234  -35.073  9.411  22.404 0.0000000000
77085  -35.937  10.578  23.654 0.0000000000
78688  -34.051  12.041  24.059 0.0000000000
78692  -35.165  11.772  24.031 0.0000000000
77903  -32.595  11.537  24.322 0.0000000000
78686  -32.247  12.301  24.170 0.0000000000
80930  -32.609  15.307  23.653 0.0000000000
123333  -33.323  14.974  23.552 0.0000000000
121377  -32.700  16.105  23.670 0.0000000000
81688  -33.167  16.634  23.643 0.0000000000
76327  -46.378  9.552  13.779 0.0000000000
75494  -44.481  9.283  12.499 0.0000000000
132867  -44.552  9.841  11.985 0.0000000000
76305  -41.615  8.959  16.000 0.0000000000
77181  -41.817  10.367  14.347 0.0000000000
112670  -40.194  11.463  13.014 0.0000000000
77991  -42.299  11.490  12.358 0.0000000000
77992  -43.492  11.518  12.309 0.0000000000
77993  -44.440  11.370  12.287 0.0000000000
78004  -44.056  11.308  11.680 0.0000000000
77214  -44.003  10.596  10.610 0.0000000000
77209  -44.280  10.828  11.358 0.0000000000
76357  -44.176  10.354  10.917 0.0000000000
76349  -44.081  9.763  11.000 0.0000000000
117022  -43.766  9.262  10.466 0.0000000000
76373  -43.932  9.644  8.252 0.0000000000
75527  -43.720  8.841  7.770 0.0000000000
75526  -43.214  7.974  8.112 0.0000000000
78032  -40.867  11.643  8.395 0.0000000000
78034  -42.485  10.801  8.421 0.0000000000
121465  -41.670  11.199  7.859 0.0000000000
78051  -42.645  10.812  5.472 0.0000000000
126150  -43.096  10.538  6.304 0.0000000000
77247  -43.011  10.199  5.576 0.0000000000
76393  -43.152  9.485  5.818 0.0000000000
75533  -41.862  8.194  6.112 0.0000000000
76401  -42.075  9.726  4.772 0.0000000000
78065  -41.557  11.621  3.555 0.0000000000
77254  -40.910  10.503  4.144 0.0000000000
78058  -40.608  11.384  3.646 0.0000000000
77922  -37.427  11.537  22.798 0.0000000000
118835  -37.116  11.762  22.107 0.0000000000
79438  -38.118  13.481  20.716 0.0000000000
121545  -36.983  13.320  20.574 0.0000000000
79445  -37.335  14.095  20.049 0.0000000000
79444  -36.400  13.943  19.687 0.0000000000
80172  -36.742  14.563  19.332 0.0000000000
80167  -41.059  13.902  20.820 0.0000000000
80166  -40.222  14.068  20.523 0.0000000000
80966  -38.633  16.268  18.494 0.0000000000
80957  -38.871  15.643  19.253 0.0000000000
80965  -38.039  15.849  18.711 0.0000000000
80964  -37.207  15.511  18.421 0.0000000000
81724  -37.781  16.127  18.023 0.0000000000
81739  -37.036  15.930  16.996 0.0000000000
81740  -37.574  16.343  17.224 0.0000000000
82388  -38.685  17.276  15.416 0.0000000000
81755  -38.053  16.983  15.963 0.0000000000
82398  -38.601  16.880  14.607 0.0000000000
82399  -39.239  17.298  14.114 0.0000000000
81707  -45.458  16.655  20.779 0.0000000000
82365  -44.486  17.241  17.610 0.0000000000
82348  -42.802  17.109  17.925 0.0000000000
120572  -43.305  17.377  17.409 0.0000000000
114175  -45.228  18.432  14.825 0.0000000000
129496  -45.109  18.306  15.545 0.0000000000
113912  -44.348  18.449  14.470 0.0000000000
131748  -42.914  18.430  14.493 0.0000000000
120220  -42.940  18.342  15.146 0.0000000000
83019  -42.476  18.195  15.658 0.0000000000
83018  -41.566  18.199  15.381 0.0000000000
83040  -41.387  18.313  14.506 0.0000000000
82421  -40.541  17.872  11.954 0.0000000000
83052  -40.647  18.180  13.193 0.0000000000
82415  -40.244  17.772  12.587 0.0000000000
82414  -39.603  17.217  12.683 0.0000000000
81782  -39.395  16.487  11.334 0.0000000000
82426  -39.846  16.875  10.898 0.0000000000
81794  -40.535  16.498  9.131 0.0000000000
81036  -40.818  15.445  7.632 0.0000000000
83104  -42.998  18.969  8.112 0.0000000000
83095  -42.199  18.395  8.964 0.0000000000
82445  -42.501  17.620  6.747 0.0000000000
81048  -42.690  16.066  4.013 0.0000000000
81814  -42.228  16.037  5.385 0.0000000000
81042  -41.408  15.276  6.204 0.0000000000
80255  -41.943  13.991  3.984 0.0000000000
122756  -42.168  14.748  3.920 0.0000000000
80254  -40.498  14.733  3.278 0.0000000000
80260  -40.258  13.750  3.256 0.0000000000
80259  -38.984  13.483  3.760 0.0000000000
79525  -38.624  12.913  4.067 0.0000000000
124127  -38.299  13.520  4.725 0.0000000000
83801  -41.251  19.733  5.508 0.0000000000
83115  -39.809  18.833  5.352 0.0000000000
82437  -38.683  18.289  7.163 0.0000000000
85167  -44.994  21.615  13.040 0.0000000000
85886  -44.835  22.319  11.572 0.0000000000
85894  -42.697  22.501  11.525 0.0000000000
85902  -42.775  22.419  10.641 0.0000000000
85199  -41.472  21.949  9.719 0.0000000000
85900  -41.222  22.252  10.596 0.0000000000
85873  -40.407  22.718  12.907 0.0000000000
85187  -39.636  21.974  11.020 0.0000000000
85197  -39.933  21.610  10.072 0.0000000000
84500  -38.223  20.763  9.277 0.0000000000
84490  -38.562  20.954  10.366 0.0000000000
84481  -37.388  20.531  11.224 0.0000000000
83748  -35.517  19.590  11.241 0.0000000000
84472  -36.412  20.836  12.777 0.0000000000
83736  -35.235  19.624  12.206 0.0000000000
84471  -35.706  20.220  12.883 0.0000000000
84463  -35.356  20.494  13.537 0.0000000000
86579  -37.081  24.033  12.513 0.0000000000
85878  -37.080  23.141  12.420 0.0000000000
86573  -36.404  23.482  12.725 0.0000000000
85868  -35.528  23.214  13.342 0.0000000000
85869  -35.920  22.371  13.279 0.0000000000
85861  -35.312  22.160  13.807 0.0000000000
85152  -34.793  21.522  14.337 0.0000000000
88563  -38.466  26.546  16.641 0.0000000000
87855  -38.002  25.741  17.031 0.0000000000
87860  -35.823  25.616  15.220 0.0000000000
77109  -34.655  10.797  20.436 0.0000000000
77116  -34.681  11.382  20.212 0.0000000000
78715  -35.334  12.472  20.450 0.0000000000
87146  -49.169  24.469  23.943 0.0000000000
87159  -48.675  24.801  23.217 0.0000000000
87174  -47.026  24.238  22.023 0.0000000000
87810  -46.689  25.551  22.421 0.0000000000
88515  -46.071  26.257  22.302 0.0000000000
129911  -34.155  18.527  26.481 0.0000000000
73546  -44.165  6.948  24.804 0.0000000000
73545  -43.442  6.702  24.465 0.0000000000
73544  -42.735  6.443  24.147 0.0000000000
72657  -42.988  6.099  24.912 0.0000000000
72641  -41.894  5.244  25.036 0.0000000000
76204  -31.391  9.193  25.207 0.0000000000
76203  -30.540  9.287  25.617 0.0000000000
76290  -44.901  9.241  17.496 0.0000000000
76289  -44.131  9.180  16.857 0.0000000000
76307  -43.566  9.387  16.008 0.0000000000
78766  -38.831  12.940  12.510 0.0000000000
78780  -39.137  13.139  10.735 0.0000000000
79497  -38.963  13.897  10.521 0.0000000000
80229  -39.021  14.538  10.528 0.0000000000
80230  -39.355  15.221  10.261 0.0000000000
81703  -42.626  15.832  21.832 0.0000000000
80946  -42.958  15.019  21.473 0.0000000000
80947  -43.644  15.258  21.111 0.0000000000
80954  -43.736  15.234  20.671 0.0000000000
83741  -48.248  19.911  12.470 0.0000000000
83728  -48.110  19.347  12.772 0.0000000000
84475  -47.753  20.154  11.864 0.0000000000
83752  -47.192  20.042  11.436 0.0000000000
83765  -46.015  20.203  10.200 0.0000000000
83775  -45.774  20.619  9.393 0.0000000000
84502  -45.415  20.882  8.681 0.0000000000
84523  -44.418  21.214  7.754 0.0000000000
85221  -44.860  21.401  8.351 0.0000000000
85220  -44.304  21.619  8.171 0.0000000000
85210  -44.135  21.977  8.850 0.0000000000
85133  -39.467  21.878  17.704 0.0000000000
135350  -39.297  21.935  16.571 0.0000000000
85132  -39.106  22.126  17.060 0.0000000000
130183  -38.312  22.660  16.000 0.0000000000
85855  -37.836  23.187  15.329 0.0000000000
85845  -37.760  23.171  16.265 0.0000000000
86553  -37.358  23.695  16.386 0.0000000000
75422  -39.716  7.938  18.149 0.0000000000
75441  -39.228  8.523  17.476 0.0000000000
133629  -38.680  8.927  17.335 0.0000000000
77145  -38.294  9.984  16.993 0.0000000000
78721  -36.078  12.238  17.893 0.0000000000
77940  -36.927  11.566  17.471 0.0000000000
79463  -37.379  13.483  16.140 0.0000000000
79470  -37.227  14.158  15.922 0.0000000000
80987  -37.192  15.303  15.878 0.0000000000
113393  -46.479  19.363  23.559 0.0000000000
129087  -46.556  18.969  22.987 0.0000000000
83666  -47.222  19.427  22.938 0.0000000000
83669  -47.352  19.388  21.898 0.0000000000
125102  -47.977  21.301  21.042 0.0000000000
85107  -47.765  20.810  20.389 0.0000000000
84415  -48.271  19.763  17.974 0.0000000000
84425  -48.326  20.020  17.009 0.0000000000
135048  -47.328  20.447  15.834 0.0000000000
115789  -46.215  20.493  15.958 0.0000000000
133781  -46.158  20.488  16.622 0.0000000000
113953  -45.428  20.473  16.554 0.0000000000
84422  -44.851  20.504  17.192 0.0000000000
85808  -43.736  22.282  19.777 0.0000000000
85801  -43.281  23.048  20.150 0.0000000000
85807  -42.745  22.420  19.680 0.0000000000
85806  -41.797  22.458  19.428 0.0000000000
87181  -41.366  24.521  19.689 0.0000000000
74622  -40.164  6.799  7.665 0.0000000000
75532  -40.563  7.902  6.679 0.0000000000
124772  -36.089  13.291  23.655 0.0000000000
79419  -37.150  12.833  23.618 0.0000000000
118948  -36.258  14.995  23.281 0.0000000000
80935  -36.759  15.697  22.956 0.0000000000
82961  -37.087  18.662  23.977 0.0000000000
82308  -37.437  18.020  23.227 0.0000000000
82309  -38.164  18.065  23.051 0.0000000000
82315  -38.857  17.672  22.659 0.0000000000
82316  -39.679  17.693  22.550 0.0000000000
82973  -39.555  18.462  23.117 0.0000000000
121953  -40.267  18.830  23.613 0.0000000000
83656  -40.862  19.149  24.546 0.0000000000
84368  -42.087  20.327  26.872 0.0000000000
121614  -42.771  20.114  26.533 0.0000000000
84378  -43.228  20.214  25.938 0.0000000000
83652  -43.933  19.693  25.114 0.0000000000
85063  -44.422  20.704  24.343 0.0000000000
118481  -47.917  10.196  18.654 0.0000000000
116720  -44.981  8.542  21.491 0.0000000000
75393  -43.794  8.151  20.719 0.0000000000
127969  -42.012  7.553  19.937 0.0000000000
74513  -41.553  7.362  20.546 0.0000000000
72683  -39.878  6.109  21.857 0.0000000000
72682  -38.974  5.900  21.658 0.0000000000
73577  -37.053  6.687  20.569 0.0000000000
72607  -36.973  5.605  28.347 0.0000000000
72608  -37.893  5.849  28.448 0.0000000000
72609  -38.818  5.632  28.344 0.0000000000
127358  -39.514  5.431  28.285 0.0000000000
72611  -40.729  5.447  28.382 0.0000000000
72625  -40.067  4.971  27.959 0.0000000000
133048  -40.134  4.437  26.693 0.0000000000
71774  -39.525  4.355  26.320 0.0000000000
71773  -38.754  4.395  26.638 0.0000000000
113919  -38.040  4.340  26.160 0.0000000000
75373  -34.759  7.780  23.255 0.0000000000
77084  -35.267  10.081  24.040 0.0000000000
77905  -34.361  11.175  24.230 0.0000000000
76335  -46.590  10.449  13.504 0.0000000000
77203  -45.375  10.928  12.528 0.0000000000
76316  -40.045  9.554  15.475 0.0000000000
77166  -40.481  9.932  14.897 0.0000000000
77180  -40.913  10.331  14.427 0.0000000000
77990  -41.131  11.412  12.595 0.0000000000
78002  -42.102  11.466  11.527 0.0000000000
127715  -43.629  10.798  10.435 0.0000000000
78026  -43.780  10.348  9.735 0.0000000000
77222  -43.804  10.156  8.663 0.0000000000
77230  -43.398  10.396  8.041 0.0000000000
78042  -41.952  11.484  6.786 0.0000000000
78050  -42.329  11.552  5.632 0.0000000000
124774  -42.452  11.278  4.765 0.0000000000
77256  -42.449  10.505  4.713 0.0000000000
78059  -42.144  11.290  3.971 0.0000000000
78818  -41.935  12.250  3.748 0.0000000000
78704  -38.617  12.254  22.819 0.0000000000
78712  -38.879  12.503  22.179 0.0000000000
79432  -39.021  13.042  21.397 0.0000000000
79439  -38.961  13.613  20.731 0.0000000000
81717  -40.930  15.534  19.498 0.0000000000
80958  -39.991  15.557  19.472 0.0000000000
133512  -40.315  16.101  19.079 0.0000000000
81726  -39.294  16.677  18.239 0.0000000000
81749  -38.134  16.897  16.760 0.0000000000
81741  -38.853  17.148  17.069 0.0000000000
82374  -39.693  17.659  16.213 0.0000000000
82389  -39.535  17.695  15.470 0.0000000000
82339  -46.365  17.182  19.558 0.0000000000
81722  -45.611  16.669  19.083 0.0000000000
124969  -45.487  17.001  18.192 0.0000000000
82379  -44.956  17.723  16.757 0.0000000000
113649  -44.323  18.536  13.655 0.0000000000
113255  -43.498  18.531  13.427 0.0000000000
83041  -42.194  18.429  13.968 0.0000000000
120223  -41.295  18.368  13.634 0.0000000000
83053  -41.907  18.462  13.087 0.0000000000
83066  -40.876  18.201  12.442 0.0000000000
131508  -40.567  17.763  11.397 0.0000000000
114864  -40.353  17.389  10.870 0.0000000000
82433  -40.850  17.299  9.438 0.0000000000
82438  -41.150  17.043  8.488 0.0000000000
82448  -43.166  17.718  5.388 0.0000000000
81054  -42.314  15.498  3.380 0.0000000000
81053  -40.001  15.760  3.595 0.0000000000
119994  -39.341  15.188  4.034 0.0000000000
81818  -39.356  16.703  4.223 0.0000000000
83794  -40.613  20.212  6.468 0.0000000000
83793  -39.824  20.002  7.086 0.0000000000
83792  -38.894  20.047  7.678 0.0000000000
85166  -43.836  21.630  13.299 0.0000000000
85176  -43.231  22.080  12.741 0.0000000000
85883  -41.975  22.497  12.134 0.0000000000
85872  -39.602  23.077  13.038 0.0000000000
85881  -39.595  23.039  12.198 0.0000000000
85890  -39.153  22.678  11.669 0.0000000000
84473  -37.092  20.767  12.122 0.0000000000
86578  -36.597  24.362  12.747 0.0000000000
87224  -34.470  24.475  13.278 0.0000000000
76271  -37.324  9.506  18.038 0.0000000000
77130  -36.136  10.615  18.296 0.0000000000
77129  -35.361  11.042  18.837 0.0000000000
78730  -35.618  13.089  18.125 0.0000000000
84386  -48.891  21.212  23.136 0.0000000000
85082  -48.772  21.656  23.560 0.0000000000
122190  -49.394  21.848  23.069 0.0000000000
85097  -49.209  21.994  22.289 0.0000000000
86505  -49.207  23.407  22.724 0.0000000000
85798  -49.046  22.734  22.083 0.0000000000
85797  -48.287  22.037  21.411 0.0000000000
85100  -47.449  21.668  20.487 0.0000000000
85105  -46.474  21.714  19.805 0.0000000000
129444  -45.651  22.098  19.911 0.0000000000
118019  -45.289  22.510  20.239 0.0000000000
112512  -45.485  23.030  20.652 0.0000000000
86514  -44.822  23.678  20.817 0.0000000000
87172  -44.380  24.581  20.968 0.0000000000
87171  -43.866  25.214  20.852 0.0000000000
88524  -43.891  25.795  20.895 0.0000000000
81690  -34.613  16.808  23.414 0.0000000000
82305  -34.550  17.648  23.681 0.0000000000
82306  -35.296  17.590  23.531 0.0000000000
82960  -35.997  18.292  23.819 0.0000000000
114131  -35.239  18.606  25.547 0.0000000000
117780  -36.060  18.685  25.517 0.0000000000
82955  -36.471  18.709  24.725 0.0000000000
74491  -43.678  7.595  23.155 0.0000000000
74497  -43.079  7.562  22.423 0.0000000000
73563  -42.290  7.084  22.573 0.0000000000
128027  -41.022  6.176  22.794 0.0000000000
72667  -42.025  6.152  23.828 0.0000000000
72675  -40.236  5.857  22.563 0.0000000000
133462  -36.966  8.401  29.430 0.0000000000
75306  -35.789  7.459  29.395 0.0000000000
74425  -36.223  6.747  29.094 0.0000000000
116909  -35.130  6.403  29.065 0.0000000000
73501  -35.853  6.010  28.741 0.0000000000
72606  -36.094  5.334  28.211 0.0000000000
130212  -33.062  9.335  24.652 0.0000000000
76215  -33.742  9.790  24.470 0.0000000000
76214  -32.838  10.105  24.588 0.0000000000
77073  -32.194  10.794  24.508 0.0000000000
77902  -31.639  11.555  24.418 0.0000000000
131536  -30.904  11.219  24.587 0.0000000000
77975  -39.178  11.650  14.005 0.0000000000
125978  -39.496  11.780  13.295 0.0000000000
135474  -39.734  11.831  12.692 0.0000000000
78767  -39.472  12.174  12.027 0.0000000000
78012  -40.712  11.396  10.694 0.0000000000
78024  -41.304  11.130  9.900 0.0000000000
78023  -40.642  11.443  9.296 0.0000000000
78787  -39.765  12.764  9.406 0.0000000000
78797  -40.623  12.586  8.087 0.0000000000
117760  -40.815  13.892  22.388 0.0000000000
79433  -40.569  13.392  21.725 0.0000000000
80160  -41.148  13.659  21.996 0.0000000000
80177  -41.553  14.264  20.638 0.0000000000
80952  -42.286  14.417  20.841 0.0000000000
80959  -41.700  14.841  20.065 0.0000000000
82347  -42.055  17.073  18.033 0.0000000000
83023  -47.655  18.114  16.514 0.0000000000
83022  -46.546  18.069  16.256 0.0000000000
83044  -46.394  18.504  14.272 0.0000000000
83072  -47.362  19.003  12.798 0.0000000000
83055  -45.280  18.666  13.094 0.0000000000
114134  -44.216  18.683  12.742 0.0000000000
83784  -43.630  19.502  7.511 0.0000000000
83111  -43.416  19.087  6.785 0.0000000000
83117  -43.333  18.708  5.648 0.0000000000
83124  -43.010  18.906  4.931 0.0000000000
83122  -41.414  18.459  4.246 0.0000000000
83808  -42.001  19.109  4.728 0.0000000000
84528  -41.672  20.306  6.053 0.0000000000
84520  -41.943  20.891  6.560 0.0000000000
84519  -40.944  20.838  6.851 0.0000000000
85226  -40.429  21.246  7.576 0.0000000000
85217  -39.982  21.471  8.270 0.0000000000
85148  -41.148  21.280  15.439 0.0000000000
85155  -41.569  21.565  14.475 0.0000000000
85154  -40.693  21.819  14.592 0.0000000000
85879  -37.795  23.566  12.292 0.0000000000
86568  -37.448  23.829  14.284 0.0000000000
87225  -36.983  24.432  13.460 0.0000000000
87233  -36.659  24.640  12.939 0.0000000000
118788  -35.775  25.274  13.061 0.0000000000
75443  -41.942  8.275  17.554 0.0000000000
75456  -41.326  8.527  16.798 0.0000000000
76304  -40.563  8.929  16.118 0.0000000000
75455  -39.821  8.692  16.741 0.0000000000
77955  -38.972  10.840  14.990 0.0000000000
77154  -38.045  10.739  16.883 0.0000000000
77964  -38.846  11.486  14.733 0.0000000000
79481  -38.387  13.110  13.987 0.0000000000
79480  -38.207  13.835  13.555 0.0000000000
80219  -38.199  14.521  13.141 0.0000000000
81009  -38.291  15.109  12.846 0.0000000000
82321  -44.540  17.532  21.938 0.0000000000
135909  -44.488  16.644  21.426 0.0000000000
82981  -46.483  18.119  21.665 0.0000000000
82334  -46.229  17.241  20.408 0.0000000000
82340  -47.076  17.712  19.138 0.0000000000
82352  -47.558  17.930  18.359 0.0000000000
84389  -48.435  20.635  22.875 0.0000000000
135234  -47.571  19.693  20.555 0.0000000000
122429  -47.770  20.042  20.308 0.0000000000
82987  -47.712  19.321  20.026 0.0000000000
132870  -48.169  18.355  17.890 0.0000000000
83010  -47.834  18.052  17.390 0.0000000000
83024  -48.601  18.468  16.608 0.0000000000
83033  -48.660  18.605  15.240 0.0000000000
83047  -49.118  18.943  14.740 0.0000000000
83704  -48.950  19.518  16.244 0.0000000000
83720  -49.155  19.326  14.825 0.0000000000
83729  -48.810  19.648  13.767 0.0000000000
84467  -48.581  19.947  13.031 0.0000000000
85169  -47.583  20.816  12.165 0.0000000000
85179  -46.735  21.508  11.603 0.0000000000
85168  -46.365  21.432  12.608 0.0000000000
84447  -45.659  20.567  15.149 0.0000000000
84456  -45.039  20.748  14.478 0.0000000000
85158  -44.436  21.149  13.874 0.0000000000
84454  -43.037  20.918  14.942 0.0000000000
126968  -44.318  20.915  18.408 0.0000000000
129002  -44.344  20.608  17.757 0.0000000000
85122  -43.369  21.169  18.674 0.0000000000
84412  -43.578  20.675  17.955 0.0000000000
84421  -42.979  20.550  17.366 0.0000000000
84432  -42.400  20.583  16.710 0.0000000000
84443  -41.830  20.806  16.048 0.0000000000
85140  -40.634  21.135  17.154 0.0000000000
85134  -40.033  21.493  17.667 0.0000000000
85822  -41.101  22.020  18.986 0.0000000000
85119  -40.004  21.764  18.229 0.0000000000
85820  -39.494  22.333  18.235 0.0000000000
86527  -39.404  23.602  18.484 0.0000000000
87183  -38.870  23.931  18.161 0.0000000000
77916  -36.871  11.126  23.015 0.0000000000
78703  -38.016  11.810  23.019 0.0000000000
78696  -38.428  12.249  23.172 0.0000000000
78697  -38.906  12.466  23.023 0.0000000000
79422  -39.244  12.895  23.026 0.0000000000
80153  -39.551  13.503  22.887 0.0000000000
80936  -37.658  15.487  22.837 0.0000000000
80937  -38.596  15.263  22.752 0.0000000000
115038  -40.009  14.105  22.735 0.0000000000
80939  -40.554  14.847  22.502 0.0000000000
82317  -40.364  17.351  22.349 0.0000000000
81699  -41.767  15.971  22.119 0.0000000000
82324  -42.187  16.891  22.076 0.0000000000
82319  -42.668  17.686  22.291 0.0000000000
83657  -41.921  19.222  24.800 0.0000000000
83650  -42.830  19.488  25.989 0.0000000000
82965  -42.099  18.925  23.715 0.0000000000
82977  -43.231  18.484  22.831 0.0000000000
82978  -44.172  18.440  22.737 0.0000000000
83661  -45.479  19.411  24.057 0.0000000000
83653  -44.636  19.676  24.617 0.0000000000
115745  -46.375  19.773  23.813 0.0000000000
114281  -46.254  22.324  23.901 0.0000000000
76273  -46.503  9.718  18.068 0.0000000000
75409  -45.789  8.978  20.038 0.0000000000
133676  -45.136  8.674  20.097 0.0000000000
75425  -42.780  8.325  17.992 0.0000000000
75424  -41.423  7.962  18.092 0.0000000000
75423  -40.622  7.808  18.261 0.0000000000
73580  -40.891  7.060  20.967 0.0000000000
73570  -39.530  6.431  21.143 0.0000000000
74527  -39.095  7.266  19.590 0.0000000000
130583  -37.304  8.201  19.016 0.0000000000
75403  -35.850  8.322  19.683 0.0000000000
76250  -34.996  8.932  20.015 0.0000000000
117355  -35.115  10.070  21.970 0.0000000000
72633  -43.690  5.506  27.015 0.0000000000
118608  -42.483  8.705  29.849 0.0000000000
75313  -42.061  8.188  29.724 0.0000000000
120073  -42.627  7.411  29.872 0.0000000000
74427  -38.282  7.782  29.101 0.0000000000
74428  -39.052  7.950  29.077 0.0000000000
74429  -39.825  7.812  29.149 0.0000000000
74430  -40.738  7.497  29.283 0.0000000000
73493  -42.381  6.673  29.518 0.0000000000
72602  -43.103  6.072  29.194 0.0000000000
72614  -43.399  5.675  28.473 0.0000000000
72612  -41.668  5.357  28.319 0.0000000000
72613  -42.624  5.553  28.459 0.0000000000
132148  -43.162  5.356  27.805 0.0000000000
72643  -43.085  5.411  26.256 0.0000000000
71804  -41.266  4.824  25.082 0.0000000000
130327  -40.293  4.363  26.026 0.0000000000
71789  -40.466  4.522  25.224 0.0000000000
71802  -39.765  4.561  24.507 0.0000000000
71813  -39.367  4.800  23.696 0.0000000000
71819  -38.051  4.856  23.038 0.0000000000
72672  -37.580  5.165  22.558 0.0000000000
71785  -36.333  4.383  25.831 0.0000000000
71799  -36.644  4.379  24.819 0.0000000000
71809  -36.178  4.579  24.096 0.0000000000
71810  -36.907  4.476  23.926 0.0000000000
72663  -36.471  4.884  23.314 0.0000000000
72671  -36.846  5.338  22.469 0.0000000000
77086  -36.368  10.740  23.200 0.0000000000
78693  -36.195  11.806  23.867 0.0000000000
80144  -33.684  14.360  23.576 0.0000000000
80932  -33.995  15.057  23.478 0.0000000000
81689  -34.283  15.851  23.406 0.0000000000
130251  -33.835  16.465  23.495 0.0000000000
82304  -33.778  17.304  23.676 0.0000000000
82299  -33.351  17.931  24.250 0.0000000000
82298  -32.594  17.722  24.457 0.0000000000
82951  -33.005  18.322  25.038 0.0000000000
82945  -33.566  18.500  25.780 0.0000000000
75476  -44.944  8.305  14.117 0.0000000000
76334  -46.030  10.049  13.164 0.0000000000
75485  -44.709  8.759  13.332 0.0000000000
75484  -43.954  8.403  13.028 0.0000000000
75493  -43.761  8.665  12.238 0.0000000000
76306  -42.584  9.105  15.982 0.0000000000
77994  -45.014  11.154  12.369 0.0000000000
77202  -44.773  10.841  11.998 0.0000000000
75508  -43.147  8.336  10.313 0.0000000000
75516  -43.205  8.126  9.154 0.0000000000
77240  -43.513  10.261  7.115 0.0000000000
77241  -43.767  9.764  7.050 0.0000000000
130825  -43.503  9.362  6.504 0.0000000000
75541  -43.100  8.542  6.263 0.0000000000
74630  -42.615  7.659  6.683 0.0000000000
75540  -40.933  8.531  5.925 0.0000000000
76400  -41.298  9.815  4.744 0.0000000000
76390  -40.725  9.191  5.497 0.0000000000
78710  -36.095  12.068  21.389 0.0000000000
78716  -36.107  12.849  20.626 0.0000000000
79436  -35.461  13.068  19.844 0.0000000000
79443  -35.650  13.673  19.225 0.0000000000
80171  -36.045  14.300  19.022 0.0000000000
80165  -39.275  14.186  20.376 0.0000000000
80174  -38.597  14.887  19.799 0.0000000000
80173  -37.633  14.752  19.633 0.0000000000
80182  -37.095  15.086  19.050 0.0000000000
80974  -36.661  15.341  17.259 0.0000000000
80981  -36.968  15.526  16.522 0.0000000000
80982  -37.287  15.864  15.925 0.0000000000
81754  -37.696  16.337  15.623 0.0000000000
81760  -38.038  16.176  14.854 0.0000000000
80995  -38.385  16.076  13.934 0.0000000000
81002  -38.462  15.735  13.043 0.0000000000
80948  -44.218  15.634  20.814 0.0000000000
80962  -44.218  15.588  20.131 0.0000000000
81721  -44.794  16.153  19.562 0.0000000000
81730  -44.085  16.201  18.977 0.0000000000
81720  -43.733  15.782  19.447 0.0000000000
81729  -42.757  16.612  18.474 0.0000000000
118728  -45.485  18.103  16.134 0.0000000000
83029  -43.587  18.386  14.894 0.0000000000
82377  -42.760  17.815  16.553 0.0000000000
127866  -41.932  17.664  16.840 0.0000000000
82376  -41.192  17.710  16.697 0.0000000000
82391  -40.929  17.974  15.963 0.0000000000
82400  -39.791  17.796  14.532 0.0000000000
83039  -40.558  18.167  14.079 0.0000000000
81767  -39.228  17.036  13.359 0.0000000000
130880  -39.123  16.712  12.790 0.0000000000
81781  -38.894  15.998  11.773 0.0000000000
81017  -39.107  15.704  11.059 0.0000000000
81028  -39.863  15.004  9.303 0.0000000000
81788  -40.228  16.819  10.122 0.0000000000
82439  -41.575  17.764  8.730 0.0000000000
82444  -41.659  16.892  7.420 0.0000000000
81808  -42.387  16.859  6.073 0.0000000000
79532  -41.623  12.880  3.559 0.0000000000
114624  -41.816  14.591  3.285 0.0000000000
79531  -40.782  12.981  3.257 0.0000000000
78824  -40.073  12.299  3.498 0.0000000000
78816  -39.455  11.793  4.139 0.0000000000
121750  -40.368  18.574  4.512 0.0000000000
82447  -39.607  18.239  4.573 0.0000000000
128566  -45.242  22.332  10.800 0.0000000000
85904  -45.041  22.327  10.077 0.0000000000
85903  -43.868  22.313  9.918 0.0000000000
85885  -43.632  22.412  11.803 0.0000000000
122300  -43.443  22.503  10.960 0.0000000000
133355  -42.877  22.197  9.866 0.0000000000
135572  -41.622  22.177  13.277 0.0000000000
85874  -41.290  22.469  12.712 0.0000000000
119002  -41.283  22.626  11.925 0.0000000000
85892  -40.882  22.535  11.398 0.0000000000
85198  -40.744  21.883  10.085 0.0000000000
85206  -39.690  21.421  9.113 0.0000000000
84501  -38.974  21.161  8.609 0.0000000000
134579  -38.373  20.773  8.609 0.0000000000
84507  -37.843  20.456  8.652 0.0000000000
84489  -37.603  20.458  10.211 0.0000000000
84498  -36.664  20.079  9.584 0.0000000000
83773  -36.188  19.629  9.380 0.0000000000
83772  -35.589  19.246  9.872 0.0000000000
85162  -36.226  21.620  13.105 0.0000000000
85859  -34.083  22.806  14.491 0.0000000000
88529  -43.574  26.329  20.662 0.0000000000
87829  -41.443  25.468  19.638 0.0000000000
88533  -40.885  25.870  19.136 0.0000000000
87834  -40.316  25.448  18.768 0.0000000000
87833  -39.697  25.119  18.420 0.0000000000
87832  -39.050  24.757  18.041 0.0000000000
88547  -39.686  26.190  17.466 0.0000000000
87844  -39.316  25.521  17.816 0.0000000000
87196  -38.329  24.415  17.701 0.0000000000
87842  -37.754  24.924  17.243 0.0000000000
87207  -37.159  24.580  16.713 0.0000000000
87853  -36.450  25.011  16.079 0.0000000000
88562  -37.440  26.276  16.448 0.0000000000
71761  -38.571  4.622  27.341 0.0000000000
71765  -42.041  4.849  27.076 0.0000000000
71788  -39.634  4.352  25.470 0.0000000000
72610  -40.041  5.601  28.447 0.0000000000
72634  -44.293  5.958  26.557 0.0000000000
73502  -36.555  6.151  28.717 0.0000000000
75296  -42.775  8.059  30.035 0.0000000000
75535  -43.678  8.976  7.001 0.0000000000
76384  -43.867  9.527  7.562 0.0000000000
77259  -41.483  10.977  3.688 0.0000000000
78823  -39.199  12.471  3.911 0.0000000000
79421  -38.733  12.688  23.214 0.0000000000
79427  -40.422  13.376  22.241 0.0000000000
79434  -41.079  13.661  21.470 0.0000000000
80180  -35.816  14.125  18.480 0.0000000000
80963  -36.590  15.243  17.867 0.0000000000
81706  -44.756  16.220  21.027 0.0000000000
81742  -39.329  17.042  17.669 0.0000000000
81773  -38.784  16.178  12.523 0.0000000000
81820  -42.465  16.270  3.260 0.0000000000
81825  -42.147  16.793  3.153 0.0000000000
82407  -38.839  16.740  13.847 0.0000000000
82952  -33.816  18.411  24.838 0.0000000000
83021  -44.510  18.127  16.044 0.0000000000
83059  -48.968  19.258  14.161 0.0000000000
83068  -42.545  18.604  12.353 0.0000000000
83071  -46.425  18.957  12.531 0.0000000000
83081  -43.885  19.121  11.175 0.0000000000
83087  -40.951  17.920  10.802 0.0000000000
83103  -42.503  18.294  7.622 0.0000000000
83672  -47.450  19.299  20.906 0.0000000000
83713  -49.258  19.270  15.625 0.0000000000
83750  -45.053  19.524  10.789 0.0000000000
83766  -46.748  20.474  10.757 0.0000000000
83774  -45.160  20.435  8.882 0.0000000000
84367  -41.483  20.604  27.249 0.0000000000
84385  -48.228  20.810  23.384 0.0000000000
84449  -48.967  19.779  14.334 0.0000000000
84492  -46.471  21.073  9.950 0.0000000000
84511  -44.923  20.963  8.135 0.0000000000
84529  -42.861  20.238  5.992 0.0000000000
85189  -45.906  22.053  11.186 0.0000000000
85200  -46.338  21.464  10.060 0.0000000000
85209  -42.763  21.867  8.636 0.0000000000
85211  -44.720  21.740  8.646 0.0000000000
85229  -43.215  21.224  7.017 0.0000000000
85846  -38.385  22.657  16.900 0.0000000000
85910  -42.383  21.981  9.398 0.0000000000
85913  -45.651  21.868  9.588 0.0000000000
86521  -39.993  23.807  18.856 0.0000000000
87828  -40.740  25.061  19.316 0.0000000000
112781  -48.407  18.367  16.022 0.0000000000
114062  -40.727  19.529  26.967 0.0000000000
114491  -40.190  17.857  15.853 0.0000000000
114732  -40.627  21.742  18.535 0.0000000000
115627  -41.865  21.396  18.677 0.0000000000
120591  -38.712  13.670  11.234 0.0000000000
122418  -43.398  16.251  18.843 0.0000000000
123664  -49.004  18.653  15.948 0.0000000000
128653  -41.186  14.165  3.164 0.0000000000
130373  -46.788  20.835  10.550 0.0000000000
130480  -30.052  12.113  24.567 0.0000000000
131657  -36.866  4.386  26.227 0.0000000000
132919  -36.936  9.701  18.198 0.0000000000
133085  -49.007  19.484  14.244 0.0000000000
133252  -42.975  18.482  13.873 0.0000000000
134169  -44.231  15.888  19.528 0.0000000000
135038  -48.130  20.233  12.479 0.0000000000
135354  -38.857  22.362  15.694 0.0000000000
