#!ascii label  , from subject sub-v1s23x0050561_ses-1 vox2ras=TkReg
2058
5607  -35.362  -76.806  -6.170 0.1000000015
5606  -34.404  -76.951  -6.341 0.1000000015
5604  -32.054  -76.746  -6.984 0.1000000015
4983  -34.029  -77.288  -6.904 0.1000000015
4998  -32.831  -77.755  -7.463 0.1000000015
5010  -34.804  -77.492  -7.718 0.1000000015
4288  -32.874  -78.302  -7.893 0.1000000015
4319  -34.068  -78.213  -8.666 0.1000000015
5639  -35.280  -76.845  -9.570 0.1000000015
4318  -33.200  -78.849  -9.176 0.1000000015
4339  -33.912  -78.264  -9.534 0.1000000015
5650  -35.031  -76.664  -10.490 0.1000000015
5047  -34.063  -77.366  -11.038 0.1000000015
4338  -32.928  -78.902  -10.096 0.1000000015
5661  -34.547  -76.559  -11.558 0.1000000015
6246  -34.893  -75.226  -13.671 0.1000000015
5046  -33.045  -77.884  -11.417 0.1000000015
5674  -33.928  -76.538  -12.645 0.1000000015
5660  -33.453  -77.173  -11.925 0.1000000015
118490  -36.823  -75.133  -6.464 0.1000000015
4985  -35.507  -76.907  -6.688 0.1000000015
5621  -36.378  -76.283  -6.689 0.1000000015
4984  -34.833  -77.104  -6.746 0.1000000015
6779  -35.785  -75.035  -7.862 0.1000000015
122160  -35.646  -76.868  -7.558 0.1000000015
5001  -35.223  -77.138  -7.131 0.1000000015
5630  -35.800  -76.273  -8.094 0.1000000015
120005  -34.699  -77.700  -8.271 0.1000000015
5640  -35.557  -76.527  -8.859 0.1000000015
5662  -35.446  -75.750  -10.991 0.1000000015
9994  -36.993  -69.628  -16.014 0.1000000015
9273  -35.599  -70.826  -16.495 0.1000000015
8690  -34.957  -71.525  -16.190 0.1000000015
7447  -34.909  -73.499  -15.032 0.1000000015
6858  -35.120  -73.923  -14.464 0.1000000015
6840  -35.199  -74.308  -13.974 0.1000000015
6235  -35.446  -75.016  -12.657 0.1000000015
126299  -34.701  -75.746  -12.938 0.1000000015
7351  -37.697  -74.417  -5.659 0.1000000015
7358  -36.067  -73.869  -7.056 0.2000000030
7359  -36.717  -74.083  -6.551 0.2000000030
6751  -37.384  -74.865  -5.938 0.1000000015
7369  -34.771  -73.286  -7.975 0.1000000015
7370  -35.629  -73.972  -7.700 0.1000000015
6750  -36.848  -74.682  -6.454 0.1000000015
7379  -35.255  -73.985  -8.562 0.1000000015
6763  -35.675  -74.648  -7.978 0.1000000015
134631  -41.055  -67.988  -9.410 0.1000000015
12005  -41.344  -67.522  -10.668 0.1000000015
7387  -35.019  -73.898  -9.452 0.1000000015
7388  -35.397  -74.529  -9.044 0.1000000015
6178  -35.733  -75.660  -8.794 0.1000000015
12018  -41.473  -67.270  -11.467 0.1000000015
11349  -41.040  -67.757  -11.689 0.1000000015
10676  -39.793  -68.137  -12.975 0.1000000015
10675  -38.772  -68.484  -12.752 0.1000000015
10694  -38.269  -68.625  -13.629 0.1000000015
7399  -35.236  -74.355  -10.050 0.1000000015
6802  -35.419  -74.689  -10.232 0.1000000015
134213  -39.832  -68.058  -13.802 0.1000000015
10695  -39.257  -68.320  -13.668 0.1000000015
9964  -37.462  -68.922  -14.220 0.1000000015
9963  -36.658  -69.102  -13.810 0.1000000015
9977  -35.100  -70.195  -14.002 0.1000000015
9259  -34.561  -70.846  -14.201 0.1000000015
6813  -35.421  -74.511  -11.195 0.1000000015
6223  -35.626  -74.980  -11.626 0.1000000015
124167  -39.020  -68.426  -14.391 0.1000000015
9980  -37.696  -69.087  -15.308 0.1000000015
9979  -36.612  -69.389  -14.731 0.1000000015
123272  -35.063  -70.494  -14.765 0.1000000015
8055  -35.003  -73.183  -13.913 0.1000000015
124916  -35.210  -73.903  -13.777 0.1000000015
9993  -36.041  -70.103  -15.906 0.1000000015
8689  -34.829  -71.010  -15.349 0.1000000015
8675  -34.563  -71.449  -14.630 0.1000000015
114638  -35.080  -73.692  -14.147 0.1000000015
6841  -35.314  -73.991  -13.168 0.1000000015
6222  -35.050  -75.746  -12.085 0.1000000015
7976  -35.232  -73.196  -7.088 0.1000000015
7962  -36.021  -73.319  -6.548 0.2000000030
7950  -36.899  -73.094  -5.689 0.1000000015
115287  -37.380  -72.872  -4.982 0.2000000030
7975  -34.348  -72.502  -7.381 0.1000000015
12617  -39.860  -66.242  -8.477 0.1000000015
11992  -40.521  -66.941  -9.234 0.1000000015
7992  -34.566  -73.203  -8.907 0.1000000015
8004  -34.491  -73.151  -9.792 0.1000000015
8017  -34.538  -73.204  -10.628 0.1000000015
11336  -41.188  -68.075  -10.745 0.1000000015
11348  -40.237  -68.210  -11.952 0.1000000015
129729  -39.785  -68.525  -11.301 0.1000000015
7398  -34.899  -73.758  -10.197 0.1000000015
116897  -38.971  -68.623  -11.141 0.1000000015
10674  -37.723  -68.637  -12.562 0.1000000015
9945  -36.380  -69.080  -13.175 0.1000000015
124259  -34.683  -70.288  -12.658 0.1000000015
8645  -34.168  -71.239  -12.802 0.1000000015
7420  -35.101  -73.593  -12.640 0.1000000015
122248  -35.240  -74.366  -10.871 0.1000000015
7432  -35.186  -73.756  -13.321 0.1000000015
6826  -35.429  -74.295  -12.290 0.1000000015
9196  -33.189  -70.467  -6.386 0.1000000015
8570  -33.949  -70.934  -5.577 0.1000000015
8578  -33.249  -70.908  -6.876 0.1000000015
8579  -33.559  -71.053  -6.378 0.1000000015
8580  -34.286  -71.571  -6.119 0.1000000015
8572  -35.244  -71.643  -5.241 0.2000000030
8561  -35.782  -71.624  -4.771 0.2000000030
7948  -35.101  -72.043  -5.841 0.2000000030
8562  -36.676  -71.943  -4.499 0.2000000030
8563  -37.513  -72.257  -4.207 0.2000000030
121103  -33.952  -72.388  -8.246 0.1000000015
8588  -33.456  -71.544  -7.902 0.1000000015
8599  -33.422  -71.669  -8.747 0.1000000015
8609  -33.422  -71.580  -9.720 0.1000000015
11974  -40.565  -67.213  -8.017 0.1000000015
11303  -41.482  -68.859  -8.249 0.1000000015
10619  -40.646  -68.928  -8.986 0.1000000015
10601  -40.926  -69.264  -8.396 0.1000000015
7991  -33.837  -72.423  -9.282 0.1000000015
8003  -33.912  -72.433  -10.213 0.1000000015
12608  -39.726  -65.821  -7.644 0.1000000015
12591  -40.985  -65.598  -6.787 0.1000000015
11318  -40.914  -68.651  -8.844 0.1000000015
10634  -39.776  -68.695  -10.548 0.1000000015
114886  -38.827  -68.729  -10.336 0.1000000015
10654  -37.273  -68.632  -11.639 0.1000000015
9905  -35.599  -69.006  -11.019 0.1000000015
9228  -34.140  -70.498  -11.384 0.1000000015
8633  -33.717  -71.269  -11.257 0.1000000015
8016  -34.154  -72.556  -11.104 0.1000000015
13222  -39.158  -64.854  -7.254 0.1000000015
10673  -36.604  -68.851  -12.363 0.1000000015
9927  -35.743  -69.139  -11.843 0.1000000015
8658  -34.293  -70.754  -12.695 0.1000000015
9235  -33.961  -70.925  -11.908 0.1000000015
8027  -34.531  -72.743  -12.110 0.1000000015
13198  -38.806  -64.041  -6.921 0.1000000015
13935  -38.146  -63.666  -8.081 0.1000000015
13902  -38.585  -63.206  -6.755 0.1000000015
10563  -33.288  -68.360  -6.684 0.1000000015
130884  -33.029  -70.077  -6.559 0.1000000015
11297  -33.819  -67.923  -7.200 0.1000000015
10579  -33.552  -68.632  -7.561 0.1000000015
9189  -33.303  -70.324  -5.559 0.1000000015
8559  -34.389  -70.939  -5.009 0.1000000015
8560  -35.014  -71.220  -4.837 0.2000000030
10580  -34.189  -68.231  -8.043 0.1000000015
9863  -33.313  -70.054  -7.980 0.1000000015
9202  -33.242  -70.544  -7.734 0.1000000015
8548  -36.121  -71.248  -4.066 0.2000000030
11315  -35.217  -68.060  -8.337 0.1000000015
10594  -33.829  -68.961  -8.518 0.1000000015
116379  -42.401  -63.360  -6.448 0.1000000015
114066  -41.596  -64.912  -6.505 0.1000000015
12592  -42.157  -66.030  -6.550 0.1000000015
11962  -41.748  -66.853  -7.018 0.1000000015
11975  -41.572  -67.817  -7.639 0.1000000015
11304  -42.120  -69.057  -7.424 0.1000000015
11316  -36.327  -68.066  -8.205 0.1000000015
132039  -35.281  -68.409  -9.065 0.1000000015
9209  -33.343  -70.577  -8.630 0.1000000015
118930  -33.273  -71.142  -8.996 0.1000000015
12609  -40.656  -66.339  -7.353 0.1000000015
10600  -40.431  -69.367  -8.587 0.1000000015
10599  -39.512  -69.166  -8.908 0.1000000015
10617  -38.614  -68.795  -9.581 0.1000000015
130379  -34.449  -69.335  -9.948 0.1000000015
120407  -33.930  -69.993  -9.848 0.1000000015
114065  -41.266  -62.981  -6.477 0.1000000015
10618  -40.268  -69.119  -9.179 0.1000000015
118032  -39.672  -68.935  -9.735 0.1000000015
10616  -37.560  -68.607  -9.528 0.1000000015
10632  -36.237  -68.665  -10.437 0.1000000015
10631  -35.269  -68.866  -10.250 0.1000000015
9904  -34.168  -70.107  -10.627 0.1000000015
9224  -33.637  -70.574  -10.126 0.1000000015
13200  -40.456  -64.551  -6.593 0.1000000015
13199  -39.529  -64.423  -6.757 0.1000000015
13904  -40.427  -63.657  -6.485 0.1000000015
13903  -39.470  -63.589  -6.562 0.1000000015
14587  -39.289  -62.675  -6.517 0.1000000015
14586  -38.488  -62.369  -6.696 0.1000000015
13919  -37.664  -62.898  -7.766 0.1000000015
9188  -32.961  -69.886  -5.887 0.1000000015
11298  -34.643  -67.688  -7.469 0.1000000015
11280  -35.081  -67.229  -6.786 0.1000000015
11258  -33.010  -68.085  -5.831 0.1000000015
9176  -33.785  -70.493  -4.894 0.1000000015
11299  -35.670  -67.637  -7.509 0.1000000015
114205  -37.133  -67.494  -6.745 0.1000000015
9175  -32.842  -69.565  -4.996 0.1000000015
9177  -34.588  -70.672  -4.322 0.1000000015
11301  -37.836  -68.141  -7.330 0.1000000015
11300  -36.744  -67.773  -7.443 0.1000000015
115785  -35.434  -70.660  -3.601 0.2000000030
133114  -42.274  -64.330  -6.432 0.1000000015
114384  -42.769  -67.387  -6.570 0.1000000015
11976  -42.474  -68.359  -7.109 0.1000000015
11317  -37.470  -68.308  -8.102 0.1000000015
10596  -36.006  -68.320  -8.957 0.1000000015
9165  -34.419  -70.181  -3.509 0.1000000015
9153  -35.051  -70.131  -2.863 0.2000000030
13201  -42.737  -65.263  -6.350 0.1000000015
10584  -41.435  -69.295  -7.640 0.1000000015
121437  -40.016  -69.500  -8.308 0.1000000015
10598  -38.148  -68.685  -8.809 0.1000000015
10615  -36.597  -68.516  -9.608 0.1000000015
14588  -40.267  -62.808  -6.469 0.1000000015
114647  -40.066  -61.990  -6.499 0.1000000015
15274  -39.713  -61.277  -6.577 0.1000000015
120663  -39.208  -61.972  -6.540 0.1000000015
15273  -38.668  -61.515  -6.683 0.1000000015
14585  -37.831  -61.883  -6.953 0.1000000015
11282  -37.433  -67.099  -6.130 0.1000000015
116407  -36.752  -67.027  -6.292 0.1000000015
11959  -35.441  -66.761  -6.099 0.1000000015
11260  -38.383  -67.146  -5.778 0.1000000015
11281  -36.136  -67.216  -6.699 0.1000000015
11958  -34.530  -66.870  -6.128 0.1000000015
9818  -32.745  -69.258  -5.551 0.1000000015
11957  -33.850  -67.113  -6.095 0.1000000015
9806  -32.994  -69.530  -4.181 0.1000000015
131411  -39.760  -68.966  -7.020 0.1000000015
118611  -38.080  -67.767  -6.573 0.1000000015
10529  -32.502  -68.468  -4.450 0.1000000015
123322  -43.473  -63.386  -6.350 0.1000000015
129393  -43.407  -64.416  -6.295 0.1000000015
114795  -43.758  -65.598  -6.013 0.1000000015
12593  -43.417  -66.600  -6.121 0.1000000015
11964  -43.545  -67.944  -6.110 0.1000000015
10567  -42.267  -69.224  -7.025 0.1000000015
10566  -41.518  -69.452  -6.914 0.1000000015
10565  -40.692  -69.497  -7.379 0.1000000015
11302  -38.880  -68.581  -7.164 0.1000000015
9805  -32.574  -69.017  -4.271 0.1000000015
9164  -33.684  -70.091  -4.157 0.1000000015
11284  -42.651  -68.978  -6.804 0.1000000015
10581  -38.862  -68.873  -8.050 0.1000000015
9797  -34.272  -69.795  -2.862 0.1000000015
120278  -42.020  -62.273  -6.479 0.1000000015
114727  -41.036  -62.079  -6.501 0.1000000015
15275  -40.739  -61.258  -6.527 0.1000000015
16847  -40.917  -59.675  -6.661 0.1000000015
16035  -40.355  -60.489  -6.641 0.1000000015
16846  -39.988  -59.780  -6.898 0.1000000015
126067  -38.126  -66.519  -5.110 0.1000000015
11941  -37.492  -66.631  -5.492 0.1000000015
11940  -36.682  -66.412  -5.372 0.1000000015
11942  -38.966  -66.739  -5.084 0.1000000015
11939  -35.814  -66.376  -5.410 0.1000000015
11261  -39.547  -67.604  -5.691 0.1000000015
11943  -40.017  -67.067  -5.024 0.1000000015
11937  -33.922  -66.686  -5.407 0.1000000015
11283  -40.373  -68.760  -6.455 0.1000000015
11262  -40.647  -68.092  -5.613 0.1000000015
11240  -33.209  -67.001  -4.960 0.1000000015
14590  -44.068  -62.920  -6.224 0.1000000015
10546  -42.201  -69.149  -6.511 0.1000000015
130520  -41.349  -68.970  -6.242 0.1000000015
11242  -42.260  -67.975  -5.100 0.1000000015
11239  -32.759  -67.762  -4.886 0.1000000015
9795  -32.767  -68.990  -3.529 0.1000000015
15278  -43.618  -62.041  -6.141 0.1000000015
13906  -44.361  -63.934  -6.047 0.1000000015
12594  -44.337  -66.542  -5.473 0.1000000015
11965  -44.153  -67.248  -5.583 0.1000000015
11285  -43.177  -68.558  -6.207 0.1000000015
10522  -32.488  -68.402  -3.647 0.1000000015
15277  -42.615  -61.569  -6.289 0.1000000015
16849  -42.054  -60.185  -6.207 0.1000000015
15259  -42.675  -60.763  -6.024 0.1000000015
16826  -41.941  -59.369  -6.004 0.1000000015
16036  -41.361  -60.492  -6.464 0.1000000015
16848  -41.561  -59.774  -6.388 0.1000000015
16865  -40.439  -59.157  -6.986 0.1000000015
131236  -41.401  -59.254  -6.445 0.1000000015
12554  -42.744  -66.568  -4.087 0.1000000015
11916  -40.596  -66.556  -4.436 0.1000000015
11913  -37.372  -66.107  -4.800 0.1000000015
12555  -43.883  -66.601  -4.140 0.1000000015
11912  -36.296  -65.976  -4.815 0.1000000015
12574  -44.846  -66.385  -5.041 0.1000000015
11919  -44.446  -67.134  -4.785 0.1000000015
11918  -43.647  -67.317  -4.618 0.1000000015
116452  -41.591  -67.165  -4.594 0.1000000015
11911  -35.357  -66.004  -4.805 0.1000000015
15260  -44.156  -61.578  -5.760 0.1000000015
14577  -44.614  -62.431  -5.881 0.1000000015
129785  -44.545  -65.256  -5.574 0.1000000015
133091  -43.989  -67.709  -5.406 0.1000000015
11265  -43.659  -68.048  -5.675 0.1000000015
11909  -33.627  -66.480  -4.491 0.1000000015
134473  -43.290  -61.320  -5.971 0.1000000015
11229  -32.505  -67.765  -3.883 0.1000000015
9786  -33.110  -68.998  -2.877 0.1000000015
16022  -43.560  -60.687  -5.613 0.1000000015
16021  -42.683  -59.999  -5.753 0.1000000015
17687  -42.738  -59.132  -5.329 0.1000000015
17686  -41.936  -58.568  -5.623 0.1000000015
18526  -41.419  -57.975  -5.878 0.1000000015
17702  -40.985  -58.849  -6.764 0.1000000015
11915  -39.402  -66.274  -4.490 0.1000000015
11914  -38.390  -66.131  -4.591 0.1000000015
12551  -38.732  -65.549  -4.175 0.1000000015
12550  -37.740  -65.543  -4.267 0.1000000015
15261  -45.231  -61.956  -5.540 0.1000000015
123187  -45.270  -64.561  -4.710 0.1000000015
13186  -45.037  -65.333  -4.947 0.1000000015
12556  -44.551  -66.411  -4.414 0.1000000015
16828  -44.283  -60.188  -5.130 0.1000000015
16023  -44.779  -61.068  -5.378 0.1000000015
14591  -44.934  -63.361  -5.722 0.1000000015
13907  -45.016  -64.364  -5.327 0.1000000015
11910  -34.451  -66.157  -4.734 0.1000000015
125437  -43.369  -59.865  -5.356 0.1000000015
17688  -43.334  -58.506  -4.715 0.1000000015
17672  -42.997  -57.630  -4.489 0.1000000015
18514  -42.454  -58.210  -5.014 0.1000000015
18503  -42.158  -57.393  -4.790 0.1000000015
121736  -41.851  -57.886  -5.310 0.1000000015
18513  -41.402  -57.169  -5.266 0.1000000015
12538  -42.966  -65.785  -3.694 0.1000000015
12553  -40.839  -65.922  -4.065 0.1000000015
12552  -39.865  -65.599  -4.079 0.1000000015
13163  -40.034  -64.692  -3.922 0.1000000015
12539  -44.058  -65.787  -3.767 0.1000000015
12557  -44.818  -66.016  -4.617 0.1000000015
16827  -43.763  -59.355  -4.912 0.1000000015
19342  -41.841  -56.528  -4.569 0.1000000015
12537  -41.662  -65.674  -3.833 0.1000000015
13164  -40.633  -65.328  -3.905 0.1000000015
13178  -44.654  -65.505  -4.054 0.1000000015
16012  -45.607  -60.562  -4.881 0.1000000015
16024  -45.881  -61.529  -5.083 0.1000000015
14578  -45.502  -62.835  -5.395 0.1000000015
13891  -45.566  -63.739  -4.887 0.1000000015
13179  -45.033  -65.045  -4.333 0.1000000015
17673  -44.315  -58.776  -4.496 0.1000000015
18504  -44.018  -57.887  -4.221 0.1000000015
19343  -42.665  -56.779  -4.271 0.1000000015
20076  -42.373  -55.927  -4.067 0.1000000015
20075  -41.584  -55.666  -4.356 0.1000000015
13166  -43.259  -64.979  -3.487 0.1000000015
13872  -45.500  -63.570  -3.556 0.1000000015
13168  -44.935  -64.445  -3.750 0.1000000015
135005  -44.422  -64.192  -3.413 0.1000000015
16810  -44.833  -59.612  -4.673 0.1000000015
15262  -46.047  -62.415  -4.930 0.1000000015
14579  -45.960  -63.092  -4.666 0.1000000015
13884  -45.964  -63.525  -4.003 0.1000000015
19328  -43.208  -56.174  -3.809 0.1000000015
20059  -42.934  -55.250  -3.721 0.1000000015
20058  -42.091  -55.088  -3.939 0.1000000015
13873  -46.117  -63.040  -3.318 0.1000000015
16013  -46.460  -61.250  -4.555 0.1000000015
15249  -46.590  -62.082  -4.277 0.1000000015
14568  -46.344  -62.865  -3.972 0.1000000015
18505  -44.855  -58.353  -4.188 0.1000000015
18488  -44.317  -57.202  -3.841 0.1000000015
19329  -43.527  -57.031  -4.010 0.1000000015
20775  -43.611  -54.492  -3.693 0.1000000015
17674  -45.295  -59.015  -4.322 0.1000000015
122050  -44.094  -56.447  -3.696 0.1000000015
20060  -43.833  -55.511  -3.632 0.1000000015
135828  -44.400  -54.257  -3.753 0.1000000015
20776  -44.494  -54.961  -3.641 0.1000000015
18489  -44.965  -57.734  -3.911 0.1000000015
20061  -44.761  -55.857  -3.630 0.1000000015
5605  -33.563  -77.021  -6.597 0.1000000015
5619  -32.824  -77.185  -7.010 0.1000000015
5000  -34.386  -77.425  -7.270 0.1000000015
4289  -33.853  -77.916  -7.779 0.1000000015
4307  -34.161  -77.990  -8.126 0.1000000015
4306  -33.299  -78.506  -8.406 0.1000000015
5020  -34.901  -77.537  -8.957 0.1000000015
5631  -36.186  -76.115  -7.314 0.1000000015
6764  -36.243  -74.872  -7.054 0.1000000015
5620  -35.917  -76.725  -6.972 0.1000000015
130239  -35.559  -74.846  -8.602 0.1000000015
6193  -35.632  -75.146  -9.534 0.1000000015
125315  -35.641  -75.888  -9.783 0.1000000015
8081  -34.797  -72.498  -15.981 0.1000000015
8067  -34.888  -73.037  -14.789 0.1000000015
7360  -37.257  -74.482  -6.133 0.1000000015
7371  -36.246  -74.497  -7.083 0.1000000015
7963  -36.607  -73.391  -6.177 0.2000000030
11986  -40.881  -67.853  -8.797 0.1000000015
10657  -40.529  -68.382  -10.993 0.1000000015
10693  -37.183  -68.832  -13.270 0.1000000015
10709  -38.407  -68.718  -14.751 0.1000000015
9962  -35.859  -69.519  -13.761 0.1000000015
9978  -35.686  -69.930  -14.848 0.1000000015
9944  -35.763  -69.316  -12.733 0.1000000015
135970  -34.304  -70.947  -13.372 0.1000000015
8066  -34.689  -72.274  -14.377 0.1000000015
8659  -34.421  -71.537  -13.731 0.1000000015
7409  -35.290  -74.146  -11.688 0.1000000015
7431  -34.901  -73.049  -13.121 0.1000000015
7421  -35.314  -73.956  -12.531 0.1000000015
7960  -33.949  -71.803  -6.852 0.1000000015
120541  -35.987  -72.682  -5.874 0.2000000030
7941  -36.385  -72.341  -5.187 0.2000000030
122927  -33.469  -71.374  -7.156 0.1000000015
133009  -34.691  -73.277  -11.386 0.1000000015
9943  -35.059  -69.773  -12.160 0.1000000015
127943  -35.083  -73.729  -11.947 0.1000000015
8598  -33.264  -71.089  -8.255 0.1000000015
10635  -40.498  -68.610  -9.920 0.1000000015
8621  -33.655  -71.745  -10.705 0.1000000015
12590  -39.951  -65.253  -6.986 0.1000000015
119391  -37.891  -68.608  -10.884 0.1000000015
121266  -36.966  -68.635  -10.912 0.1000000015
127708  -36.391  -68.790  -11.361 0.1000000015
129149  -34.834  -69.416  -10.788 0.1000000015
8026  -33.964  -71.936  -11.463 0.1000000015
13235  -38.649  -64.412  -8.351 0.1000000015
11278  -33.541  -67.668  -6.376 0.1000000015
9830  -32.951  -69.511  -6.362 0.1000000015
9845  -33.111  -69.889  -7.195 0.1000000015
10595  -34.593  -68.528  -8.809 0.1000000015
9883  -33.921  -69.567  -9.242 0.1000000015
10614  -35.709  -68.545  -9.651 0.1000000015
10613  -34.913  -68.712  -9.520 0.1000000015
9219  -33.588  -70.275  -9.327 0.1000000015
10582  -39.875  -69.341  -7.714 0.1000000015
10597  -36.991  -68.441  -8.836 0.1000000015
9796  -33.499  -69.580  -3.357 0.1000000015
16034  -39.129  -60.542  -6.793 0.1000000015
10564  -39.117  -68.116  -6.422 0.1000000015
15276  -41.665  -61.385  -6.447 0.1000000015
11243  -43.141  -68.077  -5.172 0.1000000015
11917  -42.546  -67.302  -4.548 0.1000000015
17703  -41.440  -58.682  -6.259 0.1000000015
18512  -40.914  -57.366  -6.000 0.1000000015
13883  -45.444  -64.198  -4.118 0.1000000015
13780  -40.612  -63.127  5.111 0.5000000000
10432  -45.000  -68.382  5.754 0.5000000000
10427  -45.730  -67.889  7.435 0.5000000000
14449  -40.030  -62.608  4.898 0.5000000000
14450  -41.740  -62.428  5.153 0.5000000000
13781  -42.408  -63.079  5.345 0.5000000000
10433  -45.846  -67.752  6.134 0.5000000000
119864  -38.032  -60.858  4.519 0.5000000000
14468  -39.531  -61.919  4.756 0.5000000000
14469  -40.498  -61.643  4.855 0.5000000000
11805  -46.940  -66.408  5.731 0.5000000000
119527  -40.068  -61.089  4.753 0.5000000000
15156  -39.114  -61.002  4.611 0.5000000000
126552  -40.163  -60.447  4.639 0.5000000000
15157  -41.051  -60.624  4.695 0.4000000060
11825  -44.079  -67.099  3.899 0.5000000000
130942  -43.609  -67.797  3.817 0.5000000000
122631  -43.017  -66.900  3.693 0.5000000000
11824  -41.949  -66.880  3.476 0.5000000000
11840  -40.410  -66.189  2.794 0.5000000000
11841  -41.330  -66.081  3.028 0.5000000000
11839  -39.425  -66.307  2.504 0.4000000060
12503  -38.286  -65.266  1.734 0.4000000060
9042  -41.517  -70.282  9.962 0.1000000015
119834  -44.638  -68.542  8.173 0.5000000000
13794  -39.042  -63.024  4.843 0.5000000000
13779  -39.790  -63.425  5.028 0.5000000000
115447  -41.272  -63.620  5.346 0.5000000000
13079  -43.214  -63.491  5.465 0.4000000060
10429  -46.568  -67.087  6.129 0.5000000000
15155  -37.391  -61.533  4.539 0.5000000000
14467  -38.574  -62.133  4.664 0.5000000000
15909  -37.108  -60.805  4.488 0.5000000000
118436  -35.613  -60.019  4.495 0.5000000000
16709  -36.151  -59.443  4.161 0.5000000000
17566  -35.346  -59.121  4.149 0.4000000060
16710  -36.746  -59.991  4.334 0.3000000119
126971  -37.736  -60.173  4.338 0.5000000000
15910  -38.701  -60.152  4.435 0.4000000060
15912  -40.734  -59.886  4.411 0.4000000060
130862  -37.520  -59.595  4.097 0.3000000119
15159  -43.024  -61.003  4.243 0.6999999881
14471  -43.488  -61.519  4.485 0.5000000000
16719  -36.131  -58.883  3.858 0.3000000119
16711  -38.317  -59.588  4.124 0.3000000119
16712  -39.233  -59.478  4.171 0.4000000060
15913  -41.819  -60.029  4.138 0.5000000000
15170  -43.104  -60.961  3.917 0.6000000238
13805  -44.849  -62.828  4.247 0.6000000238
13081  -46.017  -63.902  5.061 0.6000000238
11813  -45.813  -67.091  4.722 0.5000000000
11185  -44.258  -68.066  4.085 0.3000000119
17576  -36.604  -58.270  3.437 0.3000000119
16722  -38.809  -59.003  3.693 0.3000000119
16724  -40.877  -58.971  3.180 0.4000000060
15182  -42.734  -60.722  3.457 0.5000000000
13819  -44.112  -62.530  3.600 0.6000000238
127942  -44.044  -64.349  3.227 0.6000000238
11826  -44.826  -66.256  3.870 0.5000000000
118272  -43.689  -66.046  3.484 0.5000000000
17578  -38.493  -58.411  3.116 0.4000000060
17579  -39.341  -58.519  3.089 0.4000000060
118790  -42.132  -60.198  2.783 0.5000000000
15181  -42.459  -60.933  2.777 0.5000000000
13111  -43.455  -63.868  2.905 0.5000000000
12478  -43.417  -65.008  3.059 0.5000000000
12477  -42.439  -65.870  3.152 0.5000000000
17587  -38.064  -57.818  2.518 0.4000000060
17588  -38.980  -58.148  2.306 0.4000000060
16732  -40.139  -58.936  1.665 0.5000000000
15180  -41.616  -61.172  2.110 0.5000000000
13817  -41.789  -63.178  2.214 0.4000000060
12491  -42.411  -64.838  2.643 0.5000000000
133402  -41.653  -65.387  2.688 0.5000000000
17607  -39.472  -58.513  1.758 0.4000000060
15953  -39.906  -59.707  0.987 0.5000000000
14493  -41.222  -62.466  1.939 0.5000000000
13816  -40.840  -63.539  1.893 0.4000000060
130798  -40.578  -64.982  2.127 0.4000000060
12490  -40.883  -65.452  2.511 0.5000000000
122224  -39.416  -60.667  0.893 0.5000000000
13836  -39.256  -63.200  1.552 0.4000000060
135457  -39.490  -64.400  1.754 0.4000000060
12488  -39.235  -65.426  2.011 0.4000000060
15194  -38.974  -61.623  1.113 0.3000000119
14514  -38.586  -62.529  1.355 0.4000000060
13835  -38.347  -63.448  1.515 0.3000000119
13834  -37.433  -63.807  1.531 0.3000000119
13126  -37.488  -64.726  1.574 0.3000000119
8398  -40.596  -70.848  11.397 0.1000000015
8407  -40.651  -70.878  10.900 0.1000000015
9025  -42.397  -69.532  11.263 0.1000000015
9033  -41.510  -70.310  10.777 0.1000000015
9661  -43.905  -68.476  10.366 0.4000000060
9670  -44.159  -68.601  9.824 0.4000000060
9680  -44.188  -68.713  8.908 0.4000000060
126021  -45.695  -67.971  8.740 0.5000000000
9672  -44.987  -67.662  9.314 0.4000000060
10422  -46.037  -67.493  8.673 0.5000000000
113471  -39.207  -64.043  5.093 0.5000000000
135290  -40.188  -64.927  5.520 0.5000000000
13076  -40.185  -64.116  5.287 0.5000000000
13078  -42.021  -64.130  5.560 0.4000000060
11153  -46.188  -66.959  8.121 0.5000000000
11154  -46.702  -66.455  6.784 0.5000000000
15154  -36.563  -61.521  4.581 0.5000000000
14466  -37.667  -62.260  4.606 0.5000000000
13793  -38.011  -63.041  4.758 0.5000000000
15907  -35.275  -60.892  4.731 0.5000000000
15908  -36.175  -60.796  4.551 0.5000000000
127041  -46.008  -65.318  6.167 0.6000000238
17565  -34.368  -58.974  4.336 0.4000000060
120710  -34.370  -57.775  3.565 0.2000000030
18368  -33.566  -57.319  3.565 0.2000000030
18369  -35.140  -57.711  3.351 0.3000000119
18370  -36.111  -57.558  3.126 0.3000000119
17577  -37.570  -58.310  3.241 0.4000000060
19247  -34.533  -57.114  3.155 0.3000000119
18384  -35.534  -56.908  2.891 0.3000000119
19260  -34.302  -55.780  2.646 0.3000000119
19998  -35.321  -55.332  2.216 0.4000000060
18385  -36.523  -56.731  2.553 0.4000000060
19262  -35.985  -56.044  2.348 0.3000000119
18386  -37.159  -56.674  2.202 0.4000000060
17606  -38.763  -58.309  1.489 0.4000000060
19263  -36.822  -56.029  1.984 0.3000000119
19276  -36.881  -56.126  1.541 0.3000000119
16754  -37.955  -58.576  0.859 0.3000000119
15952  -38.887  -59.846  0.705 0.4000000060
17611  -36.907  -58.568  0.507 0.3000000119
15960  -37.901  -60.283  0.576 0.3000000119
15193  -38.007  -61.832  1.059 0.4000000060
14513  -37.480  -62.742  1.375 0.3000000119
16753  -36.227  -59.405  0.196 0.2000000030
15202  -36.602  -61.205  0.704 0.3000000119
14512  -36.501  -62.466  1.283 0.3000000119
17615  -35.004  -58.423  -0.602 0.1000000015
126237  -35.592  -59.986  0.033 0.2000000030
20053  -35.514  -55.317  -3.026 0.1000000015
9655  -43.502  -68.750  10.996 0.1000000015
9034  -42.642  -69.416  10.564 0.1000000015
9671  -44.591  -68.150  10.273 0.2000000030
10410  -44.853  -67.839  10.080 0.5000000000
130857  -44.832  -68.159  9.986 0.4000000060
10421  -45.631  -67.600  9.125 0.4000000060
114173  -39.439  -64.854  5.393 0.5000000000
120931  -40.671  -65.431  5.731 0.4000000060
11804  -41.301  -66.059  6.063 0.4000000060
12441  -42.417  -65.760  6.210 0.4000000060
11788  -44.605  -66.280  6.993 0.5000000000
11768  -45.552  -66.815  8.211 0.5000000000
13792  -37.068  -63.061  4.781 0.5000000000
13778  -38.324  -63.902  4.964 0.5000000000
12443  -44.984  -65.402  6.370 0.4000000060
16707  -33.996  -59.441  4.759 0.4000000060
14464  -36.100  -62.184  4.707 0.5000000000
17564  -33.458  -58.814  4.645 0.4000000060
16708  -34.704  -59.672  4.598 0.5000000000
18359  -33.051  -57.905  4.266 0.3000000119
119288  -32.933  -56.454  3.386 0.3000000119
132274  -32.471  -55.780  3.371 0.2000000030
19988  -33.348  -55.652  2.917 0.2000000030
20701  -31.789  -54.411  3.496 0.1000000015
20711  -32.700  -54.171  2.929 0.3000000119
19996  -33.408  -54.723  2.683 0.3000000119
21484  -33.056  -53.346  2.680 0.2000000030
20712  -33.638  -53.918  2.451 0.2000000030
21486  -34.620  -53.652  1.841 0.2000000030
20010  -36.079  -55.146  1.337 0.2000000030
19283  -36.559  -55.965  1.017 0.2000000030
21496  -34.837  -53.146  1.105 0.2000000030
20014  -36.079  -55.191  0.918 0.2000000030
20727  -35.192  -53.798  0.731 0.2000000030
20013  -35.355  -54.590  0.529 0.1000000015
18417  -35.568  -57.682  0.004 0.2000000030
17610  -35.933  -58.529  0.082 0.2000000030
123675  -34.424  -53.260  -1.022 0.1000000015
20016  -34.630  -55.002  -0.511 0.1000000015
121445  -34.644  -57.017  -0.968 0.1000000015
18427  -34.587  -57.822  -1.234 0.1000000015
117238  -34.596  -53.222  -1.716 0.1000000015
20749  -34.535  -54.718  -2.070 0.1000000015
19297  -34.463  -56.362  -1.632 0.1000000015
20033  -34.891  -55.377  -2.584 0.1000000015
20751  -36.103  -53.954  -2.884 0.1000000015
22327  -37.365  -52.564  -2.601 0.1000000015
9662  -44.031  -68.329  10.564 0.3000000119
125461  -41.245  -68.288  10.075 0.3000000119
10396  -42.023  -68.123  9.572 0.3000000119
10419  -44.017  -67.537  9.370 0.3000000119
11135  -43.674  -67.416  8.399 0.3000000119
11136  -45.132  -67.154  8.798 0.4000000060
10426  -40.066  -68.129  7.049 0.3000000119
11134  -42.326  -67.870  7.993 0.3000000119
11151  -43.362  -67.112  7.389 0.5000000000
11152  -44.406  -66.778  7.627 0.5000000000
11801  -38.432  -66.604  5.901 0.4000000060
11784  -39.836  -66.977  6.228 0.5000000000
11785  -40.929  -67.013  6.444 0.4000000060
11786  -42.134  -66.673  6.602 0.4000000060
11787  -43.301  -66.414  6.784 0.5000000000
14446  -34.434  -62.606  5.385 0.4000000060
135597  -35.419  -63.148  5.049 0.4000000060
13777  -37.426  -63.847  4.930 0.5000000000
13074  -37.736  -64.570  5.171 0.5000000000
16696  -32.594  -59.622  5.635 0.4000000060
15893  -33.198  -60.305  5.525 0.4000000060
15895  -34.448  -60.967  5.069 0.4000000060
15141  -34.854  -61.735  5.022 0.5000000000
17555  -32.848  -59.048  5.146 0.4000000060
16697  -33.368  -59.559  5.125 0.4000000060
17554  -32.224  -58.781  5.489 0.4000000060
18349  -31.214  -57.575  5.550 0.3000000119
18358  -32.194  -57.575  4.582 0.3000000119
19233  -31.716  -56.766  4.347 0.3000000119
19980  -30.885  -55.317  4.364 0.3000000119
19244  -31.275  -56.015  4.234 0.2000000030
131993  -31.329  -53.014  4.060 0.1000000015
23100  -32.366  -51.896  3.439 0.1000000015
22267  -32.652  -52.634  2.998 0.1000000015
21485  -33.887  -53.241  2.190 0.2000000030
23888  -32.761  -51.205  3.149 0.1000000015
23103  -33.056  -51.908  2.728 0.1000000015
21495  -34.299  -52.847  1.694 0.2000000030
122569  -33.346  -51.289  2.532 0.2000000030
23115  -34.125  -51.679  1.428 0.2000000030
22294  -34.500  -52.381  0.414 0.1000000015
126370  -34.393  -51.780  0.784 0.1000000015
116569  -34.453  -52.833  -0.412 0.1000000015
23131  -34.483  -51.418  -0.791 0.1000000015
121599  -34.499  -52.598  -1.262 0.1000000015
21516  -34.716  -53.856  -2.162 0.1000000015
23142  -35.190  -51.490  -1.834 0.1000000015
22317  -35.445  -52.143  -2.230 0.1000000015
22326  -36.189  -52.462  -2.498 0.1000000015
23937  -36.523  -51.018  -2.129 0.1000000015
23153  -36.842  -51.724  -2.399 0.1000000015
23145  -38.125  -50.943  -1.958 0.1000000015
126035  -38.922  -50.812  -1.436 0.1000000015
23146  -39.507  -51.263  -1.328 0.1000000015
23132  -40.180  -51.374  -0.891 0.1000000015
10371  -42.273  -68.393  11.821 0.2000000030
10407  -39.460  -68.652  8.425 0.3000000119
10425  -39.237  -68.199  7.115 0.4000000060
11147  -38.559  -67.983  6.888 0.3000000119
13774  -34.015  -63.550  5.864 0.3000000119
112594  -34.868  -63.307  5.312 0.3000000119
13072  -35.556  -64.531  5.475 0.4000000060
12453  -37.284  -65.830  5.600 0.4000000060
135381  -37.979  -67.709  6.690 0.3000000119
15892  -32.530  -60.459  6.043 0.3000000119
14445  -33.650  -62.633  5.871 0.3000000119
11799  -36.680  -66.330  5.964 0.4000000060
11781  -36.934  -67.020  6.353 0.4000000060
11146  -37.298  -67.628  6.809 0.3000000119
17552  -31.098  -58.194  6.633 0.3000000119
16683  -32.123  -59.925  6.221 0.3000000119
17553  -31.468  -58.318  5.965 0.3000000119
18348  -30.773  -57.462  6.205 0.3000000119
19217  -30.783  -56.877  5.471 0.3000000119
19231  -30.488  -56.028  5.355 0.3000000119
19232  -30.996  -56.452  4.809 0.3000000119
19979  -30.473  -55.303  4.954 0.3000000119
20693  -30.633  -54.095  4.730 0.2000000030
21464  -30.777  -53.135  4.914 0.1000000015
22252  -31.079  -52.256  5.429 0.1000000015
23088  -31.540  -51.217  6.043 0.1000000015
23099  -31.763  -51.898  4.132 0.1000000015
118809  -31.851  -49.885  5.555 0.1000000015
23097  -32.019  -51.114  4.160 0.1000000015
122608  -32.009  -50.128  4.654 0.1000000015
126586  -33.839  -50.914  1.881 0.2000000030
24748  -33.743  -49.750  2.060 0.2000000030
130940  -34.281  -50.993  0.763 0.1000000015
131466  -34.043  -49.032  1.497 0.1000000015
23902  -34.391  -50.118  0.407 0.1000000015
23929  -34.728  -51.012  -1.228 0.1000000015
116228  -34.689  -49.858  -0.391 0.1000000015
23917  -34.820  -50.305  -0.977 0.1000000015
23930  -35.368  -50.545  -1.439 0.1000000015
24776  -35.306  -49.677  -0.875 0.1000000015
23931  -36.223  -50.440  -1.693 0.1000000015
23144  -37.321  -51.133  -2.188 0.1000000015
23933  -38.277  -50.297  -1.367 0.1000000015
23918  -38.571  -49.713  -0.763 0.1000000015
23919  -39.665  -50.617  -0.791 0.1000000015
115397  -39.375  -49.834  -0.439 0.1000000015
24781  -40.150  -50.050  -0.117 0.1000000015
23903  -40.936  -50.166  0.150 0.1000000015
11110  -41.106  -67.798  12.625 0.2000000030
11108  -39.021  -67.452  12.028 0.2000000030
10395  -39.916  -68.579  9.807 0.3000000119
11107  -38.030  -67.305  11.625 0.2000000030
10383  -38.996  -68.564  10.195 0.3000000119
131648  -39.139  -68.748  9.235 0.3000000119
13071  -34.742  -64.153  5.651 0.3000000119
12451  -35.652  -65.355  5.782 0.3000000119
10415  -37.651  -68.424  7.958 0.3000000119
15127  -32.391  -61.274  6.501 0.3000000119
15128  -32.754  -61.824  6.297 0.3000000119
13762  -33.270  -63.326  6.405 0.3000000119
12450  -34.851  -65.006  5.996 0.3000000119
12440  -35.102  -65.757  6.354 0.3000000119
11798  -36.104  -66.742  6.475 0.3000000119
16681  -31.393  -59.210  7.209 0.3000000119
16682  -31.710  -59.740  6.826 0.3000000119
11779  -34.729  -66.096  6.938 0.3000000119
11144  -35.663  -66.950  6.953 0.3000000119
11131  -36.208  -67.791  7.891 0.2000000030
10414  -36.841  -68.230  8.310 0.2000000030
18341  -30.707  -57.755  7.144 0.2000000030
123519  -30.461  -57.012  6.705 0.3000000119
119113  -30.357  -55.947  6.015 0.3000000119
19973  -30.414  -55.323  5.629 0.3000000119
20692  -30.459  -54.636  5.224 0.3000000119
21451  -30.650  -53.873  5.473 0.2000000030
21452  -30.991  -53.080  5.853 0.2000000030
22246  -31.363  -52.058  6.108 0.1000000015
23077  -31.898  -51.405  6.345 0.1000000015
23866  -32.601  -49.922  6.406 0.1000000015
23868  -35.190  -50.010  6.486 0.1000000015
23869  -36.257  -50.371  6.182 0.1000000015
24716  -33.220  -49.106  6.370 0.1000000015
24717  -34.325  -49.122  6.500 0.1000000015
124375  -36.367  -48.894  6.354 0.1000000015
24736  -37.699  -49.982  5.757 0.1000000015
24738  -39.333  -50.053  5.683 0.1000000015
24735  -32.230  -49.232  5.518 0.1000000015
25553  -32.938  -48.485  5.949 0.1000000015
25555  -34.678  -48.344  6.403 0.1000000015
25558  -37.757  -48.403  6.308 0.1000000015
127150  -39.371  -48.628  6.288 0.1000000015
24744  -32.503  -49.495  4.061 0.1000000015
25581  -32.573  -48.615  4.666 0.1000000015
125578  -32.904  -48.848  3.483 0.1000000015
130083  -33.327  -49.081  2.695 0.2000000030
25594  -33.730  -48.741  2.120 0.1000000015
116308  -34.161  -48.298  1.474 0.1000000015
24762  -34.546  -49.339  0.241 0.1000000015
25599  -34.884  -48.621  0.128 0.1000000015
24775  -34.952  -49.208  -0.332 0.1000000015
25613  -35.605  -48.769  -0.388 0.1000000015
24789  -36.719  -49.830  -1.289 0.1000000015
25615  -37.528  -48.592  -0.268 0.1000000015
24790  -37.680  -49.752  -1.108 0.1000000015
123418  -38.950  -49.107  -0.093 0.1000000015
24780  -39.827  -49.345  0.136 0.1000000015
12405  -36.406  -65.698  10.178 0.2000000030
11118  -37.586  -67.793  10.731 0.2000000030
10394  -38.160  -68.655  9.383 0.3000000119
10406  -38.369  -68.659  8.529 0.3000000119
124424  -35.766  -65.586  9.751 0.2000000030
11750  -36.571  -66.499  10.306 0.2000000030
10392  -36.870  -68.022  9.697 0.2000000030
10393  -37.358  -68.397  9.511 0.3000000119
10405  -37.470  -68.534  8.772 0.3000000119
13761  -32.595  -63.182  6.980 0.3000000119
13062  -33.064  -63.845  6.868 0.3000000119
12438  -33.730  -64.992  7.022 0.3000000119
12428  -34.196  -65.640  7.292 0.3000000119
15881  -31.644  -60.602  7.377 0.3000000119
14422  -31.798  -62.318  7.653 0.3000000119
13056  -33.164  -64.476  7.445 0.3000000119
12427  -33.664  -65.202  7.680 0.3000000119
11766  -34.634  -66.265  7.581 0.3000000119
17519  -30.651  -58.347  8.534 0.2000000030
16669  -31.151  -59.092  7.746 0.3000000119
11130  -35.630  -67.226  7.552 0.2000000030
11127  -36.235  -67.845  8.703 0.2000000030
18333  -30.558  -57.686  8.029 0.2000000030
126883  -30.456  -57.022  7.464 0.2000000030
121719  -30.573  -56.365  7.837 0.2000000030
19205  -30.442  -56.322  6.794 0.3000000119
19957  -30.668  -55.712  7.376 0.3000000119
19964  -30.517  -55.483  6.436 0.3000000119
20686  -30.904  -53.924  6.049 0.2000000030
20680  -31.170  -54.372  6.659 0.2000000030
21434  -31.434  -53.788  6.433 0.2000000030
22235  -31.561  -52.995  6.285 0.2000000030
23078  -32.829  -51.783  6.584 0.1000000015
26418  -33.967  -46.931  5.309 0.1000000015
26395  -35.764  -47.460  6.358 0.1000000015
26396  -36.595  -47.456  6.412 0.1000000015
26397  -37.407  -47.592  6.425 0.1000000015
26431  -33.055  -47.669  4.589 0.1000000015
27267  -33.591  -47.003  4.645 0.1000000015
27250  -34.681  -46.522  5.511 0.1000000015
27252  -36.415  -45.876  6.017 0.1000000015
25582  -33.061  -47.969  3.748 0.1000000015
131218  -33.834  -46.597  4.080 0.1000000015
27277  -34.327  -46.052  3.898 0.1000000015
28113  -34.875  -45.752  4.488 0.1000000015
28092  -35.482  -45.512  5.031 0.1000000015
26446  -33.536  -47.470  3.017 0.1000000015
26447  -34.033  -47.055  2.342 0.1000000015
28140  -34.661  -45.845  3.036 0.1000000015
27290  -34.959  -46.044  2.167 0.1000000015
26456  -34.368  -47.476  1.596 0.1000000015
26457  -35.000  -47.102  1.159 0.1000000015
27304  -35.803  -46.829  0.926 0.1000000015
26461  -35.413  -47.443  0.649 0.1000000015
25600  -35.466  -48.021  0.185 0.1000000015
126925  -36.156  -48.130  -0.086 0.1000000015
24778  -37.125  -49.194  -0.785 0.1000000015
24779  -38.042  -49.149  -0.522 0.1000000015
13704  -37.309  -63.633  10.224 0.3000000119
13042  -35.590  -64.404  10.050 0.3000000119
12412  -35.366  -65.143  9.646 0.3000000119
11749  -35.845  -66.434  9.524 0.2000000030
11122  -36.429  -67.687  9.455 0.2000000030
130543  -34.830  -64.803  9.563 0.3000000119
11753  -35.064  -65.959  9.051 0.3000000119
11759  -35.313  -66.759  8.664 0.3000000119
10404  -36.773  -68.251  9.085 0.2000000030
15116  -31.546  -61.378  7.837 0.3000000119
13732  -32.231  -63.449  8.474 0.3000000119
13040  -33.471  -64.190  9.195 0.3000000119
130702  -34.409  -65.812  8.470 0.3000000119
16658  -30.827  -59.036  8.879 0.2000000030
15111  -31.457  -61.139  8.425 0.3000000119
14397  -31.792  -62.215  9.079 0.3000000119
18323  -30.419  -57.656  8.851 0.2000000030
118343  -30.379  -56.941  9.209 0.2000000030
20675  -31.562  -54.819  7.670 0.3000000119
114822  -31.615  -54.637  7.238 0.2000000030
20681  -32.074  -54.368  6.989 0.2000000030
28147  -35.675  -45.711  1.871 0.1000000015
26462  -36.245  -47.453  0.413 0.1000000015
25614  -36.589  -48.632  -0.433 0.1000000015
14400  -38.238  -62.963  9.526 0.1000000015
125513  -37.305  -62.594  9.555 0.2000000030
129317  -37.752  -63.225  9.727 0.3000000119
13703  -36.207  -63.641  10.196 0.3000000119
14382  -35.810  -62.859  10.164 0.3000000119
14381  -34.801  -62.960  10.242 0.3000000119
13721  -32.834  -63.409  9.329 0.3000000119
14399  -33.595  -62.807  10.069 0.3000000119
15846  -31.460  -60.344  9.513 0.3000000119
15100  -31.842  -60.853  9.916 0.3000000119
15101  -32.039  -61.633  9.713 0.3000000119
14398  -32.519  -62.419  9.706 0.3000000119
16623  -31.285  -59.142  10.158 0.2000000030
18319  -30.507  -57.582  9.623 0.2000000030
19951  -30.796  -55.750  8.304 0.2000000030
123996  -30.714  -55.409  9.823 0.1000000015
20669  -31.083  -55.088  8.706 0.2000000030
20674  -31.163  -55.273  7.894 0.2000000030
20670  -31.776  -54.752  8.238 0.2000000030
20676  -32.382  -54.651  7.659 0.3000000119
15085  -36.115  -62.066  9.979 0.3000000119
15084  -35.067  -62.150  10.297 0.3000000119
112815  -34.215  -62.272  10.335 0.3000000119
16624  -32.314  -59.678  10.851 0.3000000119
125309  -32.342  -61.181  10.196 0.3000000119
14380  -33.381  -61.970  10.268 0.3000000119
131618  -31.714  -59.264  10.614 0.2000000030
17491  -31.434  -58.583  10.696 0.2000000030
18284  -30.970  -56.867  10.969 0.1000000015
121086  -30.757  -55.681  10.389 0.1000000015
20663  -30.946  -54.873  9.537 0.1000000015
20665  -32.131  -54.356  8.592 0.1000000015
15826  -35.840  -60.980  10.093 0.3000000119
123475  -35.705  -60.208  10.303 0.2000000030
122046  -35.147  -61.343  10.337 0.3000000119
15083  -34.237  -61.486  10.441 0.3000000119
15824  -34.106  -60.669  10.624 0.3000000119
16625  -33.312  -60.071  10.901 0.3000000119
123795  -33.184  -61.089  10.473 0.3000000119
17476  -31.848  -58.079  11.281 0.2000000030
16612  -32.990  -59.163  11.284 0.2000000030
19162  -32.074  -56.712  11.947 0.1000000015
19145  -32.566  -56.104  12.331 0.1000000015
19161  -31.418  -56.394  11.503 0.1000000015
19936  -30.950  -56.014  11.018 0.1000000015
19937  -31.446  -55.493  11.562 0.1000000015
20653  -30.987  -55.197  10.997 0.1000000015
20658  -30.876  -54.882  10.323 0.1000000015
21395  -31.249  -54.016  10.001 0.1000000015
124932  -35.222  -59.710  10.650 0.2000000030
16626  -34.711  -59.318  11.028 0.2000000030
121660  -34.382  -59.920  10.830 0.2000000030
17478  -33.633  -58.534  11.593 0.2000000030
18287  -33.332  -57.730  11.989 0.1000000015
17477  -32.707  -58.345  11.561 0.2000000030
18272  -32.963  -56.900  12.267 0.1000000015
19144  -31.904  -56.019  11.924 0.1000000015
20649  -31.805  -54.626  11.811 0.1000000015
132754  -31.308  -54.893  11.349 0.1000000015
21391  -31.585  -53.471  10.776 0.1000000015
22189  -31.732  -52.931  10.099 0.1000000015
19927  -32.868  -55.455  12.721 0.1000000015
21376  -32.336  -53.946  12.211 0.1000000015
21383  -31.842  -53.766  11.519 0.1000000015
20644  -33.045  -54.845  13.135 0.1000000015
20643  -32.761  -54.085  12.827 0.1000000015
14452  -43.971  -62.069  4.725 0.4000000060
125209  -41.532  -61.422  4.906 0.5000000000
13782  -43.449  -62.603  5.185 0.4000000060
15158  -42.205  -60.701  4.492 0.5000000000
14470  -42.611  -61.381  4.784 0.6000000238
13080  -44.274  -63.786  5.517 0.5000000000
12457  -42.986  -64.649  5.856 0.4000000060
126305  -45.251  -68.093  5.052 0.5000000000
127240  -44.201  -64.733  5.952 0.4000000060
13795  -44.601  -62.571  4.473 0.5000000000
11806  -47.084  -65.782  5.918 0.5000000000
13784  -45.202  -63.259  5.032 0.6000000238
12481  -46.482  -65.777  4.474 0.5000000000
128375  -44.893  -67.891  4.512 0.3000000119
12459  -46.453  -64.768  5.541 0.5000000000
9697  -43.638  -69.274  5.869 0.5000000000
13091  -46.861  -64.725  4.972 0.5000000000
124140  -44.994  -67.220  4.304 0.4000000060
12489  -40.073  -65.497  2.267 0.4000000060
13108  -39.877  -64.787  1.904 0.4000000060
12504  -39.064  -64.731  1.743 0.4000000060
9043  -42.714  -69.432  9.719 0.2000000030
13077  -40.964  -64.584  5.539 0.5000000000
15921  -40.246  -59.265  3.969 0.3000000119
15923  -42.321  -60.159  3.541 0.4000000060
14482  -43.936  -61.691  3.950 0.6000000238
17575  -35.664  -58.348  3.618 0.3000000119
122568  -39.564  -58.965  3.676 0.4000000060
15922  -41.245  -59.419  3.722 0.5000000000
14481  -43.316  -61.234  3.736 0.6000000238
13099  -44.739  -63.620  3.677 0.6000000238
13806  -45.400  -63.555  4.394 0.6000000238
13796  -45.344  -63.415  4.652 0.6000000238
13101  -46.442  -64.911  4.541 0.5000000000
11827  -45.854  -66.444  4.337 0.5000000000
132390  -40.279  -58.679  2.297 0.4000000060
15934  -41.411  -59.499  2.646 0.4000000060
120485  -41.443  -60.194  2.042 0.5000000000
13818  -42.897  -62.879  2.747 0.6000000238
14495  -43.343  -61.815  3.326 0.5000000000
12479  -44.610  -64.986  3.527 0.5000000000
12480  -45.724  -65.457  4.053 0.5000000000
18371  -37.165  -57.432  2.739 0.4000000060
14494  -42.346  -61.939  2.570 0.5000000000
13110  -42.216  -63.975  2.357 0.4000000060
18387  -37.595  -57.128  2.102 0.3000000119
16750  -39.383  -58.979  1.157 0.5000000000
15196  -40.794  -60.780  1.545 0.5000000000
14516  -40.552  -61.863  1.581 0.5000000000
135793  -41.368  -64.020  2.072 0.4000000060
113554  -41.379  -64.742  2.283 0.5000000000
127216  -40.217  -60.439  1.136 0.5000000000
13837  -40.192  -62.911  1.656 0.4000000060
13109  -40.657  -64.370  1.979 0.4000000060
13128  -39.913  -63.934  1.743 0.4000000060
15204  -38.464  -60.940  0.751 0.4000000060
15195  -39.915  -61.310  1.231 0.4000000060
116836  -39.067  -64.036  1.647 0.4000000060
12455  -39.779  -65.586  5.634 0.5000000000
12456  -41.671  -65.122  5.802 0.4000000060
127037  -45.983  -66.226  7.072 0.5000000000
17573  -33.922  -58.229  4.006 0.3000000119
19261  -34.905  -56.288  2.692 0.3000000119
19997  -34.267  -55.049  2.448 0.3000000119
19999  -36.206  -55.437  1.774 0.3000000119
17612  -38.038  -57.855  1.433 0.3000000119
18409  -37.593  -57.223  1.659 0.3000000119
16755  -38.681  -58.981  0.888 0.3000000119
18408  -36.986  -56.778  1.217 0.3000000119
20000  -36.493  -55.637  1.456 0.2000000030
18419  -37.420  -57.714  1.038 0.3000000119
131986  -38.148  -59.455  0.641 0.3000000119
124873  -37.227  -59.598  0.455 0.3000000119
18418  -36.520  -57.667  0.548 0.2000000030
122992  -37.100  -60.557  0.540 0.3000000119
15203  -37.524  -61.150  0.738 0.4000000060
15192  -37.022  -61.872  1.089 0.4000000060
15959  -36.249  -60.405  0.359 0.3000000119
15201  -35.682  -61.224  0.571 0.2000000030
16758  -35.350  -59.306  -0.271 0.2000000030
19307  -35.157  -56.040  -3.049 0.1000000015
20750  -35.248  -54.497  -2.650 0.1000000015
11802  -39.363  -66.359  5.837 0.4000000060
12454  -38.788  -65.643  5.534 0.4000000060
11803  -40.290  -66.245  5.943 0.5000000000
12442  -43.642  -65.540  6.366 0.5000000000
14448  -36.091  -62.983  4.851 0.5000000000
16698  -34.040  -60.159  5.061 0.4000000060
18367  -32.542  -57.072  3.923 0.3000000119
19986  -31.654  -55.374  3.724 0.2000000030
19987  -32.524  -55.044  3.153 0.2000000030
21471  -32.053  -53.427  3.374 0.1000000015
21470  -31.130  -53.756  4.060 0.1000000015
135901  -34.223  -54.343  2.308 0.2000000030
22268  -33.562  -52.567  2.320 0.2000000030
20724  -35.355  -54.050  1.328 0.2000000030
20728  -35.777  -54.546  1.101 0.2000000030
19282  -35.682  -55.993  0.407 0.2000000030
22287  -34.424  -52.334  1.201 0.2000000030
120134  -36.113  -56.814  0.519 0.2000000030
21499  -34.689  -53.128  0.400 0.1000000015
124358  -34.552  -53.540  -0.249 0.1000000015
135090  -34.713  -54.180  -0.060 0.1000000015
19281  -35.234  -55.344  0.225 0.2000000030
19287  -35.191  -56.887  -0.147 0.2000000030
117526  -34.437  -54.101  -1.185 0.1000000015
20741  -34.454  -55.002  -1.427 0.1000000015
19286  -34.786  -56.049  -0.537 0.1000000015
17614  -34.505  -58.520  -1.438 0.1000000015
22316  -34.867  -52.432  -1.965 0.1000000015
20032  -34.440  -55.533  -1.976 0.1000000015
126277  -34.473  -56.833  -2.332 0.1000000015
21525  -35.352  -53.575  -2.495 0.1000000015
129982  -35.918  -53.205  -2.618 0.1000000015
21526  -36.668  -53.238  -2.754 0.1000000015
23154  -37.852  -51.698  -2.333 0.1000000015
10386  -43.374  -68.491  11.083 0.3000000119
10409  -44.097  -67.940  10.349 0.3000000119
10385  -42.058  -68.222  11.047 0.3000000119
10408  -40.804  -68.417  8.519 0.3000000119
10418  -41.038  -68.227  7.774 0.3000000119
10397  -43.164  -68.145  10.591 0.3000000119
126958  -42.785  -67.863  9.143 0.3000000119
11149  -41.039  -67.849  7.059 0.3000000119
125800  -40.192  -67.566  6.613 0.3000000119
10417  -39.815  -68.448  7.687 0.3000000119
11148  -39.326  -67.655  6.581 0.3000000119
11150  -42.127  -67.444  7.180 0.3000000119
116388  -37.926  -65.314  5.403 0.4000000060
11800  -37.511  -66.510  5.916 0.4000000060
11783  -38.512  -67.392  6.383 0.4000000060
126555  -39.084  -67.008  6.143 0.4000000060
15894  -33.681  -61.000  5.474 0.4000000060
13776  -36.410  -63.947  5.051 0.4000000060
121868  -37.128  -65.122  5.373 0.4000000060
15138  -32.974  -61.101  5.922 0.4000000060
18350  -31.834  -58.007  5.211 0.3000000119
20700  -31.016  -54.615  4.119 0.2000000030
22255  -31.305  -52.388  4.541 0.1000000015
22256  -31.878  -52.536  3.699 0.1000000015
23104  -33.684  -51.775  2.117 0.2000000030
23885  -32.579  -50.370  3.603 0.1000000015
23889  -33.248  -50.558  2.722 0.2000000030
23120  -34.438  -51.543  0.001 0.1000000015
23916  -34.523  -50.728  -0.378 0.1000000015
23141  -34.623  -51.816  -1.367 0.1000000015
23143  -35.783  -50.988  -1.954 0.1000000015
23152  -35.935  -51.608  -2.244 0.1000000015
23932  -37.272  -50.455  -1.733 0.1000000015
10370  -41.029  -68.009  11.731 0.2000000030
10384  -40.392  -68.317  10.640 0.2000000030
10354  -41.738  -68.351  12.647 0.2000000030
10416  -38.652  -68.437  7.640 0.3000000119
13064  -34.031  -64.536  6.339 0.3000000119
13073  -36.359  -64.861  5.374 0.4000000060
15882  -32.020  -60.573  6.683 0.3000000119
23883  -31.579  -50.796  5.439 0.1000000015
23877  -31.834  -50.446  6.146 0.1000000015
24715  -32.459  -49.107  6.048 0.1000000015
24741  -32.158  -49.431  4.935 0.1000000015
24745  -33.046  -49.696  3.083 0.1000000015
23896  -34.147  -50.273  1.265 0.1000000015
24757  -34.238  -49.549  1.059 0.1000000015
25595  -34.388  -48.779  0.821 0.1000000015
24788  -35.906  -49.938  -1.295 0.1000000015
11109  -40.166  -67.475  12.412 0.2000000030
10368  -38.453  -68.078  11.000 0.2000000030
10369  -39.606  -68.096  11.309 0.3000000119
10382  -37.910  -68.403  10.150 0.2000000030
15126  -31.890  -61.445  7.178 0.3000000119
13763  -33.507  -63.968  6.453 0.3000000119
12439  -34.389  -65.380  6.656 0.3000000119
17542  -31.112  -58.583  7.204 0.3000000119
16670  -31.388  -59.817  7.580 0.3000000119
17531  -30.837  -58.393  7.819 0.3000000119
126620  -32.421  -50.838  6.458 0.1000000015
124260  -33.376  -50.897  6.621 0.1000000015
23867  -33.849  -49.961  6.596 0.1000000015
24719  -36.813  -49.762  6.066 0.1000000015
129246  -36.028  -49.614  6.323 0.1000000015
24718  -35.390  -49.042  6.470 0.1000000015
25556  -35.591  -48.242  6.445 0.1000000015
24720  -37.304  -49.105  6.158 0.1000000015
25557  -36.970  -48.282  6.378 0.1000000015
24721  -38.143  -49.181  6.032 0.1000000015
24737  -38.537  -49.938  5.677 0.1000000015
24722  -38.963  -49.246  6.006 0.1000000015
25576  -32.841  -48.054  5.311 0.1000000015
25554  -33.737  -48.414  6.250 0.1000000015
25577  -33.407  -47.884  5.794 0.1000000015
129713  -36.275  -48.081  6.436 0.1000000015
26393  -34.136  -47.755  6.130 0.1000000015
25559  -39.951  -48.423  6.391 0.1000000015
26417  -33.359  -47.448  5.223 0.1000000015
26455  -33.807  -47.868  2.197 0.1000000015
26460  -34.741  -47.911  0.768 0.1000000015
24777  -36.174  -49.318  -0.890 0.1000000015
13032  -36.245  -64.913  10.135 0.2000000030
11117  -36.862  -67.382  10.318 0.2000000030
11754  -36.259  -67.089  9.753 0.2000000030
13746  -32.166  -63.253  7.707 0.3000000119
11757  -34.171  -65.826  7.891 0.3000000119
15869  -31.370  -60.540  8.042 0.3000000119
13731  -31.788  -62.739  8.370 0.3000000119
13047  -33.226  -64.678  8.315 0.3000000119
13055  -32.576  -64.020  7.947 0.3000000119
12417  -33.907  -65.353  8.385 0.3000000119
11758  -34.687  -66.330  8.222 0.3000000119
15860  -31.148  -59.668  8.352 0.3000000119
119729  -30.404  -57.001  8.364 0.2000000030
15861  -31.316  -60.475  8.775 0.3000000119
20679  -30.920  -54.964  7.060 0.3000000119
22236  -32.125  -52.505  6.480 0.1000000015
22237  -33.342  -53.101  6.652 0.2000000030
27232  -35.195  -46.856  6.082 0.1000000015
27233  -36.056  -46.669  6.244 0.1000000015
124443  -38.690  -47.343  6.455 0.1000000015
27268  -34.259  -46.359  4.755 0.1000000015
27251  -35.504  -46.075  5.704 0.1000000015
129768  -34.929  -46.007  5.129 0.1000000015
27276  -33.954  -46.622  3.224 0.1000000015
27289  -34.404  -46.439  2.495 0.1000000015
27298  -34.625  -46.718  1.825 0.1000000015
27299  -35.348  -46.409  1.515 0.1000000015
121026  -36.510  -64.213  10.377 0.3000000119
135832  -35.531  -63.290  10.205 0.3000000119
13702  -35.141  -63.717  10.150 0.3000000119
12410  -33.996  -64.842  9.089 0.3000000119
13041  -34.504  -64.273  9.711 0.3000000119
13039  -32.751  -64.012  8.625 0.3000000119
13720  -32.059  -62.921  9.022 0.3000000119
15845  -31.114  -59.733  9.159 0.3000000119
16642  -30.959  -59.043  9.556 0.3000000119
17509  -30.612  -58.350  9.285 0.2000000030
118553  -31.593  -61.273  9.155 0.3000000119
120598  -30.529  -56.312  8.768 0.2000000030
21435  -32.515  -53.793  6.713 0.2000000030
13705  -38.216  -63.310  9.857 0.1000000015
15086  -36.777  -61.500  9.618 0.2000000030
14383  -36.844  -63.095  9.855 0.3000000119
13722  -34.027  -63.600  9.877 0.3000000119
15822  -31.672  -59.956  10.220 0.3000000119
17490  -30.844  -58.273  10.094 0.2000000030
121574  -30.484  -56.905  9.867 0.2000000030
19948  -30.732  -55.585  9.151 0.1000000015
19183  -30.558  -56.182  9.671 0.1000000015
15823  -32.384  -60.501  10.491 0.3000000119
16611  -32.136  -58.885  11.106 0.2000000030
18306  -31.149  -57.732  10.809 0.2000000030
18305  -30.709  -57.314  10.318 0.2000000030
19177  -30.687  -56.489  10.391 0.1000000015
18285  -31.552  -57.238  11.441 0.1000000015
15825  -35.004  -60.519  10.498 0.3000000119
18286  -32.384  -57.542  11.827 0.1000000015
19926  -32.157  -55.390  12.190 0.1000000015
20654  -31.237  -54.354  11.011 0.1000000015
17492  -35.387  -58.904  10.966 0.2000000030
16613  -33.923  -59.312  11.239 0.2000000030
18273  -33.987  -56.985  12.409 0.1000000015
20650  -32.519  -54.707  12.522 0.1000000015
9725  -43.273  -69.433  3.292 0.3000000119
8486  -41.701  -70.895  3.760 0.3000000119
118041  -43.218  -69.772  3.227 0.3000000119
6636  -36.495  -74.480  3.178 0.2000000030
6068  -35.419  -76.123  2.318 0.2000000030
8498  -40.128  -71.520  3.759 0.4000000060
7861  -38.627  -72.252  3.664 0.3000000119
9724  -43.208  -70.020  2.471 0.4000000060
7862  -39.558  -71.831  3.276 0.3000000119
7860  -37.968  -72.801  3.874 0.3000000119
10458  -43.525  -68.784  3.599 0.4000000060
8510  -42.345  -71.376  2.212 0.4000000060
118647  -38.065  -72.412  3.100 0.3000000119
7255  -36.225  -73.584  2.592 0.2000000030
10476  -43.157  -69.653  2.854 0.4000000060
8501  -42.983  -70.915  2.203 0.4000000060
135599  -39.420  -72.179  2.056 0.4000000060
11184  -42.712  -67.800  3.652 0.4000000060
8509  -41.419  -71.769  2.225 0.4000000060
124277  -38.450  -72.254  2.275 0.3000000119
7872  -36.499  -72.871  2.182 0.3000000119
9745  -43.230  -69.983  1.930 0.4000000060
131859  -40.300  -72.411  1.528 0.3000000119
7889  -38.096  -72.376  1.570 0.4000000060
11183  -41.631  -67.800  3.519 0.4000000060
8520  -42.855  -71.053  1.432 0.4000000060
7890  -39.248  -72.444  1.471 0.3000000119
11823  -40.923  -66.960  3.352 0.4000000060
9744  -42.270  -69.541  2.037 0.4000000060
9127  -43.211  -70.368  1.455 0.4000000060
7892  -41.590  -72.284  1.011 0.4000000060
11182  -40.601  -67.903  3.368 0.4000000060
118214  -42.544  -71.266  0.753 0.4000000060
7289  -41.069  -72.729  0.499 0.3000000119
135557  -42.085  -69.702  1.609 0.4000000060
126529  -42.687  -70.653  1.049 0.4000000060
7905  -41.627  -72.273  0.497 0.4000000060
10474  -41.171  -69.063  2.681 0.4000000060
9755  -40.255  -69.686  1.468 0.4000000060
9132  -41.719  -70.555  0.449 0.4000000060
9133  -42.192  -71.174  0.435 0.4000000060
7301  -40.854  -73.072  -0.233 0.3000000119
10455  -40.483  -68.594  3.062 0.4000000060
129639  -40.796  -70.015  0.705 0.4000000060
9140  -41.376  -70.908  -0.186 0.4000000060
8528  -41.588  -72.126  -0.196 0.3000000119
7288  -40.191  -73.578  -0.659 0.2000000030
11193  -39.978  -67.109  3.071 0.3000000119
9742  -39.607  -69.392  2.195 0.4000000060
10472  -39.039  -68.839  2.607 0.4000000060
129517  -39.274  -69.617  1.595 0.4000000060
9131  -40.572  -70.292  -0.008 0.4000000060
130610  -41.104  -71.288  -0.618 0.4000000060
7916  -40.934  -73.007  -0.671 0.2000000030
7924  -40.651  -73.209  -1.363 0.2000000030
6688  -39.164  -74.329  -1.763 0.3000000119
11838  -38.567  -66.892  2.511 0.3000000119
112787  -39.182  -67.286  2.855 0.3000000119
120708  -40.336  -70.714  -0.769 0.3000000119
8542  -40.440  -72.827  -2.049 0.2000000030
9150  -40.630  -71.459  -1.169 0.2000000030
7323  -39.980  -73.881  -1.813 0.2000000030
116098  -38.531  -74.632  -2.150 0.2000000030
12487  -38.556  -66.060  2.098 0.3000000119
131258  -38.515  -67.963  2.755 0.3000000119
9766  -39.616  -69.854  0.689 0.4000000060
8533  -40.194  -71.802  -1.832 0.1000000015
11858  -37.695  -66.052  1.853 0.3000000119
11191  -37.648  -68.080  2.399 0.3000000119
9753  -37.839  -69.334  1.743 0.2000000030
9138  -38.776  -70.253  -0.929 0.2000000030
7931  -40.180  -73.506  -2.104 0.1000000015
6700  -38.204  -74.981  -2.890 0.2000000030
9751  -36.175  -69.094  1.151 0.2000000030
9763  -36.723  -69.501  0.625 0.2000000030
9137  -38.173  -70.209  -1.143 0.1000000015
8532  -39.309  -71.316  -2.098 0.1000000015
7930  -39.917  -73.300  -2.729 0.1000000015
6718  -39.089  -74.385  -3.018 0.1000000015
119743  -37.403  -65.456  1.654 0.2000000030
11857  -37.301  -66.949  2.048 0.3000000119
11203  -36.922  -67.860  2.063 0.3000000119
13833  -36.488  -63.264  1.440 0.2000000030
117879  -36.667  -65.717  1.605 0.1000000015
134760  -36.943  -66.317  1.758 0.3000000119
10487  -35.796  -68.409  1.347 0.2000000030
132992  -37.290  -69.755  -0.067 0.1000000015
9157  -38.393  -71.005  -2.287 0.1000000015
7935  -39.422  -73.296  -3.309 0.1000000015
7334  -39.461  -73.918  -3.240 0.1000000015
13125  -36.474  -64.303  1.508 0.2000000030
130046  -36.285  -66.326  1.599 0.2000000030
11201  -35.617  -67.564  1.445 0.2000000030
10495  -35.448  -68.821  0.815 0.1000000015
9780  -37.312  -69.974  -0.943 0.1000000015
112677  -37.065  -70.409  -2.118 0.1000000015
8540  -38.934  -71.797  -2.761 0.1000000015
7333  -38.972  -73.677  -3.802 0.1000000015
6122  -38.063  -75.176  -4.207 0.1000000015
11856  -35.588  -66.678  1.446 0.1000000015
10486  -35.039  -68.065  1.041 0.2000000030
9761  -35.280  -69.096  0.208 0.1000000015
9779  -36.223  -69.826  -1.133 0.1000000015
9155  -36.745  -70.638  -2.655 0.1000000015
8550  -37.746  -71.834  -3.623 0.1000000015
134196  -38.036  -72.414  -3.926 0.1000000015
6727  -38.318  -74.643  -4.380 0.1000000015
6134  -37.651  -75.589  -4.733 0.1000000015
9770  -34.844  -69.069  -0.439 0.1000000015
9154  -35.910  -70.414  -2.805 0.1000000015
9166  -36.401  -70.926  -3.350 0.1000000015
131319  -37.531  -73.663  -5.569 0.1000000015
6738  -37.805  -74.827  -5.418 0.1000000015
8549  -36.949  -71.533  -3.812 0.1000000015
20672  -33.348  -54.593  7.892 0.2000000030
13832  -35.536  -63.635  1.378 0.1000000015
124670  -35.736  -65.859  1.489 0.1000000015
12501  -35.105  -65.232  1.394 0.1000000015
11206  -34.222  -67.593  0.593 0.1000000015
11855  -34.721  -66.099  1.241 0.1000000015
10499  -34.264  -68.503  -0.295 0.1000000015
9778  -35.478  -69.733  -1.670 0.1000000015
6739  -38.119  -74.577  -5.026 0.1000000015
7942  -38.243  -73.142  -4.333 0.1000000015
9145  -35.494  -70.006  -2.311 0.1000000015
8499  -41.385  -71.331  3.136 0.3000000119
8500  -42.452  -70.953  2.923 0.4000000060
7240  -36.875  -73.387  3.141 0.3000000119
7874  -38.989  -72.077  2.800 0.3000000119
8508  -40.560  -71.658  2.921 0.3000000119
7873  -37.401  -72.574  2.501 0.3000000119
9120  -43.215  -70.415  1.893 0.4000000060
10475  -42.435  -69.224  2.655 0.4000000060
7876  -41.240  -72.197  1.541 0.4000000060
7891  -41.044  -72.594  1.051 0.3000000119
8527  -41.288  -71.960  -0.688 0.2000000030
126944  -40.463  -73.562  -1.011 0.2000000030
9754  -38.579  -69.659  1.253 0.3000000119
9139  -39.363  -70.134  -0.362 0.2000000030
6702  -39.391  -74.224  -2.337 0.2000000030
11837  -37.881  -67.344  2.389 0.3000000119
9740  -38.130  -68.763  2.342 0.3000000119
112657  -39.399  -70.480  -1.054 0.2000000030
8541  -39.764  -72.241  -2.476 0.1000000015
9765  -38.682  -69.823  0.341 0.4000000060
10489  -37.290  -68.713  2.041 0.2000000030
9773  -38.189  -69.950  -0.381 0.2000000030
9148  -38.797  -70.598  -1.559 0.1000000015
131029  -38.533  -74.796  -3.071 0.1000000015
9147  -37.758  -70.406  -1.758 0.1000000015
119857  -36.407  -67.078  1.729 0.3000000119
9772  -36.510  -69.657  -0.247 0.1000000015
9156  -37.539  -70.821  -2.489 0.1000000015
7934  -38.656  -72.495  -3.526 0.1000000015
127243  -38.461  -74.743  -3.652 0.1000000015
13124  -35.405  -64.474  1.423 0.1000000015
11200  -34.836  -67.139  1.162 0.1000000015
9771  -35.677  -69.448  -0.349 0.1000000015
119138  -36.944  -70.150  -1.618 0.1000000015
8538  -37.230  -71.191  -3.140 0.1000000015
6726  -37.997  -75.024  -4.911 0.1000000015
9146  -36.284  -70.126  -2.066 0.1000000015
6146  -37.605  -75.269  -5.430 0.1000000015
10507  -34.101  -68.723  -0.946 0.1000000015
11866  -34.043  -66.715  0.818 0.1000000015
8449  -40.500  -70.783  7.416 0.3000000119
8448  -39.928  -71.286  6.657 0.2000000030
7817  -39.259  -72.031  7.116 0.3000000119
117104  -39.354  -71.915  6.316 0.2000000030
119226  -41.494  -70.209  7.164 0.2000000030
9687  -42.650  -69.560  7.534 0.4000000060
121306  -40.686  -70.699  6.574 0.3000000119
7816  -38.825  -72.752  6.443 0.2000000030
131430  -43.923  -68.936  6.910 0.4000000060
9064  -41.325  -70.421  5.941 0.2000000030
7832  -39.181  -72.107  5.628 0.2000000030
6596  -38.333  -74.591  6.670 0.1000000015
6608  -38.526  -73.905  6.080 0.2000000030
6607  -38.254  -75.100  6.093 0.1000000015
9080  -42.111  -70.191  5.105 0.3000000119
6029  -37.951  -75.507  6.330 0.1000000015
113544  -39.023  -72.210  4.956 0.2000000030
6039  -37.902  -75.675  5.545 0.1000000015
6050  -37.371  -76.091  4.949 0.1000000015
6620  -38.121  -75.245  5.280 0.1000000015
6051  -37.549  -75.589  4.635 0.1000000015
4827  -35.639  -77.136  4.503 0.1000000015
5476  -36.694  -76.537  4.496 0.1000000015
6060  -36.810  -76.249  4.093 0.1000000015
4835  -35.540  -77.417  3.883 0.1000000015
5485  -36.445  -76.746  3.890 0.1000000015
9081  -42.857  -69.735  5.450 0.3000000119
130920  -40.364  -71.129  5.066 0.2000000030
7847  -38.489  -72.687  4.590 0.2000000030
7228  -38.446  -73.494  5.193 0.2000000030
7846  -38.071  -73.560  4.583 0.2000000030
5484  -36.041  -77.142  3.503 0.1000000015
4833  -34.104  -77.646  4.133 0.1000000015
9711  -43.362  -69.586  4.396 0.2000000030
125865  -42.785  -70.037  4.424 0.3000000119
8484  -39.719  -71.582  4.785 0.2000000030
7241  -37.533  -73.564  3.904 0.2000000030
6059  -36.499  -76.154  3.432 0.1000000015
4845  -33.894  -78.158  3.560 0.1000000015
4847  -35.344  -77.576  3.095 0.1000000015
9094  -42.452  -70.511  3.872 0.3000000119
7848  -39.190  -71.948  4.182 0.3000000119
10445  -44.440  -68.475  4.561 0.2000000030
123036  -37.182  -74.545  3.888 0.2000000030
6626  -36.836  -75.526  3.719 0.1000000015
4859  -35.036  -77.593  2.337 0.1000000015
5493  -35.729  -77.011  2.785 0.1000000015
123994  -35.790  -75.503  2.617 0.1000000015
4874  -34.476  -78.039  1.826 0.1000000015
9095  -43.026  -70.083  3.619 0.2000000030
6634  -35.346  -75.045  2.243 0.1000000015
6635  -35.792  -74.445  2.538 0.1000000015
5504  -34.717  -77.348  1.682 0.1000000015
6078  -34.777  -76.382  1.742 0.1000000015
10459  -43.966  -68.671  3.962 0.2000000030
7254  -35.660  -73.238  1.886 0.1000000015
7253  -35.093  -74.086  1.909 0.1000000015
4892  -33.348  -77.611  0.500 0.1000000015
5503  -34.195  -76.635  1.204 0.1000000015
6646  -34.712  -75.114  1.761 0.1000000015
129085  -34.966  -73.306  1.405 0.1000000015
6663  -33.216  -74.462  0.667 0.1000000015
9698  -44.113  -68.958  5.100 0.3000000119
9065  -42.207  -69.906  6.314 0.3000000119
8485  -40.716  -71.117  4.212 0.3000000119
6069  -36.071  -76.251  2.924 0.1000000015
5492  -35.241  -77.041  2.120 0.1000000015
8466  -40.499  -70.891  5.782 0.2000000030
9079  -41.277  -70.695  4.813 0.3000000119
4893  -34.069  -77.647  1.097 0.1000000015
5520  -33.561  -76.797  0.685 0.1000000015
7271  -34.423  -73.871  1.343 0.1000000015
4188  -33.475  -78.165  0.877 0.1000000015
6645  -33.920  -74.690  1.158 0.1000000015
7888  -37.022  -72.523  1.570 0.2000000030
7899  -33.912  -72.769  0.164 0.1000000015
125481  -33.771  -72.659  -0.495 0.1000000015
7911  -34.518  -72.597  -0.300 0.2000000030
7921  -33.260  -72.641  -1.170 0.1000000015
7901  -35.770  -72.545  0.560 0.2000000030
7912  -35.463  -72.574  -0.250 0.2000000030
7297  -36.115  -73.057  -1.059 0.1000000015
7928  -32.981  -72.822  -2.019 0.1000000015
7922  -34.261  -72.718  -1.102 0.2000000030
7308  -35.756  -73.412  -1.565 0.1000000015
7902  -36.760  -72.523  0.692 0.2000000030
7913  -36.617  -72.771  -0.306 0.1000000015
7306  -34.005  -73.166  -2.003 0.1000000015
7307  -35.004  -73.289  -1.737 0.1000000015
7903  -37.819  -72.556  0.786 0.2000000030
7914  -37.691  -72.853  -0.022 0.2000000030
7298  -37.012  -73.508  -1.145 0.1000000015
7321  -35.839  -74.071  -2.160 0.1000000015
7299  -37.775  -73.524  -0.827 0.1000000015
7310  -37.819  -74.262  -1.621 0.1000000015
7904  -40.249  -72.853  0.735 0.2000000030
7915  -38.580  -72.937  0.163 0.2000000030
7300  -38.703  -73.493  -0.533 0.2000000030
6687  -37.692  -74.805  -2.389 0.1000000015
7287  -39.675  -73.330  -0.114 0.2000000030
6699  -36.745  -74.851  -2.555 0.1000000015
7886  -35.268  -72.796  1.090 0.1000000015
7900  -34.861  -72.647  0.400 0.1000000015
9054  -41.166  -70.355  8.065 0.2000000030
9633  -41.960  -69.585  12.401 0.1000000015
12406  -36.904  -64.965  10.784 0.1000000015
11734  -39.869  -66.330  13.896 0.1000000015
11073  -40.367  -66.955  14.051 0.1000000015
131528  -37.395  -67.107  11.168 0.1000000015
11089  -40.355  -67.132  13.337 0.1000000015
12370  -38.841  -65.133  14.723 0.1000000015
13033  -36.952  -64.399  10.465 0.2000000030
113514  -37.005  -65.652  11.051 0.1000000015
11745  -37.422  -65.466  12.163 0.1000000015
11732  -38.403  -65.247  13.226 0.1000000015
11733  -39.237  -65.775  13.636 0.1000000015
11717  -39.396  -65.671  14.356 0.1000000015
131522  -42.485  -69.586  8.573 0.2000000030
133995  -43.252  -68.756  11.434 0.1000000015
11088  -39.596  -66.720  13.069 0.1000000015
11087  -38.629  -66.460  12.632 0.1000000015
11106  -37.130  -66.439  11.137 0.1000000015
120145  -42.553  -68.722  12.090 0.1000000015
11056  -39.670  -66.935  14.615 0.1000000015
11701  -39.201  -66.019  14.775 0.1000000015
11746  -37.675  -66.377  12.017 0.1000000015
134882  -37.305  -64.569  12.306 0.1000000015
120757  -41.386  -70.279  8.984 0.1000000015
8438  -40.425  -70.859  8.400 0.1000000015
16627  -36.092  -59.554  10.376 0.1000000015
130931  -36.827  -59.902  9.882 0.1000000015
15847  -37.415  -60.835  9.486 0.1000000015
15848  -38.573  -61.686  9.292 0.1000000015
14385  -39.227  -62.566  9.667 0.1000000015
15827  -36.401  -60.447  9.904 0.1000000015
17493  -37.780  -58.849  10.153 0.1000000015
16645  -38.692  -59.800  9.490 0.1000000015
16646  -39.987  -60.438  9.263 0.1000000015
15089  -40.629  -61.546  9.692 0.1000000015
16628  -36.901  -59.186  10.233 0.1000000015
16629  -37.586  -59.795  9.701 0.1000000015
15849  -39.305  -61.144  9.245 0.1000000015
15850  -40.345  -61.455  9.449 0.1000000015
125389  -40.027  -61.914  10.235 0.1000000015
16648  -42.364  -60.305  9.539 0.1000000015
18308  -38.385  -58.182  10.505 0.1000000015
17494  -38.686  -58.852  9.957 0.1000000015
17510  -39.576  -59.281  9.583 0.1000000015
16647  -41.123  -60.588  9.338 0.1000000015
15829  -41.455  -61.190  9.861 0.1000000015
114808  -36.286  -58.672  10.746 0.1000000015
121351  -35.086  -58.274  11.478 0.1000000015
18309  -39.884  -57.874  10.582 0.1000000015
17495  -40.555  -58.732  9.774 0.1000000015
17511  -41.642  -59.624  9.406 0.1000000015
18307  -37.541  -57.970  10.821 0.1000000015
17480  -35.796  -58.146  11.340 0.1000000015
17479  -34.532  -58.720  11.382 0.1000000015
20677  -33.135  -54.462  7.250 0.1000000015
21436  -33.935  -54.162  6.927 0.1000000015
22238  -34.433  -53.504  6.694 0.1000000015
129459  -36.665  -57.884  11.227 0.1000000015
20671  -32.566  -54.587  8.142 0.1000000015
21419  -33.961  -54.581  7.395 0.1000000015
22240  -36.501  -52.949  6.153 0.1000000015
22239  -35.483  -53.190  6.494 0.1000000015
116139  -39.291  -58.435  10.206 0.1000000015
17496  -42.135  -58.680  9.839 0.1000000015
23079  -34.174  -52.173  6.641 0.1000000015
15103  -38.790  -62.588  9.454 0.1000000015
14401  -38.729  -62.917  9.677 0.1000000015
15102  -37.877  -62.143  9.348 0.1000000015
16644  -38.282  -60.629  9.380 0.1000000015
15087  -39.625  -62.370  9.824 0.1000000015
15088  -39.900  -62.047  9.670 0.1000000015
125250  -37.005  -58.485  10.600 0.1000000015
23080  -35.209  -51.865  6.452 0.1000000015
14522  -36.038  -61.851  1.025 0.1000000015
14521  -35.059  -61.813  0.784 0.1000000015
15958  -35.274  -60.655  0.180 0.1000000015
7790  -37.693  -73.018  9.008 0.1000000015
130033  -38.107  -73.065  8.331 0.1000000015
7780  -36.953  -72.824  9.599 0.1000000015
7789  -36.845  -72.926  8.684 0.1000000015
7815  -36.771  -73.115  7.943 0.1000000015
7791  -38.457  -72.736  9.105 0.1000000015
8426  -36.128  -72.425  9.108 0.1000000015
7781  -38.013  -72.802  9.906 0.1000000015
7782  -38.835  -72.436  9.792 0.1000000015
126882  -35.512  -71.861  8.574 0.1000000015
8413  -35.412  -71.914  9.539 0.1000000015
7772  -37.142  -72.536  10.411 0.1000000015
9032  -34.741  -71.466  9.901 0.1000000015
8414  -36.115  -72.290  10.143 0.1000000015
10313  -30.538  -68.385  15.502 0.1000000015
10312  -30.037  -68.222  14.967 0.1000000015
118168  -28.334  -70.171  12.375 0.1000000015
9009  -27.992  -70.188  11.369 0.1000000015
9639  -27.826  -69.199  10.828 0.1000000015
9658  -28.588  -68.967  9.144 0.1000000015
118659  -38.622  -72.639  8.304 0.1000000015
124343  -28.280  -69.727  9.425 0.1000000015
10389  -29.081  -68.438  9.436 0.1000000015
8412  -34.857  -71.415  8.999 0.1000000015
9041  -34.389  -70.801  8.414 0.1000000015
7801  -38.689  -72.719  7.422 0.1000000015
112564  -29.201  -69.600  7.873 0.1000000015
10413  -30.813  -68.771  7.766 0.1000000015
132401  -32.184  -69.011  7.915 0.1000000015
9051  -33.955  -70.280  7.872 0.1000000015
9040  -33.650  -70.233  8.873 0.1000000015
9031  -34.247  -70.932  9.423 0.1000000015
130488  -35.324  -71.751  10.277 0.1000000015
7202  -38.435  -73.668  6.918 0.1000000015
132282  -29.214  -70.270  7.420 0.1000000015
9684  -31.511  -68.908  6.435 0.1000000015
9669  -32.939  -69.536  8.785 0.1000000015
9660  -33.069  -69.869  9.742 0.1000000015
10326  -29.742  -68.524  14.553 0.1000000015
9615  -29.084  -69.269  13.553 0.1000000015
10349  -28.017  -68.361  12.211 0.1000000015
7774  -38.759  -72.295  10.437 0.1000000015
7775  -39.477  -71.826  10.219 0.1000000015
7792  -39.186  -72.124  9.191 0.1000000015
9628  -27.946  -69.255  11.828 0.1000000015
10377  -28.032  -68.429  10.424 0.1000000015
10364  -27.836  -68.392  11.325 0.1000000015
7802  -39.199  -72.087  8.121 0.1000000015
10402  -30.809  -68.634  8.637 0.1000000015
9667  -31.589  -68.826  8.227 0.1000000015
9668  -32.284  -69.104  8.614 0.1000000015
126343  -34.254  -71.026  10.201 0.1000000015
10403  -31.696  -68.812  9.101 0.1000000015
9659  -32.448  -69.246  9.486 0.1000000015
9030  -33.682  -70.550  9.997 0.1000000015
11042  -30.522  -67.126  15.697 0.1000000015
129055  -29.503  -67.702  14.437 0.1000000015
11686  -30.820  -66.106  16.179 0.1000000015
12357  -31.302  -65.686  16.695 0.1000000015
8406  -40.047  -71.341  10.889 0.1000000015
118444  -28.777  -67.536  13.516 0.1000000015
7773  -37.988  -72.483  10.636 0.1000000015
8416  -40.616  -70.915  10.264 0.1000000015
11084  -28.242  -67.403  12.510 0.1000000015
8404  -36.588  -72.074  10.784 0.1000000015
8428  -40.512  -70.909  9.390 0.1000000015
11112  -28.283  -67.609  10.924 0.1000000015
131953  -29.965  -68.459  9.067 0.1000000015
130064  -29.970  -68.004  9.834 0.1000000015
9652  -32.655  -69.356  10.384 0.1000000015
9653  -33.307  -70.056  10.764 0.1000000015
10390  -30.959  -68.427  9.488 0.1000000015
10391  -31.943  -68.794  9.974 0.1000000015
12356  -30.704  -65.242  16.103 0.1000000015
7767  -39.423  -71.751  10.913 0.1000000015
11690  -29.910  -66.166  15.095 0.1000000015
12361  -30.285  -65.682  15.579 0.1000000015
12986  -31.154  -63.917  16.583 0.1000000015
12975  -31.763  -63.617  17.190 0.1000000015
8394  -36.626  -71.639  11.274 0.1000000015
8405  -37.482  -72.054  11.145 0.1000000015
8397  -40.009  -71.263  11.413 0.1000000015
11698  -29.393  -65.981  14.321 0.1000000015
8403  -35.795  -71.617  10.918 0.1000000015
8427  -39.779  -71.490  8.803 0.1000000015
11068  -28.565  -66.626  13.081 0.1000000015
9023  -34.783  -71.230  10.739 0.1000000015
117441  -27.977  -67.707  11.728 0.1000000015
10379  -32.206  -68.623  10.766 0.1000000015
11113  -29.368  -67.489  10.481 0.1000000015
122260  -31.294  -68.201  10.209 0.1000000015
12985  -30.559  -64.259  15.899 0.1000000015
12360  -29.729  -65.179  14.805 0.1000000015
8393  -36.198  -71.077  11.642 0.1000000015
10380  -32.899  -69.265  11.187 0.1000000015
9641  -34.265  -69.968  11.853 0.1000000015
11114  -30.554  -67.618  10.469 0.1000000015
11740  -28.793  -66.401  11.754 0.1000000015
11101  -29.058  -66.883  11.173 0.1000000015
126924  -29.983  -67.093  10.818 0.1000000015
8997  -35.761  -70.557  12.061 0.1000000015
8999  -37.591  -70.571  12.633 0.1000000015
9630  -35.049  -70.238  12.104 0.1000000015
12367  -29.280  -65.178  13.886 0.1000000015
10365  -32.702  -68.439  11.471 0.1000000015
9640  -33.571  -69.670  11.558 0.1000000015
10367  -34.041  -69.219  12.232 0.1000000015
11713  -28.935  -65.914  13.493 0.1000000015
11115  -31.513  -67.856  10.809 0.1000000015
11116  -32.145  -68.006  11.214 0.1000000015
11712  -28.670  -65.910  12.784 0.1000000015
11741  -30.041  -66.487  11.281 0.1000000015
11102  -30.895  -67.131  10.969 0.1000000015
134916  -29.265  -66.392  11.500 0.1000000015
8998  -36.578  -70.535  12.348 0.1000000015
8983  -38.048  -70.037  13.335 0.1000000015
9629  -34.745  -69.549  12.473 0.1000000015
12995  -29.602  -64.385  14.198 0.1000000015
11104  -32.564  -67.566  11.649 0.1000000015
11105  -33.225  -67.985  12.043 0.1000000015
11103  -31.800  -67.279  11.289 0.1000000015
11729  -28.780  -65.977  12.191 0.1000000015
134249  -37.613  -69.383  13.737 0.1000000015
10352  -35.339  -69.307  13.005 0.1000000015
10350  -33.851  -68.383  12.511 0.1000000015
10351  -34.651  -68.677  13.022 0.1000000015
12989  -29.954  -64.218  15.022 0.1000000015
11742  -31.225  -66.467  11.400 0.1000000015
118760  -29.032  -65.251  13.132 0.1000000015
10342  -36.864  -68.812  13.982 0.1000000015
13004  -29.445  -64.563  13.423 0.1000000015
131191  -31.624  -64.387  17.084 0.1000000015
14313  -33.560  -61.965  18.240 0.1000000015
14330  -32.764  -61.997  17.712 0.1000000015
14329  -32.377  -62.738  17.572 0.1000000015
13638  -32.526  -63.555  17.766 0.1000000015
9614  -28.417  -69.274  12.746 0.1000000015
10388  -28.403  -68.574  9.775 0.1000000015
10400  -29.283  -68.741  8.832 0.1000000015
114070  -29.605  -69.096  7.729 0.1000000015
10401  -29.920  -68.760  8.203 0.1000000015
9677  -31.663  -68.873  7.347 0.1000000015
9678  -32.559  -69.182  7.315 0.1000000015
9679  -33.306  -69.670  7.831 0.1000000015
9062  -33.837  -70.028  6.983 0.1000000015
10340  -28.510  -68.363  13.100 0.1000000015
9022  -34.018  -70.685  10.764 0.1000000015
11052  -29.682  -66.839  14.742 0.1000000015
9012  -37.265  -71.246  11.864 0.1000000015
9011  -35.299  -70.931  11.493 0.1000000015
115660  -35.824  -69.946  12.676 0.1000000015
10366  -33.335  -68.879  11.865 0.1000000015
9631  -36.918  -69.804  13.160 0.1000000015
13627  -33.129  -62.850  18.153 0.1000000015
3269  -25.357  -80.364  -5.388 0.1000000015
131244  -26.835  -81.255  -5.378 0.1000000015
126058  -21.873  -78.643  -7.977 0.1000000015
134714  -21.896  -78.823  -6.869 0.1000000015
4272  -22.249  -78.429  -6.688 0.1000000015
3730  -22.788  -78.989  -5.766 0.1000000015
3282  -24.009  -80.788  -6.194 0.1000000015
4279  -22.461  -78.374  -8.162 0.1000000015
4296  -22.960  -78.480  -9.099 0.1000000015
4315  -23.987  -78.531  -9.562 0.1000000015
3257  -25.833  -79.779  -4.880 0.1000000015
3270  -26.359  -80.576  -5.162 0.1000000015
133059  -27.406  -80.930  -4.933 0.1000000015
3717  -24.774  -79.561  -5.091 0.1000000015
131970  -23.160  -79.489  -5.741 0.1000000015
125502  -24.366  -80.187  -5.598 0.1000000015
2787  -27.700  -81.749  -5.247 0.1000000015
4977  -22.566  -77.894  -6.731 0.1000000015
3268  -23.475  -80.014  -5.871 0.1000000015
3746  -22.785  -79.646  -6.107 0.1000000015
4990  -23.011  -77.870  -7.443 0.1000000015
4297  -24.048  -78.474  -8.814 0.1000000015
4316  -24.891  -78.712  -9.231 0.1000000015
3672  -27.832  -79.325  -0.588 0.1000000015
3221  -28.911  -80.492  -1.969 0.1000000015
3673  -28.863  -79.530  -0.689 0.1000000015
3258  -26.973  -80.094  -4.653 0.1000000015
3259  -28.060  -80.515  -4.440 0.1000000015
3260  -28.739  -80.989  -4.062 0.1000000015
3245  -29.282  -80.777  -3.268 0.1000000015
2740  -29.182  -80.928  -2.758 0.1000000015
3222  -29.588  -80.296  -2.434 0.1000000015
3718  -26.460  -79.220  -4.402 0.1000000015
2775  -28.865  -81.367  -3.636 0.1000000015
119488  -25.219  -78.831  -4.572 0.1000000015
2774  -28.306  -81.412  -4.626 0.1000000015
133046  -23.674  -78.387  -4.983 0.1000000015
3731  -24.278  -78.845  -4.867 0.1000000015
120827  -23.281  -78.254  -8.317 0.1000000015
3664  -29.440  -79.211  -0.089 0.1000000015
3685  -28.382  -79.929  -1.261 0.1000000015
3663  -28.304  -78.804  0.168 0.1000000015
3244  -29.158  -80.557  -3.560 0.1000000015
3707  -29.625  -80.167  -3.157 0.1000000015
3234  -29.517  -80.588  -3.013 0.1000000015
3720  -28.728  -80.160  -3.954 0.1000000015
3719  -27.723  -79.523  -4.170 0.1000000015
4263  -23.037  -78.206  -5.466 0.1000000015
4973  -23.285  -77.419  -5.539 0.1000000015
4978  -23.180  -77.360  -6.362 0.1000000015
4991  -24.002  -77.513  -7.285 0.1000000015
3210  -29.388  -79.971  -1.572 0.1000000015
4249  -24.250  -78.104  -4.622 0.1000000015
3684  -27.419  -79.780  -1.184 0.1000000015
4251  -26.992  -78.718  -4.043 0.1000000015
119334  -26.034  -78.331  -4.131 0.1000000015
3671  -26.891  -79.188  -0.655 0.1000000015
4950  -25.645  -76.484  -3.779 0.1000000015
5568  -26.313  -75.989  -3.531 0.1000000015
6710  -26.760  -74.255  -3.809 0.1000000015
119838  -29.791  -80.079  -2.742 0.1000000015
3706  -29.250  -79.818  -3.544 0.1000000015
4238  -27.915  -78.576  -3.730 0.1000000015
4237  -26.787  -77.923  -3.764 0.1000000015
4952  -27.566  -77.475  -3.438 0.1000000015
4236  -25.808  -77.412  -3.885 0.1000000015
4951  -26.546  -76.959  -3.565 0.1000000015
4953  -28.551  -78.001  -3.293 0.1000000015
4239  -29.649  -79.378  -3.115 0.1000000015
4954  -29.405  -78.468  -3.044 0.1000000015
5570  -28.230  -76.969  -3.087 0.1000000015
6115  -25.603  -74.960  -4.178 0.1000000015
2762  -28.681  -82.046  -3.590 0.1000000015
2763  -29.079  -81.235  -3.251 0.1000000015
3220  -27.920  -80.442  -1.688 0.1000000015
3695  -29.941  -79.584  -2.653 0.1000000015
3705  -28.602  -79.408  -3.815 0.1000000015
3729  -22.505  -78.445  -6.042 0.1000000015
3744  -21.792  -78.792  -7.409 0.1000000015
4278  -22.236  -78.288  -7.360 0.1000000015
4361  -33.529  -78.149  -10.543 0.1000000015
4846  -34.743  -77.780  3.612 0.1000000015
4972  -22.697  -77.888  -6.091 0.1000000015
4982  -33.378  -77.393  -7.106 0.1000000015
4999  -33.543  -77.652  -7.412 0.1000000015
5011  -35.367  -77.138  -8.221 0.1000000015
5036  -34.533  -77.532  -10.008 0.1000000015
5464  -36.160  -76.766  4.867 0.1000000015
5475  -36.184  -77.073  4.175 0.1000000015
5567  -25.551  -75.634  -3.869 0.1000000015
5608  -36.091  -76.632  -6.422 0.1000000015
5609  -36.671  -75.752  -6.611 0.1000000015
6038  -37.558  -75.862  5.776 0.1000000015
6077  -34.208  -75.703  1.374 0.1000000015
6116  -26.248  -75.015  -3.711 0.1000000015
6121  -37.792  -75.539  -3.967 0.1000000015
6179  -35.843  -75.515  -7.935 0.1000000015
6194  -35.644  -75.121  -8.679 0.1000000015
6207  -35.618  -75.118  -10.540 0.1000000015
6247  -35.382  -74.418  -13.161 0.1000000015
6625  -36.274  -75.455  3.053 0.1000000015
6627  -37.846  -74.538  4.605 0.2000000030
6689  -39.395  -74.231  -1.945 0.2000000030
6701  -38.885  -74.541  -2.452 0.2000000030
6728  -38.815  -74.291  -3.753 0.1000000015
6793  -35.474  -74.792  -9.355 0.1000000015
7218  -38.299  -74.389  5.321 0.2000000030
7290  -41.234  -72.638  0.212 0.3000000119
7309  -36.716  -74.040  -1.796 0.1000000015
7311  -38.715  -74.203  -1.374 0.1000000015
7312  -39.752  -73.918  -1.397 0.2000000030
7322  -39.673  -73.897  -2.542 0.1000000015
7342  -38.041  -73.904  -5.089 0.1000000015
7343  -38.533  -74.191  -4.461 0.1000000015
7350  -37.214  -73.892  -6.041 0.1000000015
7766  -38.583  -72.053  11.081 0.1000000015
7831  -38.718  -72.864  5.504 0.2000000030
7859  -37.506  -72.865  3.309 0.3000000119
7875  -40.245  -71.974  2.301 0.4000000060
7887  -36.092  -72.646  1.359 0.2000000030
7893  -42.205  -71.764  0.903 0.4000000060
7910  -33.129  -72.777  -0.361 0.1000000015
7917  -41.364  -72.461  -0.099 0.3000000119
7920  -32.409  -72.660  -1.492 0.1000000015
7923  -35.163  -72.793  -1.001 0.2000000030
7925  -41.165  -72.582  -0.676 0.2000000030
7929  -39.408  -72.611  -3.018 0.1000000015
7949  -35.680  -72.045  -5.363 0.2000000030
7961  -34.675  -72.311  -6.601 0.1000000015
8040  -34.075  -71.601  -12.086 0.1000000015
8041  -34.392  -72.086  -12.947 0.1000000015
8054  -34.678  -72.437  -13.651 0.1000000015
8395  -38.320  -71.615  11.710 0.1000000015
8415  -39.893  -71.466  9.770 0.1000000015
8465  -39.798  -71.455  5.697 0.2000000030
8519  -42.034  -71.807  1.513 0.4000000060
8523  -41.914  -71.736  0.382 0.4000000060
8534  -40.855  -72.391  -1.323 0.2000000030
8539  -38.076  -71.467  -2.989 0.1000000015
8571  -34.652  -71.386  -5.431 0.2000000030
8587  -33.237  -71.013  -7.472 0.1000000015
8608  -33.347  -70.881  -9.556 0.1000000015
8620  -33.449  -71.103  -10.413 0.1000000015
8676  -34.699  -71.952  -15.304 0.1000000015
9010  -34.495  -70.616  11.398 0.1000000015
9024  -41.392  -70.347  11.408 0.1000000015
9109  -43.067  -70.416  2.748 0.4000000060
9141  -41.704  -71.578  -0.129 0.4000000060
9149  -39.777  -70.963  -1.460 0.1000000015
9178  -35.405  -71.068  -4.315 0.2000000030
9227  -33.743  -70.790  -10.965 0.1000000015
9236  -34.429  -70.394  -12.030 0.1000000015
9246  -34.626  -70.528  -13.337 0.1000000015
9260  -35.379  -70.465  -15.466 0.1000000015
9642  -42.757  -69.066  11.880 0.1000000015
9643  -43.484  -68.621  11.075 0.1000000015
9654  -33.867  -70.278  11.300 0.1000000015
9666  -29.150  -69.060  8.366 0.1000000015
9688  -43.346  -69.273  6.969 0.4000000060
9689  -44.612  -68.601  6.832 0.4000000060
9712  -43.745  -69.129  3.909 0.2000000030
9741  -38.679  -69.362  2.061 0.4000000060
9743  -40.933  -69.474  2.078 0.4000000060
9752  -36.985  -69.244  1.423 0.2000000030
9756  -41.756  -69.954  1.151 0.4000000060
9757  -42.902  -70.042  1.410 0.4000000060
9762  -35.927  -69.314  0.423 0.1000000015
9764  -37.713  -69.670  0.750 0.2000000030
9777  -34.737  -69.288  -1.317 0.1000000015
9846  -33.374  -69.388  -7.805 0.1000000015
9864  -33.545  -69.811  -8.580 0.1000000015
9926  -34.615  -69.958  -11.393 0.1000000015
9961  -35.136  -69.914  -13.102 0.1000000015
10341  -29.215  -68.448  13.927 0.1000000015
10372  -43.211  -68.762  11.516 0.1000000015
10378  -28.750  -68.026  10.085 0.1000000015
10381  -37.254  -68.070  10.089 0.3000000119
10420  -45.100  -67.659  9.549 0.4000000060
10428  -46.335  -67.232  7.417 0.5000000000
10456  -41.405  -68.580  3.178 0.4000000060
10457  -42.553  -68.675  3.285 0.4000000060
10473  -40.042  -69.013  2.730 0.4000000060
10488  -36.528  -68.595  1.675 0.3000000119
10494  -34.699  -68.504  0.333 0.1000000015
10545  -32.659  -68.597  -5.262 0.1000000015
10547  -42.693  -68.954  -6.613 0.1000000015
10562  -32.873  -68.818  -6.115 0.1000000015
10578  -33.122  -69.086  -6.967 0.1000000015
10583  -40.631  -69.557  -8.102 0.1000000015
10612  -34.311  -68.986  -9.228 0.1000000015
10633  -37.179  -68.594  -10.251 0.1000000015
10655  -38.297  -68.556  -11.816 0.1000000015
10656  -39.301  -68.459  -11.985 0.1000000015
11041  -30.181  -67.563  15.256 0.1000000015
11069  -29.124  -66.759  13.922 0.1000000015
11100  -28.288  -67.002  11.687 0.1000000015
11121  -35.869  -67.270  9.102 0.2000000030
11125  -35.094  -66.848  7.908 0.3000000119
11126  -35.663  -67.365  8.303 0.2000000030
11132  -37.007  -67.985  7.509 0.3000000119
11133  -37.833  -68.095  7.214 0.3000000119
11137  -45.889  -67.256  8.987 0.4000000060
11145  -36.345  -67.417  7.020 0.2000000030
11176  -45.853  -67.522  5.195 0.5000000000
11177  -46.477  -66.935  5.268 0.5000000000
11192  -39.621  -68.191  3.071 0.3000000119
11202  -36.222  -67.906  1.708 0.2000000030
11241  -41.104  -67.574  -4.994 0.1000000015
11244  -44.096  -67.629  -5.281 0.1000000015
11259  -33.325  -67.347  -5.618 0.1000000015
11263  -41.768  -68.544  -5.671 0.1000000015
11264  -42.894  -68.660  -5.931 0.1000000015
11279  -34.195  -67.371  -6.707 0.1000000015
11286  -43.775  -67.895  -5.597 0.1000000015
11326  -41.005  -68.226  -9.768 0.1000000015
11691  -30.433  -66.486  15.689 0.1000000015
11702  -39.738  -66.430  14.355 0.1000000015
11728  -28.442  -66.507  12.320 0.1000000015
11767  -35.151  -66.664  7.250 0.3000000119
11780  -35.386  -66.421  6.661 0.3000000119
11782  -37.770  -67.187  6.300 0.3000000119
11814  -46.735  -66.360  4.871 0.5000000000
11920  -44.758  -66.810  -4.825 0.1000000015
11938  -34.898  -66.438  -5.447 0.1000000015
11944  -44.395  -67.359  -5.129 0.1000000015
11960  -36.272  -66.730  -5.964 0.1000000015
11961  -36.905  -66.754  -5.852 0.1000000015
11963  -42.964  -68.490  -6.522 0.1000000015
12386  -29.124  -65.443  12.443 0.1000000015
12399  -29.400  -65.879  11.797 0.1000000015
12411  -34.560  -65.346  9.041 0.3000000119
12444  -46.665  -65.669  6.192 0.5000000000
12452  -36.476  -65.622  5.652 0.4000000060
12458  -45.374  -64.372  5.642 0.6000000238
12460  -46.918  -65.261  5.634 0.5000000000
12468  -47.013  -65.480  4.867 0.5000000000
12469  -47.145  -65.867  5.332 0.5000000000
12502  -36.047  -65.111  1.522 0.1000000015
13063  -33.384  -64.359  6.867 0.3000000119
13075  -38.566  -64.730  5.261 0.4000000060
13082  -46.868  -64.839  5.268 0.5000000000
13083  -47.058  -65.296  5.329 0.5000000000
13090  -46.114  -64.105  4.775 0.6000000238
13100  -45.627  -64.314  4.133 0.5000000000
13127  -38.299  -64.354  1.607 0.4000000060
13167  -44.261  -64.920  -3.557 0.1000000015
13221  -38.574  -64.318  -7.596 0.1000000015
13637  -31.751  -62.775  17.101 0.1000000015
13659  -30.331  -63.395  15.298 0.1000000015
13775  -35.494  -63.697  5.205 0.4000000060
13783  -44.301  -62.767  5.064 0.6000000238
13870  -43.531  -64.208  -3.376 0.1000000015
13901  -37.899  -62.719  -7.072 0.1000000015
13905  -41.381  -63.936  -6.462 0.1000000015
13920  -38.194  -63.518  -7.286 0.1000000015
14410  -31.561  -61.904  8.408 0.3000000119
14433  -32.292  -62.250  6.907 0.3000000119
14434  -32.952  -62.541  6.377 0.3000000119
14447  -35.323  -62.530  4.962 0.5000000000
14451  -43.032  -62.062  5.047 0.6000000238
14465  -36.822  -62.248  4.634 0.5000000000
14472  -44.048  -61.864  4.256 0.5000000000
14515  -39.552  -62.269  1.403 0.4000000060
14589  -43.034  -62.545  -6.364 0.1000000015
15082  -32.649  -61.682  10.133 0.3000000119
15104  -39.449  -62.104  9.469 0.1000000015
15139  -33.331  -61.815  5.863 0.3000000119
15140  -34.062  -61.786  5.440 0.4000000060
15153  -35.710  -61.613  4.721 0.5000000000
15160  -43.545  -61.345  4.089 0.6000000238
15169  -42.610  -60.538  3.952 0.4000000060
15906  -34.826  -60.316  4.772 0.5000000000
15911  -39.718  -59.965  4.508 0.4000000060
15954  -40.773  -59.716  1.610 0.5000000000
16643  -31.265  -59.666  9.731 0.3000000119
16695  -31.929  -59.218  6.116 0.3000000119
16720  -36.941  -59.086  3.861 0.3000000119
16721  -37.929  -59.026  3.696 0.4000000060
16723  -40.181  -58.689  3.041 0.4000000060
16733  -40.728  -58.954  2.317 0.4000000060
17512  -43.070  -59.476  9.597 0.1000000015
17543  -31.496  -58.865  6.668 0.3000000119
17563  -32.605  -58.385  4.877 0.3000000119
17574  -34.784  -58.394  3.812 0.2000000030
17589  -39.790  -58.499  2.343 0.4000000060
17605  -38.218  -57.691  1.944 0.3000000119
17618  -34.321  -58.040  -2.017 0.1000000015
18357  -31.421  -57.207  4.969 0.3000000119
18428  -34.953  -57.590  -0.589 0.1000000015
18438  -34.424  -57.269  -1.778 0.1000000015
19216  -30.440  -56.589  6.067 0.3000000119
19245  -32.059  -56.265  3.786 0.2000000030
19246  -33.876  -56.483  2.993 0.2000000030
19277  -37.229  -56.556  1.839 0.3000000119
19306  -34.626  -56.161  -2.530 0.1000000015
20025  -34.514  -55.601  -1.251 0.1000000015
20685  -30.635  -54.624  6.044 0.2000000030
20713  -35.087  -54.440  1.948 0.2000000030
20714  -35.735  -54.800  1.554 0.3000000119
22286  -34.048  -52.245  1.758 0.2000000030
22324  -34.933  -53.166  -2.184 0.1000000015
22325  -35.400  -52.820  -2.359 0.1000000015
23087  -31.297  -51.551  5.705 0.1000000015
23096  -31.407  -51.631  4.947 0.1000000015
25587  -33.341  -48.322  2.850 0.1000000015
26394  -34.423  -47.130  5.889 0.1000000015
26398  -38.081  -47.748  6.413 0.1000000015
26438  -33.440  -47.192  3.879 0.1000000015
112734  -41.633  -66.506  -4.218 0.1000000015
113611  -36.850  -65.077  1.561 0.1000000015
114913  -28.644  -81.720  -4.208 0.1000000015
115359  -42.071  -60.853  -6.305 0.1000000015
116071  -35.380  -72.691  -6.385 0.2000000030
116221  -42.972  -61.189  3.157 0.6000000238
117048  -35.390  -69.496  -0.985 0.1000000015
117448  -44.359  -62.197  4.170 0.6000000238
118136  -41.012  -64.697  -3.770 0.1000000015
118152  -30.140  -66.848  15.316 0.1000000015
118279  -38.151  -61.554  4.560 0.5000000000
120077  -43.038  -68.911  11.505 0.1000000015
120141  -40.330  -68.560  9.188 0.3000000119
121626  -33.134  -70.513  -7.017 0.1000000015
121993  -23.646  -79.241  -5.342 0.1000000015
122348  -40.091  -71.312  10.446 0.1000000015
122596  -36.235  -75.352  -7.140 0.1000000015
122606  -32.023  -49.644  6.032 0.1000000015
123253  -32.685  -69.283  8.095 0.1000000015
123323  -39.912  -64.069  -6.553 0.1000000015
124189  -38.959  -72.730  0.760 0.2000000030
124417  -32.554  -69.022  -4.875 0.1000000015
124482  -34.950  -47.602  6.276 0.1000000015
125219  -32.554  -48.674  5.526 0.1000000015
125246  -34.431  -52.091  -0.621 0.1000000015
125716  -30.944  -58.901  8.281 0.3000000119
126252  -32.750  -63.841  7.351 0.3000000119
126632  -36.313  -76.661  3.438 0.1000000015
127042  -46.565  -64.403  5.067 0.6000000238
127842  -35.017  -73.928  -11.011 0.1000000015
128118  -31.194  -64.786  16.626 0.1000000015
128652  -35.846  -66.091  6.090 0.3000000119
128969  -41.915  -59.720  3.371 0.5000000000
129182  -33.819  -47.397  5.690 0.1000000015
129405  -38.986  -50.227  -0.998 0.1000000015
130706  -34.621  -60.983  10.495 0.3000000119
131158  -40.564  -59.767  9.342 0.1000000015
131622  -30.222  -64.907  15.489 0.1000000015
131656  -37.018  -64.473  5.155 0.4000000060
132112  -37.997  -65.994  5.600 0.4000000060
132317  -33.781  -71.922  -7.507 0.1000000015
132335  -33.234  -69.991  -4.754 0.1000000015
132350  -37.999  -66.616  2.177 0.3000000119
132398  -28.979  -78.952  -3.485 0.1000000015
132518  -30.740  -55.818  4.712 0.3000000119
133178  -40.510  -73.179  0.024 0.2000000030
133194  -35.225  -69.771  12.570 0.1000000015
133559  -40.030  -66.849  14.361 0.1000000015
133836  -40.858  -62.278  4.986 0.5000000000
134088  -44.979  -54.514  -3.777 0.1000000015
134152  -32.099  -63.189  17.422 0.1000000015
134467  -32.167  -62.795  7.334 0.3000000119
134888  -37.210  -65.877  1.703 0.3000000119
135062  -33.067  -64.147  7.125 0.3000000119
135179  -37.986  -68.653  -10.120 0.1000000015
135241  -35.152  -69.448  -11.433 0.1000000015
135331  -36.276  -69.739  -15.343 0.1000000015
135522  -30.602  -54.778  4.659 0.2000000030
135855  -37.411  -67.562  2.243 0.3000000119
