#!ascii label  , from subject sub-v1s23x0050615_ses-1 vox2ras=TkReg
293
54881  -27.439  -1.120  -31.311 0.0000000000
52064  -26.240  -5.175  -29.707 0.0000000000
52051  -30.659  -5.729  -28.253 0.0000000000
93783  -27.332  -8.490  -26.925 0.0000000000
63066  -25.797  10.794  -31.690 0.0000000000
61072  -28.028  8.149  -30.395 0.0000000000
91520  -24.701  3.393  -31.742 0.0000000000
48627  -25.606  -10.752  -24.554 0.0000000000
50743  -26.393  -7.015  -28.732 0.0000000000
50044  -24.269  -8.407  -26.532 0.0000000000
62486  -26.728  9.334  -31.360 0.0000000000
61079  -25.822  7.302  -30.824 0.0000000000
54878  -25.376  -1.690  -30.804 0.0000000000
56274  -23.916  0.225  -30.392 0.0000000000
56283  -26.666  0.559  -31.716 0.0000000000
94350  -27.865  3.272  -31.349 0.0000000000
56943  -29.135  1.625  -30.529 0.0000000000
55566  -30.345  -0.809  -29.655 0.0000000000
53471  -25.039  -3.390  -29.777 0.0000000000
52763  -27.117  -3.661  -30.457 0.0000000000
54166  -29.294  -3.093  -29.882 0.0000000000
52066  -27.856  -5.246  -29.984 0.0000000000
50746  -28.856  -6.987  -28.490 0.0000000000
50049  -29.758  -8.537  -26.426 0.0000000000
92539  -24.075  4.746  -31.513 0.0000000000
58942  -26.439  5.557  -31.622 0.0000000000
60358  -29.496  6.475  -30.329 0.0000000000
49318  -23.412  -8.989  -25.141 0.0000000000
99224  -26.269  -9.751  -25.449 0.0000000000
50714  -23.834  -7.723  -26.936 0.0000000000
50043  -23.446  -8.066  -26.116 0.0000000000
61078  -24.900  7.456  -30.536 0.0000000000
60363  -24.286  6.209  -30.501 0.0000000000
95139  -26.236  -1.329  -31.227 0.0000000000
55574  -26.081  -0.256  -31.486 0.0000000000
55575  -26.939  -0.560  -31.576 0.0000000000
56285  -27.946  0.996  -31.624 0.0000000000
55568  -28.616  -0.176  -31.082 0.0000000000
56276  -29.504  0.131  -30.469 0.0000000000
55569  -29.158  -0.770  -30.540 0.0000000000
52745  -25.321  -4.328  -29.544 0.0000000000
52760  -25.836  -3.407  -30.251 0.0000000000
98204  -26.769  -4.569  -30.053 0.0000000000
52073  -27.498  -4.788  -30.201 0.0000000000
51404  -26.826  -5.067  -29.972 0.0000000000
50732  -26.994  -7.631  -28.146 0.0000000000
50745  -27.997  -6.947  -28.708 0.0000000000
50065  -28.641  -8.048  -27.236 0.0000000000
50066  -29.322  -8.087  -26.939 0.0000000000
50048  -28.907  -8.580  -26.590 0.0000000000
88407  -24.707  10.166  -29.994 0.0000000000
63688  -24.399  11.124  -29.052 0.0000000000
63690  -25.514  11.559  -30.771 0.0000000000
92863  -25.832  12.580  -30.827 0.0000000000
63697  -27.222  11.444  -32.688 0.0000000000
61793  -27.616  8.851  -30.697 0.0000000000
57565  -24.414  2.306  -31.181 0.0000000000
88732  -24.079  3.004  -31.187 0.0000000000
58940  -24.243  4.167  -31.839 0.0000000000
59634  -25.308  5.087  -32.058 0.0000000000
58954  -25.119  4.376  -32.156 0.0000000000
58216  -29.225  3.313  -30.191 0.0000000000
58944  -28.408  4.642  -30.828 0.0000000000
58925  -29.899  4.947  -29.914 0.0000000000
52746  -30.187  -4.487  -29.101 0.0000000000
53467  -30.517  -3.616  -28.981 0.0000000000
48626  -24.555  -10.872  -24.284 0.0000000000
48644  -24.921  -10.161  -24.814 0.0000000000
85953  -25.127  -9.676  -25.340 0.0000000000
48645  -25.854  -10.055  -25.063 0.0000000000
51390  -25.589  -5.919  -29.098 0.0000000000
50749  -26.285  -6.004  -29.377 0.0000000000
50742  -25.635  -6.704  -28.742 0.0000000000
50062  -25.454  -7.941  -27.952 0.0000000000
50045  -25.813  -8.396  -27.241 0.0000000000
62479  -25.027  9.517  -30.495 0.0000000000
63070  -26.311  10.111  -32.030 0.0000000000
61799  -25.262  8.925  -30.609 0.0000000000
61080  -26.374  8.078  -30.725 0.0000000000
60366  -26.841  7.280  -30.807 0.0000000000
54168  -24.443  -1.800  -30.175 0.0000000000
55571  -24.221  -0.544  -30.549 0.0000000000
56282  -24.787  0.662  -31.129 0.0000000000
57567  -25.732  2.280  -31.732 0.0000000000
58238  -25.904  3.818  -32.058 0.0000000000
56954  -27.453  1.899  -31.697 0.0000000000
57570  -28.082  2.506  -31.337 0.0000000000
57558  -29.559  2.357  -30.129 0.0000000000
56944  -29.968  1.587  -30.076 0.0000000000
91726  -26.316  -12.113  -24.242 0.0000000000
47885  -26.356  -11.248  -24.438 0.0000000000
54169  -24.874  -2.378  -30.265 0.0000000000
54176  -26.332  -2.636  -30.645 0.0000000000
54170  -27.058  -3.026  -30.723 0.0000000000
54172  -28.760  -2.504  -30.311 0.0000000000
85103  -27.477  -3.627  -30.520 0.0000000000
52752  -28.554  -4.803  -29.871 0.0000000000
52058  -29.315  -5.704  -29.111 0.0000000000
51391  -27.431  -6.243  -29.325 0.0000000000
88569  -28.216  -6.318  -29.143 0.0000000000
51393  -29.952  -6.143  -28.571 0.0000000000
50736  -30.203  -7.202  -27.457 0.0000000000
89764  -30.346  -8.187  -26.485 0.0000000000
63071  -27.271  10.338  -32.351 0.0000000000
59633  -24.645  5.444  -31.418 0.0000000000
60365  -26.213  6.490  -31.174 0.0000000000
89890  -27.285  6.413  -31.096 0.0000000000
58956  -26.850  4.328  -31.804 0.0000000000
59636  -28.404  5.472  -30.918 0.0000000000
60357  -28.985  6.937  -30.514 0.0000000000
87140  -29.603  -2.177  -29.977 0.0000000000
88042  -30.879  -2.096  -28.866 0.0000000000
50032  -23.115  -8.386  -25.383 0.0000000000
50033  -23.851  -8.747  -25.761 0.0000000000
49338  -25.790  -9.007  -26.422 0.0000000000
49321  -26.618  -9.398  -25.937 0.0000000000
48628  -27.092  -10.756  -24.676 0.0000000000
48647  -27.794  -10.233  -25.087 0.0000000000
49341  -28.325  -9.115  -26.179 0.0000000000
60356  -23.790  6.120  -30.067 0.0000000000
97836  -26.763  -1.621  -31.146 0.0000000000
55576  -27.854  -0.375  -31.490 0.0000000000
54875  -28.254  -1.136  -31.010 0.0000000000
51396  -25.650  -5.378  -29.366 0.0000000000
52057  -25.138  -4.991  -29.179 0.0000000000
52063  -25.732  -4.952  -29.587 0.0000000000
52070  -26.182  -4.622  -29.887 0.0000000000
95541  -26.739  -4.967  -29.918 0.0000000000
51398  -26.624  -5.339  -29.748 0.0000000000
50046  -26.786  -8.215  -27.431 0.0000000000
50064  -27.710  -7.989  -27.515 0.0000000000
50047  -28.063  -8.541  -26.789 0.0000000000
63065  -25.205  10.850  -30.398 0.0000000000
91516  -26.437  10.795  -32.411 0.0000000000
62480  -28.122  9.156  -30.573 0.0000000000
61794  -28.360  8.650  -30.250 0.0000000000
61073  -28.775  7.807  -30.193 0.0000000000
57556  -24.380  3.147  -31.491 0.0000000000
96097  -24.240  2.639  -31.137 0.0000000000
58229  -24.173  3.603  -31.534 0.0000000000
58236  -24.426  3.789  -31.832 0.0000000000
58953  -24.559  4.152  -32.035 0.0000000000
58237  -24.916  3.839  -32.005 0.0000000000
89417  -29.766  4.097  -29.910 0.0000000000
58924  -29.156  4.351  -30.322 0.0000000000
52747  -30.814  -4.197  -28.613 0.0000000000
52739  -30.743  -4.916  -28.478 0.0000000000
47884  -25.439  -11.660  -24.159 0.0000000000
49308  -24.069  -10.117  -24.611 0.0000000000
50741  -24.853  -6.553  -28.475 0.0000000000
50061  -24.751  -8.058  -27.449 0.0000000000
87256  -25.086  -8.628  -26.750 0.0000000000
61792  -24.395  8.957  -30.303 0.0000000000
62485  -25.865  9.571  -31.143 0.0000000000
91712  -25.488  8.154  -30.648 0.0000000000
54173  -24.717  -1.802  -30.467 0.0000000000
54877  -24.729  -1.404  -30.651 0.0000000000
55573  -25.368  -0.035  -31.272 0.0000000000
56952  -25.584  1.154  -31.534 0.0000000000
56951  -24.744  1.674  -31.248 0.0000000000
56953  -26.543  1.630  -31.791 0.0000000000
56942  -28.375  1.692  -31.233 0.0000000000
57557  -28.770  2.409  -30.642 0.0000000000
56271  -30.203  -0.089  -30.017 0.0000000000
56272  -30.279  0.711  -29.959 0.0000000000
55560  -30.903  -0.666  -29.033 0.0000000000
47148  -25.576  -12.736  -24.177 0.0000000000
98841  -26.231  -12.831  -24.366 0.0000000000
53470  -24.360  -2.742  -29.456 0.0000000000
53474  -24.733  -2.522  -29.992 0.0000000000
52761  -26.436  -3.830  -30.212 0.0000000000
53480  -26.171  -2.996  -30.484 0.0000000000
53481  -26.690  -3.195  -30.491 0.0000000000
53482  -26.890  -2.926  -30.658 0.0000000000
92865  -27.100  -3.699  -30.501 0.0000000000
99592  -28.137  -4.988  -29.992 0.0000000000
52067  -28.684  -5.347  -29.587 0.0000000000
50750  -26.816  -6.299  -29.279 0.0000000000
51392  -29.115  -6.344  -28.843 0.0000000000
51382  -29.717  -6.844  -28.219 0.0000000000
50715  -29.925  -7.831  -26.917 0.0000000000
50050  -30.397  -8.657  -26.141 0.0000000000
98765  -26.983  9.828  -32.063 0.0000000000
56270  -23.681  0.128  -30.036 0.0000000000
58923  -23.940  4.101  -31.087 0.0000000000
96096  -23.838  4.853  -30.662 0.0000000000
59623  -24.040  5.462  -30.654 0.0000000000
85338  -25.566  5.817  -31.472 0.0000000000
58239  -27.020  3.488  -31.793 0.0000000000
58230  -27.720  4.069  -31.344 0.0000000000
58945  -29.146  5.239  -30.452 0.0000000000
59637  -29.131  6.011  -30.620 0.0000000000
60367  -28.414  6.329  -30.871 0.0000000000
61074  -29.535  7.119  -29.867 0.0000000000
54162  -30.799  -2.934  -28.759 0.0000000000
49319  -24.201  -9.488  -25.184 0.0000000000
49320  -25.760  -9.514  -25.703 0.0000000000
49322  -27.597  -9.593  -25.696 0.0000000000
50730  -24.249  -7.255  -27.777 0.0000000000
61798  -24.538  8.300  -30.361 0.0000000000
95039  -23.984  7.650  -30.122 0.0000000000
98956  -24.422  6.908  -30.356 0.0000000000
60364  -25.150  6.478  -30.861 0.0000000000
54879  -26.110  -1.879  -30.912 0.0000000000
84501  -25.624  -1.078  -31.157 0.0000000000
56284  -27.269  1.088  -31.783 0.0000000000
89265  -27.513  0.341  -31.700 0.0000000000
97305  -28.161  0.308  -31.512 0.0000000000
56275  -28.748  0.784  -30.999 0.0000000000
56277  -29.540  0.964  -30.406 0.0000000000
55565  -29.827  -0.550  -30.171 0.0000000000
54871  -29.733  -1.288  -30.076 0.0000000000
52744  -24.686  -4.451  -28.946 0.0000000000
52756  -25.739  -3.824  -29.987 0.0000000000
52757  -26.414  -4.065  -30.123 0.0000000000
52758  -26.961  -4.153  -30.269 0.0000000000
52759  -27.317  -4.475  -30.239 0.0000000000
52071  -26.983  -4.831  -30.063 0.0000000000
52072  -27.368  -4.845  -30.107 0.0000000000
52065  -27.370  -5.110  -30.016 0.0000000000
50744  -27.209  -6.930  -28.781 0.0000000000
50733  -27.680  -7.429  -28.229 0.0000000000
50734  -28.397  -7.504  -27.966 0.0000000000
50735  -29.328  -7.515  -27.619 0.0000000000
63064  -24.071  10.094  -29.150 0.0000000000
63689  -25.118  11.537  -29.633 0.0000000000
63703  -27.691  12.462  -32.364 0.0000000000
62487  -27.869  9.613  -31.287 0.0000000000
57546  -23.732  2.646  -30.499 0.0000000000
58228  -23.828  3.353  -30.846 0.0000000000
58941  -24.535  4.606  -32.003 0.0000000000
58955  -26.039  4.689  -32.072 0.0000000000
58215  -28.455  3.782  -30.766 0.0000000000
59624  -29.750  5.839  -30.189 0.0000000000
53473  -29.822  -3.744  -29.519 0.0000000000
51389  -24.837  -5.676  -28.742 0.0000000000
51397  -26.118  -5.550  -29.526 0.0000000000
50731  -25.047  -7.438  -28.209 0.0000000000
50073  -25.715  -7.448  -28.365 0.0000000000
50063  -26.174  -7.865  -28.035 0.0000000000
49339  -26.633  -8.748  -26.699 0.0000000000
62477  -23.434  9.133  -29.578 0.0000000000
63069  -25.565  10.147  -31.043 0.0000000000
61800  -26.068  8.885  -30.853 0.0000000000
61801  -26.796  8.701  -30.775 0.0000000000
61081  -27.266  8.100  -30.574 0.0000000000
55572  -24.822  -0.605  -30.944 0.0000000000
56281  -24.256  0.355  -30.730 0.0000000000
56941  -24.057  0.979  -30.578 0.0000000000
57566  -24.907  2.528  -31.529 0.0000000000
92504  -25.371  3.157  -31.827 0.0000000000
57568  -26.466  2.732  -31.853 0.0000000000
57569  -27.371  2.766  -31.691 0.0000000000
89115  -28.467  3.048  -30.820 0.0000000000
57547  -29.923  2.944  -29.753 0.0000000000
57548  -30.327  2.323  -29.693 0.0000000000
54174  -25.255  -2.097  -30.603 0.0000000000
53475  -25.371  -3.030  -30.206 0.0000000000
53479  -25.666  -2.703  -30.501 0.0000000000
54175  -25.839  -2.397  -30.652 0.0000000000
54880  -26.335  -2.053  -30.868 0.0000000000
54177  -26.700  -2.450  -30.789 0.0000000000
54874  -27.405  -2.014  -30.861 0.0000000000
92917  -28.232  -1.990  -30.638 0.0000000000
54171  -27.836  -2.777  -30.594 0.0000000000
53478  -28.363  -3.414  -30.311 0.0000000000
53476  -27.298  -4.193  -30.385 0.0000000000
53477  -28.104  -4.199  -30.234 0.0000000000
53472  -28.914  -3.993  -29.946 0.0000000000
52754  -29.420  -4.417  -29.567 0.0000000000
52753  -29.418  -5.040  -29.353 0.0000000000
52059  -30.098  -5.369  -28.838 0.0000000000
51399  -26.772  -5.689  -29.712 0.0000000000
51400  -27.613  -5.630  -29.758 0.0000000000
51401  -28.432  -5.790  -29.460 0.0000000000
51383  -30.497  -6.502  -27.927 0.0000000000
50716  -30.614  -7.584  -26.741 0.0000000000
63072  -28.375  10.376  -31.484 0.0000000000
61082  -27.995  7.316  -30.711 0.0000000000
94666  -26.916  4.997  -31.743 0.0000000000
58943  -27.642  4.873  -31.387 0.0000000000
59635  -27.542  5.594  -31.282 0.0000000000
54876  -28.984  -1.633  -30.428 0.0000000000
54872  -30.277  -1.754  -29.559 0.0000000000
54167  -30.204  -2.775  -29.386 0.0000000000
90385  -30.716  -1.326  -29.147 0.0000000000
49337  -24.852  -9.129  -26.017 0.0000000000
49340  -27.444  -9.017  -26.379 0.0000000000
94591  -26.356  -10.562  -24.742 0.0000000000
48646  -26.802  -10.043  -25.189 0.0000000000
52762  -26.783  -3.533  -30.394 0.0000000000
56950  -24.351  1.363  -30.912 0.0000000000
95961  -29.077  6.456  -30.608 0.0000000000
