#!ascii label  , from subject sub-v1s23x0050576_ses-1 vox2ras=TkReg
722
73460  37.153  35.250  10.054 0.0000000000
70129  43.489  29.268  3.682 0.0000000000
71402  41.194  31.925  -0.171 0.0000000000
67341  43.368  26.474  -8.337 0.0000000000
69447  36.462  28.532  7.673 0.0000000000
72992  40.927  34.903  7.648 0.0000000000
68811  44.252  27.799  -1.505 0.0000000000
71971  37.513  32.844  -2.996 0.0000000000
72461  44.705  33.061  8.933 0.0000000000
70715  40.129  30.923  8.138 0.0000000000
68005  40.705  26.543  3.670 0.0000000000
73515  40.746  35.944  -1.338 0.0000000000
72004  41.269  33.320  -6.773 0.0000000000
71363  44.743  31.454  2.462 0.0000000000
70799  46.691  30.986  -5.372 0.0000000000
73523  37.042  35.931  -2.215 0.0000000000
71883  40.740  32.558  11.482 0.0000000000
71307  38.627  31.947  10.315 0.0000000000
68762  38.636  27.492  5.279 0.0000000000
72482  38.635  34.044  3.607 0.0000000000
73490  39.667  35.925  2.525 0.0000000000
72509  40.722  33.907  -1.700 0.0000000000
73536  41.189  35.453  -4.735 0.0000000000
72520  42.805  33.516  -4.676 0.0000000000
70729  44.891  31.001  6.492 0.0000000000
71920  45.503  32.424  6.553 0.0000000000
70749  46.645  30.932  3.784 0.0000000000
68080  45.330  27.766  -5.948 0.0000000000
70171  45.168  29.380  -3.081 0.0000000000
68832  43.841  29.253  -6.197 0.0000000000
68826  42.640  28.342  -4.479 0.0000000000
96193  41.075  26.295  -6.696 0.0000000000
100363  38.632  24.677  -5.036 0.0000000000
98581  34.818  34.315  9.475 0.0000000000
71317  36.630  31.538  9.637 0.0000000000
72477  39.882  33.040  4.691 0.0000000000
68777  42.977  27.193  2.058 0.0000000000
100201  44.799  29.115  1.155 0.0000000000
68040  43.907  26.383  -0.744 0.0000000000
67310  46.030  25.685  -4.086 0.0000000000
73458  43.127  35.124  11.427 0.0000000000
72433  43.126  33.163  12.191 0.0000000000
71311  42.805  31.775  9.385 0.0000000000
70739  42.175  30.192  5.675 0.0000000000
70725  38.636  30.377  7.732 0.0000000000
70116  39.496  29.118  5.161 0.0000000000
105309  41.597  27.918  3.440 0.0000000000
104476  42.227  25.972  2.438 0.0000000000
73461  32.287  36.023  10.156 0.0000000000
73990  41.437  36.956  0.931 0.0000000000
74004  39.821  36.701  -0.830 0.0000000000
73539  38.290  35.495  -3.841 0.0000000000
71994  39.310  33.325  -5.415 0.0000000000
70788  40.781  30.445  -2.561 0.0000000000
72990  43.004  34.046  8.766 0.0000000000
95782  42.619  32.408  5.125 0.0000000000
71377  42.765  31.492  1.498 0.0000000000
70150  46.161  30.497  0.201 0.0000000000
71410  46.214  31.638  -1.556 0.0000000000
71976  45.704  32.455  -3.830 0.0000000000
71460  45.690  32.096  -8.493 0.0000000000
99132  42.464  29.896  -3.715 0.0000000000
74012  36.599  36.203  -1.567 0.0000000000
74011  37.637  36.426  -1.616 0.0000000000
72445  38.876  33.424  10.887 0.0000000000
72446  37.902  33.644  10.371 0.0000000000
71938  39.568  32.757  2.136 0.0000000000
96141  39.188  33.474  1.568 0.0000000000
111862  40.234  32.851  -0.339 0.0000000000
71970  41.217  33.438  -2.305 0.0000000000
113133  41.931  32.422  -2.448 0.0000000000
70746  44.130  30.097  5.022 0.0000000000
70745  45.780  30.581  4.940 0.0000000000
70128  44.859  29.531  3.609 0.0000000000
68093  45.545  28.298  -8.199 0.0000000000
68839  45.406  29.025  -6.875 0.0000000000
68848  44.537  29.355  -8.058 0.0000000000
68841  43.442  28.514  -7.233 0.0000000000
68088  42.095  26.369  -7.916 0.0000000000
66514  40.900  25.010  -7.236 0.0000000000
66513  41.946  24.793  -7.224 0.0000000000
95246  34.814  32.303  9.482 0.0000000000
72998  39.151  34.427  5.794 0.0000000000
72996  39.970  34.304  6.464 0.0000000000
68016  43.188  25.953  1.182 0.0000000000
68031  43.415  26.597  0.701 0.0000000000
67285  43.898  25.719  -0.386 0.0000000000
67301  46.012  25.513  -2.897 0.0000000000
96310  46.866  25.267  -4.771 0.0000000000
67317  46.195  25.657  -5.287 0.0000000000
71313  40.520  31.480  9.724 0.0000000000
71304  41.271  31.769  10.442 0.0000000000
71327  41.863  31.361  8.674 0.0000000000
70721  42.534  30.857  7.116 0.0000000000
70722  41.383  30.774  7.142 0.0000000000
70719  36.886  30.191  9.202 0.0000000000
70718  37.618  30.401  8.970 0.0000000000
69446  37.366  29.554  7.545 0.0000000000
67997  39.541  26.606  4.615 0.0000000000
69452  38.962  28.280  5.102 0.0000000000
69458  40.233  28.154  4.268 0.0000000000
69457  40.886  28.925  4.380 0.0000000000
68770  41.092  27.272  3.487 0.0000000000
68769  41.753  27.216  3.055 0.0000000000
67262  41.730  25.802  2.908 0.0000000000
108739  43.715  23.713  2.681 0.0000000000
112480  39.727  35.281  0.635 0.0000000000
73983  40.614  36.285  1.684 0.0000000000
73510  40.451  35.931  -0.091 0.0000000000
73998  40.690  36.689  0.053 0.0000000000
73516  40.492  36.300  -0.896 0.0000000000
74016  39.491  36.382  -2.069 0.0000000000
73529  40.177  36.169  -2.535 0.0000000000
72542  41.241  34.855  -7.147 0.0000000000
73058  39.514  34.996  -5.971 0.0000000000
71993  40.279  32.777  -5.625 0.0000000000
99282  39.955  31.683  -3.994 0.0000000000
71446  40.607  31.813  -4.607 0.0000000000
72452  43.794  33.396  10.458 0.0000000000
72986  43.157  34.187  9.686 0.0000000000
72462  44.053  33.495  9.341 0.0000000000
71352  45.457  31.555  4.100 0.0000000000
71921  43.909  32.612  5.919 0.0000000000
71353  43.676  31.694  4.020 0.0000000000
111654  42.232  31.735  3.610 0.0000000000
71376  44.049  31.480  1.602 0.0000000000
69496  44.365  28.514  -0.063 0.0000000000
70151  45.640  29.691  0.758 0.0000000000
69495  44.604  28.784  -0.954 0.0000000000
70170  46.221  30.753  -3.260 0.0000000000
70786  46.563  31.629  -2.142 0.0000000000
96521  46.893  31.930  -2.802 0.0000000000
71420  46.188  32.047  -2.230 0.0000000000
71443  47.621  32.199  -5.054 0.0000000000
95066  45.430  33.202  -6.760 0.0000000000
70813  47.013  31.410  -7.462 0.0000000000
68827  41.844  27.506  -3.681 0.0000000000
70793  43.486  30.057  -4.796 0.0000000000
68819  41.665  27.779  -2.796 0.0000000000
69510  41.580  28.394  -2.383 0.0000000000
73958  41.484  36.449  8.895 0.0000000000
73037  36.505  34.989  -2.156 0.0000000000
101986  37.341  34.399  -3.339 0.0000000000
72960  40.838  33.939  12.268 0.0000000000
72961  40.005  34.212  11.771 0.0000000000
71896  40.045  32.153  10.949 0.0000000000
71314  39.603  31.446  9.845 0.0000000000
69449  37.260  28.457  6.575 0.0000000000
73491  38.911  35.509  3.352 0.0000000000
73016  39.220  34.508  1.205 0.0000000000
109171  40.430  35.116  -1.063 0.0000000000
104107  41.062  35.512  -2.530 0.0000000000
72515  41.200  34.654  -2.491 0.0000000000
73050  41.808  35.202  -5.502 0.0000000000
72540  42.682  34.406  -7.776 0.0000000000
71324  45.293  32.137  7.919 0.0000000000
72468  45.346  32.649  7.311 0.0000000000
71343  46.069  31.923  6.144 0.0000000000
71347  46.162  31.414  4.850 0.0000000000
70748  46.657  31.027  3.102 0.0000000000
95158  44.575  27.605  -3.654 0.0000000000
69503  44.601  28.543  -2.152 0.0000000000
68825  44.717  27.838  -4.648 0.0000000000
69514  44.687  28.684  -4.853 0.0000000000
102541  44.845  28.811  -5.079 0.0000000000
70186  45.209  29.696  -5.772 0.0000000000
68833  43.443  28.834  -5.545 0.0000000000
68834  42.273  27.677  -4.837 0.0000000000
68082  40.297  25.917  -6.178 0.0000000000
65627  40.098  23.919  -5.142 0.0000000000
105954  36.019  34.827  9.575 0.0000000000
94604  36.773  33.012  9.721 0.0000000000
95663  35.499  32.825  9.491 0.0000000000
102463  35.937  31.151  9.566 0.0000000000
70105  35.904  29.127  9.116 0.0000000000
73485  38.738  35.736  5.537 0.0000000000
72478  39.065  33.554  4.314 0.0000000000
71937  40.309  32.213  1.873 0.0000000000
69472  43.683  28.524  2.639 0.0000000000
69471  44.810  29.237  2.763 0.0000000000
69481  44.097  28.264  1.476 0.0000000000
105181  43.955  27.835  0.096 0.0000000000
98313  44.018  27.076  -1.077 0.0000000000
67292  44.763  25.442  -1.520 0.0000000000
68048  44.558  25.984  -2.015 0.0000000000
68056  44.477  26.771  -2.601 0.0000000000
110301  45.595  26.670  -5.644 0.0000000000
101143  45.973  26.324  -6.822 0.0000000000
66512  44.791  25.145  -7.054 0.0000000000
66503  43.773  24.420  -6.328 0.0000000000
72970  43.507  33.554  11.692 0.0000000000
71892  44.003  32.921  10.375 0.0000000000
105521  42.320  32.893  12.242 0.0000000000
71893  43.206  32.513  10.897 0.0000000000
71310  44.146  32.237  9.143 0.0000000000
71333  43.461  31.315  7.805 0.0000000000
70730  43.064  30.598  6.425 0.0000000000
70113  42.636  29.832  5.018 0.0000000000
71904  37.880  32.136  10.100 0.0000000000
71330  38.987  31.122  9.235 0.0000000000
70716  39.243  30.796  8.383 0.0000000000
69448  38.325  29.444  6.294 0.0000000000
70110  39.149  29.660  5.971 0.0000000000
70733  39.725  30.261  6.558 0.0000000000
70740  41.031  30.076  5.659 0.0000000000
70123  41.924  29.315  4.340 0.0000000000
70130  42.428  29.013  3.761 0.0000000000
69474  42.268  27.851  3.049 0.0000000000
68010  42.542  26.516  2.210 0.0000000000
67271  43.206  25.264  1.302 0.0000000000
66427  42.537  24.560  2.829 0.0000000000
66442  43.420  24.528  1.579 0.0000000000
73472  35.086  35.593  9.504 0.0000000000
73473  33.366  35.231  9.541 0.0000000000
73454  31.514  35.281  11.023 0.0000000000
73981  41.986  36.816  1.466 0.0000000000
74501  41.278  37.086  0.973 0.0000000000
74010  38.921  36.573  -1.527 0.0000000000
113948  37.909  35.622  -3.178 0.0000000000
107402  37.697  34.468  -3.872 0.0000000000
73538  39.875  35.685  -4.361 0.0000000000
72529  38.547  34.350  -4.998 0.0000000000
71981  38.049  32.895  -3.852 0.0000000000
112690  41.506  34.263  7.550 0.0000000000
72469  44.493  33.203  7.455 0.0000000000
71917  43.281  33.108  6.615 0.0000000000
98747  40.879  33.588  6.345 0.0000000000
71922  40.746  32.784  4.968 0.0000000000
71366  41.176  31.754  2.074 0.0000000000
71390  41.801  31.653  0.388 0.0000000000
70137  46.091  29.873  2.564 0.0000000000
70136  46.565  30.563  2.237 0.0000000000
71386  46.290  31.191  1.269 0.0000000000
70156  46.200  30.726  -0.815 0.0000000000
70773  46.420  31.137  -0.190 0.0000000000
98872  45.026  31.499  0.777 0.0000000000
71387  45.252  31.546  -0.241 0.0000000000
71411  44.367  31.808  -1.568 0.0000000000
108422  42.382  32.033  -2.057 0.0000000000
71978  42.991  32.648  -3.990 0.0000000000
72002  44.548  33.597  -7.626 0.0000000000
71462  43.538  32.956  -7.739 0.0000000000
70800  44.975  30.060  -6.247 0.0000000000
70810  43.465  31.340  -6.168 0.0000000000
71445  41.660  31.577  -4.956 0.0000000000
70787  41.656  29.971  -2.870 0.0000000000
66487  37.791  24.477  -4.024 0.0000000000
74006  37.182  36.745  -0.931 0.0000000000
74520  37.987  37.246  -0.244 0.0000000000
73459  37.891  35.196  10.542 0.0000000000
105100  38.332  34.397  10.712 0.0000000000
72971  37.489  34.504  10.222 0.0000000000
71944  40.392  32.266  0.902 0.0000000000
71951  39.912  32.855  0.281 0.0000000000
71956  40.702  32.513  -0.663 0.0000000000
71962  40.851  32.897  -1.485 0.0000000000
71961  41.539  32.482  -1.952 0.0000000000
70121  44.579  29.785  4.339 0.0000000000
107945  44.658  26.885  -8.407 0.0000000000
68859  45.097  29.244  -8.779 0.0000000000
68095  44.092  27.762  -8.552 0.0000000000
68855  43.612  28.202  -8.310 0.0000000000
67335  41.797  25.396  -7.579 0.0000000000
67334  42.802  25.407  -7.718 0.0000000000
73959  40.960  36.518  8.325 0.0000000000
73480  40.291  35.617  7.432 0.0000000000
72993  40.118  34.932  7.018 0.0000000000
67279  43.523  25.638  0.475 0.0000000000
107785  43.650  26.261  -0.042 0.0000000000
67309  47.040  25.370  -3.931 0.0000000000
67315  47.705  24.885  -4.667 0.0000000000
67316  46.986  24.901  -5.301 0.0000000000
71426  37.714  32.093  -2.260 0.0000000000
71328  40.801  31.275  8.824 0.0000000000
71335  41.084  31.048  7.958 0.0000000000
70108  36.795  29.230  7.814 0.0000000000
70103  37.062  29.776  8.492 0.0000000000
67996  40.108  26.601  4.134 0.0000000000
68767  39.799  27.390  4.359 0.0000000000
68766  40.416  27.336  3.910 0.0000000000
68004  41.350  26.502  3.190 0.0000000000
73027  40.368  35.515  -0.639 0.0000000000
98353  40.342  35.979  0.614 0.0000000000
73522  40.475  36.210  -1.620 0.0000000000
73521  40.843  35.934  -2.083 0.0000000000
72535  41.166  34.348  -7.292 0.0000000000
71992  41.119  32.304  -5.578 0.0000000000
72451  44.347  33.072  9.726 0.0000000000
104389  45.781  31.384  3.288 0.0000000000
102576  44.184  31.496  3.205 0.0000000000
71364  43.320  31.468  2.328 0.0000000000
70178  45.947  30.324  -4.825 0.0000000000
70792  47.030  31.762  -3.966 0.0000000000
71430  47.177  32.128  -3.663 0.0000000000
70798  47.436  32.260  -4.915 0.0000000000
71451  47.663  32.276  -6.949 0.0000000000
70806  47.409  31.616  -6.177 0.0000000000
68073  41.335  26.910  -4.355 0.0000000000
68066  41.239  26.904  -3.492 0.0000000000
68057  41.413  27.115  -2.971 0.0000000000
73524  36.495  35.615  -1.917 0.0000000000
73532  36.786  35.381  -2.426 0.0000000000
73036  36.958  34.822  -2.815 0.0000000000
73452  39.549  35.068  11.664 0.0000000000
101649  39.170  32.416  10.735 0.0000000000
71306  39.408  31.794  10.407 0.0000000000
73488  38.583  35.375  4.176 0.0000000000
73969  38.974  36.036  4.209 0.0000000000
73010  38.673  34.748  2.983 0.0000000000
72505  39.937  33.546  -0.353 0.0000000000
72499  39.479  33.788  0.478 0.0000000000
98461  39.926  34.483  -0.421 0.0000000000
72504  40.301  34.232  -1.049 0.0000000000
73032  40.864  35.246  -1.779 0.0000000000
71979  42.239  33.229  -3.739 0.0000000000
72514  41.677  34.107  -3.390 0.0000000000
72521  42.305  34.427  -4.832 0.0000000000
73049  42.506  34.958  -6.389 0.0000000000
72527  43.078  34.386  -5.984 0.0000000000
71339  45.171  31.492  7.147 0.0000000000
71331  45.658  32.012  7.405 0.0000000000
70728  45.978  31.535  6.083 0.0000000000
70744  46.495  31.077  4.579 0.0000000000
70736  46.147  31.408  5.364 0.0000000000
71351  46.478  31.174  4.057 0.0000000000
68072  44.976  27.237  -4.950 0.0000000000
69520  44.830  28.842  -5.166 0.0000000000
69521  44.031  29.172  -5.355 0.0000000000
69515  44.057  29.254  -5.458 0.0000000000
68842  42.052  27.174  -6.838 0.0000000000
97518  42.724  27.967  -6.003 0.0000000000
68081  41.404  26.848  -5.699 0.0000000000
68090  40.566  25.464  -7.028 0.0000000000
97756  40.500  24.573  -6.616 0.0000000000
66506  39.885  24.505  -6.122 0.0000000000
72983  35.627  34.234  9.512 0.0000000000
72454  36.093  33.471  9.543 0.0000000000
72455  35.230  33.593  9.479 0.0000000000
71318  35.052  31.271  9.529 0.0000000000
70712  35.688  30.458  9.535 0.0000000000
70097  36.199  29.930  9.348 0.0000000000
70098  35.436  29.644  9.505 0.0000000000
72475  39.448  33.659  5.220 0.0000000000
73000  38.774  34.254  4.958 0.0000000000
71926  39.606  32.847  3.843 0.0000000000
108408  40.038  32.426  2.632 0.0000000000
71929  40.216  32.428  3.364 0.0000000000
68776  43.602  27.892  2.074 0.0000000000
68787  43.412  27.320  1.404 0.0000000000
100957  43.742  27.047  -0.166 0.0000000000
67311  45.067  26.092  -3.120 0.0000000000
68064  45.384  26.365  -4.448 0.0000000000
68065  44.700  26.892  -3.873 0.0000000000
67324  46.319  25.268  -5.962 0.0000000000
68079  46.036  26.140  -6.257 0.0000000000
66511  45.785  25.414  -6.578 0.0000000000
66502  45.085  24.526  -6.192 0.0000000000
72959  43.198  33.839  12.675 0.0000000000
72444  43.584  32.954  11.364 0.0000000000
72435  40.523  33.338  11.791 0.0000000000
72434  41.564  33.379  12.369 0.0000000000
114118  41.398  32.870  11.965 0.0000000000
71903  42.438  31.938  10.276 0.0000000000
71902  43.626  32.418  9.974 0.0000000000
71325  44.557  31.929  8.387 0.0000000000
71326  43.135  31.555  8.561 0.0000000000
70731  41.744  30.492  6.380 0.0000000000
70738  43.624  30.372  5.721 0.0000000000
98242  37.097  32.275  9.798 0.0000000000
71898  37.483  32.935  10.061 0.0000000000
71316  37.546  31.516  9.776 0.0000000000
70726  37.853  30.143  8.084 0.0000000000
70709  38.133  31.006  9.496 0.0000000000
70717  38.412  30.626  8.687 0.0000000000
68763  38.089  27.629  5.760 0.0000000000
69454  37.908  28.580  5.985 0.0000000000
69453  38.435  28.223  5.504 0.0000000000
70741  40.038  29.891  5.740 0.0000000000
70732  40.675  30.404  6.414 0.0000000000
70115  40.442  29.456  5.051 0.0000000000
69464  41.594  28.640  3.846 0.0000000000
113887  42.128  28.405  3.459 0.0000000000
67272  42.728  25.770  1.884 0.0000000000
66426  43.215  24.203  2.362 0.0000000000
66441  44.056  24.165  1.223 0.0000000000
73948  35.342  36.307  9.542 0.0000000000
73951  33.109  36.176  9.718 0.0000000000
108227  33.857  35.868  9.504 0.0000000000
109945  32.775  34.383  9.614 0.0000000000
73474  32.496  35.304  9.809 0.0000000000
73991  40.820  36.664  0.736 0.0000000000
73982  41.245  36.507  1.865 0.0000000000
111079  41.747  36.867  1.185 0.0000000000
73989  41.784  36.989  1.151 0.0000000000
100060  40.219  36.864  -0.292 0.0000000000
74519  39.346  37.121  -0.316 0.0000000000
74005  38.484  36.805  -0.889 0.0000000000
73530  38.867  36.021  -2.962 0.0000000000
73045  37.549  35.062  -3.569 0.0000000000
73044  38.139  34.902  -4.454 0.0000000000
73537  40.710  35.647  -4.152 0.0000000000
73528  40.631  35.795  -3.164 0.0000000000
73543  40.270  35.494  -5.294 0.0000000000
72006  39.456  34.316  -6.068 0.0000000000
72536  39.054  34.579  -5.578 0.0000000000
72528  38.903  34.005  -5.440 0.0000000000
71995  38.558  33.481  -4.753 0.0000000000
71980  38.809  32.594  -4.368 0.0000000000
71437  38.536  32.074  -3.513 0.0000000000
111187  40.415  30.949  -3.037 0.0000000000
72980  42.485  34.960  9.798 0.0000000000
72987  42.042  34.863  9.013 0.0000000000
72991  41.849  34.514  8.201 0.0000000000
99953  42.533  33.977  7.875 0.0000000000
96010  44.633  32.879  6.779 0.0000000000
72470  42.036  33.356  6.589 0.0000000000
72473  41.807  32.848  5.737 0.0000000000
97683  41.476  32.418  4.687 0.0000000000
71365  42.141  31.561  2.189 0.0000000000
71354  41.621  31.706  2.910 0.0000000000
71378  41.711  31.633  1.280 0.0000000000
71389  42.419  31.542  0.827 0.0000000000
69480  44.927  29.193  1.951 0.0000000000
114133  46.513  30.521  1.737 0.0000000000
70143  46.420  30.524  1.197 0.0000000000
70761  46.672  30.961  1.741 0.0000000000
70767  46.547  31.028  0.803 0.0000000000
69509  44.640  28.300  -3.469 0.0000000000
70165  45.316  29.639  -1.584 0.0000000000
70164  46.174  30.721  -1.919 0.0000000000
70779  46.366  31.429  -1.307 0.0000000000
71409  46.165  31.354  -0.684 0.0000000000
71398  46.173  31.254  0.284 0.0000000000
71432  45.260  32.269  -3.026 0.0000000000
71421  44.760  32.048  -2.246 0.0000000000
71412  43.180  31.769  -1.433 0.0000000000
71433  43.710  32.188  -3.119 0.0000000000
71977  44.259  32.519  -4.292 0.0000000000
72011  46.637  33.025  -8.371 0.0000000000
72012  45.600  33.012  -8.259 0.0000000000
72013  44.052  33.502  -7.711 0.0000000000
71461  44.697  32.460  -8.121 0.0000000000
70187  44.797  29.108  -5.158 0.0000000000
70808  45.384  30.425  -6.762 0.0000000000
70172  42.377  29.241  -3.483 0.0000000000
70801  43.527  30.640  -5.509 0.0000000000
70802  42.389  30.684  -4.468 0.0000000000
71444  42.634  31.429  -5.523 0.0000000000
70794  41.813  30.432  -3.578 0.0000000000
68813  41.204  27.865  -1.976 0.0000000000
66508  38.720  25.016  -5.371 0.0000000000
66495  38.125  24.884  -4.663 0.0000000000
72962  39.129  34.336  11.263 0.0000000000
71897  38.319  32.739  10.440 0.0000000000
72489  39.108  33.327  2.483 0.0000000000
72490  38.713  33.974  2.746 0.0000000000
71945  39.661  32.788  1.178 0.0000000000
110667  40.378  33.284  -0.954 0.0000000000
71969  41.699  32.926  -2.822 0.0000000000
70737  45.375  30.756  5.696 0.0000000000
70120  46.035  30.360  4.170 0.0000000000
70127  46.171  30.134  3.377 0.0000000000
68846  45.630  28.736  -7.703 0.0000000000
68831  45.016  28.649  -5.589 0.0000000000
68847  45.296  29.510  -7.851 0.0000000000
68840  44.654  29.433  -7.085 0.0000000000
108911  43.753  28.999  -6.302 0.0000000000
68849  42.522  27.219  -7.800 0.0000000000
68089  41.538  26.335  -7.382 0.0000000000
67343  41.470  25.720  -7.573 0.0000000000
66505  41.439  24.356  -6.505 0.0000000000
72456  34.443  33.615  9.457 0.0000000000
111812  34.852  33.056  9.463 0.0000000000
95662  34.216  32.921  9.462 0.0000000000
73483  39.156  35.793  6.227 0.0000000000
106628  39.374  35.030  6.455 0.0000000000
72471  39.888  33.770  5.906 0.0000000000
68017  43.030  26.541  1.566 0.0000000000
72428  42.592  33.482  12.676 0.0000000000
71895  41.001  32.064  11.099 0.0000000000
71312  41.569  31.551  9.557 0.0000000000
71334  42.167  31.125  7.862 0.0000000000
70710  37.255  30.827  9.483 0.0000000000
68761  39.201  27.435  4.802 0.0000000000
69459  39.588  28.240  4.673 0.0000000000
70124  40.086  28.822  4.672 0.0000000000
69465  40.903  28.071  3.825 0.0000000000
68011  41.968  26.524  2.712 0.0000000000
65521  43.104  23.827  3.218 0.0000000000
73506  39.430  35.259  1.396 0.0000000000
73499  40.011  35.903  1.501 0.0000000000
73997  40.885  36.993  0.497 0.0000000000
101048  40.441  36.516  -0.380 0.0000000000
74009  39.951  36.505  -1.373 0.0000000000
100982  39.442  35.882  -3.586 0.0000000000
73051  40.971  35.367  -6.038 0.0000000000
73057  40.235  35.243  -6.221 0.0000000000
99055  40.366  34.770  -6.671 0.0000000000
72005  40.177  33.854  -6.523 0.0000000000
71447  39.646  32.303  -4.638 0.0000000000
71435  40.550  31.285  -3.647 0.0000000000
72979  43.197  34.422  10.750 0.0000000000
72465  44.122  33.487  8.330 0.0000000000
71348  45.415  31.942  4.916 0.0000000000
71344  45.494  32.243  5.663 0.0000000000
71924  43.979  32.240  4.979 0.0000000000
71349  42.431  32.014  4.361 0.0000000000
104263  42.742  31.542  3.046 0.0000000000
69488  44.682  29.034  0.483 0.0000000000
70157  45.069  29.373  -0.065 0.0000000000
110503  45.501  29.821  -0.656 0.0000000000
71419  46.534  31.696  -2.167 0.0000000000
94672  46.826  31.885  -2.709 0.0000000000
71431  46.538  32.243  -3.142 0.0000000000
71975  46.805  32.482  -4.266 0.0000000000
71989  45.442  32.681  -5.124 0.0000000000
71988  46.699  32.787  -6.202 0.0000000000
72010  47.194  32.867  -8.169 0.0000000000
71459  46.497  31.984  -8.517 0.0000000000
70180  43.264  29.516  -4.546 0.0000000000
107419  42.171  28.184  -3.599 0.0000000000
68818  42.066  28.571  -3.097 0.0000000000
111681  42.046  29.534  -3.085 0.0000000000
68820  41.074  27.149  -2.354 0.0000000000
73478  40.817  35.706  8.050 0.0000000000
72516  37.104  33.760  -2.724 0.0000000000
71884  39.793  32.845  11.249 0.0000000000
71305  40.269  31.747  10.470 0.0000000000
71329  39.855  31.206  9.016 0.0000000000
69450  36.817  28.308  7.017 0.0000000000
68757  37.045  27.741  6.703 0.0000000000
67991  37.799  26.955  6.153 0.0000000000
67990  38.358  26.747  5.672 0.0000000000
67989  38.952  26.629  5.135 0.0000000000
67243  40.008  25.878  4.483 0.0000000000
67252  40.455  25.976  3.980 0.0000000000
67251  41.096  25.666  3.574 0.0000000000
109630  39.454  36.075  3.376 0.0000000000
73500  39.151  35.333  2.321 0.0000000000
72494  38.847  33.977  2.000 0.0000000000
73017  38.881  34.649  2.105 0.0000000000
73022  39.703  34.912  0.168 0.0000000000
73043  41.267  35.289  -3.444 0.0000000000
73042  41.670  34.972  -4.305 0.0000000000
73056  41.677  35.109  -6.914 0.0000000000
72541  41.944  34.636  -7.522 0.0000000000
72015  42.099  34.081  -7.748 0.0000000000
71912  44.958  32.658  8.426 0.0000000000
72464  45.165  32.963  8.066 0.0000000000
71914  45.477  32.403  7.672 0.0000000000
71916  45.782  32.146  7.015 0.0000000000
110182  46.005  31.774  5.425 0.0000000000
71362  46.008  31.330  2.588 0.0000000000
68817  44.366  27.638  -2.488 0.0000000000
105640  44.945  28.796  -4.476 0.0000000000
70179  45.108  29.339  -4.740 0.0000000000
70185  45.736  30.193  -5.935 0.0000000000
69522  43.507  29.016  -5.209 0.0000000000
68075  39.541  25.619  -5.633 0.0000000000
66507  39.325  24.999  -6.196 0.0000000000
66515  39.913  24.936  -6.849 0.0000000000
66494  39.208  24.579  -5.532 0.0000000000
65628  39.352  24.034  -4.654 0.0000000000
72981  36.715  34.668  9.796 0.0000000000
72453  36.954  33.792  9.851 0.0000000000
72982  36.272  34.210  9.607 0.0000000000
71905  36.290  32.524  9.598 0.0000000000
71906  35.707  31.940  9.542 0.0000000000
70711  36.476  30.654  9.482 0.0000000000
106953  36.520  29.636  9.017 0.0000000000
70104  36.414  29.157  8.442 0.0000000000
73968  38.879  36.169  5.009 0.0000000000
73001  38.464  34.842  4.610 0.0000000000
108162  38.796  35.184  5.952 0.0000000000
72481  39.057  33.340  3.353 0.0000000000
71930  39.534  32.784  2.981 0.0000000000
71391  41.071  31.864  0.637 0.0000000000
69462  43.851  29.037  3.146 0.0000000000
96255  44.204  28.597  2.184 0.0000000000
68800  43.723  27.555  0.689 0.0000000000
69489  44.215  28.365  0.660 0.0000000000
68807  44.106  27.808  -0.612 0.0000000000
67284  44.400  25.242  -0.750 0.0000000000
67293  44.236  25.856  -1.167 0.0000000000
67302  45.084  25.610  -2.254 0.0000000000
68049  44.241  26.497  -1.548 0.0000000000
68812  44.221  27.112  -1.829 0.0000000000
68838  45.784  27.483  -6.834 0.0000000000
68087  45.716  27.468  -7.621 0.0000000000
67332  45.477  26.317  -7.615 0.0000000000
67333  44.153  25.783  -7.845 0.0000000000
110400  43.687  25.006  -7.195 0.0000000000
105688  43.440  34.172  12.001 0.0000000000
71901  44.443  32.892  9.468 0.0000000000
72955  41.715  33.999  12.766 0.0000000000
71894  42.087  32.156  11.116 0.0000000000
71881  42.801  32.630  11.719 0.0000000000
71332  44.811  31.625  7.718 0.0000000000
71340  43.904  31.122  7.108 0.0000000000
70122  43.078  29.534  4.336 0.0000000000
113947  38.211  31.565  9.938 0.0000000000
71315  38.816  31.460  9.896 0.0000000000
70111  37.580  29.201  6.700 0.0000000000
70107  38.070  29.876  7.144 0.0000000000
70117  38.645  28.952  5.567 0.0000000000
70734  38.857  30.103  6.800 0.0000000000
70724  39.476  30.540  7.454 0.0000000000
70723  40.388  30.679  7.252 0.0000000000
70114  41.455  29.659  4.995 0.0000000000
69463  42.910  28.590  3.166 0.0000000000
69473  42.939  27.878  2.556 0.0000000000
68778  42.376  27.196  2.582 0.0000000000
66454  43.665  24.810  0.784 0.0000000000
98418  42.284  25.326  2.542 0.0000000000
66443  42.842  24.929  2.043 0.0000000000
73470  36.453  35.367  9.717 0.0000000000
73471  35.747  35.516  9.557 0.0000000000
103311  35.300  34.942  9.517 0.0000000000
105562  34.415  35.186  9.475 0.0000000000
103497  34.554  36.045  9.495 0.0000000000
98580  33.812  34.308  9.458 0.0000000000
73462  31.859  35.286  10.282 0.0000000000
72984  32.001  34.530  9.943 0.0000000000
72447  31.694  33.658  10.232 0.0000000000
75122  40.803  37.840  1.457 0.0000000000
74502  40.494  37.462  0.931 0.0000000000
74017  38.088  36.157  -2.408 0.0000000000
73531  37.292  35.483  -2.820 0.0000000000
71982  37.577  33.686  -3.542 0.0000000000
73545  38.852  35.394  -4.581 0.0000000000
73548  39.798  35.292  -5.813 0.0000000000
73052  38.845  34.967  -5.246 0.0000000000
72522  38.020  33.951  -4.294 0.0000000000
110050  37.981  32.269  -3.099 0.0000000000
71436  39.276  31.868  -3.821 0.0000000000
73468  42.501  35.574  10.245 0.0000000000
73477  41.359  35.751  8.676 0.0000000000
72988  41.375  35.148  8.300 0.0000000000
95321  43.009  33.556  7.302 0.0000000000
72466  41.708  33.796  7.096 0.0000000000
72995  40.786  34.246  7.047 0.0000000000
72474  40.391  33.245  5.483 0.0000000000
71925  40.460  32.555  4.216 0.0000000000
71928  41.231  32.062  3.713 0.0000000000
71355  40.706  32.023  2.771 0.0000000000
71379  40.908  31.873  1.349 0.0000000000
71401  41.973  31.715  -0.428 0.0000000000
70144  46.041  29.846  1.675 0.0000000000
70126  46.619  30.770  2.981 0.0000000000
70756  46.752  30.982  2.481 0.0000000000
71374  46.555  31.075  2.190 0.0000000000
71375  45.489  31.403  1.811 0.0000000000
71388  43.876  31.573  -0.003 0.0000000000
96460  45.404  31.675  -1.066 0.0000000000
71399  44.130  31.673  -0.822 0.0000000000
95626  42.688  31.564  0.157 0.0000000000
71400  42.948  31.641  -0.636 0.0000000000
71413  42.164  31.854  -1.275 0.0000000000
71968  42.483  32.361  -2.937 0.0000000000
71991  43.491  33.289  -5.266 0.0000000000
71990  44.429  33.220  -6.058 0.0000000000
72526  43.707  34.168  -6.941 0.0000000000
72533  43.413  34.194  -7.785 0.0000000000
72014  42.985  33.913  -7.982 0.0000000000
72003  42.495  33.259  -7.381 0.0000000000
70807  46.287  30.686  -6.752 0.0000000000
70814  46.073  31.178  -7.833 0.0000000000
71452  45.084  31.311  -7.670 0.0000000000
70809  44.475  30.829  -6.590 0.0000000000
71453  44.024  31.802  -7.227 0.0000000000
71454  42.998  32.196  -6.733 0.0000000000
71455  41.990  32.316  -6.152 0.0000000000
71434  41.354  31.085  -4.004 0.0000000000
70795  41.104  30.700  -3.233 0.0000000000
105822  41.704  29.151  -2.489 0.0000000000
69504  41.240  28.630  -1.758 0.0000000000
105363  42.917  24.726  -6.949 0.0000000000
65637  42.099  23.823  -5.587 0.0000000000
66504  42.543  24.278  -6.313 0.0000000000
67340  45.457  27.343  -8.172 0.0000000000
67342  42.289  26.048  -8.048 0.0000000000
68094  45.022  27.943  -8.543 0.0000000000
68096  42.903  26.948  -8.324 0.0000000000
68099  44.833  28.750  -8.713 0.0000000000
68756  37.537  27.759  6.226 0.0000000000
68852  45.309  29.133  -8.384 0.0000000000
68853  45.204  28.750  -8.545 0.0000000000
68854  44.497  28.839  -8.615 0.0000000000
69516  42.814  28.914  -4.280 0.0000000000
69531  45.127  29.090  -8.582 0.0000000000
69536  44.921  29.362  -8.679 0.0000000000
69541  45.047  29.045  -8.723 0.0000000000
71338  45.907  31.872  6.754 0.0000000000
71422  43.409  31.927  -2.232 0.0000000000
71423  39.865  31.378  -3.311 0.0000000000
71442  47.688  32.234  -5.830 0.0000000000
71458  47.297  32.257  -8.092 0.0000000000
71465  46.830  32.652  -8.482 0.0000000000
71466  46.306  32.610  -8.547 0.0000000000
71882  41.754  32.479  11.671 0.0000000000
71950  40.570  32.321  0.108 0.0000000000
71955  41.325  32.141  -1.021 0.0000000000
71987  47.542  32.452  -6.588 0.0000000000
71999  47.468  32.662  -7.568 0.0000000000
72000  47.116  32.974  -7.678 0.0000000000
72001  46.079  33.282  -7.813 0.0000000000
72436  39.614  33.631  11.398 0.0000000000
72479  38.627  34.262  4.292 0.0000000000
72534  43.026  34.615  -7.234 0.0000000000
72999  38.517  34.976  5.355 0.0000000000
73002  38.512  34.793  3.841 0.0000000000
73062  42.419  34.775  -7.350 0.0000000000
73481  39.721  35.666  6.848 0.0000000000
73486  38.556  35.564  4.833 0.0000000000
73544  39.433  35.315  -5.316 0.0000000000
95664  43.406  31.505  0.802 0.0000000000
95923  45.522  31.897  -1.680 0.0000000000
106393  36.858  35.845  9.887 0.0000000000
106950  40.878  35.160  -6.751 0.0000000000
108120  46.738  31.566  -8.126 0.0000000000
109335  37.372  27.165  6.526 0.0000000000
110453  36.962  28.938  7.142 0.0000000000
