#!ascii label  , from subject sub-v1s23x0050576_ses-1 vox2ras=TkReg
1695
6633  43.091  -49.939  -9.162 0.2000000030
7244  43.857  -49.496  -8.809 0.2000000030
7259  43.220  -49.702  -9.866 0.2000000030
7292  42.691  -49.380  -11.814 0.1000000015
7258  44.050  -49.347  -9.629 0.2000000030
7275  42.664  -49.674  -10.609 0.1000000015
6634  42.159  -50.083  -9.641 0.2000000030
7274  43.884  -49.329  -10.404 0.1000000015
109768  43.558  -49.267  -11.133 0.1000000015
7291  43.761  -48.827  -11.846 0.1000000015
7899  43.712  -48.304  -12.587 0.1000000015
98961  43.336  -48.890  -12.634 0.1000000015
8524  43.346  -47.205  -12.762 0.1000000015
7307  43.162  -48.654  -13.466 0.1000000015
7935  42.916  -48.440  -13.834 0.1000000015
8525  42.581  -46.912  -12.793 0.2000000030
8539  42.950  -47.684  -13.461 0.1000000015
8478  43.932  -47.885  -10.439 0.1000000015
8479  42.898  -47.343  -10.338 0.1000000015
7273  44.464  -48.939  -10.220 0.2000000030
7898  44.247  -48.197  -11.692 0.1000000015
8477  44.326  -48.529  -10.532 0.1000000015
7290  44.233  -48.826  -10.991 0.1000000015
7917  43.880  -47.628  -12.410 0.1000000015
9117  42.954  -46.640  -12.292 0.1000000015
9136  40.912  -46.108  -11.876 0.2000000030
9135  42.062  -46.232  -12.011 0.2000000030
9677  40.335  -45.374  -11.350 0.1000000015
8526  41.442  -46.838  -12.637 0.2000000030
9688  39.576  -45.266  -11.638 0.2000000030
9138  38.898  -46.184  -12.201 0.1000000015
9689  38.677  -45.299  -11.925 0.1000000015
8492  43.539  -47.084  -11.259 0.1000000015
98919  41.941  -47.128  -10.306 0.1000000015
8504  43.566  -46.905  -12.118 0.1000000015
109013  39.943  -44.697  -11.062 0.2000000030
10210  39.597  -44.325  -10.935 0.2000000030
10744  38.661  -43.699  -10.941 0.2000000030
9678  39.334  -44.558  -11.336 0.2000000030
10220  38.195  -43.693  -11.351 0.1000000015
10228  37.558  -44.460  -11.883 0.2000000030
8493  42.462  -46.615  -10.985 0.1000000015
9101  42.785  -46.480  -11.769 0.1000000015
9102  41.762  -46.200  -11.367 0.2000000030
9104  40.188  -45.202  -10.738 0.2000000030
109984  40.346  -45.079  -10.986 0.3000000119
103981  38.098  -43.181  -11.054 0.3000000119
10758  37.521  -43.169  -11.584 0.2000000030
10768  37.338  -43.784  -11.792 0.2000000030
9691  36.862  -45.226  -12.125 0.2000000030
9668  39.876  -44.578  -10.964 0.3000000119
9118  40.980  -45.800  -11.259 0.2000000030
10745  37.889  -42.926  -10.872 0.3000000119
11261  37.562  -42.283  -10.942 0.3000000119
11768  37.269  -41.599  -11.155 0.3000000119
107302  37.583  -42.661  -11.288 0.3000000119
10759  37.034  -42.646  -11.926 0.2000000030
10229  36.766  -44.371  -11.968 0.2000000030
9692  36.228  -45.023  -11.977 0.2000000030
11765  36.705  -41.225  -10.112 0.4000000060
10746  37.321  -42.799  -10.379 0.3000000119
11253  36.983  -42.036  -10.398 0.3000000119
10211  39.299  -44.141  -10.906 0.2000000030
109901  38.326  -43.336  -10.873 0.2000000030
11260  37.237  -42.068  -11.614 0.3000000119
10769  36.694  -43.480  -11.981 0.2000000030
13123  37.087  -40.033  -11.145 0.3000000119
11777  37.025  -41.484  -12.135 0.2000000030
11778  36.184  -41.506  -12.601 0.2000000030
12395  36.562  -41.054  -12.725 0.2000000030
11274  35.623  -42.168  -12.250 0.1000000015
11273  36.594  -42.074  -12.240 0.2000000030
10760  35.394  -43.033  -11.970 0.2000000030
11285  36.216  -42.798  -12.164 0.2000000030
10230  36.112  -44.253  -11.964 0.2000000030
13857  37.507  -38.997  -10.782 0.3000000119
13122  37.302  -39.885  -11.764 0.3000000119
13889  37.751  -39.644  -12.381 0.2000000030
13138  37.092  -40.143  -12.548 0.3000000119
13156  37.679  -40.173  -13.315 0.2000000030
12385  37.138  -40.868  -11.651 0.3000000119
13139  36.852  -40.658  -12.672 0.1000000015
105063  36.777  -40.469  -12.811 0.1000000015
11779  35.266  -41.403  -12.308 0.1000000015
102983  35.954  -40.633  -12.956 0.1000000015
13158  36.496  -40.340  -13.275 0.1000000015
13870  38.425  -38.764  -11.393 0.3000000119
13888  38.785  -39.073  -12.344 0.2000000030
13172  39.464  -39.781  -13.531 0.2000000030
13192  39.978  -40.303  -14.246 0.2000000030
12457  39.481  -42.142  -15.674 0.1000000015
13173  38.147  -40.567  -13.745 0.1000000015
101561  38.085  -42.092  -14.887 0.1000000015
12423  37.664  -41.424  -14.450 0.1000000015
13157  37.095  -40.310  -13.219 0.1000000015
13159  35.960  -40.129  -12.997 0.1000000015
13140  35.300  -39.798  -12.545 0.1000000015
13155  39.466  -39.201  -12.794 0.2000000030
11823  38.714  -42.749  -16.041 0.1000000015
11824  37.916  -42.695  -15.907 0.1000000015
11805  38.005  -42.676  -15.433 0.1000000015
12439  37.294  -41.094  -15.108 0.1000000015
12424  37.226  -41.275  -14.489 0.1000000015
13193  37.049  -40.330  -14.574 0.1000000015
13890  36.198  -39.397  -13.466 0.1000000015
13175  36.664  -39.922  -13.652 0.1000000015
12463  38.879  -41.750  -17.317 0.1000000015
13901  36.747  -39.437  -14.249 0.1000000015
13891  35.831  -39.242  -13.098 0.1000000015
11834  39.532  -42.542  -16.925 0.1000000015
7918  43.432  -47.963  -13.165 0.1000000015
8491  44.253  -47.930  -11.128 0.1000000015
9137  39.909  -46.059  -12.046 0.1000000015
11106  42.066  -42.621  5.284 0.5000000000
11105  43.013  -42.537  5.229 0.5000000000
104931  42.914  -41.890  4.627 0.5000000000
11119  42.152  -42.057  4.746 0.5000000000
11656  41.286  -41.565  4.384 0.5000000000
10552  45.616  -43.581  7.154 0.2000000030
10553  44.444  -43.837  6.702 0.2000000030
11103  45.461  -42.873  5.901 0.3000000119
11093  44.917  -43.324  6.241 0.3000000119
11104  44.238  -42.768  5.480 0.5000000000
11118  43.770  -42.142  4.816 0.5000000000
11654  43.410  -41.444  4.185 0.5000000000
113263  42.890  -41.054  3.793 0.5000000000
11655  42.344  -41.341  4.135 0.5000000000
105999  40.735  -42.060  4.731 0.5000000000
12242  40.597  -40.931  3.936 0.5000000000
11121  40.025  -42.202  4.849 0.5000000000
10569  38.359  -43.685  4.917 0.5000000000
11102  46.443  -42.699  6.622 0.3000000119
11645  46.126  -42.352  5.570 0.3000000119
11653  44.434  -41.753  4.484 0.5000000000
113326  42.384  -40.611  3.405 0.5000000000
12241  41.459  -40.832  3.735 0.5000000000
12243  39.762  -40.966  4.101 0.5000000000
11658  39.441  -41.651  4.557 0.5000000000
9547  39.643  -45.199  1.932 0.4000000060
10062  38.737  -44.657  1.566 0.5000000000
9535  38.880  -45.163  2.483 0.5000000000
10050  38.066  -44.718  3.924 0.5000000000
104483  38.312  -42.832  4.906 0.5000000000
10061  39.771  -44.628  1.045 0.4000000060
11091  46.280  -43.009  7.372 0.3000000119
110765  46.790  -41.831  5.528 0.4000000060
12240  46.389  -41.311  4.291 0.4000000060
11671  44.229  -41.248  3.913 0.5000000000
12258  44.706  -40.823  3.390 0.5000000000
12259  43.500  -40.776  3.467 0.5000000000
12275  44.066  -40.308  2.747 0.5000000000
12276  43.008  -40.185  2.787 0.5000000000
12277  42.111  -39.986  2.720 0.5000000000
12262  39.995  -40.391  3.581 0.5000000000
11659  38.412  -41.872  4.646 0.6000000238
101989  37.813  -44.683  3.167 0.5000000000
10579  37.545  -43.206  4.541 0.5000000000
96659  37.691  -42.438  4.630 0.5000000000
10071  41.205  -44.158  0.012 0.4000000060
10060  40.621  -44.460  0.576 0.4000000060
11072  41.860  -42.202  8.136 0.1000000015
11629  43.064  -41.016  7.039 0.1000000015
12202  43.142  -40.330  6.379 0.1000000015
11604  43.746  -41.730  7.864 0.1000000015
105907  43.826  -40.699  6.792 0.1000000015
12897  44.019  -40.145  6.323 0.1000000015
11628  44.389  -41.250  7.422 0.1000000015
12896  45.102  -39.993  6.345 0.1000000015
12913  45.548  -39.122  5.930 0.1000000015
11101  46.650  -42.410  6.984 0.2000000030
11626  46.472  -41.463  7.146 0.1000000015
11644  46.935  -42.002  6.349 0.3000000119
11670  45.311  -41.410  4.139 0.5000000000
11643  47.266  -41.376  5.698 0.4000000060
12239  47.145  -40.884  4.209 0.4000000060
12257  46.183  -40.878  3.452 0.4000000060
12274  45.314  -40.485  2.658 0.5000000000
12959  44.678  -39.994  2.050 0.5000000000
12960  43.493  -39.724  2.034 0.5000000000
12961  42.612  -39.738  2.294 0.5000000000
100916  39.245  -40.417  3.759 0.5000000000
10580  37.230  -43.666  4.115 0.5000000000
10054  38.129  -44.759  2.451 0.5000000000
110239  40.614  -44.060  0.097 0.4000000060
10101  42.247  -44.130  -1.294 0.5000000000
11609  38.725  -41.580  7.617 0.1000000015
11074  39.939  -42.225  8.076 0.1000000015
11073  40.853  -42.203  8.087 0.1000000015
11606  41.396  -41.624  7.534 0.1000000015
11605  42.467  -41.629  7.613 0.1000000015
12203  42.272  -40.448  6.416 0.1000000015
12225  42.577  -39.860  5.888 0.1000000015
11631  40.935  -41.061  6.971 0.1000000015
11630  41.900  -41.039  6.976 0.1000000015
12224  43.365  -39.795  5.928 0.1000000015
14405  46.992  -38.258  3.067 0.2000000030
95952  45.983  -37.694  2.777 0.2000000030
11603  45.315  -42.120  8.121 0.1000000015
12200  45.967  -40.693  6.940 0.1000000015
12895  46.271  -39.885  6.412 0.1000000015
12912  46.689  -39.076  6.039 0.1000000015
13707  46.935  -38.248  4.127 0.2000000030
12199  46.867  -40.804  6.625 0.2000000030
12911  47.425  -39.584  5.796 0.1000000015
12932  47.682  -39.252  5.039 0.2000000030
13725  48.085  -39.362  2.195 0.2000000030
14424  45.948  -37.465  1.694 0.2000000030
112333  47.596  -40.232  5.698 0.2000000030
104479  47.781  -40.369  4.262 0.2000000030
12256  47.506  -40.402  3.132 0.3000000119
12286  47.690  -40.192  1.842 0.3000000119
12287  47.008  -40.318  1.522 0.4000000060
12958  45.898  -40.256  1.852 0.5000000000
110232  38.116  -41.089  4.356 0.5000000000
12976  44.387  -39.593  1.304 0.4000000060
11125  35.874  -41.727  4.097 0.5000000000
12246  36.475  -41.065  4.263 0.5000000000
12245  37.469  -40.684  4.210 0.5000000000
11124  36.222  -42.589  3.956 0.5000000000
11661  36.550  -41.907  4.326 0.5000000000
11660  37.364  -41.658  4.461 0.5000000000
12962  41.286  -39.627  2.474 0.5000000000
101760  42.004  -39.565  2.190 0.5000000000
10055  37.415  -44.345  2.683 0.5000000000
10589  36.832  -43.878  3.047 0.5000000000
10581  36.822  -43.201  4.116 0.5000000000
12263  38.417  -40.360  3.875 0.5000000000
10073  39.055  -44.122  0.595 0.5000000000
11123  36.993  -42.518  4.391 0.5000000000
12244  38.907  -41.022  4.271 0.6000000238
10051  37.371  -44.181  3.596 0.5000000000
10087  41.803  -44.115  -0.559 0.4000000060
11610  37.926  -41.514  7.605 0.1000000015
11608  39.553  -41.633  7.593 0.1000000015
11632  40.036  -41.062  7.023 0.1000000015
101501  39.648  -40.424  6.551 0.1000000015
12918  39.762  -39.128  5.552 0.1000000015
11607  40.444  -41.639  7.541 0.1000000015
12205  40.503  -40.482  6.473 0.1000000015
12204  41.369  -40.491  6.427 0.1000000015
12916  42.051  -39.250  5.406 0.1000000015
12915  43.093  -39.248  5.494 0.1000000015
13669  43.787  -38.476  5.244 0.1000000015
14388  44.657  -37.480  4.611 0.1000000015
13667  46.104  -38.332  5.598 0.1000000015
109658  45.462  -37.700  4.662 0.2000000030
14407  44.990  -37.385  3.759 0.2000000030
13686  46.375  -38.040  4.996 0.1000000015
14406  46.081  -37.866  3.984 0.2000000030
12973  48.077  -39.816  1.337 0.3000000119
13742  48.095  -39.091  0.873 0.3000000119
105859  46.621  -37.370  0.309 0.2000000030
12974  47.614  -39.951  0.773 0.3000000119
14449  47.903  -38.346  -0.231 0.2000000030
101546  45.400  -39.638  0.647 0.4000000060
13002  47.115  -39.420  -1.099 0.3000000119
13003  45.761  -39.437  -0.488 0.4000000060
104204  36.136  -38.916  3.460 0.5000000000
13710  36.856  -38.621  3.231 0.5000000000
12264  37.630  -39.872  3.726 0.5000000000
14427  36.894  -37.053  2.488 0.5000000000
97512  37.808  -37.019  2.081 0.5000000000
14426  38.316  -37.988  2.229 0.5000000000
13709  37.669  -39.085  3.246 0.5000000000
13708  38.535  -39.571  3.289 0.6000000238
12978  42.503  -39.331  1.624 0.5000000000
12977  43.459  -39.265  1.062 0.5000000000
14453  38.577  -37.355  1.798 0.5000000000
13728  39.081  -38.557  2.212 0.5000000000
101496  38.413  -38.806  2.711 0.6000000238
113682  38.916  -40.029  3.526 0.5000000000
12944  40.804  -39.909  2.946 0.5000000000
12965  39.174  -39.208  2.705 0.5000000000
100595  39.414  -39.824  3.256 0.5000000000
106456  43.700  -44.452  -2.468 0.4000000060
104873  43.019  -44.302  -1.909 0.4000000060
112608  38.907  -36.856  4.620 0.1000000015
13673  39.383  -38.270  5.092 0.1000000015
13692  40.242  -37.730  4.672 0.1000000015
12227  40.928  -39.941  5.969 0.1000000015
12898  40.115  -39.846  6.014 0.1000000015
13671  41.221  -38.874  5.192 0.1000000015
13691  41.295  -38.028  4.688 0.1000000015
12917  40.600  -39.308  5.549 0.1000000015
106778  41.899  -38.561  4.935 0.1000000015
14391  42.061  -37.164  4.496 0.1000000015
13670  42.742  -38.572  5.043 0.1000000015
13689  43.374  -37.822  4.799 0.1000000015
14389  43.841  -37.235  4.539 0.1000000015
15122  43.476  -36.425  3.666 0.2000000030
15121  44.191  -36.809  3.177 0.2000000030
15131  44.450  -36.525  2.037 0.2000000030
94922  41.187  -33.865  -3.449 0.2000000030
17319  40.333  -33.437  -2.792 0.2000000030
99424  40.869  -34.322  -2.586 0.2000000030
15895  41.155  -35.066  -1.930 0.2000000030
15881  41.490  -35.771  -1.420 0.2000000030
14467  47.965  -38.618  -1.387 0.2000000030
17302  39.958  -33.665  -1.920 0.2000000030
16614  40.299  -34.426  -1.373 0.2000000030
15882  40.571  -35.249  -0.687 0.2000000030
15189  40.946  -36.101  -0.437 0.2000000030
15188  41.751  -36.475  -0.925 0.3000000119
14478  41.930  -37.189  -0.445 0.2000000030
108558  42.753  -37.514  -0.907 0.4000000060
17266  39.009  -34.038  -0.035 0.2000000030
16568  39.782  -34.550  -0.328 0.3000000119
99694  40.390  -35.759  0.067 0.3000000119
15173  40.464  -36.457  0.303 0.4000000060
15172  41.141  -36.865  -0.065 0.3000000119
14469  42.128  -37.876  -0.031 0.4000000060
13750  43.565  -38.781  0.056 0.4000000060
12990  44.497  -39.306  0.286 0.5000000000
15834  37.218  -35.423  1.906 0.5000000000
15847  38.216  -35.496  1.548 0.4000000060
15859  38.904  -35.238  1.115 0.4000000060
15150  39.149  -36.063  1.172 0.4000000060
15174  39.838  -36.789  0.870 0.4000000060
14451  39.899  -37.733  1.252 0.5000000000
13753  40.760  -38.034  0.934 0.5000000000
13752  41.572  -38.257  0.676 0.5000000000
13743  42.735  -38.913  0.893 0.5000000000
15151  38.456  -36.551  1.640 0.5000000000
14452  39.158  -37.105  1.374 0.5000000000
112595  39.636  -38.360  1.767 0.5000000000
12964  39.798  -39.468  2.760 0.5000000000
12980  40.742  -39.084  1.961 0.5000000000
12979  41.574  -39.193  1.768 0.5000000000
15817  38.713  -35.340  4.653 0.1000000015
15116  38.483  -36.417  4.636 0.1000000015
15115  39.365  -36.340  4.530 0.1000000015
95140  41.214  -34.270  5.126 0.1000000015
15114  41.059  -36.213  4.484 0.1000000015
15815  41.068  -35.308  4.596 0.1000000015
15814  41.826  -35.446  4.458 0.1000000015
15112  42.655  -36.439  4.339 0.1000000015
15813  42.373  -35.737  4.246 0.1000000015
14390  43.006  -37.121  4.540 0.1000000015
15824  43.004  -35.848  3.254 0.2000000030
14450  45.376  -36.868  1.302 0.2000000030
18071  41.645  -33.511  -4.142 0.1000000015
15894  42.247  -35.573  -2.701 0.2000000030
14468  47.489  -37.676  -1.293 0.2000000030
18080  42.306  -33.200  -4.735 0.1000000015
112334  42.083  -34.190  -4.068 0.1000000015
17318  41.895  -34.609  -3.562 0.1000000015
15902  42.771  -35.200  -3.643 0.1000000015
14477  42.612  -36.871  -1.467 0.1000000015
13760  46.293  -39.145  -1.614 0.3000000119
13759  47.347  -38.875  -1.756 0.2000000030
15195  43.690  -36.577  -2.801 0.1000000015
113797  43.388  -37.203  -1.879 0.1000000015
13749  44.943  -39.024  -0.888 0.2000000030
95840  41.126  -38.651  1.328 0.5000000000
13751  42.451  -38.453  0.420 0.5000000000
13744  41.955  -38.801  1.127 0.5000000000
98156  40.318  -38.497  1.550 0.5000000000
13727  39.857  -38.978  2.182 0.5000000000
16523  38.502  -34.565  5.090 0.1000000015
100216  41.324  -33.254  6.084 0.1000000015
16506  41.644  -32.842  6.042 0.1000000015
16521  41.699  -33.355  5.400 0.1000000015
16520  41.662  -34.345  4.776 0.1000000015
16533  41.751  -34.303  4.544 0.1000000015
17215  41.764  -33.724  5.102 0.1000000015
15826  42.048  -35.005  4.319 0.1000000015
15825  42.520  -35.458  3.842 0.2000000030
15832  43.204  -35.541  2.204 0.2000000030
15149  43.984  -35.868  1.574 0.2000000030
15148  44.880  -36.196  0.914 0.2000000030
15147  45.756  -36.594  0.235 0.2000000030
15170  46.589  -36.758  -0.958 0.2000000030
17325  42.871  -33.996  -4.597 0.1000000015
113209  43.018  -35.566  -3.447 0.1000000015
15893  43.288  -35.873  -3.197 0.1000000015
14485  46.429  -37.217  -2.629 0.1000000015
14474  47.155  -37.989  -2.113 0.2000000030
15186  46.983  -37.198  -2.012 0.2000000030
14487  44.415  -37.217  -2.711 0.1000000015
14476  43.728  -37.751  -1.569 0.2000000030
103172  45.567  -38.534  -1.917 0.2000000030
113685  46.654  -38.533  -2.176 0.2000000030
109933  40.599  -31.993  6.351 0.1000000015
17206  41.354  -32.519  6.349 0.1000000015
102349  37.968  -31.327  4.726 0.1000000015
17950  41.283  -32.464  6.392 0.1000000015
17973  39.335  -32.257  4.205 0.1000000015
17972  40.092  -32.688  4.103 0.1000000015
17228  41.358  -33.384  4.573 0.1000000015
17216  41.729  -33.325  5.426 0.1000000015
17227  41.643  -33.766  4.542 0.1000000015
111114  41.577  -33.845  2.497 0.1000000015
16552  42.117  -34.415  2.428 0.1000000015
15846  42.766  -34.865  1.791 0.1000000015
15844  44.482  -35.559  0.500 0.2000000030
15171  45.521  -35.959  -0.458 0.2000000030
18078  44.082  -33.633  -5.006 0.1000000015
17324  43.721  -34.017  -4.748 0.1000000015
17316  43.807  -34.372  -4.149 0.1000000015
15901  43.588  -35.420  -3.565 0.1000000015
15187  46.219  -36.443  -1.919 0.2000000030
16619  43.713  -34.982  -3.940 0.1000000015
15194  44.880  -36.569  -3.194 0.1000000015
14486  45.517  -37.202  -2.961 0.2000000030
18729  37.659  -31.051  3.824 0.1000000015
17987  38.779  -31.889  3.203 0.1000000015
111409  39.381  -32.322  3.262 0.1000000015
17242  41.153  -33.581  3.264 0.1000000015
16551  42.499  -34.154  1.337 0.1000000015
16567  43.025  -34.007  0.535 0.1000000015
16550  43.060  -34.533  1.001 0.1000000015
16566  43.599  -34.523  0.318 0.2000000030
15845  43.560  -35.144  1.068 0.2000000030
15856  44.229  -34.990  0.026 0.2000000030
18070  44.056  -33.035  -2.982 0.1000000015
18048  44.093  -33.561  -2.981 0.1000000015
17301  43.818  -33.260  -1.769 0.1000000015
17279  44.141  -33.938  -1.775 0.1000000015
16595  44.474  -34.490  -1.605 0.1000000015
15880  44.771  -34.958  -1.154 0.1000000015
99818  44.166  -34.545  -0.483 0.1000000015
18069  44.148  -33.800  -4.205 0.1000000015
17300  44.163  -34.199  -3.090 0.1000000015
16613  44.365  -34.931  -3.162 0.1000000015
16594  44.845  -35.331  -2.579 0.1000000015
15879  45.461  -35.654  -1.934 0.1000000015
15891  45.156  -35.995  -3.066 0.1000000015
15193  45.678  -36.558  -2.888 0.1000000015
18741  38.624  -31.450  2.524 0.1000000015
18740  39.229  -31.903  2.365 0.1000000015
18003  39.976  -32.218  1.838 0.1000000015
17985  40.513  -32.955  2.404 0.1000000015
18001  41.538  -32.984  1.117 0.1000000015
17265  42.338  -33.431  0.743 0.1000000015
18804  42.409  -30.910  -1.069 0.1000000015
18786  42.653  -31.761  -0.886 0.1000000015
18031  42.104  -32.084  -0.079 0.1000000015
18017  42.613  -32.933  0.006 0.1000000015
111820  43.893  -31.487  -2.450 0.1000000015
18803  43.110  -31.584  -1.522 0.1000000015
18030  42.993  -32.588  -0.780 0.1000000015
99609  43.022  -33.507  0.091 0.1000000015
16596  43.721  -33.985  -0.411 0.1000000015
18832  43.837  -32.172  -2.503 0.1000000015
18049  43.565  -32.488  -1.771 0.1000000015
17280  43.410  -33.296  -0.658 0.1000000015
18752  40.333  -31.764  1.056 0.1000000015
18769  40.726  -31.253  0.415 0.1000000015
18019  41.245  -32.132  0.634 0.1000000015
18768  41.400  -31.482  0.084 0.1000000015
18018  41.959  -32.717  0.491 0.1000000015
18787  41.861  -31.194  -0.452 0.1000000015
19562  43.152  -30.890  -1.754 0.1000000015
11117  44.858  -42.367  5.100 0.4000000060
12260  41.448  -40.217  3.122 0.5000000000
102365  45.348  -41.969  4.799 0.4000000060
11071  43.038  -42.243  8.301 0.1000000015
12914  44.222  -39.341  5.736 0.1000000015
11624  47.244  -41.273  6.251 0.2000000030
12273  46.685  -40.493  2.388 0.4000000060
12186  39.180  -40.993  7.130 0.1000000015
13706  47.659  -38.790  3.405 0.3000000119
14425  45.044  -37.172  2.480 0.2000000030
13666  47.030  -38.636  5.524 0.2000000030
13684  47.897  -39.274  4.078 0.2000000030
12943  48.080  -39.992  3.553 0.2000000030
13726  47.709  -38.762  2.211 0.3000000119
108887  48.097  -40.053  2.438 0.3000000119
14423  47.129  -38.192  1.488 0.2000000030
12989  46.682  -39.699  0.059 0.3000000119
12946  36.708  -39.472  3.665 0.5000000000
102595  38.794  -40.338  6.652 0.1000000015
12899  39.267  -39.743  6.088 0.1000000015
12226  41.731  -39.936  5.919 0.1000000015
104763  41.289  -39.476  5.596 0.1000000015
13688  44.391  -37.713  5.005 0.1000000015
13668  44.946  -38.352  5.448 0.1000000015
13687  45.369  -37.854  5.109 0.1000000015
14408  44.055  -36.963  4.102 0.1000000015
13748  48.233  -39.108  -0.499 0.3000000119
13730  36.827  -37.858  2.832 0.5000000000
13729  37.635  -38.352  2.772 0.5000000000
14428  35.901  -37.200  2.857 0.5000000000
15152  37.758  -36.149  1.874 0.5000000000
14393  39.314  -37.320  4.680 0.1000000015
94971  40.183  -36.843  4.521 0.1000000015
13672  40.391  -38.563  5.079 0.1000000015
14392  41.101  -37.092  4.511 0.1000000015
13690  42.373  -37.918  4.659 0.1000000015
15113  41.904  -36.326  4.444 0.1000000015
15111  43.337  -36.663  4.236 0.1000000015
15132  43.646  -36.204  2.663 0.2000000030
18072  40.695  -33.049  -3.519 0.2000000030
15196  42.482  -36.211  -2.082 0.1000000015
13762  43.065  -38.151  -0.487 0.4000000060
16569  39.179  -34.729  0.571 0.5000000000
15858  39.423  -35.418  0.780 0.4000000060
17281  39.512  -33.809  -0.920 0.2000000030
96099  39.890  -35.931  0.610 0.4000000060
14471  40.551  -37.284  0.602 0.5000000000
14470  41.319  -37.599  0.307 0.5000000000
13761  44.224  -38.397  -1.189 0.3000000119
16571  37.867  -33.996  0.998 0.5000000000
16570  38.394  -34.665  1.150 0.5000000000
16522  39.895  -34.416  5.119 0.1000000015
15816  40.043  -35.314  4.609 0.1000000015
112878  40.289  -36.054  4.499 0.1000000015
15123  42.910  -36.066  4.001 0.1000000015
15833  42.549  -35.207  2.861 0.2000000030
16620  41.735  -35.005  -2.928 0.1000000015
104229  39.644  -33.802  5.826 0.1000000015
17197  40.684  -32.177  6.572 0.1000000015
17959  41.360  -32.877  5.409 0.1000000015
16541  42.122  -34.793  3.676 0.1000000015
18079  43.448  -33.588  -5.052 0.1000000015
110329  43.403  -34.341  -4.531 0.1000000015
17317  42.969  -34.642  -4.221 0.1000000015
13775  46.185  -37.868  -2.575 0.2000000030
15892  44.333  -35.883  -3.364 0.1000000015
14475  44.954  -37.868  -2.340 0.1000000015
17951  39.690  -31.779  6.382 0.1000000015
18716  38.803  -31.657  5.320 0.1000000015
18728  38.502  -31.720  4.196 0.1000000015
17961  39.578  -31.934  5.428 0.1000000015
17960  40.421  -32.364  5.451 0.1000000015
17971  40.631  -33.117  3.741 0.1000000015
17241  41.709  -34.165  3.497 0.1000000015
17254  41.857  -33.687  1.647 0.1000000015
108930  44.925  -35.352  -0.524 0.2000000030
18742  38.104  -31.233  3.047 0.1000000015
17986  39.874  -32.600  2.852 0.1000000015
17255  41.184  -33.303  1.964 0.1000000015
18754  38.847  -31.278  1.977 0.1000000015
18753  39.467  -31.376  1.456 0.1000000015
18002  40.773  -32.563  1.435 0.1000000015
19548  41.166  -30.729  -0.110 0.1000000015
19563  42.354  -30.057  -1.123 0.1000000015
99238  43.051  -29.850  -1.560 0.1000000015
19547  41.718  -30.325  -0.618 0.1000000015
9454  43.263  -46.187  8.073 0.1000000015
8835  42.968  -46.924  7.765 0.1000000015
9461  42.300  -45.986  7.384 0.1000000015
9460  43.364  -45.183  7.706 0.1000000015
10018  43.933  -44.443  7.241 0.1000000015
112061  44.006  -45.596  8.426 0.1000000015
10005  44.675  -44.791  8.294 0.1000000015
8234  43.138  -48.350  8.217 0.2000000030
10542  45.218  -44.111  7.682 0.1000000015
98688  42.342  -46.996  6.492 0.2000000030
10006  42.285  -45.338  7.265 0.1000000015
8269  42.820  -47.489  5.960 0.2000000030
8853  41.968  -46.386  6.980 0.2000000030
10019  42.594  -44.523  6.956 0.2000000030
9478  41.590  -45.512  6.847 0.2000000030
10020  41.470  -44.662  6.607 0.2000000030
97889  43.127  -43.839  6.457 0.3000000119
10564  43.679  -43.265  5.911 0.3000000119
10554  41.939  -43.824  6.316 0.3000000119
10565  42.507  -43.193  5.778 0.3000000119
8854  41.146  -45.838  6.397 0.2000000030
8285  42.608  -47.291  5.038 0.2000000030
8865  41.736  -46.875  5.547 0.2000000030
8315  45.297  -47.316  1.591 0.1000000015
8284  43.195  -47.496  4.646 0.2000000030
100109  41.516  -46.485  6.255 0.2000000030
8307  44.350  -47.338  3.044 0.1000000015
8297  43.457  -47.319  4.029 0.1000000015
9479  40.871  -45.102  6.398 0.2000000030
10021  40.668  -44.461  6.122 0.2000000030
8306  44.810  -47.469  2.418 0.1000000015
10566  41.401  -43.120  5.612 0.4000000060
8894  43.852  -47.009  3.370 0.2000000030
8866  40.840  -46.223  5.726 0.2000000030
8879  42.627  -47.053  4.200 0.2000000030
8909  45.180  -46.856  2.064 0.1000000015
8927  44.859  -46.177  1.915 0.2000000030
8910  44.416  -46.727  2.621 0.1000000015
8880  41.691  -46.861  4.468 0.2000000030
9497  40.468  -45.429  5.926 0.2000000030
10556  40.375  -43.957  5.829 0.4000000060
9498  39.865  -44.953  5.544 0.4000000060
11107  40.621  -42.661  5.212 0.4000000060
8896  41.802  -46.634  3.597 0.3000000119
8895  42.875  -46.737  3.513 0.2000000030
8911  43.262  -46.388  2.815 0.4000000060
10022  40.085  -44.354  5.737 0.4000000060
8881  40.763  -46.509  4.793 0.3000000119
8913  41.050  -46.230  2.974 0.4000000060
19631  41.997  -31.487  -4.586 0.1000000015
18081  41.233  -32.642  -4.149 0.1000000015
11108  39.816  -42.933  5.295 0.4000000060
113542  39.604  -45.266  5.092 0.4000000060
10568  39.733  -43.720  5.527 0.5000000000
9521  40.158  -46.051  3.241 0.4000000060
8897  40.852  -46.468  3.821 0.3000000119
8882  40.035  -46.072  4.152 0.4000000060
9510  39.359  -45.455  4.490 0.4000000060
18855  40.996  -31.613  -3.961 0.1000000015
11109  39.037  -43.250  5.215 0.5000000000
10037  38.824  -44.315  5.033 0.5000000000
11122  39.156  -42.447  4.957 0.5000000000
18833  40.365  -32.199  -3.454 0.1000000015
18073  39.936  -32.665  -2.877 0.1000000015
18834  39.609  -31.865  -2.791 0.1000000015
17320  39.704  -33.024  -2.270 0.1000000015
8824  43.536  -47.465  8.816 0.1000000015
112084  43.762  -46.735  8.791 0.1000000015
108553  44.559  -45.441  9.038 0.1000000015
10541  45.796  -43.567  7.949 0.1000000015
11120  41.371  -42.345  4.974 0.4000000060
8255  43.212  -48.198  7.038 0.1000000015
10555  41.009  -43.890  6.051 0.3000000119
10567  40.473  -43.379  5.610 0.4000000060
9509  40.066  -45.739  5.131 0.3000000119
10036  39.462  -44.322  5.406 0.4000000060
9445  44.412  -45.955  10.045 0.1000000015
102084  35.009  -47.135  -3.716 0.1000000015
8407  35.465  -47.352  -4.290 0.1000000015
7833  36.802  -48.148  -4.743 0.1000000015
8408  34.582  -47.198  -4.487 0.1000000015
8405  37.169  -47.765  -3.979 0.1000000015
8425  33.764  -47.228  -5.131 0.1000000015
8426  32.838  -47.211  -5.228 0.1000000015
8275  30.975  -47.118  5.532 0.1000000015
8356  30.252  -47.709  -1.963 0.1000000015
8397  30.383  -47.356  -3.738 0.1000000015
110130  36.176  -47.307  -2.575 0.1000000015
8396  31.171  -47.433  -3.407 0.1000000015
8392  35.722  -47.256  -3.361 0.1000000015
103833  31.627  -47.197  -4.670 0.1000000015
108221  36.884  -47.312  -2.600 0.1000000015
8427  31.935  -47.228  -5.271 0.1000000015
7824  38.017  -48.061  -3.771 0.1000000015
8239  31.414  -47.716  6.988 0.1000000015
8292  30.988  -46.990  4.664 0.1000000015
7659  32.137  -49.256  7.975 0.1000000015
7682  31.729  -48.562  7.520 0.1000000015
106246  31.072  -47.224  6.320 0.1000000015
8274  31.319  -47.989  5.906 0.1000000015
8298  31.472  -47.863  3.368 0.1000000015
7780  29.909  -48.426  0.117 0.1000000015
7805  30.484  -48.176  -1.149 0.1000000015
99512  35.034  -47.212  -3.010 0.1000000015
99466  33.825  -47.087  -4.299 0.1000000015
8371  36.652  -47.315  -1.887 0.1000000015
8389  38.347  -47.617  -3.006 0.1000000015
8291  31.125  -47.811  4.959 0.1000000015
7735  31.115  -48.747  5.077 0.1000000015
6412  32.373  -49.997  8.383 0.1000000015
7700  31.659  -48.612  6.696 0.1000000015
7717  31.324  -49.086  5.824 0.1000000015
7052  30.931  -49.720  5.096 0.1000000015
96726  31.270  -48.393  4.300 0.1000000015
7753  31.454  -49.021  3.542 0.1000000015
7764  31.145  -48.760  1.734 0.1000000015
7765  30.662  -48.556  1.100 0.1000000015
7779  30.424  -48.798  0.471 0.1000000015
7793  30.501  -48.795  -0.238 0.1000000015
111911  31.038  -48.787  -0.751 0.1000000015
8355  30.928  -47.876  -2.005 0.1000000015
8375  32.842  -47.483  -2.948 0.1000000015
105561  35.180  -47.429  -2.371 0.1000000015
8393  34.279  -47.161  -3.522 0.1000000015
8374  33.694  -47.427  -2.859 0.1000000015
8395  32.474  -47.303  -3.625 0.1000000015
8370  37.598  -47.240  -2.170 0.1000000015
8390  37.448  -47.511  -3.152 0.1000000015
6461  30.910  -50.359  4.410 0.1000000015
6397  32.656  -50.773  8.892 0.1000000015
7021  32.334  -50.001  7.657 0.1000000015
7699  31.962  -49.298  7.234 0.1000000015
102471  31.627  -49.452  6.484 0.1000000015
7036  31.151  -50.220  5.794 0.1000000015
7101  31.391  -49.774  2.831 0.1000000015
7110  30.897  -49.877  1.410 0.1000000015
7119  30.966  -50.110  0.586 0.1000000015
5846  32.831  -51.269  8.421 0.1000000015
5854  32.640  -51.510  7.802 0.1000000015
6426  32.284  -50.931  7.327 0.1000000015
7035  31.802  -50.304  6.749 0.1000000015
7120  30.674  -49.305  0.912 0.1000000015
7133  30.752  -49.370  0.280 0.1000000015
7132  31.189  -49.541  -0.212 0.1000000015
7141  31.708  -49.041  -0.933 0.1000000015
7804  31.318  -48.392  -1.425 0.1000000015
99494  32.094  -48.524  -1.612 0.1000000015
109268  32.438  -47.959  -2.270 0.1000000015
7814  31.677  -47.969  -2.148 0.1000000015
7812  34.053  -47.889  -2.141 0.1000000015
7813  33.216  -47.942  -2.269 0.1000000015
95949  31.965  -47.548  -2.992 0.1000000015
105628  35.768  -47.805  -1.175 0.1000000015
8373  34.543  -47.434  -2.605 0.1000000015
8352  37.215  -47.306  -1.193 0.1000000015
8369  38.663  -47.242  -2.175 0.1000000015
8978  39.105  -46.999  -1.342 0.1000000015
108686  30.749  -51.400  4.314 0.1000000015
7088  31.216  -50.057  3.622 0.1000000015
5833  32.998  -51.597  8.974 0.1000000015
98079  32.927  -52.001  8.325 0.1000000015
5855  31.948  -52.033  7.103 0.1000000015
6436  31.192  -51.106  6.053 0.1000000015
113370  30.778  -50.604  4.998 0.1000000015
6477  31.012  -50.850  2.867 0.1000000015
6496  30.967  -50.609  2.009 0.1000000015
6509  30.921  -50.849  1.174 0.1000000015
5949  31.455  -51.076  0.650 0.1000000015
6537  31.676  -50.407  0.007 0.1000000015
7131  32.041  -49.807  -0.605 0.1000000015
7140  32.488  -49.257  -1.201 0.1000000015
7802  33.589  -48.661  -1.757 0.1000000015
7139  33.256  -49.424  -1.359 0.1000000015
8344  36.338  -47.821  -0.724 0.1000000015
7792  35.971  -48.387  -0.664 0.1000000015
7800  35.200  -48.509  -1.178 0.1000000015
7801  34.392  -48.576  -1.595 0.1000000015
7791  36.660  -48.141  -0.274 0.1000000015
97117  36.944  -47.615  -0.571 0.1000000015
7790  37.363  -47.877  0.045 0.1000000015
8351  38.125  -47.153  -1.307 0.1000000015
8964  39.899  -46.769  -0.800 0.1000000015
4701  33.007  -53.746  10.198 0.1000000015
5302  33.005  -52.445  9.623 0.1000000015
4725  32.297  -53.930  7.488 0.1000000015
5319  31.763  -53.320  6.707 0.1000000015
95896  30.862  -51.126  3.613 0.1000000015
5301  33.161  -52.612  8.881 0.1000000015
5318  32.495  -52.534  7.619 0.1000000015
6435  31.587  -51.494  6.556 0.1000000015
5866  30.971  -52.168  5.691 0.1000000015
5922  30.758  -51.837  2.068 0.1000000015
103759  30.933  -51.538  1.536 0.1000000015
5902  30.683  -52.104  2.786 0.1000000015
5935  31.246  -51.675  1.124 0.1000000015
6536  32.380  -50.469  -0.392 0.1000000015
5966  32.309  -51.257  0.095 0.1000000015
6535  33.054  -50.838  -0.531 0.1000000015
6542  33.712  -50.295  -1.035 0.1000000015
6541  34.003  -49.462  -1.437 0.1000000015
7138  34.749  -49.459  -1.247 0.1000000015
7129  36.427  -49.034  -0.288 0.1000000015
7778  37.105  -48.701  0.103 0.1000000015
8330  38.181  -47.710  0.261 0.1000000015
97564  37.815  -47.381  -0.427 0.1000000015
8979  38.536  -47.119  -0.722 0.1000000015
8965  39.126  -47.015  -0.596 0.1000000015
5339  31.704  -55.250  3.513 0.1000000015
5340  31.261  -54.610  3.213 0.1000000015
4714  33.041  -55.287  9.716 0.1000000015
98217  33.125  -53.648  9.424 0.1000000015
105929  32.881  -53.752  8.558 0.1000000015
5875  30.900  -53.670  4.805 0.1000000015
5884  31.032  -54.129  2.744 0.1000000015
5329  31.210  -54.254  5.297 0.1000000015
107318  30.713  -52.896  4.644 0.1000000015
114134  30.808  -53.454  2.540 0.1000000015
5393  31.394  -52.670  1.448 0.1000000015
5934  31.892  -52.175  0.765 0.1000000015
5948  32.619  -52.157  0.333 0.1000000015
103146  33.839  -51.213  -0.628 0.1000000015
6533  35.028  -50.396  -1.069 0.1000000015
113936  34.404  -50.117  -1.181 0.1000000015
6532  36.434  -50.093  -0.416 0.1000000015
108582  35.627  -49.520  -0.798 0.1000000015
6522  36.931  -49.543  -0.033 0.1000000015
7118  37.575  -49.474  0.307 0.1000000015
7777  37.841  -48.475  0.430 0.1000000015
110854  33.686  -56.783  5.076 0.1000000015
4153  32.751  -56.209  8.379 0.1000000015
3676  33.110  -56.685  6.316 0.1000000015
4742  32.143  -55.805  5.083 0.1000000015
104262  31.893  -55.568  4.274 0.1000000015
4751  33.278  -56.089  2.803 0.1000000015
97008  33.027  -55.296  10.308 0.1000000015
4724  32.516  -55.161  8.002 0.1000000015
4158  32.219  -55.579  6.780 0.1000000015
4734  31.620  -54.898  6.027 0.1000000015
97129  32.828  -55.350  2.094 0.1000000015
5360  31.737  -54.574  2.055 0.1000000015
112213  32.616  -52.907  0.690 0.1000000015
5405  33.249  -52.848  0.326 0.1000000015
112298  33.908  -51.843  -0.430 0.1000000015
5964  34.525  -51.828  -0.638 0.1000000015
6534  34.465  -50.837  -0.916 0.1000000015
103683  35.066  -51.229  -0.898 0.1000000015
6521  37.210  -50.414  -0.093 0.1000000015
96987  35.769  -50.933  -0.836 0.1000000015
7117  38.393  -49.315  0.632 0.1000000015
3668  34.006  -57.275  6.976 0.1000000015
4175  33.800  -56.461  4.146 0.1000000015
3669  32.801  -56.407  7.525 0.1000000015
4189  32.906  -56.201  3.883 0.1000000015
5359  33.526  -55.402  1.794 0.1000000015
5377  33.921  -55.616  1.359 0.1000000015
4790  33.284  -54.148  0.815 0.1000000015
5425  33.996  -52.678  -0.194 0.1000000015
5423  35.579  -53.595  -0.560 0.1000000015
5962  36.169  -51.887  -0.789 0.1000000015
5963  35.439  -52.152  -0.775 0.1000000015
5961  36.922  -52.549  -0.683 0.1000000015
5947  37.613  -51.554  -0.319 0.1000000015
6531  36.677  -51.218  -0.559 0.1000000015
6520  38.203  -50.532  0.291 0.1000000015
101846  39.828  -50.391  0.863 0.1000000015
7115  40.515  -49.503  0.971 0.1000000015
3675  34.596  -57.238  5.634 0.1000000015
3681  34.620  -56.845  4.744 0.1000000015
4750  34.304  -55.852  3.223 0.1000000015
5348  33.114  -55.796  2.196 0.1000000015
108548  34.340  -55.033  2.301 0.1000000015
4774  33.926  -55.404  1.061 0.1000000015
4802  33.889  -53.865  0.363 0.1000000015
107669  34.403  -53.813  -0.057 0.1000000015
5421  37.458  -54.166  -0.652 0.1000000015
103053  36.103  -52.743  -0.755 0.1000000015
5946  38.629  -52.024  -0.010 0.1000000015
6519  39.260  -51.205  0.501 0.1000000015
6517  41.586  -50.630  1.081 0.1000000015
7108  43.108  -49.755  1.567 0.1000000015
4163  36.005  -56.458  5.784 0.1000000015
4164  35.176  -56.427  4.918 0.1000000015
103859  34.715  -54.700  3.780 0.1000000015
5338  34.402  -54.531  2.988 0.1000000015
97672  34.266  -55.584  2.616 0.1000000015
5921  34.525  -54.758  1.956 0.1000000015
4801  34.511  -54.924  0.315 0.1000000015
4228  35.364  -55.865  -0.076 0.1000000015
4817  35.820  -55.200  -0.360 0.1000000015
6471  40.611  -51.269  3.520 0.1000000015
5898  40.832  -52.024  2.969 0.1000000015
5372  40.779  -53.162  2.204 0.1000000015
4797  39.869  -54.532  0.781 0.1000000015
5404  39.425  -54.497  0.260 0.1000000015
4816  36.870  -55.561  -0.502 0.1000000015
5422  36.429  -53.922  -0.656 0.1000000015
6470  41.379  -51.167  3.198 0.1000000015
5916  41.175  -52.509  2.383 0.1000000015
4783  40.397  -54.032  1.151 0.1000000015
4815  37.941  -55.768  -0.460 0.1000000015
6457  41.098  -50.308  4.205 0.1000000015
5897  41.446  -51.930  2.552 0.1000000015
5930  41.190  -52.492  1.322 0.1000000015
5945  39.733  -52.803  0.361 0.1000000015
101980  38.919  -53.351  -0.123 0.1000000015
7063  41.669  -49.752  5.104 0.1000000015
7082  41.826  -50.078  3.869 0.1000000015
6490  42.004  -51.499  2.310 0.1000000015
6506  42.391  -50.971  1.732 0.1000000015
6518  40.313  -51.647  0.723 0.1000000015
7080  43.470  -49.026  3.870 0.1000000015
7107  43.567  -49.400  1.892 0.1000000015
4733  35.650  -55.256  5.510 0.1000000015
5328  35.306  -54.060  5.115 0.1000000015
4741  34.913  -55.513  4.332 0.1000000015
5883  34.490  -53.159  3.229 0.1000000015
5901  34.501  -54.499  2.257 0.1000000015
5391  34.529  -55.262  1.199 0.1000000015
4800  35.499  -56.053  0.094 0.1000000015
4786  37.900  -56.393  0.498 0.1000000015
4239  36.373  -56.435  -0.125 0.1000000015
5373  40.206  -53.146  2.593 0.1000000015
4773  39.556  -54.336  1.790 0.1000000015
4798  39.265  -55.421  0.484 0.1000000015
4237  38.099  -56.597  -0.180 0.1000000015
5899  40.179  -52.186  3.138 0.1000000015
7031  42.392  -49.539  6.489 0.1000000015
7049  42.530  -49.466  5.686 0.1000000015
5327  35.932  -53.834  6.276 0.1000000015
5874  34.522  -52.317  4.271 0.1000000015
102526  34.905  -53.154  4.644 0.1000000015
6495  34.646  -52.975  2.514 0.1000000015
105631  34.818  -52.773  2.253 0.1000000015
4787  35.697  -55.639  0.793 0.1000000015
5390  35.216  -54.732  1.321 0.1000000015
5388  37.606  -53.806  1.512 0.1000000015
5389  36.398  -53.557  1.404 0.1000000015
98808  40.063  -51.210  3.659 0.1000000015
5900  39.519  -51.718  3.276 0.1000000015
114117  38.188  -55.202  1.178 0.1000000015
4799  36.582  -56.538  0.242 0.1000000015
6458  40.711  -49.869  4.666 0.1000000015
4227  38.509  -56.443  0.111 0.1000000015
7064  41.109  -49.700  5.814 0.1000000015
111584  41.118  -49.799  4.972 0.1000000015
100173  35.611  -52.658  5.908 0.1000000015
6460  34.325  -51.413  4.077 0.1000000015
103294  34.392  -51.915  3.207 0.1000000015
6494  34.561  -51.403  2.827 0.1000000015
5933  35.022  -53.734  1.790 0.1000000015
5375  38.165  -52.925  2.061 0.1000000015
5931  37.190  -52.579  1.746 0.1000000015
5387  38.765  -54.319  1.734 0.1000000015
102034  40.505  -50.553  3.966 0.1000000015
7032  41.553  -49.702  6.713 0.1000000015
7678  42.759  -49.148  7.766 0.1000000015
5864  35.134  -51.583  5.511 0.1000000015
6446  34.560  -51.090  4.854 0.1000000015
6459  34.514  -50.207  4.645 0.1000000015
107839  34.360  -50.665  3.864 0.1000000015
6476  34.480  -50.564  3.391 0.1000000015
110043  34.809  -51.160  2.607 0.1000000015
5920  35.326  -51.711  2.141 0.1000000015
5932  35.661  -52.845  1.674 0.1000000015
5918  37.528  -51.794  2.226 0.1000000015
102681  38.690  -52.079  2.721 0.1000000015
7728  40.489  -49.397  5.270 0.1000000015
104186  39.465  -50.829  3.617 0.1000000015
7068  34.523  -49.782  3.930 0.1000000015
114074  34.603  -49.986  3.463 0.1000000015
7099  35.132  -49.790  3.003 0.1000000015
7100  34.699  -50.312  3.031 0.1000000015
6493  35.205  -50.484  2.650 0.1000000015
5919  36.360  -51.811  1.916 0.1000000015
6491  36.896  -50.872  2.393 0.1000000015
7656  41.690  -49.096  8.884 0.1000000015
7033  41.059  -49.622  6.742 0.1000000015
101217  42.473  -48.972  8.645 0.1000000015
7087  34.856  -49.484  3.515 0.1000000015
7086  35.500  -49.192  3.263 0.1000000015
7085  36.654  -49.293  3.168 0.1000000015
7098  35.769  -49.849  2.774 0.1000000015
7084  37.946  -49.661  3.405 0.1000000015
7680  40.930  -49.404  7.917 0.1000000015
7697  40.669  -49.275  7.134 0.1000000015
7714  40.656  -49.407  6.224 0.1000000015
6472  39.940  -50.243  4.099 0.1000000015
6473  38.586  -50.811  3.212 0.1000000015
8216  43.409  -47.678  9.761 0.1000000015
7065  40.113  -49.558  4.622 0.1000000015
99431  37.993  -48.251  4.207 0.1000000015
6475  36.514  -50.142  2.682 0.1000000015
7748  38.428  -49.069  3.961 0.1000000015
6474  37.423  -50.264  2.877 0.1000000015
7715  40.057  -48.777  5.574 0.1000000015
7083  38.956  -49.979  3.760 0.1000000015
7729  39.760  -48.905  4.821 0.1000000015
7806  29.555  -47.730  -1.488 0.1000000015
8377  30.521  -47.533  -2.793 0.1000000015
8376  31.268  -47.660  -2.660 0.1000000015
8406  36.308  -47.531  -4.130 0.1000000015
8391  36.615  -47.379  -3.303 0.1000000015
8394  33.260  -47.181  -3.759 0.1000000015
96766  31.793  -47.266  -3.922 0.1000000015
8409  33.233  -47.112  -4.580 0.1000000015
8410  32.453  -47.154  -4.454 0.1000000015
100429  29.865  -47.415  -3.274 0.1000000015
8411  30.995  -47.269  -4.300 0.1000000015
8372  35.557  -47.322  -2.616 0.1000000015
7069  31.112  -49.379  4.407 0.1000000015
7759  31.521  -48.751  2.663 0.1000000015
8308  31.387  -47.811  2.347 0.1000000015
114016  31.248  -49.525  2.150 0.1000000015
8353  36.440  -47.536  -1.198 0.1000000015
8354  34.977  -47.747  -1.792 0.1000000015
7803  32.843  -48.636  -1.750 0.1000000015
6447  30.779  -51.526  5.159 0.1000000015
5865  31.302  -52.738  6.155 0.1000000015
7130  32.837  -50.036  -0.894 0.1000000015
105086  30.648  -52.442  3.411 0.1000000015
5885  30.685  -52.788  3.975 0.1000000015
8343  38.668  -47.274  -0.125 0.1000000015
4720  32.791  -55.095  8.941 0.1000000015
5378  31.047  -53.301  2.020 0.1000000015
102350  32.372  -54.423  1.548 0.1000000015
5392  32.354  -53.525  1.080 0.1000000015
5965  33.263  -51.803  -0.181 0.1000000015
7776  38.704  -48.350  0.661 0.1000000015
113021  32.013  -55.566  5.941 0.1000000015
4775  33.238  -54.822  1.181 0.1000000015
102104  38.949  -50.082  0.734 0.1000000015
7116  39.305  -49.258  0.862 0.1000000015
4188  33.805  -56.242  3.333 0.1000000015
4174  34.435  -56.288  3.973 0.1000000015
5424  34.814  -53.090  -0.438 0.1000000015
4818  34.961  -54.707  -0.186 0.1000000015
5960  38.034  -52.938  -0.481 0.1000000015
7114  41.822  -49.465  1.030 0.1000000015
113346  35.321  -57.006  5.374 0.1000000015
4789  34.074  -55.074  0.794 0.1000000015
102877  34.909  -55.666  0.105 0.1000000015
7109  42.466  -50.378  1.411 0.1000000015
104473  40.762  -50.803  0.924 0.1000000015
6507  41.880  -51.422  1.472 0.1000000015
104429  42.859  -50.338  1.798 0.1000000015
5376  34.491  -54.950  1.635 0.1000000015
4788  34.773  -55.594  0.575 0.1000000015
4772  40.275  -53.944  1.915 0.1000000015
5386  40.854  -53.368  1.521 0.1000000015
5403  40.234  -53.722  0.740 0.1000000015
5420  38.520  -54.480  -0.370 0.1000000015
4814  38.791  -55.890  -0.119 0.1000000015
4218  37.525  -56.889  -0.087 0.1000000015
5915  41.774  -52.148  2.037 0.1000000015
5402  40.727  -53.329  1.052 0.1000000015
6469  42.263  -50.603  2.779 0.1000000015
5944  40.666  -52.695  0.842 0.1000000015
6508  41.172  -51.683  1.061 0.1000000015
5929  41.694  -52.061  1.716 0.1000000015
7050  41.807  -49.748  6.067 0.1000000015
6489  42.566  -50.977  1.997 0.1000000015
99362  43.530  -49.179  2.767 0.1000000015
6488  43.040  -50.142  2.245 0.1000000015
96390  37.046  -55.269  0.995 0.1000000015
105230  39.828  -53.620  2.386 0.1000000015
5374  39.229  -53.449  2.387 0.1000000015
4785  38.995  -55.482  0.964 0.1000000015
7017  42.169  -49.600  7.284 0.1000000015
7018  41.283  -49.618  7.382 0.1000000015
7679  41.760  -49.471  8.158 0.1000000015
107769  37.839  -51.115  2.677 0.1000000015
6492  35.952  -50.691  2.356 0.1000000015
9532  41.400  -45.815  2.169 0.3000000119
9533  40.377  -45.717  2.403 0.3000000119
9522  39.430  -45.691  3.591 0.3000000119
9523  38.770  -45.262  3.812 0.4000000060
9511  38.718  -44.872  4.503 0.4000000060
100825  38.387  -45.070  3.165 0.4000000060
7193  44.427  -49.160  -5.912 0.1000000015
7838  45.277  -47.785  -5.293 0.1000000015
9012  45.544  -46.810  -4.993 0.2000000030
109938  43.379  -44.790  -2.975 0.3000000119
10593  36.942  -43.884  2.147 0.4000000060
8912  42.090  -46.309  2.837 0.3000000119
10089  40.621  -43.850  -0.427 0.4000000060
9592  45.111  -45.027  -3.690 0.2000000030
10135  42.667  -44.618  -2.545 0.3000000119
10088  41.165  -43.868  -1.027 0.4000000060
10072  39.985  -44.002  0.196 0.4000000060
10063  37.726  -44.281  1.783 0.4000000060
105879  43.757  -50.166  -5.580 0.1000000015
9000  45.184  -46.202  -4.712 0.3000000119
10608  39.821  -43.648  -0.537 0.4000000060
10074  38.158  -43.962  0.905 0.4000000060
11134  35.857  -42.893  3.116 0.5000000000
9013  44.670  -46.700  -5.318 0.2000000030
9605  44.513  -45.564  -4.263 0.3000000119
10117  42.001  -44.321  -2.054 0.3000000119
10601  39.304  -43.688  -0.051 0.4000000060
11672  35.311  -41.575  3.683 0.4000000060
12265  35.994  -40.256  4.007 0.4000000060
96510  41.297  -44.099  -1.694 0.4000000060
10102  40.663  -43.906  -1.518 0.4000000060
10602  38.499  -43.562  0.079 0.4000000060
111260  37.763  -43.533  0.406 0.4000000060
10594  36.455  -43.310  1.653 0.5000000000
7209  44.393  -48.812  -6.710 0.2000000030
97679  44.768  -48.321  -5.943 0.2000000030
8432  44.867  -47.687  -5.786 0.2000000030
9001  43.858  -46.147  -4.848 0.2000000030
8419  45.482  -47.271  -5.133 0.2000000030
10136  41.680  -44.743  -2.718 0.3000000119
109882  41.229  -44.404  -2.266 0.3000000119
7210  44.061  -49.552  -6.566 0.1000000015
10614  39.520  -43.604  -1.226 0.4000000060
9593  43.806  -45.135  -3.573 0.3000000119
10118  40.513  -44.238  -2.171 0.4000000060
10609  39.024  -43.531  -0.616 0.4000000060
11138  35.844  -42.902  2.180 0.5000000000
11139  35.352  -42.387  2.689 0.5000000000
99319  35.065  -40.242  3.668 0.4000000060
10103  39.980  -43.878  -1.724 0.4000000060
10610  37.812  -43.370  -0.124 0.4000000060
11143  35.910  -42.715  1.149 0.5000000000
103087  35.399  -42.442  1.865 0.5000000000
11673  34.865  -41.074  3.496 0.4000000060
7845  44.345  -48.403  -6.595 0.2000000030
101666  45.084  -47.138  -5.442 0.2000000030
9606  43.085  -45.663  -4.147 0.4000000060
9594  42.460  -45.163  -3.325 0.3000000119
9607  41.789  -45.709  -4.082 0.4000000060
10604  36.599  -43.142  0.819 0.5000000000
11682  34.397  -41.112  2.667 0.5000000000
98545  34.935  -39.458  3.551 0.4000000060
12947  35.675  -39.534  3.690 0.4000000060
10119  39.640  -44.256  -2.396 0.4000000060
10615  38.648  -43.559  -1.355 0.4000000060
11144  35.185  -42.178  1.200 0.5000000000
8420  44.354  -47.261  -5.850 0.2000000030
14410  34.852  -38.051  3.251 0.4000000060
113888  43.264  -46.785  -5.509 0.2000000030
10137  40.762  -44.745  -2.797 0.3000000119
10104  39.146  -43.847  -1.924 0.4000000060
102818  37.408  -43.265  -0.645 0.4000000060
7229  44.265  -49.130  -7.359 0.2000000030
7846  44.103  -47.871  -6.618 0.2000000030
9002  42.453  -46.239  -4.748 0.3000000119
14409  35.936  -38.141  3.229 0.4000000060
9595  41.191  -45.231  -3.411 0.3000000119
11152  36.288  -42.792  0.122 0.5000000000
11687  34.314  -41.276  1.687 0.5000000000
15133  37.027  -36.224  2.187 0.4000000060
10616  37.717  -43.446  -1.460 0.4000000060
12288  33.874  -40.638  1.937 0.5000000000
12949  33.816  -38.999  3.003 0.4000000060
107802  38.551  -34.204  0.626 0.4000000060
6623  43.596  -49.725  -8.062 0.2000000030
99309  43.447  -47.342  -6.198 0.2000000030
9014  41.860  -46.669  -5.377 0.2000000030
9596  40.100  -45.131  -3.458 0.4000000060
11165  35.710  -42.442  -0.321 0.5000000000
11145  34.694  -41.712  1.269 0.5000000000
6610  43.050  -50.336  -7.569 0.2000000030
9608  40.658  -45.661  -4.151 0.4000000060
113524  40.055  -44.642  -2.784 0.3000000119
111104  36.762  -43.060  -0.479 0.5000000000
11153  35.510  -42.312  0.370 0.5000000000
12266  34.459  -40.527  3.221 0.5000000000
6624  42.989  -50.155  -8.351 0.2000000030
16553  37.400  -34.576  1.527 0.4000000060
96085  38.254  -33.623  0.330 0.2000000030
15134  36.083  -36.299  2.458 0.4000000060
112344  35.412  -37.621  3.113 0.4000000060
7228  44.224  -48.876  -7.552 0.2000000030
9003  41.257  -46.194  -4.740 0.4000000060
12966  33.749  -39.629  2.671 0.4000000060
14430  33.987  -37.541  2.831 0.4000000060
7243  44.225  -49.123  -8.225 0.2000000030
8433  42.982  -47.653  -6.778 0.2000000030
8421  42.361  -47.209  -6.052 0.2000000030
7855  44.048  -48.591  -7.460 0.2000000030
110463  36.267  -35.456  2.118 0.4000000060
15136  34.220  -36.673  2.542 0.4000000060
15137  33.564  -36.916  2.206 0.4000000060
10625  38.200  -43.794  -2.138 0.3000000119
11154  34.818  -41.833  0.548 0.5000000000
11688  33.908  -40.856  1.215 0.5000000000
13732  33.612  -38.319  2.595 0.4000000060
10138  39.381  -44.694  -3.101 0.4000000060
10120  38.806  -44.246  -2.674 0.3000000119
10617  36.769  -43.144  -1.287 0.4000000060
11166  34.952  -41.969  -0.368 0.5000000000
8447  43.558  -48.157  -7.311 0.2000000030
15836  35.267  -35.631  2.183 0.4000000060
12279  33.541  -39.922  2.041 0.5000000000
12289  33.493  -40.188  1.128 0.5000000000
96614  37.112  -43.415  -2.036 0.4000000060
11164  36.163  -42.789  -0.745 0.5000000000
11691  34.290  -41.315  0.859 0.5000000000
105803  35.443  -42.380  -1.015 0.5000000000
11170  35.889  -42.795  -1.552 0.5000000000
9534  39.544  -45.588  2.776 0.4000000060
15835  36.550  -34.812  1.817 0.4000000060
15135  35.098  -36.439  2.594 0.4000000060
11704  34.237  -41.369  0.011 0.5000000000
9555  43.553  -44.975  0.791 0.3000000119
9556  42.487  -44.918  0.769 0.3000000119
9546  40.715  -45.169  1.438 0.2000000030
10068  45.319  -44.847  -0.064 0.2000000030
10069  44.017  -44.576  0.108 0.3000000119
10086  43.010  -44.272  -0.499 0.3000000119
10070  42.141  -44.430  0.120 0.3000000119
10084  45.513  -44.548  -0.994 0.2000000030
10099  44.905  -44.290  -1.680 0.2000000030
10100  43.587  -44.242  -1.356 0.2000000030
9604  45.724  -45.638  -4.130 0.2000000030
6625  41.932  -50.518  -8.666 0.1000000015
6635  40.779  -50.532  -9.380 0.1000000015
8463  39.998  -47.959  -8.561 0.1000000015
9530  43.720  -45.948  2.126 0.1000000015
9531  42.509  -45.886  2.114 0.2000000030
102778  41.900  -45.353  1.411 0.2000000030
9544  44.194  -45.476  1.439 0.2000000030
9545  43.014  -45.404  1.444 0.2000000030
8926  45.583  -46.510  1.408 0.1000000015
9552  46.085  -45.663  0.062 0.1000000015
9553  45.562  -45.458  0.610 0.2000000030
8942  45.919  -46.298  0.650 0.1000000015
106193  46.150  -46.055  -0.123 0.1000000015
6609  43.733  -49.774  -7.306 0.1000000015
7857  42.692  -48.264  -8.304 0.1000000015
8448  42.424  -48.098  -7.521 0.1000000015
95172  41.072  -48.038  -7.439 0.1000000015
8435  40.384  -47.404  -6.707 0.1000000015
7860  43.580  -48.406  -8.872 0.1000000015
7858  41.630  -48.286  -8.209 0.1000000015
9031  39.462  -46.772  -6.435 0.1000000015
8449  40.670  -48.204  -8.162 0.1000000015
8450  39.256  -47.325  -7.337 0.1000000015
9631  38.016  -45.898  -6.358 0.1000000015
9033  38.155  -46.508  -7.004 0.1000000015
103024  37.292  -45.544  -6.492 0.1000000015
9542  45.894  -46.069  0.843 0.1000000015
9015  40.914  -46.536  -5.352 0.1000000015
10139  38.569  -44.613  -3.527 0.3000000119
97085  44.187  -48.929  -8.534 0.1000000015
7856  43.534  -48.417  -8.024 0.1000000015
8422  41.200  -47.045  -5.958 0.1000000015
9005  39.199  -45.672  -4.967 0.2000000030
102052  38.722  -44.924  -4.014 0.3000000119
10641  37.231  -43.871  -3.254 0.3000000119
98083  35.845  -43.066  -3.021 0.3000000119
7257  44.361  -49.025  -9.303 0.1000000015
8434  41.686  -47.621  -6.695 0.1000000015
9016  39.409  -46.190  -5.669 0.1000000015
9610  38.903  -45.213  -4.386 0.2000000030
10642  36.992  -44.007  -3.899 0.3000000119
7870  44.270  -48.719  -9.730 0.1000000015
9620  38.605  -45.751  -5.646 0.1000000015
10161  37.282  -44.829  -5.341 0.2000000030
99336  35.728  -43.318  -3.934 0.3000000119
96241  37.774  -45.313  -5.666 0.1000000015
10162  36.617  -44.555  -5.483 0.2000000030
10654  34.964  -43.140  -4.546 0.4000000060
9632  37.458  -46.099  -7.143 0.1000000015
9621  36.988  -45.007  -5.992 0.1000000015
10163  35.790  -44.249  -5.744 0.3000000119
8283  43.267  -47.854  5.324 0.1000000015
12293  33.342  -40.114  0.005 0.4000000060
11709  34.131  -41.456  -0.928 0.4000000060
10618  36.323  -43.117  -2.153 0.3000000119
112946  35.617  -42.769  -2.296 0.4000000060
11713  34.177  -41.629  -1.940 0.4000000060
10628  35.067  -42.539  -2.793 0.4000000060
11175  33.992  -41.638  -2.896 0.4000000060
10643  35.048  -42.786  -3.615 0.4000000060
11194  34.351  -42.438  -4.110 0.5000000000
10668  35.381  -43.717  -5.216 0.3000000119
11203  34.191  -42.612  -4.978 0.5000000000
105029  36.909  -45.705  -7.184 0.2000000030
9633  36.591  -45.275  -6.730 0.1000000015
10669  34.636  -43.243  -5.472 0.4000000060
9069  38.228  -46.966  -8.465 0.1000000015
9054  36.898  -46.049  -8.031 0.1000000015
108717  35.915  -44.995  -7.055 0.2000000030
10176  36.207  -44.755  -6.258 0.2000000030
8481  39.300  -47.084  -9.448 0.1000000015
8482  38.534  -46.711  -9.262 0.1000000015
113718  35.875  -45.114  -7.740 0.2000000030
9086  40.308  -46.505  -10.204 0.1000000015
9087  39.360  -46.039  -9.987 0.1000000015
13754  33.245  -38.823  1.377 0.4000000060
13746  33.296  -38.354  1.946 0.3000000119
12991  33.296  -39.447  0.744 0.4000000060
11710  33.579  -40.857  -1.486 0.4000000060
11705  33.664  -40.809  -0.489 0.4000000060
12304  33.407  -40.329  -0.871 0.4000000060
11182  34.450  -42.224  -3.285 0.4000000060
11183  33.879  -41.795  -3.730 0.4000000060
99505  33.530  -41.154  -3.350 0.4000000060
11195  33.759  -41.960  -4.554 0.5000000000
11725  33.405  -41.363  -4.998 0.4000000060
10178  34.726  -43.845  -6.676 0.3000000119
10164  35.026  -43.825  -5.997 0.4000000060
102464  34.051  -42.668  -5.883 0.4000000060
9659  37.680  -45.280  -9.600 0.2000000030
10200  36.302  -45.014  -8.839 0.2000000030
10190  34.804  -44.050  -7.325 0.2000000030
9088  38.507  -45.692  -9.783 0.1000000015
9650  36.834  -45.601  -8.893 0.2000000030
8540  41.983  -47.581  -13.461 0.1000000015
14472  33.421  -37.815  0.446 0.4000000060
14454  33.230  -37.913  1.294 0.4000000060
110954  33.436  -39.117  -0.716 0.4000000060
13030  33.468  -39.665  -2.360 0.4000000060
13018  33.475  -39.341  -1.418 0.4000000060
13037  33.529  -39.704  -3.388 0.4000000060
13040  33.563  -39.709  -4.262 0.4000000060
104829  33.301  -40.783  -4.651 0.3000000119
12345  33.594  -40.747  -6.275 0.4000000060
12335  33.395  -40.540  -5.398 0.4000000060
100540  34.161  -42.991  -7.556 0.3000000119
11211  33.909  -42.724  -6.838 0.3000000119
11212  33.659  -42.049  -6.244 0.4000000060
10206  36.978  -44.603  -9.527 0.2000000030
10201  35.704  -44.735  -8.340 0.2000000030
10202  35.038  -44.147  -8.096 0.2000000030
9657  39.462  -44.865  -10.529 0.2000000030
7948  41.184  -48.798  -15.028 0.1000000015
7937  41.196  -48.327  -14.120 0.1000000015
8541  40.719  -47.636  -13.253 0.1000000015
15837  34.371  -35.964  2.182 0.3000000119
15190  33.681  -37.006  0.234 0.4000000060
15861  33.691  -36.073  0.762 0.3000000119
14489  34.121  -37.682  -0.955 0.4000000060
14505  35.014  -37.684  -1.979 0.4000000060
14506  34.318  -38.064  -1.556 0.4000000060
13806  33.857  -39.023  -2.859 0.4000000060
13792  33.795  -38.832  -1.963 0.4000000060
13815  33.939  -39.065  -3.731 0.4000000060
13049  34.324  -39.360  -5.216 0.4000000060
13039  34.130  -39.195  -4.533 0.3000000119
12368  34.809  -41.030  -7.960 0.3000000119
12354  35.053  -40.417  -7.657 0.3000000119
13079  34.735  -40.234  -7.136 0.3000000119
12344  34.150  -40.377  -6.756 0.3000000119
12334  33.993  -39.840  -5.941 0.3000000119
104106  36.433  -42.733  -9.760 0.2000000030
10733  36.718  -43.595  -9.724 0.2000000030
104718  35.087  -41.986  -8.686 0.3000000119
11759  34.619  -41.777  -8.137 0.2000000030
11748  34.188  -41.478  -7.511 0.3000000119
11742  33.821  -41.116  -6.936 0.3000000119
10722  35.065  -43.443  -8.586 0.2000000030
9658  38.685  -44.569  -10.320 0.2000000030
94505  34.446  -34.744  1.057 0.3000000119
17270  34.773  -33.806  0.147 0.3000000119
98036  34.021  -35.377  1.102 0.3000000119
15860  34.162  -35.106  0.423 0.4000000060
15153  33.862  -35.875  1.570 0.3000000119
15903  34.966  -35.585  -2.072 0.3000000119
14504  35.608  -37.458  -2.468 0.4000000060
15208  35.250  -36.719  -2.011 0.4000000060
14488  34.640  -37.096  -1.294 0.4000000060
14520  36.042  -37.849  -2.906 0.4000000060
14521  35.318  -38.067  -2.580 0.4000000060
13814  35.914  -38.518  -3.891 0.3000000119
109101  34.800  -38.687  -3.900 0.4000000060
13805  34.635  -38.537  -3.062 0.4000000060
13077  36.330  -39.721  -7.134 0.3000000119
13062  36.981  -39.512  -5.972 0.2000000030
13820  37.308  -38.751  -4.552 0.2000000030
13822  35.022  -38.889  -4.706 0.3000000119
13093  36.185  -40.018  -8.167 0.3000000119
13078  35.376  -39.910  -7.154 0.3000000119
13063  35.851  -39.508  -6.357 0.2000000030
94465  35.203  -39.242  -5.614 0.2000000030
12379  36.001  -40.905  -9.194 0.3000000119
11758  35.271  -41.311  -8.583 0.3000000119
12367  35.569  -40.591  -8.348 0.3000000119
17268  36.048  -33.265  0.720 0.3000000119
16554  36.394  -34.174  1.459 0.3000000119
16555  35.458  -34.683  1.619 0.3000000119
15235  36.919  -37.057  -3.824 0.3000000119
13818  38.686  -38.789  -5.060 0.2000000030
13812  37.610  -38.247  -4.236 0.2000000030
14531  37.097  -37.878  -3.709 0.2000000030
13060  39.789  -40.286  -5.751 0.2000000030
109232  38.739  -39.351  -5.286 0.2000000030
13819  38.167  -38.855  -4.749 0.2000000030
17267  37.401  -33.393  0.650 0.2000000030
9103  40.893  -45.635  -10.941 0.1000000015
10732  37.798  -43.532  -10.359 0.2000000030
10059  41.487  -44.747  0.713 0.3000000119
105498  44.001  -44.282  -1.965 0.2000000030
9597  39.219  -45.037  -3.792 0.3000000119
101783  36.685  -33.358  0.833 0.3000000119
106187  33.311  -37.176  1.647 0.3000000119
9004  40.169  -46.096  -4.958 0.3000000119
10121  37.992  -44.115  -2.983 0.2000000030
9609  39.693  -45.485  -4.279 0.2000000030
9554  44.699  -45.090  0.736 0.2000000030
102929  43.019  -44.596  0.249 0.3000000119
10085  44.410  -44.360  -0.751 0.2000000030
98810  40.038  -47.906  -7.680 0.1000000015
9030  40.242  -46.656  -5.830 0.1000000015
9017  38.746  -46.302  -6.318 0.1000000015
10140  37.688  -44.319  -3.774 0.3000000119
10149  38.175  -44.824  -4.324 0.3000000119
110393  34.525  -42.066  -2.576 0.4000000060
98666  38.403  -45.290  -4.976 0.3000000119
10150  37.148  -44.426  -4.628 0.3000000119
10653  35.728  -43.626  -4.594 0.3000000119
97707  33.326  -39.310  -0.071 0.4000000060
11714  33.587  -41.063  -2.455 0.4000000060
9070  37.620  -46.314  -8.911 0.2000000030
9651  36.286  -45.399  -8.241 0.2000000030
13763  33.473  -38.541  -0.191 0.4000000060
12314  33.321  -40.075  -1.530 0.4000000060
10207  36.080  -44.314  -9.106 0.2000000030
14479  33.764  -37.767  -0.333 0.4000000060
105389  34.082  -42.294  -7.579 0.3000000119
11245  34.613  -42.676  -8.266 0.2000000030
10734  35.797  -43.489  -9.212 0.2000000030
15197  34.292  -36.152  -0.740 0.4000000060
15884  33.997  -35.752  0.003 0.4000000060
13094  35.648  -40.099  -7.743 0.3000000119
11254  36.225  -42.006  -9.715 0.2000000030
11766  35.721  -41.657  -9.202 0.2000000030
99263  34.454  -34.751  -0.979 0.4000000060
13803  36.496  -38.082  -3.375 0.4000000060
13813  36.917  -38.320  -3.964 0.2000000030
99844  38.104  -40.041  -6.938 0.2000000030
95271  38.790  -40.026  -5.832 0.2000000030
13061  38.062  -39.520  -5.459 0.2000000030
13048  36.511  -39.187  -5.373 0.2000000030
15896  34.530  -35.429  -1.262 0.3000000119
16597  34.468  -34.399  -0.297 0.2000000030
99262  34.748  -33.992  -2.101 0.3000000119
17269  35.354  -33.477  0.496 0.2000000030
17284  35.116  -33.166  -0.263 0.2000000030
10115  45.889  -44.540  -2.408 0.1000000015
9580  46.437  -45.064  -2.638 0.1000000015
10132  46.205  -44.883  -3.079 0.1000000015
10116  44.787  -44.350  -2.478 0.1000000015
9603  46.189  -45.775  -3.856 0.1000000015
10134  44.414  -44.615  -3.089 0.1000000015
9591  46.006  -45.186  -3.568 0.1000000015
17283  37.803  -32.936  -0.011 0.1000000015
18806  37.521  -31.398  -1.748 0.1000000015
18033  37.290  -32.296  -0.495 0.1000000015
18034  36.252  -32.190  -0.559 0.1000000015
18788  36.955  -31.727  -1.084 0.1000000015
18021  35.763  -32.836  0.071 0.1000000015
18789  36.267  -31.700  -1.244 0.1000000015
18790  35.667  -31.976  -1.252 0.1000000015
97680  34.750  -33.615  -0.705 0.1000000015
17304  34.743  -33.405  -1.585 0.2000000030
18053  35.172  -32.368  -1.487 0.1000000015
18809  35.133  -31.909  -2.634 0.2000000030
15917  35.295  -35.314  -2.773 0.2000000030
18857  35.044  -32.210  -3.227 0.2000000030
17321  34.782  -33.210  -2.524 0.2000000030
107210  34.925  -33.280  -3.297 0.2000000030
16621  34.970  -34.694  -2.532 0.2000000030
18865  35.500  -31.544  -4.286 0.2000000030
18088  35.096  -32.788  -3.819 0.2000000030
17326  35.137  -33.789  -3.977 0.2000000030
15916  35.688  -35.688  -3.189 0.2000000030
109848  35.886  -36.411  -2.912 0.2000000030
15236  36.255  -36.447  -3.432 0.2000000030
15246  37.065  -36.563  -4.705 0.1000000015
101944  35.603  -30.942  -4.061 0.2000000030
16643  35.455  -34.556  -4.327 0.2000000030
15933  35.799  -35.349  -3.990 0.2000000030
15932  36.438  -35.962  -4.345 0.1000000015
15942  36.474  -35.610  -5.358 0.1000000015
18020  36.721  -32.804  0.272 0.1000000015
18032  38.264  -32.589  -0.814 0.1000000015
18805  38.379  -31.741  -1.897 0.1000000015
18807  36.649  -31.310  -1.739 0.1000000015
18054  34.852  -32.752  -1.892 0.2000000030
17330  35.383  -33.185  -4.687 0.2000000030
13110  36.848  -39.700  -9.861 0.2000000030
102357  36.721  -39.708  -8.809 0.2000000030
12366  36.313  -40.225  -9.093 0.2000000030
12378  36.794  -40.385  -10.154 0.2000000030
13849  37.628  -38.818  -9.943 0.2000000030
13092  37.428  -39.584  -8.199 0.2000000030
13109  37.225  -39.230  -9.416 0.2000000030
13850  37.217  -39.285  -10.449 0.2000000030
96792  36.958  -39.719  -7.668 0.2000000030
13848  38.476  -38.784  -9.442 0.1000000015
13855  39.174  -38.577  -10.228 0.2000000030
13836  39.088  -39.775  -7.976 0.2000000030
13091  38.551  -39.976  -7.399 0.2000000030
98750  40.102  -38.640  -10.469 0.1000000015
13847  39.701  -39.408  -8.695 0.1000000015
13154  40.264  -39.142  -12.831 0.1000000015
19613  35.786  -30.565  -3.640 0.1000000015
110931  39.699  -40.522  -6.542 0.1000000015
13854  40.939  -39.037  -9.957 0.1000000015
111381  40.685  -38.770  -12.124 0.1000000015
13868  40.612  -38.624  -11.194 0.1000000015
13191  41.068  -40.060  -14.261 0.1000000015
13170  41.671  -39.555  -13.482 0.1000000015
12456  40.728  -41.572  -15.851 0.1000000015
19638  35.849  -30.895  -4.783 0.1000000015
20347  36.368  -29.301  -4.402 0.1000000015
19633  35.840  -30.460  -4.220 0.1000000015
13826  39.380  -39.542  -5.498 0.1000000015
13075  39.092  -40.338  -6.391 0.1000000015
13846  41.189  -40.133  -8.629 0.1000000015
13108  40.828  -40.553  -7.852 0.1000000015
13886  41.307  -38.776  -11.632 0.1000000015
12436  41.470  -40.678  -15.008 0.1000000015
13190  42.066  -40.050  -14.223 0.1000000015
20358  36.492  -29.510  -5.266 0.1000000015
18870  35.755  -31.766  -5.068 0.1000000015
13073  41.347  -40.734  -6.343 0.1000000015
13825  40.145  -39.980  -5.578 0.1000000015
13106  42.483  -41.179  -7.802 0.1000000015
13107  41.616  -41.178  -7.226 0.1000000015
13089  41.383  -41.161  -6.810 0.1000000015
13074  40.653  -40.403  -5.926 0.1000000015
13120  42.296  -40.157  -9.325 0.1000000015
13121  41.703  -40.058  -9.118 0.1000000015
96198  42.962  -39.341  -11.735 0.1000000015
13137  42.751  -39.697  -10.364 0.1000000015
13867  41.697  -39.135  -10.472 0.1000000015
13168  43.519  -39.760  -13.339 0.1000000015
97926  43.020  -39.469  -12.718 0.1000000015
13885  42.099  -39.021  -11.585 0.1000000015
13169  42.590  -39.654  -13.446 0.1000000015
101293  36.331  -30.377  -5.475 0.1000000015
18869  36.179  -31.234  -5.629 0.1000000015
14548  39.770  -39.240  -5.682 0.1000000015
13136  43.682  -39.884  -10.843 0.1000000015
99644  43.536  -40.665  -9.484 0.1000000015
13152  43.887  -39.626  -12.228 0.1000000015
14549  39.055  -38.500  -5.542 0.1000000015
13856  38.032  -38.680  -10.561 0.1000000015
13887  39.888  -38.759  -12.149 0.1000000015
96084  42.265  -39.292  -12.648 0.1000000015
12435  42.508  -40.614  -15.038 0.1000000015
13830  41.098  -40.305  -5.904 0.1000000015
7941  36.600  -48.518  -13.437 0.1000000015
7919  36.182  -47.863  -12.701 0.1000000015
7337  36.855  -49.708  -14.522 0.1000000015
6128  36.411  -51.322  -15.008 0.1000000015
5609  36.598  -52.621  -16.101 0.1000000015
5027  35.300  -53.479  -16.282 0.1000000015
8544  36.941  -47.742  -13.177 0.1000000015
104059  36.670  -47.138  -12.700 0.1000000015
112660  36.292  -50.161  -14.179 0.1000000015
6685  37.156  -50.977  -15.345 0.1000000015
103702  36.069  -46.828  -12.342 0.1000000015
9141  36.234  -45.855  -12.141 0.1000000015
8529  37.351  -47.038  -12.761 0.1000000015
8543  37.729  -47.720  -13.257 0.1000000015
7952  37.024  -48.946  -14.236 0.1000000015
7942  35.850  -48.859  -12.876 0.1000000015
9690  37.713  -45.325  -12.106 0.1000000015
9139  37.927  -46.214  -12.390 0.1000000015
8530  35.588  -47.593  -12.148 0.1000000015
9679  35.700  -44.858  -11.840 0.1000000015
9119  35.069  -46.209  -11.612 0.1000000015
103539  35.666  -45.567  -11.856 0.1000000015
9680  34.957  -45.208  -11.563 0.1000000015
9140  36.914  -46.226  -12.451 0.1000000015
5038  34.949  -54.266  -16.671 0.1000000015
4165  32.538  -56.158  5.685 0.1000000015
4238  37.408  -56.602  -0.246 0.1000000015
4784  39.801  -54.724  1.185 0.1000000015
5311  32.856  -52.865  8.204 0.1000000015
5358  40.589  -52.653  2.704 0.1000000015
5371  41.333  -52.689  1.816 0.1000000015
5914  42.113  -51.551  1.842 0.1000000015
5917  39.672  -52.783  2.842 0.1000000015
6673  36.682  -50.521  -14.745 0.1000000015
7066  39.350  -49.377  4.304 0.1000000015
7657  41.025  -49.077  8.564 0.1000000015
7871  43.363  -47.982  -9.645 0.1000000015
7883  44.356  -48.535  -10.892 0.1000000015
7940  37.343  -48.316  -13.799 0.1000000015
8268  43.286  -48.504  6.130 0.1000000015
8314  45.786  -46.824  1.039 0.1000000015
8423  35.969  -47.843  -4.916 0.1000000015
8494  41.435  -46.466  -10.688 0.1000000015
8503  44.067  -47.468  -11.777 0.1000000015
8873  30.601  -46.390  5.133 0.1000000015
8925  45.882  -46.461  0.970 0.1000000015
8999  45.909  -46.446  -4.331 0.2000000030
9032  38.798  -46.787  -6.920 0.1000000015
9453  44.079  -46.226  8.903 0.1000000015
9480  40.373  -44.838  5.979 0.2000000030
9499  39.271  -44.875  5.060 0.4000000060
9543  45.259  -45.713  1.257 0.1000000015
9611  37.764  -44.942  -4.970 0.3000000119
9643  36.383  -45.457  -7.518 0.2000000030
10044  38.287  -44.344  4.600 0.5000000000
10045  37.740  -43.996  4.360 0.5000000000
10133  45.524  -44.628  -3.126 0.1000000015
10151  36.182  -44.081  -4.985 0.3000000119
10177  35.360  -44.388  -6.633 0.2000000030
10189  35.383  -44.628  -7.526 0.2000000030
10205  37.990  -44.312  -10.091 0.2000000030
10212  38.600  -43.782  -10.696 0.2000000030
10219  39.091  -44.013  -11.043 0.2000000030
10221  35.410  -44.305  -11.773 0.1000000015
10227  38.499  -44.462  -11.608 0.1000000015
10585  36.914  -43.662  3.690 0.5000000000
10586  36.451  -43.319  3.453 0.5000000000
10590  36.348  -43.417  2.609 0.4000000060
10603  37.247  -43.608  1.123 0.5000000000
10607  40.321  -43.679  -1.088 0.4000000060
10611  37.144  -43.205  0.174 0.4000000060
10626  37.485  -43.713  -2.536 0.4000000060
10627  36.738  -43.472  -2.757 0.3000000119
10652  36.385  -43.834  -4.270 0.3000000119
10688  34.396  -43.321  -6.330 0.3000000119
10707  34.320  -43.455  -7.109 0.3000000119
10723  34.546  -43.514  -7.858 0.3000000119
10770  35.847  -43.582  -12.008 0.2000000030
11092  45.940  -43.190  6.715 0.2000000030
11135  35.526  -42.209  3.489 0.4000000060
11171  34.739  -41.934  -1.255 0.5000000000
11174  35.039  -42.317  -1.925 0.4000000060
11204  33.672  -42.033  -5.404 0.4000000060
11228  33.704  -41.900  -6.961 0.3000000119
11244  35.479  -42.567  -9.116 0.2000000030
11625  46.886  -41.804  6.863 0.2000000030
11627  45.659  -41.409  7.487 0.1000000015
11651  47.012  -41.403  4.953 0.4000000060
11652  46.172  -41.767  4.858 0.4000000060
11657  40.323  -41.538  4.419 0.5000000000
11681  34.960  -41.766  3.093 0.5000000000
11686  34.848  -41.879  2.102 0.5000000000
11692  33.760  -40.759  0.442 0.5000000000
11717  33.477  -41.279  -4.199 0.5000000000
11736  33.454  -41.387  -5.810 0.4000000060
11743  33.590  -41.465  -6.451 0.4000000060
11835  38.710  -42.503  -16.653 0.1000000015
11836  38.145  -42.149  -16.545 0.1000000015
11846  39.492  -42.207  -17.477 0.1000000015
12201  44.805  -40.691  6.921 0.1000000015
12222  47.528  -40.745  5.669 0.2000000030
12223  47.400  -40.436  6.093 0.2000000030
12238  47.592  -40.880  5.025 0.2000000030
12247  35.548  -40.994  3.986 0.4000000060
12261  40.741  -40.357  3.405 0.5000000000
12278  33.986  -40.302  2.668 0.5000000000
12318  33.408  -40.435  -2.163 0.4000000060
12321  33.419  -40.426  -2.948 0.4000000060
12324  33.352  -40.482  -3.940 0.4000000060
12355  34.420  -40.760  -7.359 0.3000000119
12396  35.754  -40.904  -12.704 0.1000000015
12422  38.729  -40.850  -14.293 0.1000000015
12438  37.498  -42.193  -15.068 0.1000000015
12894  47.022  -39.899  6.282 0.1000000015
12931  47.797  -40.128  5.190 0.2000000030
12945  40.194  -39.873  3.116 0.5000000000
12948  34.292  -39.738  3.248 0.5000000000
12963  40.425  -39.493  2.567 0.5000000000
12967  33.411  -39.087  2.204 0.4000000060
12975  46.340  -40.016  1.041 0.4000000060
12981  33.349  -39.502  1.491 0.5000000000
12987  48.002  -39.443  0.327 0.3000000119
12988  47.778  -39.426  -0.384 0.3000000119
13004  33.316  -39.744  -0.785 0.4000000060
13047  37.515  -39.205  -5.086 0.2000000030
13050  33.698  -39.772  -5.052 0.3000000119
13064  34.829  -39.791  -6.557 0.3000000119
13072  41.834  -40.942  -6.562 0.1000000015
13076  37.539  -39.797  -6.499 0.3000000119
13090  40.476  -40.803  -6.955 0.1000000015
13153  41.299  -39.073  -12.620 0.1000000015
13171  40.648  -39.566  -13.537 0.1000000015
13174  37.047  -40.751  -14.042 0.1000000015
13685  47.315  -38.614  4.651 0.2000000030
13705  48.057  -39.491  3.129 0.2000000030
13711  35.339  -38.831  3.466 0.4000000060
13712  34.502  -38.897  3.362 0.4000000060
13731  34.082  -38.338  3.114 0.4000000060
13745  39.108  -37.886  1.755 0.5000000000
13758  47.882  -39.148  -1.170 0.3000000119
13776  33.754  -38.495  -1.023 0.4000000060
13791  34.440  -38.377  -2.326 0.4000000060
13804  35.654  -38.264  -3.181 0.4000000060
13821  36.182  -38.814  -4.654 0.2000000030
13837  37.920  -39.094  -8.808 0.1000000015
13869  39.460  -38.588  -11.370 0.1000000015
13871  37.669  -39.234  -11.502 0.3000000119
13917  37.070  -39.265  -14.842 0.1000000015
14429  34.895  -37.204  2.958 0.4000000060
14431  33.372  -37.675  2.144 0.3000000119
14519  36.547  -37.505  -3.290 0.3000000119
15154  33.521  -36.529  1.546 0.3000000119
15175  33.330  -37.036  0.998 0.3000000119
15198  34.101  -37.023  -0.536 0.4000000060
15224  36.069  -37.125  -2.883 0.4000000060
15225  35.492  -36.067  -2.577 0.4000000060
15848  34.491  -35.323  1.653 0.3000000119
15857  39.917  -35.230  0.230 0.4000000060
15883  34.239  -35.226  -0.475 0.4000000060
15953  36.624  -35.296  -6.152 0.1000000015
16556  34.935  -34.057  0.923 0.2000000030
16572  34.516  -34.396  0.480 0.3000000119
16615  34.668  -34.747  -1.704 0.2000000030
16627  35.281  -34.738  -3.437 0.2000000030
17256  37.021  -33.797  1.189 0.4000000060
17257  35.686  -33.818  1.108 0.3000000119
18035  35.426  -32.537  -0.723 0.1000000015
18036  34.934  -32.927  -1.082 0.1000000015
18052  37.830  -31.944  -1.203 0.1000000015
18074  34.925  -32.510  -2.588 0.2000000030
18082  34.902  -32.774  -3.093 0.2000000030
18087  35.423  -32.318  -4.509 0.1000000015
18856  35.384  -31.384  -3.397 0.2000000030
18866  35.231  -32.033  -3.856 0.2000000030
19632  36.125  -30.064  -4.690 0.1000000015
94706  38.198  -43.414  -0.684 0.4000000060
95112  34.605  -34.111  -1.211 0.2000000030
96374  40.312  -39.152  -9.409 0.1000000015
96437  35.289  -40.354  -12.530 0.1000000015
98459  34.732  -36.190  -1.490 0.4000000060
98682  35.704  -36.796  -2.552 0.4000000060
98897  35.464  -44.069  -8.698 0.2000000030
99731  34.892  -33.933  -3.012 0.2000000030
101886  36.486  -43.587  -3.532 0.3000000119
103010  38.973  -45.400  3.156 0.4000000060
103327  33.287  -38.652  0.598 0.4000000060
103699  35.800  -47.459  -1.897 0.1000000015
105962  40.555  -39.846  -5.756 0.1000000015
106104  37.458  -40.939  -14.055 0.1000000015
106154  39.062  -43.852  5.261 0.5000000000
106445  33.381  -40.244  -4.687 0.4000000060
106690  45.271  -39.859  1.424 0.4000000060
106921  38.726  -39.669  -13.120 0.2000000030
108050  32.676  -50.674  8.070 0.1000000015
108439  37.529  -37.683  2.470 0.5000000000
108889  41.869  -41.067  -7.784 0.1000000015
109240  33.798  -36.315  2.071 0.4000000060
109374  35.696  -46.287  -11.954 0.1000000015
109412  36.842  -40.241  4.061 0.5000000000
109473  35.034  -32.265  -2.109 0.1000000015
109575  39.221  -41.424  -14.881 0.1000000015
109916  41.446  -40.253  -6.223 0.1000000015
110074  33.914  -36.387  -0.052 0.4000000060
110670  32.935  -56.344  4.711 0.1000000015
110780  47.945  -39.790  4.448 0.2000000030
111236  38.551  -42.472  -15.375 0.1000000015
111973  37.631  -43.593  -2.040 0.4000000060
112511  32.811  -51.196  9.095 0.1000000015
112789  36.343  -33.647  1.109 0.3000000119
112861  41.187  -43.962  -0.527 0.4000000060
