#!ascii label  , from subject sub-v1s23x0050570_ses-1 vox2ras=TkReg
1693
8339  -23.456  -68.814  -26.529 0.5000000000
134634  -24.414  -72.792  -25.157 0.5000000000
134633  -24.482  -74.064  -24.361 0.5000000000
134583  -25.191  -74.882  -24.943 0.5000000000
9116  -23.163  -66.329  -26.633 0.5000000000
8355  -23.258  -67.715  -26.485 0.5000000000
9105  -22.602  -67.653  -25.543 0.5000000000
123650  -22.859  -68.739  -25.712 0.5000000000
8326  -22.389  -68.754  -24.934 0.6000000238
7532  -23.200  -69.641  -25.860 0.5000000000
3556  -24.438  -75.483  -24.070 0.5000000000
118429  -24.530  -72.130  -25.771 0.5000000000
3067  -24.009  -76.135  -23.490 0.5000000000
134795  -24.263  -73.317  -24.618 0.6000000238
118716  -23.560  -72.574  -24.424 0.6000000238
118655  -24.184  -74.632  -23.742 0.6000000238
3058  -23.745  -76.115  -22.628 0.6999999881
118672  -23.551  -73.805  -23.339 0.6999999881
3555  -23.988  -75.354  -23.102 0.6999999881
4121  -22.972  -74.260  -21.911 0.6999999881
3541  -23.438  -74.876  -21.710 0.6999999881
3548  -23.712  -75.250  -22.234 0.6999999881
9901  -22.653  -66.419  -25.563 0.5000000000
142509  -22.303  -67.244  -25.032 0.6000000238
9094  -22.067  -66.772  -24.635 0.6000000238
9080  -22.028  -67.982  -24.458 0.6000000238
6780  -23.039  -70.873  -24.720 0.5000000000
3066  -23.441  -76.819  -23.189 0.5000000000
137773  -22.933  -77.197  -23.923 0.5000000000
2576  -21.678  -77.536  -22.417 0.6999999881
3057  -23.222  -76.887  -22.307 0.6999999881
2577  -22.528  -77.299  -22.091 0.6999999881
117891  -23.853  -72.039  -25.001 0.6000000238
6077  -22.798  -71.971  -23.910 0.6999999881
130304  -22.938  -76.945  -21.438 0.6999999881
5375  -23.125  -72.864  -23.629 0.6999999881
4721  -22.614  -73.471  -22.151 0.6999999881
3046  -22.384  -76.815  -20.655 0.6999999881
4716  -22.512  -73.819  -21.453 0.6999999881
4114  -23.003  -74.602  -21.207 0.6999999881
3540  -23.320  -75.328  -21.259 0.6999999881
3027  -21.783  -75.955  -19.388 0.6999999881
4108  -22.438  -74.154  -20.632 0.6999999881
4102  -21.975  -74.573  -19.251 0.6999999881
3528  -22.289  -75.290  -19.707 0.6999999881
3527  -21.678  -75.356  -18.779 0.6999999881
9889  -22.427  -65.499  -25.283 0.5000000000
9888  -21.733  -65.904  -24.344 0.6000000238
9878  -21.276  -66.326  -23.443 0.6000000238
128603  -21.660  -66.924  -23.806 0.6000000238
124047  -21.439  -67.284  -22.907 0.6000000238
119912  -22.202  -68.936  -24.240 0.6000000238
9079  -21.723  -67.822  -23.581 0.6000000238
6779  -22.616  -70.182  -24.449 0.6000000238
133521  -20.987  -77.647  -21.877 0.6999999881
6091  -22.766  -71.045  -24.067 0.6999999881
2566  -21.885  -77.386  -21.395 0.6999999881
2564  -19.750  -77.955  -20.705 0.6999999881
2118  -19.544  -78.524  -19.696 0.6999999881
6767  -22.470  -70.426  -23.549 0.6999999881
2554  -20.369  -77.564  -20.070 0.6999999881
1727  -20.400  -79.429  -19.508 0.6999999881
6076  -22.530  -71.326  -23.294 0.6999999881
6065  -22.315  -71.647  -22.476 0.6999999881
2555  -21.391  -77.226  -20.413 0.6999999881
2553  -19.762  -78.013  -19.786 0.6999999881
1715  -19.931  -78.682  -19.147 0.6999999881
5359  -22.363  -72.568  -22.333 0.6999999881
6045  -22.049  -72.047  -21.681 0.6999999881
3037  -21.769  -76.624  -19.887 0.6999999881
2109  -20.243  -78.204  -18.402 0.6999999881
5325  -22.235  -73.317  -20.977 0.6999999881
3026  -21.090  -76.218  -18.425 0.6999999881
3025  -20.527  -76.942  -18.711 0.6999999881
143349  -22.083  -74.106  -19.947 0.6999999881
3003  -20.535  -76.848  -17.941 0.6999999881
4093  -21.535  -74.666  -18.126 0.6999999881
3013  -20.917  -76.295  -17.592 0.6999999881
121751  -21.285  -75.066  -17.239 0.6999999881
10705  -21.938  -64.787  -24.978 0.5000000000
10703  -21.107  -64.704  -24.475 0.6000000238
10692  -20.588  -65.355  -23.643 0.6000000238
11451  -20.125  -64.753  -24.219 0.5000000000
10674  -20.315  -65.827  -22.623 0.6000000238
11484  -19.810  -64.099  -25.673 0.5000000000
11467  -20.810  -64.293  -24.957 0.5000000000
139781  -21.085  -66.595  -22.693 0.6000000238
10657  -20.272  -66.031  -21.560 0.6000000238
9869  -21.334  -67.004  -22.089 0.6000000238
10658  -20.760  -66.391  -22.080 0.6000000238
8311  -22.002  -68.811  -23.488 0.6000000238
7509  -22.297  -69.594  -23.866 0.6999999881
7492  -22.145  -69.118  -22.516 0.6999999881
6753  -22.435  -70.701  -22.680 0.6999999881
126264  -22.235  -69.779  -23.036 0.6999999881
1728  -21.373  -79.639  -19.503 0.6999999881
126946  -22.413  -71.033  -21.657 0.6999999881
1716  -20.761  -79.026  -18.862 0.6999999881
1745  -21.810  -80.108  -20.170 0.6999999881
136274  -22.346  -70.846  -20.644 0.6999999881
2110  -21.232  -78.597  -18.291 0.6999999881
1729  -22.376  -79.752  -19.668 0.6999999881
1405  -22.121  -80.370  -20.906 0.6999999881
5316  -21.665  -72.726  -19.412 0.6000000238
2101  -20.734  -77.996  -17.798 0.6999999881
2111  -22.314  -78.719  -18.357 0.6999999881
120516  -23.364  -79.842  -20.099 0.6999999881
122048  -22.572  -80.132  -20.348 0.6999999881
1746  -22.988  -80.271  -21.006 0.6999999881
4694  -21.845  -73.642  -19.407 0.6999999881
2526  -21.166  -77.510  -17.328 0.6999999881
2527  -22.152  -77.628  -17.219 0.6000000238
137552  -23.155  -78.639  -18.426 0.6999999881
1718  -23.036  -79.221  -19.081 0.6999999881
4083  -21.333  -74.325  -17.174 0.6000000238
3518  -21.238  -75.573  -17.786 0.6999999881
2991  -21.353  -76.300  -16.769 0.6999999881
2516  -21.571  -76.961  -16.830 0.6999999881
2517  -22.572  -77.016  -16.790 0.6000000238
2104  -23.674  -78.210  -18.063 0.6000000238
4067  -21.680  -74.459  -16.091 0.6000000238
3496  -21.648  -75.580  -16.432 0.6000000238
2992  -22.034  -76.357  -16.495 0.6000000238
2518  -23.593  -76.892  -16.869 0.5000000000
2528  -23.288  -77.594  -17.354 0.5000000000
125198  -24.184  -77.656  -17.674 0.5000000000
4068  -21.973  -75.008  -15.966 0.6000000238
3498  -23.496  -75.406  -16.037 0.5000000000
2993  -23.718  -76.134  -16.414 0.5000000000
132344  -19.979  -65.385  -23.139 0.6000000238
10691  -19.444  -65.168  -23.488 0.6000000238
130336  -19.595  -65.713  -21.309 0.5000000000
10639  -19.279  -65.623  -20.474 0.6999999881
11466  -19.432  -64.229  -24.916 0.5000000000
11449  -18.004  -64.815  -23.911 0.6000000238
10690  -18.620  -65.249  -23.274 0.6000000238
12242  -17.215  -63.521  -25.871 0.6000000238
11465  -18.443  -64.225  -24.772 0.6000000238
10640  -20.104  -65.881  -20.690 0.4000000060
11464  -17.467  -64.100  -24.645 0.6000000238
9858  -20.762  -66.261  -20.881 0.5000000000
9859  -21.270  -66.678  -21.308 0.6000000238
9055  -22.198  -67.878  -21.234 0.6000000238
7480  -22.382  -69.323  -21.659 0.6999999881
8279  -22.095  -68.520  -21.937 0.6000000238
6745  -22.438  -70.143  -21.209 0.6999999881
6013  -21.998  -71.373  -19.959 0.6000000238
124519  -22.246  -70.567  -19.801 0.6000000238
4679  -21.593  -73.236  -18.691 0.6000000238
2112  -23.875  -78.734  -18.784 0.6000000238
1730  -24.022  -79.248  -19.532 0.6000000238
1747  -24.354  -79.548  -20.346 0.6999999881
1756  -23.881  -80.003  -21.052 0.6999999881
1417  -23.371  -80.254  -22.019 0.6999999881
4665  -21.339  -73.486  -17.157 0.6000000238
2113  -24.607  -78.179  -18.415 0.6000000238
4058  -22.184  -74.273  -15.739 0.6000000238
3005  -24.452  -77.017  -17.180 0.4000000060
133144  -25.016  -77.493  -17.798 0.4000000060
2533  -25.501  -77.870  -18.460 0.5000000000
2114  -25.238  -78.350  -18.977 0.6000000238
1418  -24.177  -79.921  -21.830 0.6000000238
136655  -23.120  -74.123  -15.624 0.5000000000
4069  -23.933  -74.685  -15.858 0.5000000000
3499  -24.388  -75.463  -16.239 0.5000000000
2994  -24.770  -76.242  -16.686 0.5000000000
2115  -25.925  -78.190  -19.120 0.4000000060
1732  -25.461  -78.727  -19.678 0.6000000238
10638  -18.397  -65.530  -20.769 0.6000000238
122362  -18.948  -65.571  -21.188 0.6000000238
125919  -18.753  -65.721  -18.804 0.6000000238
11448  -16.940  -64.657  -23.619 0.6000000238
10688  -16.910  -65.241  -22.519 0.5000000000
11435  -16.304  -65.023  -21.773 0.6000000238
11434  -15.550  -64.415  -22.090 0.6000000238
10621  -19.371  -65.728  -19.528 0.6000000238
12225  -16.784  -63.622  -25.145 0.6999999881
122102  -16.113  -64.265  -23.534 0.6000000238
9843  -20.701  -66.145  -19.968 0.5000000000
10622  -20.129  -66.018  -19.307 0.6000000238
12224  -15.868  -63.416  -25.189 0.6000000238
11447  -15.374  -64.095  -23.085 0.6999999881
9844  -21.477  -66.542  -20.386 0.5000000000
12223  -14.813  -63.387  -25.106 0.6999999881
9845  -22.026  -67.031  -20.801 0.6000000238
12209  -14.045  -63.462  -24.262 0.6000000238
121688  -22.549  -69.403  -20.744 0.6000000238
131751  -22.629  -68.488  -20.592 0.6000000238
7465  -22.746  -69.067  -20.063 0.6000000238
121652  -22.540  -69.798  -19.862 0.6000000238
6715  -21.759  -71.015  -19.053 0.6000000238
5988  -21.381  -71.295  -17.185 0.6000000238
121104  -22.437  -71.705  -15.530 0.6000000238
4653  -21.372  -73.112  -16.453 0.6000000238
5967  -23.462  -71.855  -15.505 0.6000000238
4642  -22.482  -73.453  -15.557 0.6000000238
2128  -26.027  -78.851  -20.465 0.6000000238
2137  -25.712  -79.153  -21.256 0.6000000238
133636  -25.367  -79.369  -21.946 0.6000000238
136046  -23.951  -73.926  -15.691 0.5000000000
132097  -24.936  -74.753  -16.154 0.5000000000
3500  -25.321  -75.439  -16.450 0.5000000000
1764  -25.359  -79.323  -22.817 0.6000000238
2544  -26.672  -77.943  -19.273 0.4000000060
10619  -17.523  -65.432  -19.726 0.6000000238
10618  -16.417  -65.095  -19.207 0.5000000000
133604  -17.093  -65.362  -19.055 0.6000000238
10591  -17.436  -65.677  -17.327 0.5000000000
10654  -17.539  -65.511  -21.178 0.6000000238
11414  -16.275  -65.044  -19.969 0.6000000238
10620  -18.454  -65.519  -19.812 0.5000000000
10604  -18.107  -65.722  -18.034 0.5000000000
10592  -19.002  -66.158  -17.757 0.5000000000
11426  -16.249  -64.999  -20.818 0.5000000000
10636  -16.979  -65.395  -20.428 0.6000000238
11425  -15.605  -64.492  -21.199 0.5000000000
10605  -19.586  -66.045  -18.661 0.6000000238
11446  -14.427  -63.685  -23.130 0.6999999881
11433  -14.786  -63.910  -22.236 0.6000000238
12196  -13.857  -63.632  -22.218 0.6000000238
9828  -22.312  -66.821  -19.856 0.5000000000
132829  -12.957  -63.430  -24.570 0.5000000000
120789  -13.442  -63.540  -23.235 0.6999999881
9044  -22.602  -67.566  -20.334 0.5000000000
7451  -22.723  -69.247  -19.270 0.5000000000
6716  -22.159  -70.114  -18.858 0.6000000238
6682  -22.093  -70.309  -15.935 0.6000000238
6681  -21.634  -70.738  -16.430 0.5000000000
6669  -22.532  -70.732  -15.613 0.6000000238
6668  -21.832  -71.080  -15.822 0.6000000238
4644  -24.350  -73.338  -15.850 0.5000000000
2545  -27.450  -77.763  -19.421 0.5000000000
2130  -27.300  -78.253  -20.779 0.5000000000
128118  -26.780  -78.550  -22.182 0.6000000238
2147  -26.095  -78.996  -22.241 0.6000000238
11387  -16.069  -64.841  -18.690 0.6000000238
10602  -16.592  -65.188  -18.471 0.6000000238
11386  -15.618  -64.336  -18.423 0.6000000238
122181  -18.211  -66.046  -17.063 0.5000000000
11413  -15.623  -64.492  -20.302 0.6000000238
11400  -15.038  -63.949  -19.744 0.6999999881
9789  -19.613  -66.412  -17.160 0.6000000238
12166  -13.631  -63.530  -20.410 0.6000000238
11412  -14.825  -63.919  -20.654 0.6000000238
141657  -20.246  -66.261  -18.602 0.6000000238
12195  -12.771  -63.547  -22.178 0.6000000238
12165  -12.526  -63.267  -20.517 0.6000000238
9827  -21.553  -66.506  -19.461 0.5000000000
8243  -22.989  -68.292  -19.707 0.5000000000
12207  -11.957  -63.394  -24.637 0.5000000000
12208  -12.339  -63.516  -23.319 0.6000000238
6704  -22.011  -69.997  -17.705 0.5000000000
7414  -22.652  -69.539  -16.166 0.6000000238
6692  -21.993  -70.043  -16.679 0.5000000000
6670  -23.443  -70.354  -15.515 0.5000000000
121645  -23.148  -71.145  -15.465 0.5000000000
2556  -28.118  -77.872  -20.580 0.6000000238
2139  -27.240  -78.273  -21.759 0.6000000238
11373  -15.647  -64.232  -17.553 0.6000000238
11356  -16.157  -64.829  -17.074 0.5000000000
10575  -16.887  -65.369  -16.567 0.5000000000
12142  -15.157  -63.652  -18.050 0.6999999881
10576  -17.674  -65.756  -16.569 0.5000000000
12140  -13.707  -63.060  -18.872 0.6999999881
12155  -15.099  -63.849  -18.885 0.6000000238
10577  -18.330  -65.925  -16.254 0.5000000000
12153  -13.626  -63.339  -19.541 0.6000000238
9771  -18.996  -66.242  -16.706 0.5000000000
9790  -20.380  -66.504  -17.190 0.6000000238
125725  -12.325  -62.135  -19.776 0.6999999881
138441  -20.718  -66.487  -18.081 0.6000000238
12164  -11.777  -62.916  -20.878 0.6000000238
9810  -21.535  -66.583  -18.480 0.6000000238
12930  -11.069  -62.690  -21.645 0.6999999881
12178  -11.290  -63.169  -21.626 0.6999999881
9033  -22.878  -67.343  -19.545 0.5000000000
126680  -22.337  -66.749  -18.938 0.5000000000
12193  -10.751  -63.213  -22.558 0.6000000238
8226  -23.234  -67.773  -18.954 0.5000000000
12192  -9.749  -63.002  -23.130 0.5000000000
126796  -23.051  -68.589  -17.846 0.6000000238
7443  -22.569  -69.316  -18.293 0.5000000000
12205  -9.390  -63.458  -24.445 0.6000000238
7429  -22.532  -69.320  -17.198 0.5000000000
7398  -22.716  -70.058  -15.691 0.6000000238
7400  -24.081  -69.578  -15.530 0.5000000000
12126  -15.294  -63.476  -17.204 0.6999999881
11355  -15.737  -64.143  -16.654 0.5000000000
138913  -16.303  -64.689  -16.215 0.5000000000
13617  -14.349  -61.398  -17.380 0.8000000119
12878  -15.012  -62.627  -16.949 0.6999999881
11341  -16.880  -64.935  -15.772 0.5000000000
138393  -17.951  -65.147  -15.520 0.5000000000
14320  -13.577  -61.107  -18.397 0.6999999881
13628  -13.894  -61.607  -17.912 0.6999999881
12125  -14.727  -62.898  -17.734 0.8000000119
12888  -13.215  -62.501  -18.901 0.6999999881
11344  -19.105  -64.637  -15.383 0.5000000000
141760  -13.225  -60.793  -19.669 0.6999999881
12887  -12.802  -62.003  -19.087 0.6999999881
9772  -19.873  -66.313  -16.391 0.6000000238
10578  -19.135  -66.023  -15.983 0.5000000000
14353  -12.509  -61.006  -21.578 0.6000000238
14340  -12.230  -61.564  -20.378 0.6000000238
9791  -21.391  -66.604  -17.323 0.6000000238
13656  -11.156  -62.077  -21.671 0.6999999881
12916  -11.767  -62.325  -20.689 0.6999999881
139919  -22.764  -66.945  -18.362 0.6000000238
9811  -22.261  -66.772  -17.950 0.6000000238
13655  -10.403  -62.102  -22.423 0.6000000238
9019  -23.170  -67.427  -18.157 0.6000000238
8201  -23.189  -68.602  -16.673 0.6000000238
12191  -8.731  -63.246  -23.676 0.6000000238
7415  -23.275  -69.028  -15.947 0.6000000238
8189  -23.748  -69.070  -15.686 0.5000000000
14311  -14.699  -60.873  -16.988 0.6000000238
12864  -15.315  -62.238  -16.109 0.5000000000
13586  -15.749  -62.151  -15.232 0.5000000000
12096  -17.650  -64.049  -14.982 0.5000000000
14321  -14.261  -60.644  -17.840 0.8000000119
12097  -18.481  -63.862  -15.023 0.5000000000
14330  -13.443  -60.772  -19.112 0.6999999881
139482  -20.440  -66.181  -15.982 0.6000000238
120564  -8.806  -59.357  -20.066 0.6000000238
14341  -13.081  -60.780  -20.386 0.8000000119
15090  -9.090  -59.595  -21.052 0.6000000238
137367  -13.334  -60.575  -22.583 0.6999999881
121512  -13.619  -60.606  -21.534 0.8000000119
9773  -20.804  -66.385  -16.467 0.6000000238
14351  -8.018  -60.428  -21.736 0.6000000238
13667  -10.959  -61.288  -22.761 0.6000000238
9812  -22.902  -66.966  -17.564 0.6000000238
9001  -23.322  -67.330  -17.023 0.6000000238
14364  -9.309  -60.605  -22.652 0.6000000238
120904  -9.049  -61.478  -22.839 0.6000000238
13666  -9.643  -61.933  -22.853 0.6000000238
139965  -23.387  -67.948  -17.493 0.6000000238
8985  -24.086  -66.928  -16.013 0.6000000238
8202  -23.779  -68.457  -15.921 0.5000000000
8190  -24.520  -68.741  -15.597 0.5000000000
8986  -25.204  -67.175  -15.776 0.5000000000
14291  -15.571  -60.728  -15.807 0.5000000000
141330  -15.504  -61.512  -15.682 0.5000000000
14312  -14.932  -60.093  -17.279 0.6000000238
15053  -15.600  -59.629  -16.871 0.5000000000
14322  -14.573  -60.061  -18.617 0.8000000119
133871  -14.849  -59.892  -17.986 0.6999999881
14342  -14.690  -60.268  -20.126 0.8000000119
138605  -14.137  -60.472  -20.743 0.8000000119
9759  -19.880  -65.930  -15.777 0.6000000238
12098  -19.214  -63.564  -15.260 0.5000000000
140732  -9.982  -57.382  -19.858 0.6000000238
140475  -14.490  -60.492  -21.588 0.8000000119
12100  -20.277  -63.586  -16.020 0.5000000000
15946  -11.184  -58.334  -20.855 0.6999999881
15944  -9.738  -59.027  -20.365 0.6000000238
141648  -13.957  -60.352  -23.160 0.8000000119
9774  -21.707  -66.396  -16.380 0.6000000238
9760  -21.131  -66.117  -15.936 0.6000000238
11346  -20.711  -64.735  -15.705 0.6000000238
15953  -10.809  -59.047  -21.285 0.6000000238
9793  -23.191  -66.776  -16.580 0.6000000238
9792  -22.375  -66.714  -16.949 0.6000000238
10572  -22.116  -65.430  -15.770 0.6000000238
14352  -8.712  -60.379  -22.155 0.6000000238
14366  -11.683  -60.661  -23.240 0.6000000238
14380  -13.177  -60.285  -23.425 0.5000000000
9776  -23.443  -66.211  -15.944 0.6000000238
14365  -10.975  -60.423  -23.272 0.6000000238
128526  -24.208  -66.037  -15.914 0.6000000238
9777  -25.020  -66.273  -15.909 0.5000000000
123395  -25.516  -65.766  -16.219 0.5000000000
8972  -25.297  -68.090  -15.634 0.5000000000
10581  -26.122  -65.651  -16.577 0.5000000000
15068  -15.512  -59.547  -17.723 0.6000000238
14333  -16.049  -59.829  -19.713 0.6999999881
16805  -9.455  -56.788  -19.607 0.6000000238
14354  -15.225  -60.401  -21.117 0.8000000119
12099  -19.757  -63.103  -15.782 0.5000000000
16814  -10.496  -56.849  -20.426 0.6000000238
14355  -15.990  -60.427  -21.869 0.8000000119
12110  -20.416  -62.953  -16.916 0.5000000000
16815  -11.272  -57.305  -20.671 0.6999999881
14382  -15.800  -60.017  -23.582 0.8000000119
11347  -21.693  -64.852  -15.813 0.6000000238
11357  -21.026  -63.977  -16.150 0.6000000238
16824  -12.601  -57.415  -21.516 0.8000000119
15125  -14.085  -59.946  -23.771 0.6999999881
9775  -22.583  -66.335  -16.189 0.6000000238
11358  -21.985  -64.293  -16.261 0.6000000238
15954  -12.277  -58.351  -22.105 0.6999999881
15973  -12.173  -59.218  -23.440 0.6999999881
15124  -13.067  -59.890  -23.894 0.6000000238
135820  -23.574  -65.372  -15.987 0.6000000238
11359  -23.021  -64.475  -16.346 0.6000000238
15111  -10.344  -60.054  -22.979 0.6000000238
10579  -24.706  -65.412  -16.203 0.5000000000
15085  -16.527  -59.482  -19.158 0.6000000238
142950  -16.686  -59.012  -18.030 0.5000000000
17649  -8.301  -55.961  -18.435 0.6000000238
14344  -16.934  -59.830  -20.013 0.6999999881
17650  -8.901  -56.321  -19.184 0.6000000238
142144  -16.471  -60.090  -20.420 0.6999999881
14345  -17.215  -60.174  -20.916 0.6000000238
18609  -10.566  -55.752  -20.450 0.6000000238
18589  -9.349  -55.780  -19.704 0.6000000238
14356  -16.871  -60.352  -21.764 0.6000000238
14370  -17.195  -60.235  -22.567 0.6999999881
17688  -11.886  -55.952  -20.915 0.8000000119
14383  -16.559  -60.172  -23.141 0.6999999881
14384  -17.287  -60.006  -23.364 0.6000000238
17700  -11.969  -56.787  -20.938 0.8000000119
14390  -15.318  -59.519  -24.219 0.8000000119
15149  -16.943  -59.168  -25.060 0.6999999881
16835  -12.961  -57.865  -22.472 0.6999999881
15964  -13.193  -58.247  -23.435 0.6999999881
15976  -14.188  -58.460  -24.144 0.6000000238
15987  -15.631  -58.830  -24.715 0.8000000119
18564  -7.634  -55.560  -17.637 0.6000000238
18577  -8.927  -55.579  -18.924 0.6000000238
18591  -10.919  -55.454  -20.154 0.6999999881
119488  -19.012  -59.409  -24.487 0.6000000238
18610  -11.434  -55.690  -20.574 0.6999999881
122491  -12.446  -55.674  -20.743 0.6999999881
15140  -18.106  -59.352  -24.928 0.6999999881
15150  -17.611  -59.104  -25.216 0.6000000238
17701  -12.733  -56.317  -21.203 0.8000000119
17717  -14.010  -56.602  -22.122 0.6000000238
16837  -14.592  -56.873  -22.888 0.5000000000
15988  -16.393  -58.744  -24.925 0.6999999881
16863  -17.639  -58.094  -24.735 0.6999999881
16864  -18.779  -57.891  -24.975 0.6000000238
16825  -13.329  -57.041  -21.857 0.8000000119
17733  -15.227  -57.131  -23.458 0.6000000238
137582  -15.258  -57.720  -23.992 0.6000000238
19424  -6.862  -55.041  -17.073 0.6000000238
19425  -7.774  -54.964  -17.620 0.6000000238
19444  -10.103  -54.870  -18.412 0.6999999881
19442  -8.555  -55.192  -18.204 0.6000000238
121740  -10.441  -55.318  -19.404 0.6999999881
18580  -12.202  -55.345  -19.266 0.6999999881
18593  -12.859  -55.376  -20.131 0.6999999881
126399  -13.835  -55.438  -20.079 0.6000000238
137462  -18.637  -59.050  -25.222 0.6000000238
130106  -14.065  -55.968  -21.387 0.6000000238
17718  -15.428  -56.639  -22.751 0.6000000238
16865  -19.788  -58.214  -25.153 0.5000000000
16850  -17.931  -57.338  -24.054 0.6000000238
16851  -19.697  -57.348  -25.094 0.5000000000
121366  -19.407  -56.412  -25.114 0.5000000000
17721  -18.034  -56.422  -23.031 0.6000000238
122060  -18.410  -56.043  -23.930 0.5000000000
20211  -6.447  -53.229  -15.887 0.6000000238
129605  -7.125  -54.208  -16.903 0.6000000238
19427  -9.490  -54.241  -17.831 0.6999999881
121313  -7.823  -53.995  -17.227 0.6999999881
19428  -11.043  -54.699  -17.963 0.6999999881
18565  -11.676  -55.192  -18.378 0.6999999881
18566  -12.612  -55.294  -18.241 0.6000000238
140761  -13.465  -55.421  -19.625 0.5000000000
129195  -14.909  -55.561  -19.699 0.6999999881
18584  -16.160  -55.202  -18.816 0.6000000238
18612  -14.451  -55.641  -20.678 0.6000000238
18626  -16.396  -56.070  -21.008 0.6000000238
18614  -16.765  -55.589  -20.147 0.6000000238
17720  -17.497  -56.627  -22.599 0.6000000238
17706  -17.836  -56.098  -21.895 0.5000000000
19468  -18.006  -54.925  -21.718 0.5000000000
19480  -18.276  -55.093  -24.187 0.5000000000
20206  -11.568  -53.735  -14.604 0.6999999881
20214  -10.993  -52.738  -15.302 0.6999999881
20215  -11.551  -52.176  -15.118 0.6999999881
21025  -7.076  -52.642  -16.005 0.6000000238
21027  -9.741  -51.976  -15.952 0.6999999881
21884  -11.094  -50.895  -15.517 0.6999999881
22633  -10.944  -50.198  -15.343 0.6999999881
23439  -9.981  -49.074  -15.432 0.6000000238
20235  -7.371  -53.197  -16.633 0.6999999881
21038  -8.095  -52.229  -16.382 0.6999999881
21888  -9.236  -50.978  -16.851 0.6999999881
21889  -10.493  -50.213  -16.183 0.6999999881
20237  -8.983  -53.300  -17.515 0.6999999881
21048  -8.555  -52.466  -17.127 0.6999999881
22644  -9.945  -50.133  -17.317 0.6999999881
19429  -12.130  -54.689  -17.666 0.6999999881
123879  -13.819  -54.437  -17.451 0.6000000238
19445  -14.921  -55.229  -18.100 0.6000000238
132871  -16.395  -54.052  -18.197 0.6000000238
129462  -16.833  -52.831  -18.670 0.6000000238
18594  -15.981  -55.517  -19.450 0.6000000238
18595  -16.732  -55.177  -19.328 0.6000000238
135127  -16.911  -53.715  -18.820 0.6000000238
19454  -17.551  -54.695  -20.203 0.5000000000
20259  -17.375  -53.810  -19.936 0.6000000238
21075  -16.867  -52.824  -20.279 0.6000000238
18628  -17.800  -55.472  -21.256 0.5000000000
133766  -17.707  -54.326  -20.902 0.5000000000
20267  -17.239  -53.406  -21.118 0.5000000000
125624  -12.169  -53.854  -14.115 0.6999999881
21880  -11.385  -51.060  -14.930 0.6999999881
23437  -10.513  -49.615  -15.094 0.6000000238
24195  -9.231  -48.577  -15.219 0.6000000238
24202  -9.554  -48.177  -15.787 0.6000000238
25884  -9.837  -46.983  -16.019 0.4000000060
23449  -10.367  -49.573  -17.324 0.6000000238
141416  -10.265  -48.979  -16.558 0.5000000000
24206  -10.176  -48.567  -16.326 0.5000000000
121767  -10.373  -46.330  -16.332 0.4000000060
26771  -10.118  -45.047  -16.178 0.5000000000
20238  -9.876  -53.390  -17.691 0.6999999881
21050  -10.286  -52.558  -17.736 0.8000000119
21900  -10.117  -50.762  -17.744 0.6999999881
23450  -11.039  -49.483  -17.656 0.5000000000
24998  -11.105  -48.235  -16.995 0.4000000060
138968  -11.410  -47.476  -16.876 0.4000000060
126037  -10.861  -45.800  -16.612 0.4000000060
25894  -12.274  -45.932  -17.559 0.4000000060
119522  -11.485  -52.781  -17.650 0.8000000119
121309  -10.709  -51.685  -17.890 0.8000000119
136549  -11.301  -50.829  -18.026 0.8000000119
131124  -12.327  -49.733  -17.775 0.6000000238
124961  -12.320  -48.983  -17.623 0.5000000000
25000  -12.534  -47.648  -17.376 0.4000000060
129009  -12.057  -46.913  -17.101 0.4000000060
20240  -12.266  -53.713  -17.422 0.6999999881
20241  -13.287  -53.613  -17.338 0.8000000119
122013  -13.682  -52.698  -17.374 0.6999999881
21052  -15.766  -52.294  -17.419 0.5000000000
24215  -12.788  -48.295  -17.504 0.5000000000
25001  -13.201  -47.599  -17.595 0.4000000060
25902  -12.933  -45.779  -18.135 0.4000000060
20242  -14.341  -53.538  -17.315 0.6000000238
20252  -15.873  -53.970  -17.751 0.5000000000
21053  -16.341  -52.006  -17.740 0.5000000000
21065  -16.665  -52.112  -18.263 0.6000000238
131556  -16.985  -53.078  -19.365 0.6000000238
21083  -16.304  -51.887  -20.653 0.6000000238
21019  -11.616  -52.323  -14.258 0.6000000238
21870  -10.991  -51.639  -13.907 0.5000000000
22627  -10.019  -49.910  -14.514 0.5000000000
129452  -8.656  -48.884  -14.591 0.4000000060
24201  -8.730  -47.854  -15.212 0.5000000000
25874  -8.388  -46.874  -15.024 0.5000000000
26770  -9.525  -45.839  -15.745 0.5000000000
26759  -8.883  -44.993  -15.138 0.5000000000
27627  -9.707  -43.773  -15.521 0.5000000000
28461  -9.881  -42.908  -15.154 0.5000000000
26772  -10.957  -44.929  -16.686 0.5000000000
28472  -10.211  -43.108  -16.012 0.5000000000
21901  -12.423  -51.060  -17.929 0.6999999881
22647  -12.866  -50.371  -17.801 0.6000000238
22648  -13.871  -50.362  -17.539 0.5000000000
130194  -13.257  -49.582  -17.639 0.5000000000
26785  -11.656  -44.981  -17.253 0.5000000000
28486  -11.238  -43.085  -17.420 0.5000000000
119822  -12.615  -52.768  -17.515 0.8000000119
119083  -13.020  -51.885  -17.677 0.6999999881
21902  -14.051  -51.827  -17.409 0.6000000238
23451  -13.843  -48.885  -17.587 0.5000000000
25002  -13.820  -47.696  -17.733 0.4000000060
25009  -13.710  -47.045  -17.893 0.5000000000
26786  -12.319  -45.029  -17.919 0.4000000060
27662  -12.208  -44.264  -18.405 0.5000000000
21904  -16.047  -51.251  -17.496 0.5000000000
136659  -16.023  -50.343  -17.627 0.5000000000
23452  -15.497  -49.627  -17.651 0.6000000238
23466  -14.842  -48.867  -17.705 0.5000000000
25010  -14.515  -47.467  -18.105 0.5000000000
141711  -14.672  -46.333  -18.761 0.5000000000
21905  -16.551  -51.428  -17.911 0.5000000000
22665  -16.526  -50.315  -18.673 0.5000000000
23467  -15.870  -48.899  -18.056 0.5000000000
24231  -16.059  -48.339  -18.616 0.5000000000
21918  -16.597  -51.188  -18.765 0.6000000238
22672  -16.162  -50.470  -19.855 0.6000000238
21017  -10.246  -52.178  -13.241 0.5000000000
22617  -9.129  -50.448  -13.906 0.5000000000
23435  -8.598  -49.526  -14.156 0.5000000000
24175  -7.707  -48.773  -14.064 0.4000000060
128259  -7.989  -47.643  -14.580 0.4000000060
21016  -9.039  -51.900  -13.055 0.5000000000
23424  -7.494  -49.243  -13.555 0.4000000060
25865  -7.817  -46.038  -14.198 0.5000000000
140579  -8.332  -46.064  -14.766 0.6000000238
27593  -8.317  -44.504  -13.802 0.5000000000
27626  -9.039  -44.044  -14.957 0.5000000000
27616  -9.313  -43.427  -14.120 0.4000000060
28446  -10.500  -43.023  -14.667 0.4000000060
28447  -11.484  -42.905  -15.131 0.4000000060
23423  -7.216  -49.280  -13.089 0.4000000060
24174  -6.884  -48.608  -13.399 0.4000000060
24977  -6.858  -47.068  -13.327 0.4000000060
25864  -7.281  -46.362  -13.597 0.5000000000
26748  -7.858  -45.211  -13.759 0.5000000000
131828  -8.322  -44.667  -13.251 0.5000000000
25828  -6.903  -46.490  -12.768 0.4000000060
25830  -8.558  -45.943  -12.403 0.4000000060
26715  -8.528  -45.026  -12.828 0.5000000000
26730  -9.080  -44.547  -13.135 0.4000000060
27595  -9.638  -43.973  -13.605 0.4000000060
143404  -10.970  -43.761  -14.120 0.4000000060
26749  -11.957  -44.732  -14.005 0.4000000060
23410  -7.547  -49.519  -12.529 0.4000000060
24156  -6.699  -48.488  -12.854 0.4000000060
24941  -6.624  -47.490  -12.746 0.4000000060
24118  -8.599  -49.422  -11.202 0.4000000060
123899  -8.636  -48.507  -11.490 0.4000000060
25822  -8.038  -46.800  -11.966 0.4000000060
24943  -9.057  -46.823  -11.974 0.4000000060
131001  -9.894  -46.534  -12.405 0.5000000000
25831  -10.384  -46.027  -12.849 0.5000000000
26731  -10.290  -45.078  -13.167 0.4000000060
26732  -11.314  -45.332  -13.489 0.4000000060
24944  -9.908  -47.402  -11.914 0.4000000060
24945  -11.305  -47.735  -12.626 0.4000000060
24962  -11.685  -47.141  -13.149 0.4000000060
25847  -11.158  -46.153  -13.176 0.4000000060
23365  -8.318  -50.157  -10.576 0.4000000060
23366  -8.892  -50.005  -10.230 0.3000000119
24139  -9.560  -48.686  -11.266 0.3000000119
24931  -9.956  -48.119  -11.559 0.4000000060
23330  -9.485  -49.707  -8.195 0.4000000060
23348  -9.157  -50.084  -9.074 0.3000000119
120468  -9.691  -50.065  -9.852 0.3000000119
23367  -10.170  -49.657  -10.612 0.4000000060
127716  -11.867  -50.111  -10.589 0.5000000000
24158  -11.655  -48.681  -12.280 0.4000000060
24946  -12.050  -48.153  -12.946 0.4000000060
24963  -12.497  -47.531  -13.468 0.4000000060
131533  -13.569  -46.276  -14.472 0.3000000119
24100  -12.147  -49.169  -9.370 0.5000000000
143554  -12.353  -50.058  -10.541 0.5000000000
24159  -12.432  -49.076  -12.521 0.4000000060
24176  -12.827  -48.594  -13.179 0.4000000060
24964  -13.305  -48.040  -13.724 0.3000000119
23329  -8.507  -49.731  -8.335 0.4000000060
24068  -9.287  -48.488  -7.616 0.4000000060
23331  -10.313  -49.500  -8.174 0.4000000060
139627  -10.752  -49.862  -8.745 0.5000000000
23350  -11.402  -49.803  -9.185 0.5000000000
24881  -9.582  -47.575  -7.896 0.4000000060
24099  -11.561  -48.950  -8.812 0.5000000000
24896  -11.785  -48.099  -9.016 0.5000000000
24101  -12.751  -48.830  -9.817 0.4000000060
23370  -13.689  -49.683  -11.123 0.4000000060
24177  -13.698  -49.115  -13.282 0.3000000119
121854  -11.922  -47.282  -9.271 0.3000000119
24897  -12.484  -47.906  -9.514 0.3000000119
24898  -13.090  -48.149  -9.963 0.3000000119
23309  -8.889  -49.259  -7.695 0.4000000060
25751  -8.960  -46.828  -8.000 0.3000000119
26670  -10.158  -46.151  -8.704 0.4000000060
23371  -14.322  -49.415  -11.366 0.3000000119
25765  -8.278  -46.097  -8.202 0.3000000119
26668  -8.571  -45.411  -8.714 0.3000000119
10673  -19.264  -65.452  -22.713 0.6000000238
10672  -18.416  -65.510  -22.412 0.5000000000
17735  -17.394  -57.047  -23.255 0.6000000238
17719  -16.457  -56.679  -22.622 0.6000000238
118392  -25.263  -73.788  -25.303 0.5000000000
142336  -23.979  -73.991  -23.858 0.6000000238
7531  -22.667  -69.542  -25.128 0.5000000000
4122  -23.698  -74.624  -22.828 0.6999999881
3047  -23.004  -76.072  -20.926 0.6999999881
5341  -22.260  -72.942  -21.601 0.6999999881
3038  -22.455  -75.987  -20.184 0.6999999881
3533  -22.878  -75.176  -20.494 0.6999999881
8298  -21.779  -68.259  -22.746 0.5000000000
2542  -20.137  -77.528  -19.173 0.6999999881
6024  -22.032  -71.683  -20.858 0.6999999881
5340  -21.998  -72.530  -20.933 0.6999999881
137227  -20.314  -77.785  -18.007 0.6999999881
119174  -21.723  -73.991  -18.714 0.6999999881
122571  -19.783  -65.689  -22.189 0.6000000238
5304  -21.432  -72.381  -18.566 0.6000000238
119029  -21.465  -73.973  -16.471 0.6000000238
3497  -22.597  -75.709  -16.157 0.5000000000
142692  -16.894  -64.100  -24.381 0.6999999881
5292  -21.318  -72.170  -17.627 0.6000000238
1731  -24.741  -79.116  -19.831 0.6000000238
1757  -24.808  -79.596  -21.281 0.6000000238
4057  -21.691  -73.535  -15.877 0.5000000000
4070  -24.663  -74.043  -15.985 0.5000000000
2120  -26.301  -78.433  -19.812 0.5000000000
119280  -16.199  -64.686  -22.760 0.6000000238
11462  -15.580  -63.721  -24.137 0.6999999881
9826  -20.821  -66.328  -19.004 0.6000000238
6703  -21.635  -70.730  -18.051 0.5000000000
5280  -21.347  -72.188  -16.600 0.5000000000
5269  -22.942  -72.622  -15.462 0.6000000238
5268  -21.969  -72.671  -15.598 0.5000000000
5270  -23.919  -72.617  -15.627 0.5000000000
2138  -26.575  -78.706  -21.287 0.6000000238
2546  -28.336  -77.623  -19.670 0.5000000000
12152  -12.867  -63.134  -19.796 0.6000000238
11345  -19.823  -64.166  -15.588 0.5000000000
136064  -8.023  -59.892  -20.806 0.6000000238
13665  -8.362  -61.988  -22.886 0.6000000238
121213  -23.708  -67.777  -16.445 0.6000000238
15099  -8.600  -60.023  -21.643 0.6000000238
125733  -15.121  -60.448  -22.160 0.8000000119
15101  -10.517  -59.527  -22.215 0.6000000238
11348  -22.580  -65.039  -15.887 0.6000000238
15123  -12.276  -59.717  -23.618 0.6000000238
139295  -16.731  -59.779  -24.053 0.8000000119
12111  -21.185  -63.413  -17.026 0.6000000238
15135  -13.867  -59.270  -24.141 0.6000000238
15974  -12.893  -59.101  -23.783 0.6999999881
16847  -14.481  -57.616  -23.733 0.6000000238
18625  -15.161  -55.963  -21.288 0.6000000238
16848  -16.001  -57.502  -23.878 0.6999999881
17704  -15.879  -56.349  -21.916 0.6000000238
18639  -18.097  -55.434  -22.771 0.5000000000
19432  -14.941  -54.442  -17.589 0.5000000000
18627  -17.334  -55.873  -21.016 0.6000000238
19473  -17.744  -54.571  -23.069 0.5000000000
19405  -10.413  -53.708  -15.101 0.6999999881
20213  -9.407  -52.821  -15.562 0.6000000238
21883  -9.997  -51.091  -16.298 0.6999999881
123124  -9.630  -51.493  -17.586 0.8000000119
22645  -10.620  -50.120  -17.781 0.6000000238
21879  -11.124  -51.077  -14.492 0.6000000238
24994  -10.641  -47.475  -16.536 0.5000000000
24207  -10.485  -48.443  -16.669 0.5000000000
26798  -13.521  -45.510  -18.631 0.5000000000
22618  -10.364  -50.769  -14.214 0.5000000000
27636  -10.265  -44.034  -16.302 0.5000000000
126351  -13.412  -51.106  -17.670 0.6000000238
22649  -15.088  -50.538  -17.381 0.6000000238
23468  -16.491  -49.011  -18.715 0.5000000000
22616  -7.910  -50.089  -13.361 0.5000000000
27594  -8.802  -44.006  -13.698 0.5000000000
26714  -7.821  -45.243  -12.824 0.6000000238
23390  -7.992  -50.069  -11.742 0.4000000060
24137  -7.612  -48.993  -12.201 0.4000000060
24928  -7.049  -47.966  -12.264 0.4000000060
24119  -9.262  -49.436  -10.923 0.3000000119
24930  -8.942  -47.652  -11.586 0.4000000060
123975  -10.620  -47.344  -12.361 0.5000000000
25832  -10.894  -46.847  -12.788 0.4000000060
24140  -10.471  -48.967  -11.339 0.4000000060
24157  -10.764  -48.204  -11.977 0.4000000060
25848  -12.108  -46.250  -13.604 0.4000000060
25866  -12.795  -45.852  -14.146 0.4000000060
122348  -10.058  -50.071  -8.835 0.3000000119
23349  -10.638  -50.145  -9.573 0.5000000000
23392  -11.121  -49.837  -10.768 0.4000000060
23411  -12.120  -49.559  -11.774 0.5000000000
24141  -11.328  -49.223  -11.555 0.4000000060
25849  -13.024  -46.914  -13.973 0.4000000060
24121  -13.322  -49.131  -10.368 0.5000000000
23369  -12.973  -50.003  -10.810 0.4000000060
23413  -13.731  -49.753  -12.391 0.4000000060
24084  -10.322  -48.408  -8.010 0.5000000000
143225  -10.211  -47.441  -8.224 0.5000000000
25768  -11.289  -47.252  -8.812 0.4000000060
24122  -14.111  -48.840  -10.837 0.4000000060
25782  -10.952  -46.337  -9.010 0.4000000060
126125  -9.274  -46.079  -8.429 0.3000000119
26669  -9.599  -45.338  -8.971 0.3000000119
26681  -10.559  -45.533  -9.200 0.3000000119
133606  -21.908  -82.933  -24.420 0.5000000000
508  -22.582  -83.167  -24.213 0.5000000000
509  -23.477  -83.269  -23.842 0.5000000000
515  -23.158  -82.861  -24.733 0.5000000000
510  -24.526  -83.139  -23.471 0.5000000000
516  -24.008  -82.848  -24.503 0.5000000000
786  -25.382  -82.815  -23.568 0.6000000238
792  -22.287  -82.153  -25.156 0.5000000000
793  -22.965  -82.292  -25.282 0.5000000000
124177  -23.605  -82.466  -25.159 0.5000000000
794  -24.289  -82.302  -25.249 0.5000000000
130919  -26.088  -82.597  -23.499 0.6000000238
799  -25.168  -82.041  -25.353 0.6000000238
785  -24.870  -82.654  -24.427 0.6000000238
791  -20.903  -82.388  -24.424 0.4000000060
1412  -18.574  -80.413  -21.923 0.4000000060
1413  -19.618  -80.495  -21.708 0.4000000060
1425  -18.987  -80.849  -22.787 0.5000000000
1098  -19.522  -81.410  -23.618 0.5000000000
1104  -19.169  -82.162  -24.102 0.5000000000
139300  -20.923  -81.511  -24.270 0.5000000000
1426  -20.551  -81.020  -23.479 0.5000000000
1110  -20.153  -82.314  -24.255 0.5000000000
1444  -21.649  -81.462  -24.632 0.5000000000
788  -26.862  -82.274  -23.462 0.6000000238
1099  -27.655  -81.900  -23.005 0.6000000238
1111  -22.329  -81.718  -25.145 0.5000000000
1112  -22.887  -81.352  -25.323 0.5000000000
1446  -23.279  -80.685  -25.102 0.5000000000
1107  -26.778  -81.937  -24.560 0.6000000238
1116  -23.469  -81.366  -25.569 0.5000000000
1118  -25.041  -81.183  -26.028 0.6000000238
1113  -26.045  -82.006  -24.980 0.6000000238
1108  -27.522  -81.787  -24.031 0.6000000238
1120  -26.790  -80.731  -26.020 0.6000000238
1114  -27.263  -81.406  -25.120 0.6000000238
1115  -28.112  -81.224  -24.476 0.6999999881
1448  -27.703  -80.764  -25.615 0.6000000238
1449  -28.525  -80.649  -25.088 0.6999999881
2136  -18.992  -78.403  -21.274 0.6000000238
2126  -18.808  -78.851  -20.777 0.6000000238
1743  -20.084  -79.817  -20.102 0.6000000238
1401  -19.002  -80.114  -21.061 0.5000000000
1403  -20.576  -80.428  -21.191 0.6000000238
127889  -19.861  -80.831  -22.741 0.5000000000
1414  -20.615  -80.655  -22.200 0.5000000000
1427  -21.564  -80.601  -22.822 0.5000000000
1437  -21.329  -80.994  -23.884 0.5000000000
1438  -22.040  -80.699  -23.909 0.5000000000
1092  -27.777  -81.811  -22.012 0.6999999881
1100  -28.363  -81.435  -22.665 0.6000000238
1431  -29.085  -80.958  -22.462 0.8000000119
1447  -24.019  -80.336  -25.229 0.5000000000
1453  -24.622  -80.594  -25.838 0.5000000000
1454  -25.524  -80.463  -26.048 0.6000000238
1109  -28.190  -81.475  -23.531 0.6999999881
1441  -28.845  -81.067  -23.303 0.6999999881
1119  -25.936  -80.865  -26.105 0.6000000238
1450  -29.239  -80.377  -24.582 0.6999999881
1455  -26.477  -80.100  -26.239 0.6000000238
1456  -27.326  -80.099  -26.332 0.6000000238
1790  -27.904  -78.953  -26.638 0.6999999881
137522  -29.202  -79.640  -25.862 0.6999999881
1789  -29.753  -79.246  -25.869 0.6000000238
124522  -19.903  -77.871  -21.834 0.5000000000
1726  -19.129  -79.006  -20.250 0.6000000238
137539  -20.556  -80.192  -20.525 0.6000000238
1415  -21.452  -80.505  -21.571 0.6000000238
1416  -22.381  -80.444  -21.833 0.6000000238
1428  -22.582  -80.374  -22.943 0.5000000000
1430  -24.014  -79.923  -22.736 0.6000000238
1093  -28.546  -81.231  -21.766 0.6999999881
1439  -22.858  -80.356  -24.043 0.5000000000
1772  -24.642  -79.628  -23.402 0.5000000000
1432  -29.777  -80.514  -22.453 0.5000000000
129698  -30.084  -80.281  -21.165 0.6000000238
1440  -23.782  -79.994  -24.099 0.6000000238
1785  -25.200  -80.014  -25.807 0.5000000000
125937  -29.434  -80.724  -22.998 0.6000000238
1786  -25.883  -79.761  -25.977 0.5000000000
139109  -28.789  -80.870  -24.134 0.6999999881
1442  -29.386  -80.579  -23.684 0.6000000238
2174  -26.661  -79.294  -26.042 0.5000000000
1782  -29.651  -79.863  -25.127 0.6000000238
1783  -30.439  -79.404  -24.814 0.6000000238
2175  -27.426  -78.625  -26.145 0.5000000000
2176  -28.119  -78.248  -26.604 0.6000000238
2177  -29.405  -78.440  -26.690 0.5000000000
2609  -28.872  -77.071  -26.801 0.5000000000
2610  -30.739  -77.761  -26.469 0.5000000000
2127  -19.336  -78.494  -20.401 0.6000000238
2575  -20.641  -77.705  -22.715 0.4000000060
1763  -24.741  -79.646  -22.291 0.5000000000
1420  -30.250  -80.210  -21.848 0.6000000238
1773  -25.297  -79.322  -23.935 0.5000000000
1433  -30.430  -80.063  -22.616 0.5000000000
1781  -26.138  -79.087  -25.206 0.5000000000
1775  -30.546  -79.847  -23.410 0.5000000000
1767  -31.169  -79.554  -22.798 0.5000000000
2165  -26.809  -78.518  -25.113 0.5000000000
141976  -30.539  -79.669  -24.020 0.5000000000
1784  -31.232  -78.777  -24.886 0.5000000000
2597  -27.437  -77.895  -25.084 0.6000000238
2598  -28.050  -77.205  -25.154 0.6000000238
2166  -30.470  -78.601  -25.947 0.5000000000
2178  -31.229  -78.194  -25.660 0.6000000238
3077  -28.527  -76.704  -25.926 0.6000000238
2588  -22.499  -77.346  -23.050 0.4000000060
1765  -25.942  -78.982  -23.358 0.5000000000
2157  -31.727  -79.080  -23.288 0.5000000000
2155  -26.375  -78.635  -24.112 0.5000000000
2156  -27.117  -78.043  -23.847 0.5000000000
2167  -31.964  -78.117  -24.982 0.5000000000
2158  -32.414  -78.537  -23.219 0.5000000000
2581  -33.150  -78.029  -22.729 0.5000000000
2591  -33.624  -77.221  -23.125 0.5000000000
3551  -34.874  -75.788  -22.348 0.5000000000
2589  -27.848  -77.554  -23.068 0.6000000238
3068  -28.318  -76.955  -23.839 0.6000000238
131368  -28.666  -76.505  -24.707 0.6000000238
3089  -31.832  -76.672  -26.389 0.5000000000
3079  -29.296  -75.928  -24.569 0.5000000000
3564  -29.889  -75.326  -24.592 0.5000000000
2568  -28.606  -77.627  -21.243 0.5000000000
138701  -32.391  -78.175  -24.077 0.5000000000
121088  -32.961  -77.818  -23.647 0.5000000000
3062  -34.261  -76.314  -23.025 0.5000000000
2578  -27.682  -77.895  -22.216 0.5000000000
2580  -29.035  -77.236  -21.901 0.6000000238
2599  -32.651  -77.574  -24.558 0.5000000000
2600  -33.269  -77.117  -24.144 0.5000000000
141232  -34.062  -76.126  -23.755 0.5000000000
3558  -34.659  -75.564  -23.126 0.5000000000
4125  -35.030  -74.990  -22.791 0.5000000000
3069  -29.173  -76.464  -23.471 0.5000000000
142066  -32.419  -76.723  -25.772 0.5000000000
3090  -32.581  -76.066  -26.113 0.5000000000
2557  -28.911  -77.566  -20.397 0.5000000000
3567  -34.252  -75.023  -24.743 0.5000000000
3557  -33.880  -75.927  -24.455 0.5000000000
4131  -34.735  -74.959  -23.766 0.5000000000
4724  -35.813  -73.504  -22.936 0.4000000060
130526  -34.767  -74.234  -24.652 0.4000000060
11485  -20.812  -64.126  -25.754 0.4000000060
137467  -8.783  -59.167  -19.368 0.5000000000
16791  -9.550  -57.151  -18.482 0.5000000000
15930  -9.485  -57.635  -19.089 0.5000000000
17629  -9.090  -56.682  -17.099 0.5000000000
16774  -9.964  -57.094  -17.498 0.5000000000
15074  -9.604  -58.678  -18.680 0.5000000000
19394  -10.952  -54.525  -14.543 0.5000000000
19395  -11.949  -54.583  -14.138 0.5000000000
20202  -11.970  -53.204  -13.925 0.5000000000
2149  -27.214  -78.128  -22.667 0.5000000000
2148  -26.601  -78.543  -23.031 0.5000000000
787  -26.325  -82.313  -24.150 0.6000000238
1117  -24.190  -81.273  -25.779 0.6000000238
1457  -28.149  -80.180  -26.011 0.6999999881
1402  -19.853  -80.163  -20.766 0.6000000238
1779  -24.667  -79.803  -24.859 0.5000000000
1787  -27.315  -79.482  -26.362 0.6000000238
1792  -28.932  -79.125  -26.464 0.6000000238
2182  -28.522  -78.618  -26.741 0.6000000238
1419  -29.440  -80.658  -21.628 0.6999999881
1774  -25.817  -79.054  -24.320 0.5000000000
2607  -27.826  -77.863  -25.976 0.6000000238
2608  -28.291  -77.468  -26.353 0.6000000238
2611  -31.538  -77.542  -26.014 0.5000000000
1776  -31.108  -79.332  -23.879 0.5000000000
120856  -31.850  -78.713  -24.055 0.5000000000
132194  -27.736  -77.469  -24.156 0.5000000000
3078  -28.895  -76.133  -25.555 0.5000000000
2590  -28.660  -77.078  -22.798 0.5000000000
3071  -33.768  -76.549  -23.828 0.5000000000
3080  -32.919  -76.809  -25.149 0.5000000000
137834  -33.436  -76.492  -24.549 0.5000000000
4132  -35.241  -74.110  -23.618 0.5000000000
3566  -33.730  -75.400  -25.265 0.4000000060
1398  -31.182  -79.830  -18.949 0.5000000000
1734  -31.711  -79.485  -19.546 0.6000000238
1750  -31.644  -79.467  -20.481 0.6000000238
1733  -30.993  -79.792  -20.016 0.6000000238
1397  -30.401  -80.193  -19.376 0.4000000060
1759  -32.263  -79.044  -20.830 0.4000000060
2140  -32.170  -79.053  -21.672 0.4000000060
1758  -31.694  -79.395  -21.224 0.5000000000
1749  -30.898  -79.816  -21.151 0.6000000238
126000  -31.475  -79.487  -21.907 0.5000000000
1408  -30.255  -80.162  -20.396 0.5000000000
1766  -30.845  -79.824  -22.064 0.5000000000
1407  -29.527  -80.509  -20.693 0.6000000238
121882  -27.910  -81.627  -20.899 0.6000000238
775  -27.196  -82.324  -21.361 0.6000000238
781  -27.074  -82.328  -22.380 0.6000000238
774  -26.457  -82.709  -21.759 0.6000000238
780  -26.341  -82.646  -22.695 0.5000000000
496  -25.649  -82.988  -22.202 0.5000000000
128098  -24.766  -83.319  -22.418 0.4000000060
502  -23.728  -83.544  -22.709 0.5000000000
12127  -20.757  -62.722  -17.633 0.4000000060
12880  -21.312  -62.346  -18.634 0.4000000060
12112  -22.186  -63.676  -17.096 0.5000000000
21093  -16.890  -52.940  -22.429 0.5000000000
125834  -16.039  -51.663  -21.627 0.5000000000
21092  -16.251  -51.939  -22.590 0.5000000000
22687  -15.522  -50.223  -21.894 0.4000000060
24245  -16.553  -48.550  -20.016 0.4000000060
23497  -17.281  -49.574  -22.976 0.4000000060
25012  -16.420  -47.827  -19.178 0.4000000060
25033  -16.725  -47.739  -20.299 0.4000000060
24256  -16.168  -48.640  -21.134 0.4000000060
25025  -15.793  -47.122  -18.857 0.4000000060
25919  -16.336  -46.967  -19.415 0.4000000060
25047  -16.963  -47.433  -22.582 0.4000000060
123776  -15.287  -45.852  -19.316 0.4000000060
26813  -15.994  -46.028  -19.600 0.4000000060
129218  -17.703  -45.428  -21.563 0.4000000060
26811  -14.117  -45.129  -19.129 0.4000000060
135732  -15.073  -45.176  -19.546 0.4000000060
138548  -13.416  -44.829  -18.917 0.4000000060
27679  -13.518  -44.260  -19.411 0.4000000060
28462  -10.669  -42.553  -15.643 0.3000000119
29328  -11.239  -42.060  -17.102 0.4000000060
27618  -12.375  -43.921  -14.710 0.3000000119
29329  -11.560  -41.405  -16.864 0.3000000119
28463  -12.080  -42.507  -15.627 0.3000000119
23496  -16.342  -49.573  -22.826 0.4000000060
24267  -16.228  -48.802  -22.556 0.4000000060
23487  -15.694  -49.379  -21.605 0.4000000060
22693  -15.891  -50.439  -22.755 0.4000000060
25040  -16.391  -47.991  -21.571 0.4000000060
25034  -16.899  -47.164  -21.083 0.4000000060
25048  -17.626  -47.387  -23.092 0.4000000060
25932  -17.047  -46.841  -21.974 0.4000000060
25927  -17.296  -46.246  -20.989 0.4000000060
25926  -16.818  -46.709  -20.183 0.4000000060
4073  -31.820  -74.321  -16.259 0.3000000119
4074  -32.612  -73.901  -16.785 0.3000000119
3493  -31.368  -75.160  -16.069 0.4000000060
121359  -32.331  -75.363  -16.423 0.3000000119
141795  -32.664  -74.780  -16.649 0.4000000060
2996  -31.420  -76.937  -16.261 0.3000000119
3504  -31.929  -76.102  -16.288 0.3000000119
3505  -32.852  -76.245  -16.584 0.4000000060
2095  -30.711  -78.570  -16.121 0.3000000119
2997  -32.526  -77.011  -16.465 0.3000000119
2998  -33.305  -77.055  -16.811 0.3000000119
140284  -31.469  -78.723  -16.156 0.3000000119
2521  -32.273  -77.868  -16.397 0.3000000119
2522  -33.115  -77.806  -16.682 0.3000000119
129406  -31.647  -79.536  -15.920 0.3000000119
132322  -32.542  -79.414  -16.412 0.3000000119
2105  -33.078  -79.134  -16.816 0.3000000119
1365  -31.514  -80.450  -15.488 0.3000000119
1374  -32.160  -80.162  -16.226 0.3000000119
1699  -32.678  -79.710  -16.707 0.3000000119
1353  -30.162  -81.293  -14.496 0.3000000119
1364  -30.815  -80.753  -14.902 0.3000000119
1060  -31.631  -80.729  -15.862 0.3000000119
1375  -32.386  -80.151  -16.992 0.3000000119
1051  -30.704  -81.504  -14.735 0.4000000060
4075  -33.225  -74.747  -17.076 0.3000000119
2987  -30.345  -76.495  -15.959 0.4000000060
3506  -33.531  -76.369  -16.997 0.4000000060
133224  -30.620  -77.229  -16.198 0.3000000119
2999  -33.666  -77.071  -17.249 0.4000000060
1698  -30.580  -79.347  -15.758 0.3000000119
2098  -33.462  -78.319  -16.994 0.4000000060
136011  -33.258  -78.805  -17.348 0.4000000060
1689  -30.343  -80.011  -15.287 0.3000000119
1707  -32.895  -79.507  -17.147 0.4000000060
1352  -29.380  -81.179  -14.491 0.3000000119
1362  -28.738  -80.422  -15.347 0.4000000060
143480  -32.335  -79.668  -17.736 0.4000000060
137061  -31.611  -80.500  -17.370 0.3000000119
1048  -27.406  -81.321  -14.736 0.3000000119
4086  -33.245  -74.015  -17.356 0.3000000119
4670  -33.019  -73.241  -17.278 0.3000000119
4087  -33.696  -74.616  -17.775 0.3000000119
4097  -34.123  -75.366  -18.291 0.3000000119
2986  -29.542  -76.225  -15.642 0.4000000060
138678  -33.756  -76.511  -17.477 0.3000000119
3514  -33.970  -76.248  -18.034 0.3000000119
2094  -29.902  -78.739  -16.111 0.3000000119
2519  -29.733  -77.989  -16.214 0.4000000060
3009  -33.828  -76.953  -17.746 0.4000000060
3020  -34.081  -76.710  -18.466 0.3000000119
126284  -33.568  -78.071  -17.656 0.4000000060
2538  -33.833  -77.380  -18.081 0.4000000060
1697  -29.613  -79.330  -15.912 0.3000000119
137415  -27.706  -79.351  -16.321 0.3000000119
138237  -33.248  -78.471  -18.153 0.4000000060
2116  -33.658  -77.892  -18.712 0.4000000060
1688  -29.439  -79.945  -15.531 0.3000000119
1371  -26.968  -80.231  -16.120 0.3000000119
2122  -32.964  -78.627  -19.156 0.4000000060
2131  -32.905  -78.595  -20.279 0.5000000000
1372  -27.788  -80.009  -16.140 0.3000000119
131021  -31.967  -79.551  -18.582 0.4000000060
1735  -32.291  -79.163  -19.085 0.4000000060
1751  -32.291  -79.095  -19.928 0.5000000000
1047  -26.416  -81.413  -14.878 0.3000000119
4671  -33.674  -73.678  -17.829 0.3000000119
5295  -33.586  -72.769  -17.672 0.3000000119
2088  -28.012  -77.707  -15.805 0.4000000060
3032  -34.509  -76.555  -19.255 0.4000000060
3041  -34.480  -77.111  -19.837 0.4000000060
132195  -27.929  -78.627  -16.253 0.4000000060
2123  -33.549  -78.122  -19.769 0.4000000060
2560  -34.036  -77.748  -20.288 0.5000000000
2572  -33.819  -77.880  -21.243 0.4000000060
1696  -27.081  -79.570  -16.332 0.3000000119
2132  -33.479  -78.199  -20.587 0.4000000060
1686  -25.535  -79.974  -16.055 0.3000000119
2141  -32.949  -78.523  -21.270 0.4000000060
2151  -32.680  -78.607  -22.232 0.4000000060
1360  -26.721  -80.785  -15.530 0.3000000119
1046  -25.466  -81.411  -15.027 0.3000000119
4098  -34.729  -75.186  -18.979 0.3000000119
3523  -34.423  -76.027  -18.780 0.3000000119
137634  -34.854  -76.516  -19.868 0.3000000119
2092  -27.142  -78.831  -16.245 0.4000000060
126244  -34.433  -77.265  -20.728 0.5000000000
3052  -34.304  -77.196  -21.599 0.4000000060
2091  -26.551  -79.096  -16.205 0.4000000060
2571  -33.288  -78.156  -21.938 0.4000000060
1357  -23.725  -80.206  -15.353 0.3000000119
1685  -24.670  -79.487  -15.580 0.3000000119
1358  -24.764  -80.460  -15.609 0.3000000119
126283  -24.156  -80.714  -15.372 0.3000000119
1035  -23.820  -81.861  -14.669 0.3000000119
3530  -34.973  -75.854  -19.552 0.3000000119
3042  -34.811  -76.766  -20.361 0.4000000060
126304  -34.823  -76.694  -21.072 0.4000000060
1350  -22.077  -80.321  -14.454 0.3000000119
1344  -21.733  -80.158  -13.954 0.3000000119
1351  -22.761  -80.723  -14.866 0.3000000119
1033  -22.110  -81.155  -14.249 0.3000000119
1034  -22.850  -81.574  -14.515 0.3000000119
1672  -22.896  -79.728  -12.708 0.3000000119
141163  -23.754  -80.145  -12.466 0.3000000119
1334  -22.356  -80.310  -13.351 0.3000000119
1335  -23.063  -80.790  -12.901 0.3000000119
128613  -22.415  -81.450  -13.496 0.3000000119
3545  -35.482  -75.302  -20.828 0.3000000119
3544  -35.116  -75.981  -21.403 0.4000000060
1664  -24.691  -79.414  -11.565 0.3000000119
1665  -25.460  -79.914  -11.433 0.3000000119
4714  -36.689  -73.551  -20.129 0.3000000119
4110  -35.831  -74.585  -20.400 0.3000000119
4117  -35.725  -74.492  -21.246 0.3000000119
4719  -36.875  -73.153  -20.834 0.3000000119
4118  -36.249  -73.830  -20.769 0.3000000119
4718  -35.956  -73.702  -21.769 0.3000000119
21936  -15.775  -50.960  -21.087 0.5000000000
28501  -12.226  -43.345  -18.586 0.5000000000
27663  -12.788  -44.209  -18.984 0.4000000060
22681  -15.789  -50.014  -20.940 0.4000000060
1406  -28.746  -80.921  -20.877 0.6000000238
2150  -31.958  -79.091  -22.516 0.4000000060
3061  -34.146  -77.006  -22.383 0.4000000060
3053  -34.622  -76.524  -21.969 0.4000000060
3552  -35.301  -75.159  -21.792 0.4000000060
4126  -35.501  -74.337  -22.310 0.3000000119
21100  -16.739  -52.418  -23.700 0.5000000000
133788  -16.487  -50.956  -23.297 0.4000000060
130093  -16.810  -48.981  -22.862 0.4000000060
1690  -31.094  -80.080  -15.351 0.3000000119
1363  -29.869  -80.560  -14.870 0.3000000119
2513  -29.729  -77.047  -15.971 0.4000000060
1719  -32.716  -79.116  -18.140 0.4000000060
2512  -28.845  -77.377  -15.873 0.4000000060
2093  -28.948  -78.478  -16.220 0.3000000119
1373  -28.587  -79.496  -16.117 0.3000000119
3031  -34.089  -77.159  -18.961 0.4000000060
1359  -25.738  -80.768  -15.592 0.3000000119
143288  -25.129  -80.973  -15.418 0.3000000119
3536  -35.157  -76.118  -20.421 0.4000000060
1684  -23.612  -79.314  -15.186 0.3000000119
709  -22.427  -81.946  -13.825 0.3000000119
3537  -35.494  -75.287  -20.057 0.3000000119
1673  -24.627  -80.091  -12.074 0.3000000119
495  -25.078  -83.340  -21.553 0.5000000000
130636  -25.241  -83.367  -20.735 0.5000000000
769  -26.556  -82.803  -20.728 0.5000000000
136229  -27.288  -82.396  -20.375 0.5000000000
1087  -28.422  -81.232  -20.049 0.4000000060
2569  -29.370  -77.332  -21.057 0.4000000060
130434  -30.813  -80.475  -18.249 0.3000000119
1071  -30.615  -81.644  -17.213 0.3000000119
1392  -31.684  -80.003  -17.966 0.4000000060
1052  -31.254  -81.127  -15.259 0.3000000119
1059  -31.165  -81.354  -16.263 0.3000000119
131686  -25.756  -79.060  -15.892 0.3000000119
2510  -25.823  -78.146  -15.219 0.3000000119
2086  -26.505  -78.468  -15.779 0.3000000119
123456  -30.376  -74.990  -15.651 0.3000000119
2083  -24.475  -78.329  -14.866 0.3000000119
2511  -26.552  -77.700  -15.153 0.3000000119
2087  -27.224  -78.062  -15.737 0.3000000119
127142  -28.097  -76.863  -15.311 0.3000000119
3491  -29.109  -75.597  -15.230 0.3000000119
143539  -28.233  -76.341  -15.016 0.3000000119
2507  -27.274  -77.190  -15.093 0.3000000119
2981  -27.776  -76.536  -14.540 0.3000000119
3492  -29.926  -75.662  -15.615 0.3000000119
2506  -26.639  -77.175  -14.571 0.3000000119
120766  -29.503  -74.857  -15.202 0.3000000119
3483  -29.004  -74.985  -14.641 0.3000000119
126653  -22.841  -83.680  -22.466 0.3000000119
1084  -29.027  -80.974  -19.373 0.5000000000
770  -27.889  -81.979  -19.838 0.4000000060
1385  -31.076  -81.016  -17.302 0.3000000119
25941  -18.265  -46.514  -23.349 0.3000000119
25940  -17.474  -46.693  -22.711 0.3000000119
27685  -14.781  -43.849  -20.105 0.3000000119
485  -24.588  -83.508  -20.300 0.4000000060
277  -23.543  -84.694  -16.500 0.4000000060
127531  -24.693  -83.573  -17.656 0.4000000060
469  -25.440  -83.376  -18.302 0.4000000060
478  -26.847  -83.012  -19.060 0.4000000060
764  -27.383  -82.577  -19.472 0.4000000060
477  -25.438  -83.328  -19.047 0.4000000060
140351  -26.346  -83.000  -20.134 0.4000000060
763  -26.762  -82.845  -19.891 0.4000000060
124  -22.876  -85.363  -14.396 0.3000000119
133  -24.118  -85.031  -16.049 0.4000000060
464  -26.504  -83.539  -17.598 0.4000000060
128375  -25.339  -83.368  -19.908 0.4000000060
139577  -24.717  -83.976  -17.290 0.4000000060
468  -24.879  -83.340  -18.464 0.4000000060
132  -23.456  -85.172  -15.726 0.3000000119
282  -25.205  -84.041  -17.151 0.4000000060
463  -25.714  -83.596  -17.707 0.4000000060
124851  -26.123  -83.168  -19.566 0.4000000060
470  -26.168  -83.305  -18.516 0.4000000060
755  -27.569  -82.805  -18.641 0.4000000060
125  -23.704  -85.228  -14.312 0.3000000119
130  -24.230  -85.228  -15.164 0.3000000119
283  -25.956  -83.980  -16.974 0.3000000119
279  -25.389  -84.473  -16.455 0.3000000119
472  -27.848  -83.045  -17.845 0.3000000119
1077  -28.644  -82.135  -18.600 0.3000000119
471  -27.061  -83.216  -18.193 0.3000000119
1078  -29.291  -81.592  -18.518 0.3000000119
1391  -29.838  -80.762  -18.857 0.3000000119
765  -28.053  -82.333  -19.014 0.3000000119
1083  -28.511  -81.691  -19.207 0.3000000119
123490  -19.518  -78.344  -6.010 0.3000000119
2885  -19.858  -76.938  -6.090 0.3000000119
2072  -21.835  -78.362  -12.630 0.3000000119
3411  -21.232  -75.483  -7.078 0.3000000119
2901  -21.375  -76.209  -7.494 0.3000000119
2910  -23.396  -76.307  -8.289 0.3000000119
125439  -24.660  -75.874  -8.991 0.3000000119
2917  -24.631  -76.235  -9.463 0.3000000119
2463  -23.566  -76.802  -10.668 0.3000000119
2476  -22.765  -77.420  -11.324 0.3000000119
2475  -21.777  -77.096  -11.794 0.3000000119
3412  -21.921  -75.534  -7.639 0.3000000119
3417  -22.809  -75.508  -8.061 0.3000000119
3418  -23.836  -75.396  -8.440 0.3000000119
131743  -24.277  -75.424  -9.966 0.3000000119
465  -27.341  -83.447  -17.344 0.3000000119
2440  -20.453  -77.436  -7.297 0.3000000119
2450  -23.598  -77.241  -8.305 0.3000000119
131763  -21.623  -76.946  -7.757 0.3000000119
124670  -20.841  -76.870  -7.379 0.3000000119
2442  -22.571  -77.064  -8.060 0.3000000119
2902  -22.232  -76.261  -7.932 0.3000000119
3988  -23.211  -74.630  -8.134 0.3000000119
128  -22.642  -85.274  -15.328 0.3000000119
129  -23.407  -85.359  -14.955 0.3000000119
270  -24.861  -84.903  -15.863 0.3000000119
278  -24.539  -84.494  -16.677 0.4000000060
462  -25.095  -83.598  -17.738 0.4000000060
486  -25.924  -83.166  -20.377 0.5000000000
501  -22.762  -83.542  -23.337 0.4000000060
503  -25.235  -83.040  -22.903 0.4000000060
513  -21.202  -82.936  -24.199 0.5000000000
514  -22.379  -82.640  -24.847 0.5000000000
756  -28.303  -82.600  -18.270 0.3000000119
779  -25.758  -82.829  -22.951 0.6000000238
795  -25.680  -82.466  -24.329 0.6000000238
796  -22.920  -81.795  -25.438 0.5000000000
797  -23.654  -81.858  -25.614 0.5000000000
798  -24.419  -81.677  -25.716 0.5000000000
1027  -21.787  -80.653  -14.048 0.3000000119
1036  -24.928  -81.994  -14.569 0.3000000119
1040  -29.691  -81.727  -14.302 0.3000000119
1044  -23.600  -81.067  -15.121 0.3000000119
1045  -24.544  -81.216  -15.202 0.3000000119
1049  -28.404  -81.203  -14.609 0.3000000119
1088  -29.008  -80.732  -20.155 0.6000000238
1105  -20.179  -81.813  -24.239 0.5000000000
1106  -21.015  -81.947  -24.607 0.5000000000
1345  -21.915  -80.699  -13.827 0.3000000119
1370  -26.246  -80.317  -16.030 0.3000000119
1386  -31.772  -80.647  -16.582 0.3000000119
1396  -29.645  -80.492  -19.796 0.5000000000
1404  -21.269  -80.325  -20.701 0.6999999881
1429  -23.321  -80.139  -23.137 0.6000000238
1443  -29.949  -80.327  -23.188 0.6000000238
1445  -22.463  -80.990  -24.814 0.5000000000
1451  -29.991  -80.035  -24.092 0.6000000238
1452  -23.926  -80.880  -25.626 0.5000000000
1458  -28.935  -80.122  -25.513 0.6999999881
1459  -27.860  -79.550  -26.473 0.6999999881
1676  -21.928  -79.949  -13.663 0.3000000119
1687  -26.329  -79.717  -16.250 0.3000000119
1717  -21.871  -79.225  -18.913 0.6999999881
1741  -18.704  -79.447  -20.984 0.5000000000
1742  -19.356  -79.608  -20.433 0.6000000238
1744  -20.923  -80.010  -20.032 0.6000000238
1748  -25.208  -79.201  -20.457 0.6000000238
1780  -25.464  -79.462  -25.090 0.5000000000
1788  -28.553  -79.638  -26.226 0.6999999881
1791  -28.285  -79.142  -26.626 0.6000000238
2044  -19.975  -77.698  -7.111 0.3000000119
2085  -25.019  -78.597  -15.292 0.3000000119
2096  -32.101  -78.750  -16.288 0.3000000119
2097  -32.897  -78.625  -16.564 0.3000000119
2102  -21.688  -78.182  -17.721 0.6999999881
2103  -22.732  -78.226  -17.808 0.6999999881
2108  -19.795  -77.995  -19.038 0.6999999881
2119  -24.654  -78.740  -19.205 0.6000000238
2121  -27.011  -78.200  -19.959 0.5000000000
2129  -26.650  -78.521  -20.452 0.6000000238
2426  -19.730  -77.617  -6.490 0.3000000119
2427  -20.186  -76.971  -6.848 0.3000000119
2505  -25.993  -77.365  -14.496 0.3000000119
2520  -30.399  -77.751  -16.234 0.3000000119
2523  -33.560  -77.642  -17.020 0.4000000060
2525  -20.523  -77.391  -17.741 0.6999999881
2530  -33.658  -77.604  -17.404 0.4000000060
2532  -20.259  -77.536  -18.401 0.6999999881
2543  -20.862  -77.068  -19.543 0.6999999881
2549  -34.005  -77.603  -19.515 0.4000000060
2565  -20.711  -77.623  -21.038 0.6999999881
2567  -27.868  -77.952  -21.445 0.6000000238
2579  -28.272  -77.551  -22.113 0.5000000000
2582  -33.755  -77.619  -22.174 0.4000000060
2618  -28.741  -77.898  -26.889 0.6000000238
2900  -20.700  -76.184  -6.941 0.3000000119
2924  -24.248  -76.241  -10.156 0.3000000119
2985  -28.794  -76.414  -15.412 0.3000000119
3004  -20.863  -76.733  -17.232 0.6999999881
3048  -23.463  -76.020  -21.746 0.6999999881
3081  -33.350  -76.019  -25.300 0.4000000060
3419  -24.453  -75.325  -8.851 0.3000000119
3424  -24.567  -75.335  -9.265 0.3000000119
3489  -22.821  -74.901  -15.784 0.5000000000
3490  -28.498  -75.840  -14.682 0.3000000119
3503  -30.891  -75.889  -16.019 0.4000000060
3509  -21.168  -75.819  -17.018 0.6999999881
4059  -29.391  -74.132  -14.603 0.3000000119
4060  -29.917  -74.137  -15.283 0.3000000119
4103  -22.438  -74.732  -19.984 0.6999999881
4111  -36.169  -74.086  -20.135 0.3000000119
4643  -23.485  -73.361  -15.565 0.5000000000
4705  -21.986  -73.229  -20.229 0.6999999881
4734  -22.858  -73.151  -22.863 0.6999999881
5267  -21.527  -72.701  -15.969 0.5000000000
5374  -22.556  -72.256  -23.117 0.6999999881
5966  -21.642  -71.939  -15.878 0.5000000000
5978  -21.486  -71.417  -16.313 0.6000000238
6000  -21.440  -71.543  -18.306 0.6000000238
6012  -21.555  -71.835  -19.277 0.6000000238
6023  -21.774  -72.197  -20.144 0.6000000238
6092  -23.233  -71.613  -24.570 0.6999999881
6691  -21.643  -70.538  -17.184 0.5000000000
6728  -22.470  -70.171  -20.446 0.6999999881
6789  -23.063  -70.346  -25.266 0.5000000000
7399  -23.275  -69.576  -15.666 0.6000000238
7519  -22.407  -69.415  -24.518 0.6000000238
8203  -24.437  -67.820  -15.803 0.5000000000
8216  -23.320  -68.065  -18.317 0.5000000000
8225  -23.060  -68.579  -18.770 0.5000000000
8264  -22.406  -68.723  -21.265 0.6000000238
9018  -22.934  -67.100  -18.917 0.6000000238
9054  -21.711  -67.268  -21.501 0.6000000238
9068  -21.692  -67.749  -22.060 0.6000000238
9761  -21.951  -66.025  -15.871 0.6000000238
9762  -22.742  -65.753  -15.828 0.6000000238
9778  -25.992  -66.506  -15.999 0.5000000000
9809  -19.926  -66.365  -17.910 0.6000000238
10567  -17.629  -65.453  -15.888 0.5000000000
10568  -18.517  -65.418  -15.641 0.5000000000
10569  -19.329  -65.483  -15.626 0.5000000000
10570  -19.939  -65.150  -15.546 0.6000000238
10571  -21.393  -65.504  -15.728 0.6000000238
10590  -16.693  -65.300  -17.605 0.6000000238
10603  -17.288  -65.482  -18.248 0.5000000000
10637  -17.789  -65.473  -20.387 0.6000000238
10653  -16.792  -65.331  -21.200 0.6000000238
10655  -18.319  -65.580  -21.579 0.5000000000
10656  -19.071  -65.595  -21.873 0.6000000238
10670  -16.981  -65.452  -21.771 0.6000000238
10671  -17.603  -65.542  -22.089 0.5000000000
10675  -20.778  -65.974  -23.081 0.6000000238
10689  -17.703  -65.307  -22.998 0.6000000238
10704  -21.198  -65.435  -24.022 0.6000000238
11342  -17.503  -64.796  -15.417 0.5000000000
11343  -18.220  -64.667  -15.294 0.5000000000
11374  -16.102  -64.818  -17.978 0.6000000238
11401  -15.719  -64.550  -19.330 0.6000000238
11424  -15.036  -64.054  -21.521 0.6000000238
11450  -19.022  -64.771  -24.101 0.6000000238
11463  -16.382  -63.946  -24.282 0.6999999881
11468  -21.464  -64.292  -25.377 0.5000000000
11482  -17.892  -63.825  -25.431 0.6000000238
11483  -18.820  -64.002  -25.576 0.6000000238
11486  -21.658  -64.197  -26.247 0.4000000060
12107  -15.482  -63.277  -16.344 0.5000000000
12108  -16.030  -63.984  -15.746 0.5000000000
12109  -20.085  -62.747  -16.415 0.5000000000
12128  -21.315  -62.966  -18.088 0.4000000060
12141  -14.481  -63.238  -18.484 0.6000000238
12154  -14.381  -63.502  -19.229 0.6999999881
12167  -14.304  -63.638  -19.916 0.6999999881
12177  -10.629  -62.998  -22.161 0.6999999881
12179  -12.108  -63.357  -21.316 0.6000000238
12180  -13.171  -63.555  -21.276 0.6000000238
12181  -14.255  -63.731  -21.388 0.6000000238
12194  -11.685  -63.442  -22.236 0.6999999881
12206  -10.979  -63.435  -24.984 0.5000000000
12221  -12.742  -63.504  -25.637 0.5000000000
12222  -13.670  -63.410  -25.461 0.6000000238
12240  -15.407  -63.285  -26.002 0.6000000238
12877  -14.405  -62.129  -17.485 0.8000000119
12889  -13.917  -62.476  -18.242 0.6999999881
12902  -12.702  -62.586  -19.467 0.6000000238
12917  -12.263  -62.720  -20.104 0.6999999881
12929  -10.178  -62.572  -22.620 0.6000000238
12941  -8.425  -62.757  -23.105 0.6000000238
12942  -9.061  -62.400  -23.140 0.6000000238
13587  -15.938  -61.245  -15.017 0.5000000000
13603  -14.786  -61.748  -16.847 0.6999999881
13604  -15.154  -61.232  -16.317 0.5000000000
13627  -13.354  -61.872  -18.515 0.6999999881
13639  -13.136  -61.428  -18.867 0.6999999881
13648  -12.794  -61.353  -19.515 0.6999999881
13654  -7.560  -61.079  -21.885 0.6000000238
13657  -11.673  -61.709  -21.265 0.6999999881
13668  -11.714  -61.257  -22.355 0.6000000238
14301  -15.239  -60.365  -16.535 0.5000000000
14331  -14.230  -60.283  -19.284 0.6999999881
14332  -15.096  -59.957  -19.473 0.6999999881
14343  -15.667  -60.162  -20.326 0.8000000119
14367  -12.445  -60.708  -22.923 0.5000000000
14368  -14.871  -60.270  -23.179 0.8000000119
14369  -15.810  -60.331  -22.741 0.8000000119
14377  -11.143  -59.879  -23.294 0.6000000238
14378  -11.664  -60.077  -23.489 0.6000000238
14379  -12.366  -60.270  -23.575 0.6000000238
14381  -15.103  -59.795  -23.896 0.8000000119
14391  -15.821  -59.624  -24.213 0.8000000119
15075  -15.505  -59.633  -18.708 0.6999999881
15076  -16.239  -59.273  -18.276 0.5000000000
15083  -7.921  -59.623  -19.724 0.6000000238
15084  -9.614  -58.510  -19.560 0.6000000238
15091  -10.051  -59.359  -21.246 0.6000000238
15100  -9.467  -59.905  -22.128 0.6000000238
15102  -11.453  -58.917  -21.874 0.6000000238
15103  -18.032  -60.012  -21.068 0.6000000238
15112  -11.100  -59.488  -22.961 0.6999999881
15122  -11.654  -59.562  -23.355 0.6000000238
15126  -17.902  -59.718  -24.055 0.6000000238
15136  -14.796  -59.461  -24.179 0.6000000238
15137  -15.595  -59.265  -24.542 0.8000000119
15138  -16.465  -59.375  -24.694 0.6999999881
15139  -17.303  -59.410  -24.798 0.6999999881
15148  -16.336  -59.080  -24.959 0.6999999881
15931  -10.376  -57.817  -18.106 0.5000000000
15945  -10.491  -58.708  -20.596 0.6999999881
15962  -11.814  -59.018  -22.943 0.6999999881
15963  -12.512  -58.619  -23.120 0.6999999881
15975  -13.530  -58.593  -23.942 0.6000000238
15986  -14.803  -58.995  -24.463 0.8000000119
15989  -17.205  -58.713  -25.086 0.6000000238
15990  -18.197  -58.672  -25.199 0.6000000238
16005  -16.895  -59.015  -25.175 0.6999999881
16775  -10.444  -57.576  -17.580 0.5000000000
16806  -9.804  -56.426  -20.205 0.6000000238
16823  -11.909  -57.912  -21.162 0.6999999881
16836  -13.748  -57.434  -22.902 0.6999999881
16846  -13.758  -58.000  -23.748 0.6000000238
16849  -17.039  -57.554  -23.934 0.6000000238
16860  -14.988  -58.320  -24.308 0.6000000238
16861  -15.775  -58.239  -24.457 0.6000000238
16862  -16.631  -58.179  -24.568 0.6999999881
17638  -6.905  -55.470  -17.012 0.6000000238
17639  -7.771  -56.067  -17.504 0.5000000000
17640  -8.855  -56.500  -18.223 0.5000000000
17665  -8.803  -55.964  -19.161 0.6000000238
17666  -9.235  -56.124  -19.849 0.6000000238
17685  -9.808  -55.878  -20.260 0.6000000238
17686  -10.284  -56.088  -20.572 0.6000000238
17687  -11.071  -56.171  -20.760 0.6000000238
17702  -13.510  -56.311  -21.505 0.8000000119
17703  -14.832  -56.341  -22.087 0.6000000238
17705  -17.056  -56.364  -21.742 0.6000000238
17734  -16.602  -57.060  -23.292 0.6000000238
17736  -18.629  -56.936  -24.259 0.6000000238
18555  -6.413  -55.024  -16.580 0.6000000238
18567  -13.441  -55.340  -18.223 0.6000000238
18576  -8.341  -55.701  -18.287 0.6000000238
18578  -9.632  -55.387  -19.213 0.6000000238
18579  -10.889  -55.119  -18.609 0.6999999881
18581  -13.110  -55.406  -19.055 0.5000000000
18582  -14.146  -55.483  -18.863 0.5000000000
18583  -15.357  -55.412  -18.784 0.6000000238
18590  -10.065  -55.535  -20.025 0.6000000238
18592  -11.821  -55.397  -20.217 0.6999999881
18596  -17.240  -55.109  -19.845 0.6000000238
18611  -13.420  -55.611  -20.764 0.6999999881
18613  -15.644  -55.755  -20.356 0.6000000238
18615  -17.478  -55.295  -20.501 0.6000000238
18624  -13.226  -55.876  -21.107 0.8000000119
18629  -18.084  -55.613  -21.912 0.5000000000
19423  -6.370  -54.335  -16.301 0.6000000238
19426  -8.575  -54.323  -17.696 0.6999999881
19430  -13.187  -54.989  -17.714 0.6999999881
19431  -14.089  -55.150  -17.834 0.6000000238
19443  -9.164  -54.941  -18.438 0.6999999881
19446  -15.836  -54.819  -18.148 0.5000000000
19447  -16.605  -54.635  -18.728 0.6000000238
19453  -17.163  -54.553  -19.433 0.6000000238
19461  -17.809  -54.950  -20.852 0.5000000000
20201  -11.633  -53.391  -13.339 0.5000000000
20207  -11.807  -52.872  -14.603 0.6999999881
20212  -7.679  -52.768  -15.730 0.6000000238
20224  -6.404  -53.618  -15.851 0.6000000238
20225  -6.745  -53.000  -16.066 0.6000000238
20234  -6.716  -53.616  -16.353 0.6000000238
20236  -8.210  -53.267  -17.159 0.6999999881
20239  -11.075  -53.785  -17.609 0.6999999881
20243  -15.415  -53.327  -17.427 0.5000000000
20244  -16.422  -53.048  -17.886 0.5000000000
20276  -17.587  -53.955  -22.047 0.5000000000
21018  -11.336  -52.594  -13.559 0.5000000000
21023  -11.630  -51.932  -14.788 0.6000000238
21026  -7.777  -52.314  -16.124 0.6000000238
21028  -10.993  -51.725  -15.567 0.6999999881
21029  -11.488  -51.561  -15.166 0.6999999881
21037  -7.573  -52.556  -16.282 0.6000000238
21047  -7.970  -52.637  -16.727 0.6999999881
21049  -9.278  -52.359  -17.497 0.8000000119
21051  -14.760  -52.549  -17.281 0.5000000000
21074  -16.648  -52.187  -19.389 0.6000000238
21084  -16.547  -52.443  -21.454 0.6000000238
21868  -8.447  -51.078  -13.315 0.5000000000
21869  -9.666  -51.328  -13.598 0.5000000000
21871  -11.433  -51.611  -14.495 0.6000000238
21882  -8.685  -51.866  -16.447 0.6999999881
21886  -8.279  -52.253  -16.721 0.6999999881
21887  -8.644  -51.937  -16.710 0.6999999881
21898  -8.886  -51.624  -17.080 0.8000000119
21899  -9.463  -50.789  -17.230 0.6999999881
21903  -15.074  -51.586  -17.261 0.6000000238
21917  -12.068  -50.404  -17.929 0.8000000119
21927  -16.225  -51.331  -19.986 0.5000000000
21945  -15.753  -51.100  -22.210 0.5000000000
21951  -16.101  -51.352  -23.010 0.4000000060
22628  -10.921  -50.352  -14.775 0.6000000238
22632  -10.413  -49.415  -16.093 0.5000000000
22636  -9.847  -50.062  -16.963 0.6999999881
22646  -11.501  -50.003  -17.896 0.6000000238
22650  -16.495  -50.676  -17.967 0.5000000000
22664  -16.353  -49.751  -18.163 0.5000000000
22694  -16.867  -50.265  -23.231 0.4000000060
23310  -9.712  -49.144  -7.781 0.4000000060
23332  -11.002  -49.191  -8.456 0.5000000000
23351  -11.979  -50.039  -9.926 0.5000000000
23364  -7.810  -50.417  -10.752 0.4000000060
23368  -11.327  -50.155  -10.014 0.5000000000
23391  -8.181  -49.648  -11.498 0.4000000060
23393  -12.480  -50.029  -11.192 0.5000000000
23394  -13.296  -49.925  -11.574 0.4000000060
23412  -12.889  -49.800  -12.030 0.4000000060
23436  -9.609  -49.240  -14.821 0.6000000238
23441  -9.961  -48.725  -15.957 0.6000000238
23448  -10.114  -49.521  -16.936 0.6000000238
23477  -16.463  -49.115  -19.606 0.4000000060
23491  -15.737  -49.484  -22.324 0.4000000060
24120  -12.587  -49.665  -10.119 0.5000000000
24138  -7.950  -48.608  -11.818 0.4000000060
24160  -13.120  -49.359  -12.711 0.4000000060
24193  -7.172  -47.972  -13.925 0.4000000060
24194  -8.207  -48.280  -14.613 0.4000000060
24212  -10.299  -49.059  -16.875 0.5000000000
24213  -10.741  -48.969  -17.216 0.5000000000
24214  -11.554  -48.792  -17.454 0.5000000000
24216  -13.465  -48.255  -17.596 0.5000000000
24217  -14.257  -48.208  -17.733 0.4000000060
24230  -15.187  -48.203  -18.075 0.5000000000
24232  -16.568  -48.551  -19.188 0.4000000060
24260  -15.852  -48.690  -22.043 0.4000000060
24261  -16.426  -48.089  -22.339 0.4000000060
24268  -16.977  -48.201  -22.847 0.4000000060
24882  -10.714  -47.630  -8.417 0.5000000000
24883  -11.142  -48.252  -8.539 0.5000000000
24929  -7.814  -47.684  -11.821 0.4000000060
24942  -7.151  -47.022  -12.308 0.4000000060
24978  -7.563  -47.037  -14.123 0.4000000060
24986  -9.257  -47.447  -15.680 0.4000000060
24993  -9.971  -47.893  -16.199 0.5000000000
24999  -11.855  -47.932  -17.160 0.4000000060
25011  -15.508  -47.629  -18.524 0.5000000000
25041  -16.640  -47.476  -22.001 0.4000000060
25766  -9.814  -46.810  -8.280 0.5000000000
25767  -10.560  -46.907  -8.519 0.5000000000
25829  -7.452  -46.092  -12.531 0.4000000060
25846  -7.001  -46.137  -13.103 0.5000000000
25875  -8.766  -45.976  -15.191 0.6000000238
25885  -11.193  -46.676  -16.731 0.4000000060
25895  -12.909  -46.750  -17.688 0.4000000060
25903  -13.542  -46.303  -18.281 0.5000000000
25904  -14.235  -46.665  -18.380 0.5000000000
25905  -15.017  -46.919  -18.575 0.4000000060
25918  -15.414  -46.417  -19.055 0.4000000060
26713  -7.275  -45.702  -12.944 0.6000000238
26716  -9.449  -45.460  -12.738 0.5000000000
26729  -7.826  -45.111  -13.233 0.6000000238
26747  -7.440  -45.675  -13.399 0.5000000000
26758  -8.330  -45.256  -14.479 0.6000000238
26760  -9.429  -44.712  -15.546 0.5000000000
26797  -12.912  -44.953  -18.490 0.4000000060
26799  -14.087  -45.976  -18.771 0.5000000000
26812  -14.741  -45.804  -19.099 0.4000000060
27535  -7.717  -44.771  -9.236 0.3000000119
27596  -10.749  -44.329  -13.673 0.4000000060
27615  -8.876  -43.820  -14.254 0.5000000000
27617  -11.470  -43.608  -14.463 0.4000000060
27650  -10.805  -43.759  -16.930 0.5000000000
27651  -11.567  -44.134  -17.758 0.5000000000
27680  -14.343  -44.413  -19.677 0.3000000119
28444  -9.387  -43.370  -14.702 0.4000000060
28445  -9.754  -43.143  -14.516 0.4000000060
28448  -12.479  -43.282  -15.224 0.3000000119
28473  -10.794  -42.609  -16.545 0.5000000000
28487  -11.723  -43.522  -18.090 0.5000000000
28500  -11.673  -42.583  -17.909 0.5000000000
29317  -11.102  -41.922  -16.325 0.3000000119
29318  -11.776  -41.803  -16.167 0.3000000119
117894  -23.791  -73.431  -24.031 0.6000000238
119224  -23.927  -71.133  -15.507 0.5000000000
119320  -10.334  -54.240  -17.820 0.6999999881
119721  -11.929  -51.852  -17.850 0.8000000119
119856  -21.404  -72.958  -17.884 0.6000000238
120007  -31.280  -77.982  -16.273 0.3000000119
120008  -16.508  -49.690  -19.131 0.6000000238
120065  -21.492  -73.778  -17.963 0.6999999881
120104  -22.392  -70.014  -22.135 0.6999999881
120200  -32.254  -77.269  -25.467 0.5000000000
121253  -16.994  -59.130  -18.603 0.5000000000
121427  -13.960  -60.521  -18.607 0.8000000119
122274  -19.938  -65.792  -20.007 0.6000000238
122534  -17.927  -56.856  -23.338 0.6000000238
122684  -16.281  -60.325  -21.059 0.8000000119
122857  -16.054  -49.259  -20.635 0.4000000060
123599  -33.681  -75.666  -17.452 0.3000000119
124007  -11.568  -45.891  -16.986 0.4000000060
124477  -21.459  -74.894  -16.612 0.6000000238
124733  -14.309  -51.089  -17.412 0.6000000238
125122  -21.629  -82.108  -24.893 0.4000000060
126269  -10.038  -61.049  -23.034 0.6000000238
126626  -24.323  -76.014  -8.683 0.3000000119
127243  -11.290  -55.307  -19.413 0.6999999881
127590  -14.252  -60.483  -22.405 0.8000000119
128155  -14.393  -49.621  -17.542 0.5000000000
128226  -8.463  -52.193  -15.928 0.6000000238
128832  -25.841  -83.090  -21.226 0.5000000000
128870  -16.147  -49.730  -20.093 0.6000000238
128878  -21.688  -82.458  -24.721 0.5000000000
129689  -20.226  -64.204  -25.126 0.5000000000
129869  -17.897  -65.499  -18.955 0.5000000000
131090  -13.031  -48.885  -17.605 0.5000000000
131173  -6.475  -48.002  -13.225 0.4000000060
131267  -20.594  -65.681  -15.697 0.6000000238
131593  -22.900  -76.441  -16.500 0.6000000238
131619  -11.260  -63.388  -23.514 0.6000000238
131870  -17.500  -46.210  -21.964 0.4000000060
132063  -19.626  -79.167  -19.767 0.6999999881
133430  -10.077  -43.395  -14.035 0.4000000060
133455  -15.874  -56.923  -23.241 0.6000000238
133610  -21.183  -76.528  -19.187 0.6999999881
133708  -17.335  -63.694  -25.332 0.6000000238
133773  -11.346  -42.198  -15.748 0.3000000119
134267  -11.800  -49.913  -11.164 0.5000000000
135157  -16.501  -60.348  -22.411 0.8000000119
135445  -12.702  -49.305  -17.659 0.5000000000
135999  -18.162  -55.951  -22.564 0.5000000000
136355  -21.979  -81.234  -13.935 0.3000000119
136638  -23.142  -74.005  -22.572 0.6999999881
136648  -21.315  -72.775  -17.143 0.6000000238
137221  -11.736  -49.415  -17.730 0.6000000238
137259  -10.628  -57.823  -20.345 0.6999999881
137544  -13.770  -60.500  -19.856 0.8000000119
137669  -26.424  -81.435  -25.521 0.6000000238
137730  -21.668  -74.992  -16.238 0.6000000238
137941  -22.664  -66.922  -19.332 0.5000000000
138156  -16.847  -65.315  -19.685 0.5000000000
138275  -27.649  -77.979  -20.074 0.5000000000
138564  -12.952  -54.362  -17.446 0.8000000119
138638  -18.351  -80.027  -21.461 0.4000000060
139389  -13.148  -62.974  -19.263 0.6999999881
139597  -12.221  -48.357  -17.414 0.5000000000
139839  -8.654  -44.436  -14.496 0.5000000000
139845  -34.311  -75.662  -23.785 0.5000000000
139942  -9.152  -46.666  -15.589 0.5000000000
140016  -33.129  -75.531  -16.799 0.3000000119
140313  -12.389  -63.409  -25.229 0.5000000000
140688  -25.712  -81.492  -25.705 0.6000000238
140787  -24.153  -76.580  -16.779 0.4000000060
141055  -10.142  -58.329  -20.054 0.6000000238
141154  -14.865  -63.594  -23.907 0.6999999881
141219  -15.901  -45.260  -19.876 0.4000000060
141475  -11.286  -61.643  -21.936 0.6999999881
141488  -16.485  -64.487  -15.720 0.5000000000
141582  -21.819  -67.406  -24.107 0.6000000238
142061  -23.908  -77.302  -17.273 0.5000000000
142149  -19.059  -58.598  -25.238 0.6000000238
142327  -28.502  -81.183  -23.832 0.6999999881
142522  -26.074  -65.192  -17.004 0.5000000000
142581  -23.445  -74.596  -22.228 0.6999999881
142841  -14.889  -44.479  -19.813 0.3000000119
142930  -10.827  -50.096  -10.222 0.4000000060
142949  -16.375  -51.842  -23.282 0.5000000000
142999  -20.751  -66.360  -21.434 0.6000000238
143005  -17.004  -56.872  -22.882 0.6000000238
143537  -23.524  -75.346  -21.719 0.6999999881
