#!ascii label  , from subject sub-v1s23x0050570_ses-1 vox2ras=TkReg
274
63890  -28.243  -4.371  -35.271 0.0000000000
65841  -25.341  -2.551  -40.419 0.0000000000
75113  -24.299  7.652  -41.765 0.0000000000
72301  -26.453  4.820  -42.251 0.0000000000
70379  -28.568  2.307  -41.283 0.0000000000
67702  -29.897  0.171  -36.487 0.0000000000
122117  -23.816  9.209  -41.972 0.0000000000
71354  -27.582  3.346  -42.395 0.0000000000
68628  -26.531  0.482  -42.567 0.0000000000
64859  -26.619  -3.568  -37.951 0.0000000000
66776  -28.217  -0.988  -38.010 0.0000000000
65804  -29.184  -2.122  -35.894 0.0000000000
59952  -24.896  -8.791  -34.904 0.0000000000
63010  -25.411  -5.721  -37.661 0.0000000000
123793  -24.166  13.995  -41.901 0.0000000000
79446  -24.972  12.467  -42.405 0.0000000000
139246  -26.390  11.020  -42.970 0.0000000000
76877  -26.778  9.566  -43.460 0.0000000000
75130  -27.233  7.361  -44.282 0.0000000000
74213  -25.629  6.077  -41.791 0.0000000000
74220  -28.248  6.373  -44.345 0.0000000000
73245  -29.074  5.397  -42.796 0.0000000000
72292  -29.473  4.370  -41.731 0.0000000000
71312  -29.898  3.250  -39.430 0.0000000000
67717  -27.479  -0.294  -40.922 0.0000000000
130360  -29.106  1.043  -38.629 0.0000000000
70386  -25.528  2.119  -42.541 0.0000000000
139991  -25.052  0.379  -42.743 0.0000000000
64847  -27.390  -3.546  -36.602 0.0000000000
65802  -27.769  -2.677  -36.747 0.0000000000
64848  -28.084  -3.141  -36.081 0.0000000000
56013  -25.283  -12.299  -31.604 0.0000000000
57840  -26.155  -11.226  -31.934 0.0000000000
58870  -25.851  -10.176  -32.830 0.0000000000
63027  -25.087  -5.342  -38.326 0.0000000000
139357  -24.379  -6.654  -38.034 0.0000000000
78586  -26.167  11.652  -42.813 0.0000000000
137098  -24.797  8.470  -41.816 0.0000000000
76866  -26.027  9.681  -42.602 0.0000000000
75980  -25.685  8.970  -42.213 0.0000000000
76868  -26.955  8.642  -43.929 0.0000000000
75129  -26.786  7.659  -43.017 0.0000000000
125994  -26.574  5.615  -42.274 0.0000000000
122793  -27.551  6.344  -43.271 0.0000000000
120176  -27.303  5.869  -42.781 0.0000000000
74215  -28.602  5.893  -43.547 0.0000000000
121003  -27.808  4.850  -42.655 0.0000000000
122178  -28.490  2.851  -41.831 0.0000000000
72291  -29.008  4.077  -42.020 0.0000000000
70372  -29.093  2.934  -41.192 0.0000000000
71337  -30.101  4.019  -40.099 0.0000000000
119239  -29.452  2.667  -40.214 0.0000000000
65876  -25.409  -2.217  -42.216 0.0000000000
66825  -26.623  -1.767  -42.489 0.0000000000
66809  -26.668  -1.674  -41.517 0.0000000000
67700  -28.797  -0.505  -37.489 0.0000000000
142617  -28.257  -0.138  -38.850 0.0000000000
68560  -29.675  1.231  -37.782 0.0000000000
69425  -30.071  2.057  -37.751 0.0000000000
69426  -30.165  1.597  -36.860 0.0000000000
59943  -26.676  -8.467  -33.736 0.0000000000
59970  -25.383  -8.076  -35.325 0.0000000000
59954  -26.557  -7.915  -34.377 0.0000000000
61976  -26.494  -6.874  -35.427 0.0000000000
119596  -25.139  3.763  -42.116 0.0000000000
72302  -27.180  4.200  -42.452 0.0000000000
120004  -25.817  3.046  -42.376 0.0000000000
70388  -27.240  2.437  -42.365 0.0000000000
69464  -27.628  1.689  -41.961 0.0000000000
125381  -26.317  -2.618  -39.168 0.0000000000
66786  -26.587  -2.082  -39.852 0.0000000000
65825  -27.359  -2.229  -38.049 0.0000000000
138740  -28.492  -1.254  -37.202 0.0000000000
66768  -29.142  -0.868  -36.757 0.0000000000
125715  -26.120  -9.618  -33.119 0.0000000000
64893  -24.913  -3.294  -39.727 0.0000000000
63934  -25.978  -4.093  -38.283 0.0000000000
63916  -26.449  -4.368  -37.454 0.0000000000
63899  -26.679  -4.815  -36.658 0.0000000000
81270  -25.128  14.411  -43.001 0.0000000000
80349  -23.698  13.322  -41.839 0.0000000000
80359  -24.556  13.205  -42.242 0.0000000000
79452  -26.779  12.826  -43.749 0.0000000000
79450  -26.990  12.056  -43.748 0.0000000000
141500  -27.133  10.771  -44.072 0.0000000000
77716  -25.604  10.364  -42.473 0.0000000000
77717  -26.258  10.374  -42.859 0.0000000000
132022  -26.958  9.882  -44.556 0.0000000000
143535  -26.359  9.159  -45.569 0.0000000000
75998  -26.378  8.367  -46.422 0.0000000000
75145  -27.421  7.161  -46.413 0.0000000000
75114  -25.438  7.582  -41.708 0.0000000000
126370  -27.224  6.909  -43.305 0.0000000000
75138  -27.151  6.991  -45.669 0.0000000000
75146  -28.282  6.846  -45.962 0.0000000000
75140  -28.995  6.675  -44.898 0.0000000000
74202  -29.717  5.745  -42.194 0.0000000000
72304  -28.515  4.121  -42.336 0.0000000000
73229  -29.549  5.036  -41.994 0.0000000000
68626  -25.279  -0.481  -42.861 0.0000000000
68611  -26.889  -0.205  -42.452 0.0000000000
68598  -27.688  0.724  -41.307 0.0000000000
139078  -27.638  -0.620  -39.992 0.0000000000
68589  -27.960  0.418  -40.333 0.0000000000
69457  -28.764  1.650  -40.123 0.0000000000
70363  -29.512  2.347  -39.323 0.0000000000
71313  -30.380  3.498  -38.339 0.0000000000
61994  -25.398  -6.856  -36.537 0.0000000000
62976  -26.767  -6.036  -35.736 0.0000000000
62978  -28.082  -5.217  -35.096 0.0000000000
64839  -27.792  -3.927  -35.824 0.0000000000
64840  -28.439  -3.571  -35.462 0.0000000000
56014  -26.115  -12.061  -31.467 0.0000000000
56943  -25.480  -11.616  -31.951 0.0000000000
75981  -26.444  8.364  -42.732 0.0000000000
75115  -26.035  8.113  -42.104 0.0000000000
120247  -25.510  4.620  -41.974 0.0000000000
73241  -25.844  5.306  -41.936 0.0000000000
73242  -27.308  5.185  -42.609 0.0000000000
73243  -28.046  5.849  -43.229 0.0000000000
135073  -28.157  2.253  -41.761 0.0000000000
136178  -28.946  2.238  -40.593 0.0000000000
65864  -25.413  -2.255  -41.444 0.0000000000
66808  -26.095  -2.208  -42.081 0.0000000000
65865  -26.099  -2.041  -40.831 0.0000000000
67701  -29.417  -0.110  -36.989 0.0000000000
67709  -29.142  0.334  -37.847 0.0000000000
68561  -29.752  0.680  -37.007 0.0000000000
123556  -30.665  1.551  -36.159 0.0000000000
68543  -30.325  0.806  -36.170 0.0000000000
119601  -24.852  2.860  -42.376 0.0000000000
69475  -26.090  1.312  -42.624 0.0000000000
70387  -26.415  2.270  -42.493 0.0000000000
69476  -26.883  1.461  -42.410 0.0000000000
65824  -26.764  -2.793  -38.367 0.0000000000
65803  -28.458  -2.387  -36.300 0.0000000000
139849  -28.163  -1.966  -36.939 0.0000000000
66752  -28.828  -1.635  -36.514 0.0000000000
66753  -29.623  -1.304  -36.066 0.0000000000
66732  -29.802  -1.906  -35.536 0.0000000000
123315  -24.880  -12.950  -31.340 0.0000000000
55152  -24.301  -13.571  -31.137 0.0000000000
58882  -26.641  -9.174  -33.137 0.0000000000
64873  -25.404  -3.751  -38.974 0.0000000000
63915  -25.736  -4.900  -37.927 0.0000000000
63011  -26.081  -5.254  -37.169 0.0000000000
122287  -24.605  14.596  -42.094 0.0000000000
81261  -24.916  13.790  -42.442 0.0000000000
80360  -25.386  13.064  -42.638 0.0000000000
80371  -25.637  13.592  -43.038 0.0000000000
80361  -26.143  12.937  -43.067 0.0000000000
136883  -26.255  13.397  -43.510 0.0000000000
79449  -26.509  12.243  -43.191 0.0000000000
78589  -26.792  11.412  -43.438 0.0000000000
78590  -27.178  11.425  -44.293 0.0000000000
76857  -25.108  9.881  -42.206 0.0000000000
76885  -26.416  9.504  -46.482 0.0000000000
76878  -26.642  8.877  -44.691 0.0000000000
75990  -26.633  7.710  -45.253 0.0000000000
75144  -26.797  7.501  -46.446 0.0000000000
74212  -24.237  6.087  -41.755 0.0000000000
139720  -25.901  6.873  -41.764 0.0000000000
74201  -26.416  7.270  -42.248 0.0000000000
74219  -27.766  6.637  -44.475 0.0000000000
75139  -27.971  6.545  -45.378 0.0000000000
74216  -29.289  6.008  -43.164 0.0000000000
72303  -27.938  4.115  -42.523 0.0000000000
72293  -30.001  4.729  -41.281 0.0000000000
71329  -30.305  4.268  -38.952 0.0000000000
67757  -24.709  -1.125  -42.700 0.0000000000
67733  -27.111  -1.105  -41.846 0.0000000000
67747  -26.897  -1.034  -42.573 0.0000000000
67748  -27.231  -0.295  -41.932 0.0000000000
66775  -27.578  -1.499  -38.511 0.0000000000
66787  -27.240  -1.415  -39.643 0.0000000000
67707  -27.892  -0.674  -38.939 0.0000000000
68578  -28.561  0.346  -38.743 0.0000000000
67718  -28.082  0.026  -39.495 0.0000000000
138501  -28.503  0.932  -39.569 0.0000000000
69450  -29.097  1.647  -39.340 0.0000000000
69449  -29.188  2.087  -39.930 0.0000000000
70329  -29.952  2.634  -38.504 0.0000000000
70330  -30.443  2.852  -37.665 0.0000000000
61977  -27.206  -6.428  -35.113 0.0000000000
62977  -27.418  -5.606  -35.389 0.0000000000
62969  -27.887  -6.013  -34.871 0.0000000000
120218  -24.659  1.937  -42.547 0.0000000000
69474  -25.272  1.197  -42.671 0.0000000000
64860  -26.934  -3.732  -37.275 0.0000000000
65816  -27.217  -2.982  -37.482 0.0000000000
65788  -28.779  -2.852  -35.674 0.0000000000
64841  -29.073  -3.321  -35.211 0.0000000000
55153  -25.715  -12.891  -31.177 0.0000000000
57864  -25.129  -10.351  -33.077 0.0000000000
57850  -25.512  -10.894  -32.464 0.0000000000
57841  -26.902  -10.683  -31.848 0.0000000000
63932  -24.679  -4.962  -38.755 0.0000000000
63026  -24.398  -5.590  -38.623 0.0000000000
62013  -24.754  -6.071  -38.140 0.0000000000
79447  -25.819  12.370  -42.714 0.0000000000
78585  -25.352  11.706  -42.484 0.0000000000
126818  -25.791  11.007  -42.593 0.0000000000
122816  -24.655  9.328  -41.975 0.0000000000
76867  -26.492  8.883  -43.013 0.0000000000
75982  -26.940  8.106  -43.660 0.0000000000
74214  -26.741  6.413  -42.408 0.0000000000
73244  -28.551  5.433  -42.909 0.0000000000
70389  -27.920  2.670  -42.172 0.0000000000
71355  -28.228  3.442  -42.251 0.0000000000
71344  -28.793  3.522  -41.900 0.0000000000
71345  -29.359  3.712  -41.461 0.0000000000
72283  -29.880  4.083  -41.016 0.0000000000
71336  -29.676  3.416  -40.612 0.0000000000
66824  -25.746  -2.040  -42.803 0.0000000000
66810  -27.122  -1.098  -40.752 0.0000000000
67708  -28.476  -0.262  -38.293 0.0000000000
69439  -29.575  1.817  -38.553 0.0000000000
125486  -30.417  2.364  -37.064 0.0000000000
69410  -30.773  2.168  -36.467 0.0000000000
59953  -25.830  -8.457  -34.429 0.0000000000
60974  -26.164  -7.656  -35.018 0.0000000000
60989  -25.694  -7.306  -35.830 0.0000000000
60975  -26.967  -7.228  -34.672 0.0000000000
119494  -26.156  3.958  -42.263 0.0000000000
71353  -26.759  3.211  -42.417 0.0000000000
69465  -28.144  1.680  -41.306 0.0000000000
131456  -26.011  -2.483  -39.962 0.0000000000
66774  -26.933  -2.075  -38.891 0.0000000000
132152  -27.667  -2.293  -37.355 0.0000000000
66767  -27.904  -1.689  -37.659 0.0000000000
67687  -29.742  -0.477  -36.343 0.0000000000
58897  -25.226  -9.274  -34.110 0.0000000000
58881  -25.515  -9.736  -33.410 0.0000000000
59942  -25.986  -9.106  -33.641 0.0000000000
58883  -27.176  -8.737  -33.153 0.0000000000
65842  -25.662  -3.032  -39.493 0.0000000000
64874  -26.119  -3.300  -38.685 0.0000000000
63933  -25.268  -4.564  -38.595 0.0000000000
63917  -26.955  -4.169  -36.841 0.0000000000
63900  -27.247  -4.392  -36.239 0.0000000000
81269  -24.752  14.924  -42.710 0.0000000000
81257  -23.250  14.230  -41.432 0.0000000000
81271  -25.915  14.018  -43.669 0.0000000000
79453  -27.191  12.210  -44.488 0.0000000000
77728  -27.046  10.590  -45.122 0.0000000000
77714  -24.820  10.859  -42.316 0.0000000000
77727  -26.807  10.526  -43.447 0.0000000000
77739  -26.755  10.410  -46.800 0.0000000000
76006  -26.560  8.756  -47.467 0.0000000000
74199  -23.825  6.937  -41.829 0.0000000000
74221  -28.725  6.193  -44.293 0.0000000000
75131  -29.648  6.714  -43.539 0.0000000000
75116  -30.135  6.688  -42.198 0.0000000000
119319  -28.266  4.853  -42.689 0.0000000000
72305  -28.914  4.707  -42.437 0.0000000000
72284  -30.176  4.537  -40.620 0.0000000000
120457  -25.759  0.365  -42.764 0.0000000000
67759  -26.295  -1.480  -42.966 0.0000000000
68627  -26.234  -0.589  -42.876 0.0000000000
123007  -27.181  0.619  -42.126 0.0000000000
143563  -26.737  -1.639  -40.527 0.0000000000
140987  -27.775  -0.113  -40.172 0.0000000000
68599  -28.251  1.218  -40.563 0.0000000000
143268  -28.544  1.818  -40.780 0.0000000000
61993  -24.967  -6.592  -37.405 0.0000000000
62990  -25.728  -6.083  -36.881 0.0000000000
61995  -26.099  -6.478  -36.144 0.0000000000
62991  -26.399  -5.638  -36.420 0.0000000000
62992  -27.022  -5.200  -35.997 0.0000000000
63889  -27.607  -4.761  -35.602 0.0000000000
57851  -26.219  -10.592  -32.353 0.0000000000
66831  -24.902  -1.708  -42.668 0.0000000000
67758  -25.529  -1.356  -43.000 0.0000000000
125444  -24.491  1.007  -42.607 0.0000000000
