#!ascii label  , from subject sub-v1s23x0050559_ses-1 vox2ras=TkReg
1515
53035  -37.240  -21.185  55.589 0.0000000000
62189  -47.335  -10.785  51.206 0.0000000000
58817  -41.704  -15.974  52.123 0.0000000000
35609  -12.383  -40.626  76.025 0.0000000000
52111  -32.945  -22.027  60.620 0.0000000000
128739  -22.486  -29.399  75.384 0.0000000000
47199  -32.400  -27.545  76.319 0.0000000000
50200  -36.839  -24.698  69.840 0.0000000000
52900  -36.987  -21.389  67.282 0.0000000000
129535  -18.606  -35.239  71.151 0.0000000000
43720  -18.215  -31.702  75.324 0.0000000000
44709  -20.331  -30.465  69.300 0.0000000000
43776  -29.308  -31.304  70.739 0.0000000000
124544  -33.740  -28.676  70.734 0.0000000000
54719  -40.590  -19.718  62.654 0.0000000000
54752  -43.472  -19.159  60.117 0.0000000000
60653  -44.140  -13.120  50.387 0.0000000000
56778  -38.106  -17.203  54.260 0.0000000000
63025  -47.747  -10.116  46.844 0.0000000000
114065  -7.305  -41.621  76.340 0.0000000000
54694  -37.337  -19.368  64.410 0.0000000000
52131  -35.634  -22.272  58.538 0.0000000000
45559  -24.275  -30.028  69.230 0.0000000000
109470  -28.008  -30.596  77.538 0.0000000000
58745  -42.367  -14.910  59.448 0.0000000000
63805  -53.971  -10.061  45.056 0.0000000000
48263  -35.015  -26.838  66.920 0.0000000000
49311  -35.436  -25.322  65.641 0.0000000000
124009  -19.427  -33.062  70.495 0.0000000000
122681  -31.828  -29.929  67.022 0.0000000000
46438  -33.794  -28.671  67.164 0.0000000000
48219  -35.219  -26.282  70.220 0.0000000000
52998  -39.584  -21.515  59.108 0.0000000000
127203  -42.769  -20.221  61.056 0.0000000000
53870  -39.423  -20.121  57.727 0.0000000000
127241  -45.681  -11.541  50.893 0.0000000000
116357  -45.287  -12.069  52.465 0.0000000000
62972  -50.075  -9.440  51.341 0.0000000000
123102  -9.528  -40.404  72.751 0.0000000000
124304  -9.396  -41.314  76.273 0.0000000000
52937  -34.464  -21.404  64.324 0.0000000000
54682  -36.411  -19.747  66.316 0.0000000000
53807  -34.785  -20.661  62.203 0.0000000000
53823  -36.222  -20.561  61.554 0.0000000000
52993  -34.201  -21.479  59.605 0.0000000000
45471  -19.727  -29.475  75.673 0.0000000000
111473  -18.864  -29.275  78.177 0.0000000000
46310  -21.211  -28.617  78.771 0.0000000000
45431  -24.325  -29.180  79.587 0.0000000000
45580  -22.319  -29.318  67.164 0.0000000000
44735  -24.702  -30.646  67.195 0.0000000000
115708  -31.842  -30.321  73.986 0.0000000000
43731  -28.869  -31.347  74.203 0.0000000000
117098  -30.332  -29.084  77.391 0.0000000000
47135  -29.927  -28.027  80.564 0.0000000000
35632  -18.177  -40.503  74.094 0.0000000000
37347  -19.589  -38.868  77.368 0.0000000000
37321  -20.486  -38.213  80.864 0.0000000000
113716  -39.712  -16.328  53.166 0.0000000000
57784  -40.248  -16.569  56.842 0.0000000000
58776  -40.909  -15.249  55.509 0.0000000000
63810  -56.205  -9.962  44.228 0.0000000000
35554  -11.888  -39.999  79.480 0.0000000000
51993  -38.346  -22.122  71.553 0.0000000000
122920  -38.430  -19.892  70.975 0.0000000000
51172  -37.757  -23.338  68.349 0.0000000000
51209  -35.059  -23.659  64.778 0.0000000000
127033  -17.901  -36.390  74.473 0.0000000000
41877  -17.421  -33.980  77.015 0.0000000000
41924  -18.417  -33.487  73.888 0.0000000000
43749  -19.307  -31.193  72.352 0.0000000000
128447  -20.952  -29.514  72.360 0.0000000000
110817  -27.071  -31.384  66.995 0.0000000000
43810  -29.277  -31.252  67.274 0.0000000000
44703  -32.259  -30.057  70.976 0.0000000000
46359  -33.530  -28.641  73.787 0.0000000000
47245  -35.214  -26.985  73.115 0.0000000000
50182  -36.811  -24.548  72.692 0.0000000000
115979  -18.506  -37.428  70.819 0.0000000000
56666  -41.806  -17.734  64.827 0.0000000000
124820  -45.311  -15.975  65.985 0.0000000000
55652  -43.929  -18.419  64.177 0.0000000000
54724  -45.257  -19.397  62.043 0.0000000000
59745  -42.746  -14.964  51.073 0.0000000000
59716  -42.680  -14.559  54.821 0.0000000000
60628  -44.554  -13.638  53.125 0.0000000000
30248  -3.051  -45.636  81.080 0.0000000000
54798  -37.607  -19.482  54.553 0.0000000000
57836  -37.059  -16.482  51.647 0.0000000000
59767  -41.012  -14.930  49.112 0.0000000000
60665  -42.743  -13.743  48.856 0.0000000000
61441  -44.390  -12.621  48.331 0.0000000000
120022  -46.506  -11.833  48.416 0.0000000000
62230  -47.712  -11.622  48.493 0.0000000000
63023  -45.938  -10.499  46.841 0.0000000000
35541  -9.550  -40.451  80.482 0.0000000000
34688  -6.604  -41.323  81.006 0.0000000000
32994  -4.391  -42.784  81.740 0.0000000000
58635  -41.835  -15.585  69.328 0.0000000000
55561  -37.642  -18.898  69.495 0.0000000000
56612  -38.725  -17.855  67.919 0.0000000000
56628  -40.324  -17.601  66.455 0.0000000000
121463  -38.931  -19.393  63.407 0.0000000000
121686  -38.528  -21.393  60.537 0.0000000000
52163  -36.345  -22.389  56.135 0.0000000000
42802  -16.752  -32.376  79.192 0.0000000000
126105  -21.917  -29.455  69.632 0.0000000000
45528  -24.032  -29.643  72.807 0.0000000000
43773  -27.052  -31.282  70.289 0.0000000000
44661  -26.231  -30.561  73.347 0.0000000000
45475  -25.341  -30.019  76.237 0.0000000000
45434  -26.846  -28.893  79.462 0.0000000000
35647  -12.222  -40.484  73.412 0.0000000000
109802  -15.455  -40.572  73.732 0.0000000000
35582  -15.726  -40.770  77.191 0.0000000000
55724  -39.518  -18.523  57.183 0.0000000000
57746  -42.843  -17.073  60.089 0.0000000000
58720  -45.866  -14.806  61.965 0.0000000000
126649  -43.082  -13.456  57.653 0.0000000000
116052  -49.857  -11.562  49.044 0.0000000000
114885  -51.995  -11.524  49.687 0.0000000000
62234  -54.318  -10.926  48.561 0.0000000000
63794  -52.657  -9.862  46.139 0.0000000000
63015  -55.645  -10.493  47.816 0.0000000000
47352  -33.938  -27.712  65.324 0.0000000000
47353  -34.678  -26.593  65.336 0.0000000000
114386  -33.398  -27.700  63.490 0.0000000000
118078  -32.670  -29.377  66.142 0.0000000000
46451  -33.736  -28.386  66.131 0.0000000000
47342  -34.618  -27.578  67.370 0.0000000000
53017  -37.837  -21.564  56.944 0.0000000000
53009  -39.560  -21.223  58.439 0.0000000000
53879  -38.302  -20.615  56.768 0.0000000000
62176  -46.858  -10.821  51.388 0.0000000000
62175  -46.236  -11.000  51.572 0.0000000000
62959  -47.516  -9.958  52.097 0.0000000000
63758  -48.682  -8.964  51.787 0.0000000000
62971  -49.050  -9.455  51.451 0.0000000000
35625  -11.241  -40.596  74.495 0.0000000000
114007  -9.563  -40.715  74.146 0.0000000000
35607  -10.719  -40.907  75.792 0.0000000000
52089  -33.938  -21.518  62.111 0.0000000000
53786  -34.718  -20.704  64.047 0.0000000000
119361  -34.219  -21.052  61.940 0.0000000000
52960  -34.488  -20.961  61.266 0.0000000000
52971  -33.539  -21.489  60.219 0.0000000000
119837  -17.687  -36.792  79.455 0.0000000000
45488  -21.197  -29.359  75.475 0.0000000000
45458  -20.500  -29.049  77.176 0.0000000000
115961  -21.897  -29.265  76.605 0.0000000000
45430  -22.887  -29.047  79.301 0.0000000000
45461  -23.351  -29.442  77.576 0.0000000000
45478  -32.256  -29.060  75.570 0.0000000000
44625  -31.207  -30.218  75.895 0.0000000000
46332  -31.409  -28.464  76.731 0.0000000000
108461  -30.879  -27.250  78.615 0.0000000000
39004  -17.862  -37.059  76.489 0.0000000000
38171  -18.321  -37.478  78.143 0.0000000000
38163  -19.096  -37.958  78.737 0.0000000000
59555  -43.846  -13.730  68.756 0.0000000000
57824  -40.211  -16.376  52.393 0.0000000000
58784  -40.482  -15.625  54.723 0.0000000000
58794  -41.487  -15.501  53.872 0.0000000000
51136  -37.935  -23.673  70.781 0.0000000000
51148  -38.356  -22.970  69.528 0.0000000000
50218  -37.422  -24.009  68.586 0.0000000000
50247  -35.482  -24.373  65.351 0.0000000000
50273  -34.584  -24.450  63.402 0.0000000000
51218  -34.420  -23.554  63.389 0.0000000000
39960  -18.310  -35.373  72.788 0.0000000000
118778  -18.177  -34.923  73.557 0.0000000000
40934  -18.519  -34.507  72.361 0.0000000000
125732  -19.733  -31.957  69.811 0.0000000000
42879  -19.439  -32.518  71.194 0.0000000000
44696  -19.757  -30.725  70.876 0.0000000000
44672  -19.942  -29.894  72.153 0.0000000000
44684  -20.070  -30.005  71.222 0.0000000000
109383  -28.278  -31.469  65.706 0.0000000000
45561  -33.305  -29.267  69.535 0.0000000000
44715  -31.962  -30.073  69.452 0.0000000000
45551  -33.257  -29.256  70.620 0.0000000000
45529  -32.750  -29.595  72.197 0.0000000000
110192  -33.597  -28.676  72.105 0.0000000000
47244  -34.622  -27.546  73.343 0.0000000000
47278  -34.603  -27.524  71.903 0.0000000000
49248  -35.704  -25.638  69.952 0.0000000000
49234  -36.561  -25.414  71.484 0.0000000000
49250  -36.857  -24.941  70.767 0.0000000000
51123  -37.668  -23.652  71.765 0.0000000000
39053  -18.601  -36.523  70.488 0.0000000000
55665  -41.622  -18.717  63.751 0.0000000000
55651  -43.017  -18.261  64.177 0.0000000000
54704  -42.086  -19.356  63.078 0.0000000000
53841  -43.002  -19.750  60.263 0.0000000000
54732  -43.939  -19.697  61.367 0.0000000000
54741  -44.592  -19.323  60.946 0.0000000000
55690  -45.921  -18.535  61.345 0.0000000000
55699  -44.648  -18.638  60.529 0.0000000000
59746  -43.421  -14.230  50.963 0.0000000000
59737  -43.769  -14.431  52.383 0.0000000000
59738  -44.273  -13.743  52.371 0.0000000000
61395  -46.571  -12.063  53.790 0.0000000000
59768  -41.761  -14.701  49.406 0.0000000000
60686  -41.224  -13.724  48.074 0.0000000000
129653  -43.561  -12.324  47.468 0.0000000000
61452  -44.197  -12.314  47.660 0.0000000000
61453  -44.965  -12.257  47.926 0.0000000000
62244  -45.451  -11.730  47.585 0.0000000000
63006  -45.853  -11.204  47.311 0.0000000000
34739  -7.276  -41.285  74.640 0.0000000000
33854  -6.154  -42.154  76.480 0.0000000000
36435  -12.632  -39.559  81.911 0.0000000000
35553  -11.101  -40.254  79.586 0.0000000000
35536  -10.916  -40.280  81.971 0.0000000000
34663  -8.727  -41.210  83.018 0.0000000000
116026  -7.256  -42.192  82.983 0.0000000000
33809  -5.681  -41.768  81.359 0.0000000000
32990  -6.572  -42.705  82.787 0.0000000000
126569  -4.986  -43.648  82.384 0.0000000000
52893  -37.701  -21.158  68.646 0.0000000000
55547  -37.840  -19.136  70.325 0.0000000000
53749  -37.449  -20.095  68.646 0.0000000000
54689  -36.697  -19.430  65.116 0.0000000000
55615  -37.571  -18.832  67.123 0.0000000000
55616  -38.264  -18.460  66.662 0.0000000000
125347  -40.032  -17.528  67.072 0.0000000000
55632  -39.277  -18.421  65.431 0.0000000000
55648  -39.507  -18.657  64.674 0.0000000000
54700  -38.108  -19.439  63.681 0.0000000000
116531  -35.931  -21.377  60.302 0.0000000000
53836  -36.924  -20.939  61.031 0.0000000000
52123  -36.857  -22.190  59.130 0.0000000000
127028  -37.151  -22.294  58.523 0.0000000000
52145  -35.924  -22.480  57.840 0.0000000000
42845  -17.709  -33.053  76.061 0.0000000000
116671  -17.226  -33.239  77.445 0.0000000000
43713  -17.651  -31.729  76.988 0.0000000000
45569  -23.762  -29.883  68.531 0.0000000000
110802  -22.210  -29.357  68.050 0.0000000000
45549  -23.240  -29.407  70.138 0.0000000000
116475  -22.981  -29.427  70.963 0.0000000000
45539  -24.151  -29.739  71.402 0.0000000000
43784  -28.454  -31.428  69.444 0.0000000000
118692  -26.741  -31.272  69.002 0.0000000000
43783  -27.735  -31.403  69.894 0.0000000000
108306  -28.294  -31.075  76.045 0.0000000000
44662  -27.135  -31.012  73.243 0.0000000000
108348  -27.209  -30.821  74.997 0.0000000000
44649  -25.955  -30.272  75.062 0.0000000000
44620  -26.678  -30.601  76.554 0.0000000000
44590  -26.225  -30.220  78.188 0.0000000000
44592  -27.760  -30.166  78.221 0.0000000000
49188  -35.281  -24.851  75.447 0.0000000000
35631  -16.993  -40.952  74.670 0.0000000000
115253  -17.040  -41.227  75.991 0.0000000000
35612  -15.586  -40.773  75.219 0.0000000000
108936  -20.694  -38.819  81.380 0.0000000000
55749  -37.787  -18.658  54.350 0.0000000000
54791  -38.646  -18.897  56.092 0.0000000000
55742  -38.964  -18.102  55.891 0.0000000000
57774  -41.091  -15.959  57.716 0.0000000000
56741  -41.077  -16.710  58.340 0.0000000000
119191  -42.422  -15.667  59.841 0.0000000000
111295  -43.635  -15.903  60.700 0.0000000000
58735  -43.312  -14.790  60.691 0.0000000000
59717  -43.454  -14.168  54.984 0.0000000000
59701  -42.784  -13.722  56.388 0.0000000000
60595  -43.908  -13.168  57.157 0.0000000000
62247  -47.949  -11.198  47.918 0.0000000000
116053  -48.874  -11.756  49.440 0.0000000000
62248  -48.747  -11.006  47.860 0.0000000000
62250  -50.785  -10.769  47.899 0.0000000000
63012  -51.674  -10.558  47.534 0.0000000000
62233  -53.259  -11.313  48.816 0.0000000000
63013  -52.810  -10.690  47.390 0.0000000000
64590  -53.140  -8.589  44.440 0.0000000000
64581  -52.646  -8.892  45.081 0.0000000000
63804  -53.077  -9.575  45.466 0.0000000000
119052  -54.252  -10.585  46.337 0.0000000000
63032  -55.291  -10.518  46.157 0.0000000000
127898  -55.490  -10.428  45.607 0.0000000000
62266  -56.971  -10.768  44.848 0.0000000000
49272  -35.705  -25.637  68.088 0.0000000000
49284  -36.184  -25.114  67.654 0.0000000000
48281  -35.204  -26.229  66.036 0.0000000000
48299  -34.558  -26.257  64.645 0.0000000000
40955  -18.965  -34.059  70.914 0.0000000000
44759  -31.567  -30.059  65.430 0.0000000000
45583  -33.180  -29.274  67.585 0.0000000000
46413  -33.826  -28.789  69.003 0.0000000000
47304  -34.491  -27.578  70.022 0.0000000000
47317  -34.556  -27.571  69.031 0.0000000000
48250  -34.865  -26.932  67.981 0.0000000000
53839  -40.301  -21.130  60.552 0.0000000000
129786  -41.385  -20.598  61.151 0.0000000000
125894  -40.634  -21.207  59.976 0.0000000000
53850  -40.882  -20.710  59.076 0.0000000000
53863  -41.217  -20.001  58.787 0.0000000000
109594  -45.160  -11.957  50.867 0.0000000000
61408  -44.792  -12.279  51.697 0.0000000000
61409  -45.296  -11.627  51.671 0.0000000000
62167  -46.384  -10.995  52.222 0.0000000000
63761  -51.279  -8.410  51.559 0.0000000000
34740  -8.058  -41.168  74.769 0.0000000000
115030  -8.064  -41.505  76.422 0.0000000000
52926  -35.251  -21.354  65.523 0.0000000000
53770  -36.258  -20.317  66.495 0.0000000000
53778  -35.409  -20.495  65.314 0.0000000000
53787  -35.750  -19.885  64.316 0.0000000000
123340  -36.098  -19.807  63.840 0.0000000000
54699  -36.981  -19.677  63.584 0.0000000000
116518  -35.593  -20.438  62.057 0.0000000000
121828  -35.221  -21.059  60.675 0.0000000000
52121  -34.984  -21.892  59.013 0.0000000000
44633  -18.649  -30.196  75.755 0.0000000000
44617  -18.484  -30.206  76.544 0.0000000000
127507  -19.213  -29.345  77.166 0.0000000000
45442  -19.577  -28.799  78.497 0.0000000000
46293  -24.054  -28.564  80.437 0.0000000000
44734  -23.905  -30.189  66.950 0.0000000000
44723  -24.537  -30.364  68.521 0.0000000000
113387  -30.313  -31.172  72.728 0.0000000000
43751  -28.895  -31.408  72.567 0.0000000000
43733  -30.555  -31.092  74.341 0.0000000000
44637  -30.134  -30.963  75.780 0.0000000000
44605  -29.662  -30.441  77.120 0.0000000000
45452  -28.846  -29.158  78.326 0.0000000000
46314  -29.812  -27.984  78.422 0.0000000000
122800  -18.420  -38.968  72.484 0.0000000000
37367  -19.066  -39.424  74.850 0.0000000000
35585  -19.969  -40.143  77.866 0.0000000000
36465  -20.267  -39.582  79.312 0.0000000000
37337  -20.363  -39.081  79.013 0.0000000000
57815  -38.372  -16.683  53.697 0.0000000000
56770  -38.887  -17.064  55.399 0.0000000000
57805  -39.776  -16.056  54.740 0.0000000000
58769  -40.404  -15.805  56.243 0.0000000000
59699  -41.475  -14.733  56.878 0.0000000000
63788  -47.178  -9.521  46.323 0.0000000000
63026  -48.639  -10.064  46.804 0.0000000000
121613  -47.782  -9.128  45.933 0.0000000000
110650  -53.923  -9.043  44.101 0.0000000000
63041  -55.644  -10.253  44.995 0.0000000000
63812  -54.828  -9.320  43.751 0.0000000000
109884  -55.430  -9.069  43.256 0.0000000000
109496  -13.940  -40.221  78.068 0.0000000000
35579  -12.125  -40.520  77.687 0.0000000000
115484  -38.050  -19.642  72.535 0.0000000000
52864  -38.517  -21.175  71.480 0.0000000000
52887  -38.174  -21.638  69.319 0.0000000000
52033  -37.271  -22.414  67.356 0.0000000000
50227  -36.829  -24.093  67.240 0.0000000000
51185  -36.509  -23.610  66.635 0.0000000000
52039  -35.932  -21.876  66.215 0.0000000000
52063  -34.835  -22.705  64.989 0.0000000000
117501  -34.021  -22.931  62.756 0.0000000000
39905  -17.616  -36.119  76.174 0.0000000000
39904  -17.435  -35.457  76.780 0.0000000000
119980  -17.752  -35.028  75.267 0.0000000000
41892  -17.892  -33.690  75.475 0.0000000000
114110  -18.319  -32.918  74.386 0.0000000000
41941  -19.170  -33.071  71.923 0.0000000000
42864  -19.013  -31.887  72.973 0.0000000000
43729  -18.502  -31.153  74.650 0.0000000000
44648  -19.196  -29.825  74.381 0.0000000000
45502  -20.342  -29.432  74.238 0.0000000000
108794  -21.816  -29.392  73.999 0.0000000000
43809  -28.503  -31.404  67.463 0.0000000000
128719  -29.609  -31.301  69.203 0.0000000000
44737  -31.043  -30.466  67.348 0.0000000000
114579  -30.565  -30.834  68.877 0.0000000000
122663  -30.502  -30.941  70.729 0.0000000000
44677  -31.665  -30.480  72.418 0.0000000000
114066  -32.714  -29.519  73.608 0.0000000000
46343  -33.180  -28.098  75.153 0.0000000000
48169  -33.407  -26.445  76.549 0.0000000000
47214  -34.043  -27.152  74.949 0.0000000000
48181  -34.943  -26.213  74.471 0.0000000000
49210  -35.989  -25.308  73.563 0.0000000000
48200  -35.656  -26.469  71.858 0.0000000000
50181  -36.447  -25.265  72.818 0.0000000000
50172  -36.396  -24.560  73.442 0.0000000000
51092  -37.033  -23.144  73.306 0.0000000000
38202  -18.499  -37.723  72.554 0.0000000000
57662  -42.752  -16.645  65.720 0.0000000000
57663  -43.556  -16.528  65.576 0.0000000000
56649  -44.973  -17.215  65.304 0.0000000000
56670  -45.282  -18.142  64.824 0.0000000000
54721  -42.621  -19.902  62.295 0.0000000000
55669  -45.320  -19.041  63.458 0.0000000000
58818  -42.251  -15.550  51.559 0.0000000000
58795  -42.271  -15.407  53.471 0.0000000000
58796  -42.919  -15.230  53.104 0.0000000000
116887  -43.512  -14.489  54.179 0.0000000000
59718  -44.217  -13.966  54.499 0.0000000000
60634  -44.709  -12.934  52.449 0.0000000000
60617  -44.837  -13.602  54.010 0.0000000000
53900  -36.056  -20.126  53.629 0.0000000000
53884  -37.552  -20.316  55.311 0.0000000000
54806  -36.419  -19.215  53.352 0.0000000000
55759  -36.504  -18.203  53.145 0.0000000000
55760  -37.144  -17.658  53.434 0.0000000000
57814  -37.964  -16.636  53.056 0.0000000000
57822  -38.400  -16.508  52.240 0.0000000000
111723  -39.400  -16.470  52.014 0.0000000000
57851  -40.177  -16.336  50.639 0.0000000000
58828  -41.345  -15.799  50.597 0.0000000000
58845  -42.104  -14.885  50.091 0.0000000000
59756  -42.790  -14.464  50.282 0.0000000000
60652  -43.535  -13.716  50.128 0.0000000000
60699  -42.557  -13.005  47.825 0.0000000000
60689  -43.861  -13.066  48.738 0.0000000000
60667  -44.017  -13.153  49.622 0.0000000000
61425  -45.152  -12.364  49.698 0.0000000000
61426  -45.821  -11.931  50.084 0.0000000000
62210  -47.316  -11.776  49.935 0.0000000000
62211  -47.933  -11.496  50.468 0.0000000000
113990  -47.099  -11.874  48.992 0.0000000000
63007  -46.566  -10.989  47.378 0.0000000000
63024  -46.861  -10.276  46.858 0.0000000000
63797  -46.190  -9.021  46.031 0.0000000000
35578  -10.624  -40.801  77.954 0.0000000000
34710  -9.170  -41.301  77.722 0.0000000000
34709  -8.188  -41.500  77.502 0.0000000000
35523  -9.916  -40.918  82.748 0.0000000000
108487  -8.365  -40.958  80.142 0.0000000000
34702  -7.104  -41.735  78.288 0.0000000000
33840  -5.773  -42.455  78.202 0.0000000000
33004  -4.184  -43.036  79.699 0.0000000000
118921  -3.626  -43.597  79.403 0.0000000000
128919  -3.467  -43.922  81.486 0.0000000000
57621  -42.007  -15.849  68.389 0.0000000000
121473  -38.317  -17.546  70.771 0.0000000000
54670  -37.150  -19.397  67.527 0.0000000000
55585  -38.086  -18.245  68.502 0.0000000000
56601  -40.201  -16.948  68.383 0.0000000000
57632  -40.799  -16.864  67.754 0.0000000000
57633  -41.526  -16.719  67.014 0.0000000000
56645  -41.467  -17.451  65.520 0.0000000000
112790  -40.664  -18.322  64.579 0.0000000000
54718  -39.555  -19.616  62.851 0.0000000000
54716  -37.760  -19.765  62.959 0.0000000000
53811  -39.128  -20.159  62.078 0.0000000000
53826  -39.748  -20.743  61.319 0.0000000000
52976  -39.115  -21.651  59.809 0.0000000000
52147  -37.543  -22.110  57.493 0.0000000000
53026  -36.889  -21.888  55.854 0.0000000000
52128  -31.688  -22.239  58.792 0.0000000000
52142  -32.516  -22.035  58.037 0.0000000000
108424  -33.607  -22.054  58.180 0.0000000000
52144  -34.416  -22.466  57.428 0.0000000000
52161  -34.685  -22.686  56.490 0.0000000000
52200  -35.169  -22.584  55.095 0.0000000000
52201  -35.770  -22.142  54.811 0.0000000000
53044  -36.342  -21.402  54.633 0.0000000000
43688  -17.581  -30.856  78.442 0.0000000000
121007  -20.592  -30.401  68.309 0.0000000000
45567  -21.442  -29.600  68.401 0.0000000000
45546  -20.743  -29.840  69.753 0.0000000000
45536  -21.264  -29.528  71.102 0.0000000000
45526  -22.153  -29.397  72.401 0.0000000000
45504  -23.566  -29.448  74.409 0.0000000000
44745  -25.324  -31.023  66.608 0.0000000000
125282  -26.033  -31.045  69.018 0.0000000000
44699  -25.695  -30.685  70.240 0.0000000000
108253  -28.044  -31.372  72.828 0.0000000000
44687  -26.297  -30.841  71.509 0.0000000000
44686  -25.530  -30.452  71.455 0.0000000000
44673  -24.893  -29.950  72.832 0.0000000000
45505  -24.282  -29.560  74.668 0.0000000000
45474  -24.009  -29.558  76.118 0.0000000000
129044  -24.932  -29.983  77.950 0.0000000000
45433  -26.012  -29.099  79.512 0.0000000000
111494  -10.742  -40.474  73.122 0.0000000000
108866  -12.040  -40.517  74.206 0.0000000000
121756  -14.976  -40.366  71.791 0.0000000000
35701  -13.516  -40.311  71.494 0.0000000000
109804  -13.641  -40.498  73.861 0.0000000000
35627  -13.296  -40.490  74.601 0.0000000000
116642  -13.279  -40.586  76.104 0.0000000000
130139  -15.192  -40.166  78.420 0.0000000000
35547  -19.979  -39.771  80.120 0.0000000000
54782  -38.437  -19.683  56.432 0.0000000000
54771  -39.404  -19.380  57.517 0.0000000000
54761  -41.144  -18.881  58.952 0.0000000000
56752  -40.191  -17.302  57.338 0.0000000000
56731  -41.161  -17.665  58.931 0.0000000000
56718  -43.176  -17.736  60.018 0.0000000000
116863  -44.300  -16.774  60.660 0.0000000000
58777  -41.738  -14.761  55.182 0.0000000000
59700  -42.051  -14.143  56.584 0.0000000000
59683  -42.986  -13.689  58.568 0.0000000000
128896  -48.905  -11.569  50.377 0.0000000000
62192  -50.366  -11.389  50.670 0.0000000000
129245  -51.318  -11.279  50.903 0.0000000000
62249  -50.010  -11.002  48.201 0.0000000000
62193  -51.286  -11.555  50.159 0.0000000000
62181  -52.997  -10.584  51.115 0.0000000000
62195  -53.798  -10.771  50.268 0.0000000000
62196  -54.867  -10.180  49.568 0.0000000000
63793  -51.715  -9.637  46.244 0.0000000000
63031  -53.217  -10.431  46.608 0.0000000000
62253  -54.639  -10.743  47.803 0.0000000000
63038  -56.416  -10.635  45.602 0.0000000000
47363  -33.622  -27.678  64.463 0.0000000000
46462  -32.851  -28.978  64.777 0.0000000000
46463  -33.381  -28.354  65.107 0.0000000000
47341  -34.310  -27.674  66.096 0.0000000000
53027  -37.382  -21.588  56.229 0.0000000000
53018  -38.525  -21.235  57.458 0.0000000000
53878  -37.725  -20.910  56.129 0.0000000000
62969  -47.585  -10.247  51.683 0.0000000000
62960  -48.094  -9.490  51.911 0.0000000000
62970  -48.302  -9.694  51.622 0.0000000000
62190  -47.922  -10.534  51.321 0.0000000000
35626  -11.976  -40.568  75.107 0.0000000000
123644  -11.170  -40.706  75.227 0.0000000000
35608  -11.534  -40.736  75.919 0.0000000000
52098  -33.710  -21.807  61.588 0.0000000000
110594  -33.541  -21.667  60.990 0.0000000000
110573  -33.947  -21.284  60.846 0.0000000000
38982  -17.296  -36.296  79.114 0.0000000000
38994  -17.428  -36.261  78.113 0.0000000000
109378  -22.031  -29.371  75.850 0.0000000000
45472  -21.144  -29.253  76.411 0.0000000000
45473  -22.494  -29.365  76.405 0.0000000000
45460  -22.395  -29.238  77.220 0.0000000000
111719  -23.199  -29.433  76.656 0.0000000000
46342  -32.592  -28.245  75.639 0.0000000000
46333  -32.017  -28.414  76.201 0.0000000000
47198  -31.787  -27.805  76.705 0.0000000000
47186  -31.981  -27.181  77.140 0.0000000000
57825  -41.034  -16.198  52.645 0.0000000000
57816  -40.929  -15.915  53.477 0.0000000000
58804  -41.675  -15.802  53.031 0.0000000000
119167  -37.446  -24.254  70.314 0.0000000000
51147  -37.970  -23.597  69.900 0.0000000000
50210  -37.455  -24.132  69.434 0.0000000000
120794  -34.632  -25.083  63.575 0.0000000000
50260  -34.852  -24.752  64.104 0.0000000000
124498  -18.493  -35.291  71.855 0.0000000000
40954  -18.669  -34.613  71.439 0.0000000000
43772  -19.847  -31.006  70.019 0.0000000000
43771  -19.617  -31.717  70.633 0.0000000000
44697  -20.208  -30.209  70.306 0.0000000000
46387  -33.497  -28.889  71.320 0.0000000000
46388  -34.020  -28.217  71.430 0.0000000000
46373  -34.186  -28.027  72.568 0.0000000000
49261  -36.230  -25.147  69.409 0.0000000000
118617  -36.330  -25.184  70.152 0.0000000000
120254  -18.569  -35.923  71.273 0.0000000000
39981  -18.421  -36.096  72.116 0.0000000000
54703  -41.107  -19.234  63.224 0.0000000000
54720  -41.608  -19.862  62.462 0.0000000000
54740  -43.761  -19.529  60.642 0.0000000000
124612  -44.125  -19.085  60.422 0.0000000000
60642  -43.987  -13.445  50.974 0.0000000000
59747  -43.914  -13.975  51.667 0.0000000000
60643  -44.368  -13.147  51.689 0.0000000000
61381  -46.563  -12.540  54.528 0.0000000000
62243  -44.669  -11.795  47.309 0.0000000000
62259  -44.286  -11.195  46.809 0.0000000000
62260  -45.162  -11.093  46.954 0.0000000000
112284  -6.857  -41.512  75.129 0.0000000000
34727  -6.696  -41.749  75.873 0.0000000000
33862  -5.913  -42.111  75.732 0.0000000000
34716  -6.790  -41.813  76.780 0.0000000000
36434  -11.776  -39.772  81.777 0.0000000000
35525  -11.623  -40.239  82.161 0.0000000000
120561  -6.847  -43.527  82.593 0.0000000000
52901  -37.256  -20.767  67.890 0.0000000000
54690  -37.678  -19.025  65.249 0.0000000000
55630  -37.610  -18.848  66.222 0.0000000000
55631  -38.415  -18.593  65.772 0.0000000000
55647  -38.657  -18.780  64.935 0.0000000000
124387  -38.158  -19.144  64.476 0.0000000000
52122  -35.937  -22.086  59.145 0.0000000000
52995  -36.351  -21.814  59.768 0.0000000000
52132  -36.423  -22.344  58.488 0.0000000000
42835  -17.793  -32.150  76.063 0.0000000000
42834  -17.479  -32.625  76.829 0.0000000000
45558  -23.493  -29.594  69.338 0.0000000000
45550  -24.059  -29.679  70.006 0.0000000000
115001  -23.760  -29.576  70.768 0.0000000000
44698  -24.485  -29.910  70.713 0.0000000000
43775  -28.438  -31.411  70.415 0.0000000000
117113  -27.486  -30.905  75.709 0.0000000000
44636  -26.709  -30.615  75.563 0.0000000000
44604  -27.221  -30.598  77.383 0.0000000000
126766  -27.528  -30.452  77.859 0.0000000000
50160  -35.601  -24.493  74.982 0.0000000000
35572  -18.629  -40.849  78.448 0.0000000000
55750  -38.183  -18.028  54.722 0.0000000000
56760  -38.648  -17.759  55.322 0.0000000000
57744  -41.923  -15.728  59.230 0.0000000000
125539  -42.547  -15.121  59.954 0.0000000000
57731  -42.879  -15.393  60.291 0.0000000000
58746  -42.816  -14.652  60.065 0.0000000000
59710  -44.140  -13.677  55.346 0.0000000000
60603  -43.812  -13.398  56.267 0.0000000000
63008  -47.412  -10.769  47.391 0.0000000000
63009  -48.272  -10.600  47.354 0.0000000000
63029  -51.259  -10.033  46.815 0.0000000000
63808  -53.482  -9.285  44.781 0.0000000000
63795  -53.628  -10.249  45.828 0.0000000000
63036  -54.707  -10.374  45.510 0.0000000000
48251  -35.340  -26.232  67.583 0.0000000000
49283  -35.768  -25.637  67.237 0.0000000000
48264  -35.436  -26.123  66.838 0.0000000000
47377  -33.810  -27.084  63.952 0.0000000000
48323  -34.216  -26.319  63.870 0.0000000000
45594  -33.217  -29.080  66.598 0.0000000000
46426  -33.856  -28.814  68.081 0.0000000000
46427  -34.285  -28.293  68.556 0.0000000000
46439  -34.298  -28.251  67.694 0.0000000000
130384  -34.606  -27.466  66.664 0.0000000000
48239  -35.240  -26.221  68.485 0.0000000000
52977  -39.982  -21.432  59.868 0.0000000000
53861  -39.791  -20.613  58.206 0.0000000000
53010  -40.191  -21.068  58.775 0.0000000000
53851  -41.594  -20.377  59.397 0.0000000000
53862  -40.463  -20.321  58.515 0.0000000000
62188  -45.658  -11.343  51.372 0.0000000000
62168  -47.127  -10.620  52.602 0.0000000000
62158  -46.780  -11.378  53.180 0.0000000000
62159  -47.563  -11.135  53.777 0.0000000000
63760  -50.244  -8.413  51.545 0.0000000000
64542  -50.849  -7.767  51.934 0.0000000000
129959  -50.626  -8.936  51.412 0.0000000000
35623  -9.472  -40.975  74.907 0.0000000000
125578  -9.112  -40.886  74.503 0.0000000000
34741  -8.800  -41.085  74.881 0.0000000000
34729  -8.390  -41.347  75.543 0.0000000000
125273  -8.761  -41.414  76.126 0.0000000000
52062  -34.736  -21.758  65.011 0.0000000000
52938  -34.814  -20.917  64.839 0.0000000000
53795  -34.695  -20.633  63.183 0.0000000000
120751  -35.268  -20.286  64.548 0.0000000000
53796  -35.384  -20.165  63.716 0.0000000000
53808  -35.422  -20.310  62.798 0.0000000000
53797  -36.169  -19.977  63.164 0.0000000000
52972  -34.376  -21.236  60.413 0.0000000000
52994  -35.281  -21.540  59.832 0.0000000000
52130  -34.003  -21.750  58.869 0.0000000000
44634  -19.166  -29.750  75.279 0.0000000000
44618  -19.073  -29.622  76.306 0.0000000000
46321  -20.879  -28.769  77.926 0.0000000000
45443  -20.167  -28.756  77.927 0.0000000000
46309  -20.333  -28.605  78.669 0.0000000000
45446  -23.659  -29.446  78.713 0.0000000000
126966  -23.598  -29.043  79.695 0.0000000000
44722  -24.153  -30.248  67.796 0.0000000000
117852  -24.847  -30.627  67.924 0.0000000000
44663  -31.073  -30.867  73.006 0.0000000000
43745  -30.450  -31.157  73.609 0.0000000000
113754  -31.179  -30.806  73.921 0.0000000000
45476  -30.943  -29.912  76.453 0.0000000000
44624  -30.503  -30.509  76.295 0.0000000000
44606  -30.379  -29.997  76.965 0.0000000000
44623  -29.806  -30.821  76.373 0.0000000000
111240  -29.869  -29.729  77.471 0.0000000000
46322  -29.615  -28.872  77.920 0.0000000000
47160  -31.054  -27.206  79.584 0.0000000000
129470  -18.831  -38.799  74.060 0.0000000000
36500  -18.490  -39.366  73.212 0.0000000000
38178  -18.977  -38.293  76.866 0.0000000000
36469  -19.987  -39.429  77.798 0.0000000000
36470  -20.235  -39.618  78.494 0.0000000000
37336  -19.867  -38.791  78.324 0.0000000000
38149  -19.183  -37.552  79.975 0.0000000000
112846  -39.157  -16.373  53.878 0.0000000000
57804  -39.069  -16.515  54.732 0.0000000000
129866  -39.541  -16.210  54.294 0.0000000000
58770  -40.996  -15.230  56.465 0.0000000000
64594  -53.723  -8.369  43.713 0.0000000000
127590  -54.235  -8.868  43.671 0.0000000000
36467  -14.036  -39.772  78.892 0.0000000000
129251  -14.272  -40.084  82.635 0.0000000000
52852  -38.078  -21.418  72.309 0.0000000000
53704  -38.230  -20.468  72.237 0.0000000000
116185  -38.149  -22.866  68.810 0.0000000000
52017  -38.529  -22.233  69.970 0.0000000000
52027  -37.981  -22.089  68.679 0.0000000000
52034  -37.787  -22.625  68.127 0.0000000000
49298  -36.106  -25.077  66.895 0.0000000000
125598  -36.450  -24.654  67.284 0.0000000000
50236  -35.830  -24.801  66.185 0.0000000000
50261  -35.106  -24.383  64.609 0.0000000000
50248  -35.942  -23.957  66.066 0.0000000000
51197  -35.428  -23.352  65.493 0.0000000000
52049  -35.929  -22.997  66.114 0.0000000000
52048  -35.298  -22.347  65.584 0.0000000000
39922  -17.715  -35.795  75.291 0.0000000000
40918  -18.445  -34.129  73.246 0.0000000000
40904  -18.195  -34.300  74.150 0.0000000000
41907  -18.144  -33.595  74.681 0.0000000000
41956  -19.223  -33.368  71.140 0.0000000000
42870  -19.319  -32.215  72.130 0.0000000000
43740  -18.747  -31.543  73.836 0.0000000000
43741  -19.024  -30.800  73.204 0.0000000000
43730  -18.838  -30.520  74.062 0.0000000000
44659  -19.254  -29.948  73.519 0.0000000000
123433  -20.391  -29.611  72.613 0.0000000000
45513  -20.325  -29.486  73.413 0.0000000000
113314  -20.936  -29.418  72.974 0.0000000000
45514  -21.001  -29.387  73.731 0.0000000000
109819  -21.618  -29.395  73.172 0.0000000000
117513  -28.568  -31.375  66.646 0.0000000000
117506  -28.831  -31.420  68.080 0.0000000000
119449  -29.627  -31.226  68.086 0.0000000000
44747  -31.336  -30.228  66.389 0.0000000000
44746  -30.575  -30.646  66.601 0.0000000000
44714  -31.280  -30.456  69.075 0.0000000000
129929  -31.335  -30.460  69.750 0.0000000000
44713  -30.706  -30.808  69.615 0.0000000000
122631  -31.547  -30.453  70.875 0.0000000000
44689  -31.612  -30.468  71.578 0.0000000000
45530  -33.175  -29.139  72.561 0.0000000000
45517  -32.725  -29.555  72.964 0.0000000000
45518  -33.140  -29.123  73.349 0.0000000000
45507  -32.961  -29.161  74.184 0.0000000000
46352  -33.378  -28.480  74.489 0.0000000000
47227  -33.713  -27.834  74.690 0.0000000000
46353  -33.848  -28.176  74.137 0.0000000000
48189  -34.949  -26.974  73.884 0.0000000000
48182  -35.513  -26.187  73.590 0.0000000000
49200  -35.435  -25.304  74.477 0.0000000000
47292  -34.837  -26.891  70.567 0.0000000000
47279  -35.000  -26.947  71.444 0.0000000000
48208  -35.369  -26.387  71.032 0.0000000000
49223  -36.770  -25.126  72.113 0.0000000000
48201  -36.265  -25.856  72.201 0.0000000000
122634  -36.740  -23.873  73.301 0.0000000000
51108  -37.180  -23.845  72.583 0.0000000000
52005  -37.879  -22.805  72.044 0.0000000000
123826  -37.442  -22.540  72.874 0.0000000000
127249  -37.874  -22.137  72.380 0.0000000000
38209  -18.505  -37.592  71.703 0.0000000000
56646  -42.274  -17.192  65.286 0.0000000000
56647  -43.111  -17.055  65.111 0.0000000000
56668  -43.482  -17.673  64.668 0.0000000000
56669  -44.379  -17.871  64.750 0.0000000000
55653  -44.836  -18.587  64.185 0.0000000000
53814  -42.143  -20.324  61.460 0.0000000000
54731  -43.077  -20.039  61.494 0.0000000000
54723  -44.463  -19.601  62.083 0.0000000000
54707  -44.923  -19.372  62.733 0.0000000000
54708  -45.738  -19.153  62.692 0.0000000000
55670  -46.536  -18.872  62.845 0.0000000000
55691  -46.867  -18.402  61.866 0.0000000000
124190  -42.820  -15.203  51.842 0.0000000000
58805  -42.440  -15.517  52.506 0.0000000000
126500  -44.123  -14.211  52.944 0.0000000000
59729  -43.544  -14.731  53.234 0.0000000000
59730  -44.167  -14.186  53.664 0.0000000000
60629  -45.134  -12.964  53.345 0.0000000000
31223  -2.439  -45.129  80.646 0.0000000000
31227  -1.899  -45.577  79.958 0.0000000000
55771  -36.589  -17.251  52.910 0.0000000000
56784  -36.762  -16.755  52.415 0.0000000000
111464  -37.511  -16.608  52.389 0.0000000000
57837  -37.913  -16.475  51.504 0.0000000000
57838  -38.822  -16.503  51.296 0.0000000000
125441  -39.616  -16.482  51.141 0.0000000000
57839  -40.257  -16.413  51.464 0.0000000000
58827  -40.758  -15.953  50.224 0.0000000000
58844  -41.385  -15.355  49.930 0.0000000000
58829  -42.003  -15.396  50.701 0.0000000000
59769  -42.246  -14.190  49.024 0.0000000000
129265  -42.349  -14.465  49.653 0.0000000000
59770  -42.848  -14.022  49.515 0.0000000000
60666  -43.370  -13.524  49.181 0.0000000000
61440  -43.603  -12.736  47.994 0.0000000000
116918  -44.540  -12.757  49.200 0.0000000000
62228  -45.765  -12.082  48.350 0.0000000000
61443  -45.669  -12.269  49.183 0.0000000000
62229  -46.296  -12.074  49.123 0.0000000000
62209  -46.627  -11.809  49.987 0.0000000000
33860  -4.830  -42.899  76.030 0.0000000000
35566  -12.509  -40.178  78.665 0.0000000000
109942  -11.301  -40.730  77.442 0.0000000000
35565  -11.432  -40.458  78.515 0.0000000000
109415  -10.320  -40.366  80.011 0.0000000000
34705  -9.849  -40.970  78.311 0.0000000000
125457  -9.185  -41.118  78.586 0.0000000000
34697  -8.773  -41.066  79.254 0.0000000000
34665  -10.350  -41.041  82.696 0.0000000000
34675  -7.274  -41.044  81.851 0.0000000000
118557  -8.082  -40.713  81.256 0.0000000000
34689  -7.518  -41.098  80.533 0.0000000000
112075  -7.293  -41.570  78.930 0.0000000000
113388  -6.645  -41.788  79.065 0.0000000000
33841  -6.451  -42.087  78.256 0.0000000000
33826  -6.177  -41.733  80.100 0.0000000000
33808  -4.862  -42.296  81.112 0.0000000000
33824  -4.863  -42.509  79.963 0.0000000000
33000  -4.143  -42.802  80.787 0.0000000000
32999  -3.520  -43.424  80.449 0.0000000000
123558  -3.082  -43.921  80.972 0.0000000000
32993  -3.720  -43.365  81.318 0.0000000000
32138  -5.698  -44.445  82.329 0.0000000000
58636  -42.558  -15.153  68.849 0.0000000000
116116  -38.325  -19.738  71.805 0.0000000000
54603  -38.046  -18.969  72.323 0.0000000000
120731  -37.791  -18.431  70.003 0.0000000000
56561  -38.121  -17.807  69.966 0.0000000000
54669  -36.641  -19.876  67.053 0.0000000000
55603  -38.154  -18.365  67.554 0.0000000000
56599  -38.660  -17.723  68.629 0.0000000000
56579  -38.923  -17.381  69.279 0.0000000000
56580  -39.687  -16.987  68.959 0.0000000000
56600  -39.381  -17.390  68.326 0.0000000000
56614  -40.097  -17.287  67.679 0.0000000000
56615  -40.653  -17.202  67.039 0.0000000000
56629  -41.101  -17.263  66.289 0.0000000000
56644  -40.663  -17.755  65.714 0.0000000000
55663  -39.821  -18.877  64.021 0.0000000000
55649  -40.162  -18.543  64.462 0.0000000000
54702  -40.192  -19.212  63.388 0.0000000000
53798  -37.055  -20.016  62.651 0.0000000000
53824  -37.074  -20.430  61.786 0.0000000000
52975  -37.597  -21.476  60.473 0.0000000000
53837  -37.840  -20.852  61.199 0.0000000000
53825  -38.804  -20.766  61.294 0.0000000000
53838  -39.456  -21.281  60.548 0.0000000000
115071  -38.195  -21.853  59.800 0.0000000000
52146  -36.902  -22.392  57.739 0.0000000000
52133  -37.637  -22.196  58.208 0.0000000000
109299  -37.069  -22.206  56.752 0.0000000000
52129  -32.640  -21.771  58.983 0.0000000000
119687  -31.716  -22.171  57.954 0.0000000000
52143  -33.559  -22.501  57.064 0.0000000000
115289  -33.166  -22.754  56.136 0.0000000000
52180  -33.787  -22.860  55.311 0.0000000000
52181  -34.567  -22.762  55.559 0.0000000000
122696  -35.192  -22.684  55.788 0.0000000000
52199  -34.435  -22.672  54.733 0.0000000000
127677  -35.590  -21.565  54.160 0.0000000000
40868  -17.263  -34.758  77.355 0.0000000000
42822  -17.170  -32.312  77.891 0.0000000000
44600  -18.617  -29.768  77.257 0.0000000000
43702  -18.023  -30.725  77.329 0.0000000000
44589  -18.119  -30.037  78.240 0.0000000000
110273  -22.056  -29.433  68.905 0.0000000000
45556  -21.338  -29.633  69.268 0.0000000000
45547  -21.366  -29.552  70.211 0.0000000000
128176  -21.729  -29.454  70.761 0.0000000000
114732  -22.937  -29.466  71.793 0.0000000000
45527  -23.112  -29.489  72.660 0.0000000000
45515  -22.460  -29.411  73.340 0.0000000000
45516  -23.385  -29.478  73.541 0.0000000000
43806  -26.194  -31.281  66.837 0.0000000000
43782  -27.114  -31.332  69.590 0.0000000000
44725  -26.217  -31.164  68.346 0.0000000000
44711  -25.534  -30.729  69.435 0.0000000000
44700  -26.389  -31.003  70.657 0.0000000000
109661  -28.355  -31.414  71.930 0.0000000000
119486  -26.642  -30.665  73.920 0.0000000000
44675  -26.499  -30.811  72.412 0.0000000000
124685  -25.863  -30.553  72.049 0.0000000000
44674  -25.215  -30.228  72.089 0.0000000000
115607  -25.689  -30.388  72.725 0.0000000000
45492  -25.306  -29.938  75.525 0.0000000000
45506  -25.156  -29.853  74.582 0.0000000000
45491  -24.553  -29.640  75.348 0.0000000000
116984  -24.815  -29.760  76.018 0.0000000000
123678  -23.935  -29.559  76.984 0.0000000000
44601  -24.841  -29.843  76.928 0.0000000000
45449  -26.477  -29.720  78.790 0.0000000000
45448  -25.566  -29.833  78.645 0.0000000000
46299  -28.960  -28.005  79.352 0.0000000000
46312  -28.435  -28.483  78.925 0.0000000000
46283  -29.074  -28.168  80.314 0.0000000000
48170  -34.071  -26.082  76.218 0.0000000000
35646  -11.384  -40.512  73.651 0.0000000000
35653  -18.255  -40.053  73.478 0.0000000000
35705  -17.393  -40.079  72.398 0.0000000000
35652  -17.440  -40.370  73.262 0.0000000000
35630  -16.132  -40.756  74.406 0.0000000000
111259  -15.767  -40.500  73.054 0.0000000000
35650  -15.008  -40.498  73.075 0.0000000000
35674  -14.173  -40.429  72.044 0.0000000000
35649  -14.061  -40.489  72.983 0.0000000000
109803  -14.540  -40.520  73.797 0.0000000000
115255  -15.191  -40.759  75.983 0.0000000000
35611  -14.666  -40.614  75.304 0.0000000000
35596  -14.258  -40.617  76.229 0.0000000000
35610  -13.751  -40.547  75.337 0.0000000000
35581  -14.278  -40.451  77.335 0.0000000000
117594  -15.083  -40.434  77.673 0.0000000000
36455  -20.333  -39.113  80.471 0.0000000000
58663  -45.519  -15.136  66.460 0.0000000000
53885  -37.946  -20.138  56.072 0.0000000000
54790  -38.097  -19.425  55.512 0.0000000000
126041  -39.116  -18.520  56.490 0.0000000000
54783  -38.983  -19.156  56.833 0.0000000000
54772  -39.879  -18.857  57.990 0.0000000000
55715  -40.493  -18.353  58.426 0.0000000000
57794  -39.821  -16.500  56.135 0.0000000000
56761  -39.293  -17.258  55.991 0.0000000000
56751  -39.789  -17.229  56.664 0.0000000000
57761  -41.570  -16.638  59.076 0.0000000000
56730  -40.564  -17.445  58.115 0.0000000000
56716  -41.870  -17.379  59.420 0.0000000000
56717  -42.536  -17.638  59.746 0.0000000000
56708  -43.586  -17.118  60.342 0.0000000000
109876  -44.826  -14.807  61.615 0.0000000000
57733  -44.675  -15.948  61.105 0.0000000000
125508  -45.441  -15.610  61.466 0.0000000000
59728  -42.868  -14.997  53.880 0.0000000000
58786  -42.043  -15.098  54.337 0.0000000000
128912  -43.150  -13.439  56.917 0.0000000000
59693  -42.520  -13.774  57.151 0.0000000000
111539  -42.420  -14.013  58.037 0.0000000000
116464  -47.924  -11.819  49.294 0.0000000000
113321  -48.540  -11.180  50.869 0.0000000000
113317  -49.657  -11.654  50.060 0.0000000000
62179  -50.769  -10.776  51.243 0.0000000000
62212  -50.536  -11.575  49.632 0.0000000000
63010  -49.110  -10.513  47.302 0.0000000000
63011  -50.015  -10.503  47.404 0.0000000000
62232  -51.524  -11.056  48.388 0.0000000000
62231  -50.685  -11.289  48.687 0.0000000000
116051  -51.361  -11.455  49.191 0.0000000000
62194  -52.335  -11.335  50.647 0.0000000000
62213  -52.961  -11.452  49.671 0.0000000000
62214  -54.050  -11.019  49.355 0.0000000000
62215  -55.188  -10.322  49.079 0.0000000000
63803  -52.180  -9.241  45.684 0.0000000000
63802  -51.274  -9.143  45.717 0.0000000000
63030  -52.206  -10.155  46.818 0.0000000000
110171  -54.983  -10.646  46.986 0.0000000000
63014  -53.869  -10.756  47.156 0.0000000000
63001  -55.782  -10.337  48.560 0.0000000000
110525  -55.356  -9.829  44.301 0.0000000000
63042  -56.493  -10.367  44.793 0.0000000000
109024  -34.731  -27.030  66.081 0.0000000000
123697  -34.384  -27.209  65.505 0.0000000000
47364  -34.181  -26.979  64.716 0.0000000000
45605  -32.357  -29.497  65.349 0.0000000000
45606  -33.065  -28.979  65.695 0.0000000000
123946  -34.291  -28.063  66.853 0.0000000000
53008  -38.875  -21.595  58.305 0.0000000000
53019  -39.160  -20.853  57.750 0.0000000000
128531  -38.695  -20.688  57.292 0.0000000000
61416  -46.181  -11.319  50.936 0.0000000000
62958  -46.946  -10.565  51.778 0.0000000000
63753  -48.415  -8.940  52.415 0.0000000000
63754  -49.030  -8.318  52.203 0.0000000000
64525  -49.715  -7.907  53.170 0.0000000000
63759  -49.402  -8.605  51.625 0.0000000000
35624  -10.520  -40.582  73.938 0.0000000000
119714  -10.363  -40.788  74.864 0.0000000000
35606  -9.888  -41.096  75.640 0.0000000000
52090  -33.957  -21.883  62.956 0.0000000000
52946  -34.269  -21.221  63.529 0.0000000000
52953  -34.172  -21.060  62.678 0.0000000000
52992  -33.334  -21.597  59.406 0.0000000000
38970  -18.071  -36.897  80.309 0.0000000000
45487  -20.409  -29.411  75.112 0.0000000000
109137  -20.458  -29.342  75.980 0.0000000000
45459  -21.425  -29.083  77.217 0.0000000000
45444  -21.773  -28.896  78.012 0.0000000000
46311  -22.072  -28.802  78.915 0.0000000000
45445  -22.682  -29.183  78.267 0.0000000000
44640  -31.907  -30.136  74.682 0.0000000000
44639  -31.368  -30.453  75.159 0.0000000000
45493  -31.824  -29.856  75.418 0.0000000000
45477  -31.565  -29.364  76.187 0.0000000000
45464  -30.919  -29.207  76.822 0.0000000000
46324  -30.845  -28.374  77.291 0.0000000000
47185  -31.365  -27.692  77.275 0.0000000000
47171  -31.526  -27.023  78.000 0.0000000000
38172  -18.979  -38.156  77.757 0.0000000000
38162  -18.265  -37.312  79.181 0.0000000000
119942  -40.099  -16.020  53.944 0.0000000000
126923  -40.411  -16.214  53.116 0.0000000000
58793  -40.833  -15.628  54.149 0.0000000000
58785  -41.228  -15.268  54.633 0.0000000000
51124  -38.264  -22.993  71.204 0.0000000000
52006  -38.519  -22.435  70.741 0.0000000000
51137  -38.408  -23.013  70.336 0.0000000000
51159  -37.906  -23.486  69.089 0.0000000000
49321  -35.183  -25.041  64.801 0.0000000000
51208  -34.796  -23.991  64.062 0.0000000000
115142  -18.100  -35.792  73.665 0.0000000000
39939  -17.907  -35.226  74.476 0.0000000000
129729  -18.362  -34.734  72.992 0.0000000000
42887  -19.551  -32.443  70.369 0.0000000000
43760  -19.517  -31.513  71.496 0.0000000000
44683  -19.648  -30.509  71.767 0.0000000000
44671  -19.429  -30.237  72.652 0.0000000000
45525  -20.626  -29.693  71.717 0.0000000000
45570  -32.710  -29.558  68.261 0.0000000000
44727  -31.966  -29.970  68.493 0.0000000000
45560  -32.664  -29.626  69.061 0.0000000000
116541  -32.609  -29.731  70.095 0.0000000000
129259  -32.763  -29.648  70.761 0.0000000000
45540  -32.823  -29.576  71.350 0.0000000000
123814  -33.179  -29.198  71.794 0.0000000000
46372  -33.618  -28.631  72.981 0.0000000000
46360  -34.060  -28.136  73.516 0.0000000000
47261  -34.780  -27.425  72.663 0.0000000000
47262  -35.196  -26.988  72.297 0.0000000000
48220  -35.659  -25.929  70.671 0.0000000000
49249  -36.202  -25.529  70.751 0.0000000000
49235  -36.986  -24.887  71.523 0.0000000000
50201  -37.401  -24.358  71.191 0.0000000000
39046  -18.503  -36.750  71.452 0.0000000000
39032  -18.235  -36.313  72.958 0.0000000000
55650  -41.315  -18.246  64.389 0.0000000000
56667  -42.628  -17.633  64.696 0.0000000000
112886  -42.135  -18.179  64.229 0.0000000000
55666  -42.554  -18.836  63.654 0.0000000000
55667  -43.511  -18.988  63.602 0.0000000000
115354  -42.492  -20.257  60.523 0.0000000000
53829  -43.190  -19.967  60.871 0.0000000000
54733  -44.740  -19.465  61.580 0.0000000000
54725  -46.064  -18.938  62.092 0.0000000000
54734  -45.289  -19.186  61.512 0.0000000000
54742  -45.197  -18.861  60.959 0.0000000000
56710  -45.282  -18.154  60.725 0.0000000000
58819  -43.328  -14.674  51.719 0.0000000000
61401  -45.995  -11.632  52.824 0.0000000000
61394  -45.833  -12.416  53.563 0.0000000000
62976  -55.273  -9.005  50.481 0.0000000000
59788  -41.513  -14.294  48.700 0.0000000000
60687  -42.158  -13.636  48.326 0.0000000000
61442  -45.099  -12.433  48.749 0.0000000000
62245  -46.202  -11.577  47.826 0.0000000000
124989  -5.293  -42.481  75.621 0.0000000000
125854  -5.650  -42.505  76.906 0.0000000000
36448  -12.296  -39.409  81.179 0.0000000000
36447  -11.586  -39.576  80.955 0.0000000000
36433  -11.095  -39.829  81.382 0.0000000000
109157  -10.280  -40.091  81.279 0.0000000000
33795  -9.726  -41.589  82.645 0.0000000000
108472  -7.949  -41.619  83.050 0.0000000000
34674  -6.390  -41.508  82.069 0.0000000000
33797  -5.781  -41.919  82.283 0.0000000000
32989  -5.728  -42.441  82.550 0.0000000000
32995  -4.943  -42.902  82.372 0.0000000000
32132  -5.867  -43.363  82.613 0.0000000000
32133  -6.671  -44.347  82.385 0.0000000000
53740  -37.890  -20.671  69.387 0.0000000000
53730  -38.119  -20.239  70.162 0.0000000000
54642  -37.720  -19.704  69.485 0.0000000000
129553  -37.523  -19.331  68.947 0.0000000000
114958  -36.917  -19.297  65.883 0.0000000000
54683  -36.993  -19.310  66.712 0.0000000000
55604  -38.872  -18.068  67.094 0.0000000000
56613  -39.439  -17.651  67.466 0.0000000000
56627  -39.600  -17.848  66.709 0.0000000000
56643  -39.850  -18.014  65.935 0.0000000000
54695  -38.957  -19.091  64.122 0.0000000000
52973  -36.060  -20.955  60.868 0.0000000000
52974  -36.702  -21.468  60.386 0.0000000000
52996  -37.278  -21.920  59.781 0.0000000000
109725  -36.247  -22.528  56.968 0.0000000000
126981  -17.507  -33.345  76.698 0.0000000000
45429  -18.823  -29.043  79.585 0.0000000000
116500  -18.194  -29.630  79.218 0.0000000000
45581  -23.205  -29.627  67.682 0.0000000000
45568  -22.898  -29.463  68.658 0.0000000000
45557  -22.655  -29.403  69.494 0.0000000000
45548  -22.279  -29.403  70.352 0.0000000000
45538  -23.525  -29.562  71.393 0.0000000000
111386  -23.720  -29.639  72.022 0.0000000000
117065  -27.316  -31.405  67.644 0.0000000000
43794  -27.078  -31.368  68.284 0.0000000000
43795  -27.650  -31.399  68.999 0.0000000000
43774  -27.643  -31.376  70.612 0.0000000000
43742  -27.975  -31.270  73.810 0.0000000000
43721  -28.028  -31.200  74.941 0.0000000000
44651  -27.257  -30.916  74.248 0.0000000000
108909  -26.000  -30.336  74.176 0.0000000000
44650  -26.616  -30.589  74.639 0.0000000000
44635  -25.959  -30.322  75.958 0.0000000000
44619  -25.795  -30.311  76.807 0.0000000000
44603  -26.423  -30.460  77.475 0.0000000000
44591  -27.010  -30.301  78.170 0.0000000000
45450  -27.287  -29.550  78.760 0.0000000000
35616  -18.935  -40.603  75.450 0.0000000000
129232  -17.669  -40.887  74.558 0.0000000000
35615  -18.368  -41.042  75.473 0.0000000000
35614  -17.561  -41.118  75.210 0.0000000000
35613  -16.535  -41.000  75.225 0.0000000000
35629  -15.068  -40.597  74.508 0.0000000000
115254  -16.035  -40.985  75.911 0.0000000000
35598  -16.336  -41.056  76.633 0.0000000000
110544  -16.640  -40.922  77.499 0.0000000000
35569  -15.802  -40.470  78.056 0.0000000000
54799  -38.090  -18.885  54.841 0.0000000000
55741  -38.448  -18.545  55.372 0.0000000000
55732  -39.428  -17.921  56.535 0.0000000000
57785  -40.691  -15.889  57.028 0.0000000000
57773  -40.636  -16.649  57.581 0.0000000000
58756  -41.486  -15.851  58.458 0.0000000000
57732  -42.909  -16.297  60.208 0.0000000000
58736  -43.985  -14.869  61.194 0.0000000000
125032  -42.902  -14.198  55.336 0.0000000000
59709  -43.185  -13.839  55.699 0.0000000000
121554  -48.429  -11.518  48.509 0.0000000000
121553  -49.248  -11.327  48.412 0.0000000000
118095  -50.820  -10.376  47.267 0.0000000000
116762  -52.243  -11.407  48.958 0.0000000000
62251  -52.485  -11.001  48.175 0.0000000000
62252  -53.543  -11.009  47.981 0.0000000000
64589  -52.284  -8.298  44.656 0.0000000000
63033  -55.867  -10.512  46.743 0.0000000000
63043  -57.081  -10.543  44.239 0.0000000000
49273  -36.215  -25.114  68.521 0.0000000000
50209  -36.829  -24.596  68.956 0.0000000000
49297  -35.656  -25.556  66.471 0.0000000000
49310  -34.993  -25.832  65.100 0.0000000000
49320  -34.703  -25.542  64.220 0.0000000000
40976  -18.772  -34.783  70.654 0.0000000000
114095  -19.628  -32.868  69.672 0.0000000000
43781  -19.997  -31.386  69.313 0.0000000000
128623  -31.041  -30.453  64.998 0.0000000000
45593  -32.569  -29.526  66.856 0.0000000000
45582  -32.321  -29.700  67.649 0.0000000000
45571  -33.314  -29.244  68.569 0.0000000000
46400  -33.799  -28.780  69.945 0.0000000000
46401  -34.143  -28.208  70.417 0.0000000000
46414  -34.232  -28.255  69.477 0.0000000000
47305  -34.795  -26.853  69.680 0.0000000000
47330  -34.574  -27.702  68.175 0.0000000000
127276  -34.680  -27.254  68.504 0.0000000000
48231  -35.197  -26.204  69.372 0.0000000000
49260  -35.654  -25.618  68.991 0.0000000000
53827  -40.636  -20.700  61.266 0.0000000000
53813  -41.085  -20.294  61.878 0.0000000000
53828  -41.818  -20.557  60.693 0.0000000000
52999  -40.413  -21.184  59.448 0.0000000000
52978  -41.104  -20.894  59.719 0.0000000000
53840  -41.805  -20.571  60.027 0.0000000000
53852  -42.342  -20.096  59.771 0.0000000000
54750  -41.913  -19.626  59.287 0.0000000000
61415  -44.485  -12.698  50.975 0.0000000000
62166  -45.689  -11.286  51.960 0.0000000000
61396  -47.157  -11.802  54.006 0.0000000000
64526  -50.678  -7.491  53.696 0.0000000000
64543  -51.960  -7.519  51.935 0.0000000000
119993  -52.432  -7.988  51.608 0.0000000000
35644  -9.007  -40.537  73.332 0.0000000000
35642  -7.669  -40.931  73.929 0.0000000000
34728  -7.526  -41.463  75.531 0.0000000000
52913  -36.387  -21.109  66.623 0.0000000000
53757  -36.737  -20.519  67.160 0.0000000000
52912  -35.783  -20.819  66.019 0.0000000000
53779  -35.872  -20.062  65.855 0.0000000000
54688  -35.836  -19.824  65.065 0.0000000000
53788  -36.403  -19.606  64.389 0.0000000000
53809  -36.253  -20.234  62.328 0.0000000000
53822  -35.371  -20.685  61.415 0.0000000000
111273  -34.852  -22.280  58.161 0.0000000000
126411  -18.411  -30.855  75.358 0.0000000000
43714  -18.179  -31.092  76.189 0.0000000000
110238  -19.832  -29.260  76.624 0.0000000000
45457  -19.680  -29.021  77.572 0.0000000000
46308  -19.739  -28.646  79.329 0.0000000000
46292  -22.240  -28.651  79.871 0.0000000000
45592  -23.102  -29.611  66.661 0.0000000000
43753  -30.109  -31.155  71.933 0.0000000000
43764  -29.275  -31.333  71.690 0.0000000000
43752  -29.624  -31.316  72.431 0.0000000000
43744  -29.531  -31.348  73.306 0.0000000000
43732  -29.848  -31.280  74.335 0.0000000000
44652  -30.944  -30.848  74.758 0.0000000000
43723  -30.271  -31.120  75.055 0.0000000000
43722  -29.285  -31.199  75.443 0.0000000000
44622  -29.062  -30.915  76.588 0.0000000000
111826  -28.848  -30.549  77.385 0.0000000000
44593  -28.504  -30.073  78.052 0.0000000000
45463  -29.250  -29.895  77.761 0.0000000000
46313  -29.179  -28.315  78.636 0.0000000000
46300  -29.474  -27.749  78.994 0.0000000000
128089  -30.340  -27.642  78.300 0.0000000000
47159  -30.175  -27.457  79.110 0.0000000000
47136  -30.646  -27.857  80.565 0.0000000000
36506  -18.087  -39.550  72.380 0.0000000000
36495  -18.724  -39.732  74.066 0.0000000000
37361  -19.287  -39.200  75.682 0.0000000000
36490  -19.293  -39.948  75.500 0.0000000000
35573  -19.688  -40.465  78.431 0.0000000000
35562  -20.136  -40.066  78.644 0.0000000000
37329  -20.375  -38.773  79.817 0.0000000000
37328  -19.940  -38.400  79.318 0.0000000000
38150  -20.073  -37.953  80.302 0.0000000000
57803  -38.585  -16.729  54.321 0.0000000000
56769  -38.507  -17.168  54.852 0.0000000000
112522  -39.444  -16.512  55.444 0.0000000000
57795  -40.106  -15.876  55.451 0.0000000000
125771  -41.116  -15.367  57.162 0.0000000000
58763  -41.453  -15.166  57.715 0.0000000000
58757  -41.905  -14.865  58.507 0.0000000000
63789  -48.149  -9.587  46.323 0.0000000000
63790  -49.027  -9.597  46.248 0.0000000000
63809  -54.382  -9.658  44.429 0.0000000000
129282  -54.805  -10.127  44.820 0.0000000000
64595  -54.591  -8.745  43.280 0.0000000000
63813  -55.885  -9.494  43.694 0.0000000000
35594  -12.796  -40.572  76.960 0.0000000000
35593  -11.866  -40.682  76.767 0.0000000000
110039  -12.851  -40.398  77.831 0.0000000000
35556  -13.255  -39.741  79.209 0.0000000000
117229  -13.306  -39.436  81.999 0.0000000000
125238  -38.594  -20.783  70.783 0.0000000000
52878  -38.609  -21.682  70.734 0.0000000000
116006  -38.415  -21.236  70.052 0.0000000000
111414  -37.552  -21.743  67.969 0.0000000000
50217  -36.802  -24.510  67.988 0.0000000000
125847  -37.339  -23.771  67.824 0.0000000000
50237  -36.318  -24.406  66.697 0.0000000000
51171  -37.111  -23.315  67.204 0.0000000000
52040  -36.630  -22.702  66.686 0.0000000000
126267  -36.661  -21.882  66.799 0.0000000000
124983  -34.475  -22.155  64.510 0.0000000000
113119  -34.524  -22.981  64.172 0.0000000000
118406  -34.183  -22.669  63.435 0.0000000000
52076  -34.181  -21.999  63.866 0.0000000000
51228  -33.754  -22.246  62.139 0.0000000000
51244  -33.388  -22.457  61.369 0.0000000000
39003  -17.524  -36.270  77.128 0.0000000000
39921  -17.625  -35.257  75.943 0.0000000000
40878  -17.532  -34.646  76.496 0.0000000000
40892  -17.946  -34.391  74.965 0.0000000000
41891  -17.692  -33.869  76.244 0.0000000000
42846  -18.018  -32.742  75.197 0.0000000000
41955  -18.841  -33.854  71.708 0.0000000000
41940  -18.743  -33.608  72.521 0.0000000000
42869  -18.930  -32.794  72.726 0.0000000000
108857  -18.629  -33.323  73.199 0.0000000000
42863  -18.648  -32.594  73.642 0.0000000000
42855  -18.436  -32.129  74.508 0.0000000000
44647  -18.745  -30.286  74.910 0.0000000000
45486  -19.715  -29.548  74.752 0.0000000000
125569  -19.764  -29.735  73.029 0.0000000000
45501  -19.701  -29.608  73.873 0.0000000000
45503  -21.118  -29.381  74.581 0.0000000000
108795  -22.036  -29.374  74.928 0.0000000000
43830  -27.414  -31.528  65.494 0.0000000000
43820  -27.666  -31.448  66.403 0.0000000000
43808  -27.856  -31.420  67.215 0.0000000000
114455  -27.956  -31.435  68.060 0.0000000000
43796  -28.413  -31.440  68.696 0.0000000000
43785  -29.310  -31.334  69.766 0.0000000000
43823  -29.881  -30.971  66.753 0.0000000000
43811  -30.127  -30.934  67.381 0.0000000000
44726  -31.162  -30.445  68.269 0.0000000000
119717  -30.396  -30.865  68.126 0.0000000000
43798  -29.919  -31.198  68.759 0.0000000000
43777  -30.141  -31.108  70.246 0.0000000000
43765  -30.086  -31.114  71.148 0.0000000000
122738  -30.488  -30.989  71.581 0.0000000000
44676  -30.903  -30.879  72.070 0.0000000000
44664  -31.733  -30.440  73.245 0.0000000000
44678  -32.269  -30.049  72.686 0.0000000000
44665  -32.294  -29.966  73.433 0.0000000000
44653  -32.377  -29.792  74.125 0.0000000000
45494  -32.417  -29.503  74.847 0.0000000000
46351  -32.854  -28.802  75.001 0.0000000000
47212  -32.898  -27.634  75.687 0.0000000000
47200  -33.037  -27.042  76.051 0.0000000000
47213  -33.432  -27.411  75.367 0.0000000000
48174  -33.700  -26.719  75.707 0.0000000000
48175  -34.380  -26.340  75.263 0.0000000000
47228  -34.323  -27.586  74.164 0.0000000000
111933  -34.549  -26.883  74.525 0.0000000000
49187  -34.868  -25.570  75.227 0.0000000000
49201  -35.930  -24.519  74.256 0.0000000000
47291  -34.486  -27.553  70.972 0.0000000000
126428  -35.706  -26.432  72.679 0.0000000000
48209  -35.983  -25.947  71.362 0.0000000000
51091  -36.339  -23.684  74.164 0.0000000000
119346  -37.470  -23.225  72.515 0.0000000000
36527  -18.167  -39.059  71.664 0.0000000000
37373  -18.577  -38.446  73.055 0.0000000000
109891  -18.633  -38.060  73.744 0.0000000000
38196  -18.504  -37.716  73.254 0.0000000000
112241  -43.198  -16.228  66.054 0.0000000000
56648  -43.969  -17.057  65.120 0.0000000000
128863  -45.130  -16.554  65.658 0.0000000000
54705  -43.068  -19.462  62.986 0.0000000000
54722  -43.559  -19.778  62.186 0.0000000000
54706  -44.017  -19.463  62.873 0.0000000000
55668  -44.442  -19.068  63.537 0.0000000000
55654  -45.675  -18.638  64.161 0.0000000000
58806  -43.175  -15.036  52.456 0.0000000000
32148  -2.553  -44.647  79.110 0.0000000000
53045  -36.952  -20.855  54.917 0.0000000000
53893  -37.142  -20.216  54.573 0.0000000000
54807  -36.859  -19.756  53.995 0.0000000000
110263  -37.220  -18.769  53.759 0.0000000000
55761  -37.673  -17.865  54.031 0.0000000000
56777  -37.692  -17.110  53.639 0.0000000000
56785  -37.213  -16.884  53.061 0.0000000000
57823  -38.902  -16.451  52.979 0.0000000000
127856  -39.546  -16.418  52.634 0.0000000000
57840  -41.001  -16.307  51.787 0.0000000000
57852  -40.900  -16.227  50.971 0.0000000000
108330  -41.563  -15.926  51.269 0.0000000000
129879  -42.412  -14.938  50.543 0.0000000000
60698  -41.737  -13.099  47.690 0.0000000000
60688  -43.059  -13.249  48.383 0.0000000000
115326  -44.598  -12.676  50.141 0.0000000000
120312  -46.955  -11.295  50.706 0.0000000000
62246  -47.079  -11.470  48.012 0.0000000000
111053  -46.352  -9.797  46.497 0.0000000000
35592  -11.063  -40.879  76.602 0.0000000000
125682  -10.206  -41.136  76.549 0.0000000000
35564  -10.479  -40.600  78.920 0.0000000000
35577  -10.026  -41.125  77.441 0.0000000000
123887  -9.532  -41.300  76.964 0.0000000000
34718  -8.842  -41.408  76.838 0.0000000000
34717  -7.453  -41.630  77.056 0.0000000000
109946  -11.081  -40.709  82.371 0.0000000000
35535  -10.023  -40.554  82.167 0.0000000000
116890  -9.400  -40.418  81.550 0.0000000000
35522  -9.218  -40.806  82.587 0.0000000000
124074  -8.698  -40.574  81.722 0.0000000000
122651  -7.908  -41.320  79.312 0.0000000000
34708  -7.490  -41.645  77.734 0.0000000000
34707  -6.919  -41.820  77.565 0.0000000000
33850  -6.189  -42.236  77.377 0.0000000000
124038  -5.447  -42.070  80.319 0.0000000000
33839  -5.006  -42.856  78.715 0.0000000000
32149  -2.858  -44.074  80.054 0.0000000000
32145  -2.680  -44.494  80.631 0.0000000000
32135  -2.998  -44.605  81.236 0.0000000000
115973  -4.163  -43.563  82.001 0.0000000000
32136  -3.774  -44.461  81.747 0.0000000000
59541  -43.114  -14.296  69.291 0.0000000000
58637  -43.291  -14.675  68.303 0.0000000000
55519  -37.902  -18.192  73.040 0.0000000000
54616  -38.031  -18.958  71.380 0.0000000000
53758  -36.982  -19.967  67.806 0.0000000000
54655  -37.359  -19.382  68.296 0.0000000000
55584  -37.625  -18.797  68.785 0.0000000000
55602  -37.591  -18.810  67.986 0.0000000000
55562  -37.876  -18.328  69.352 0.0000000000
56578  -38.279  -17.888  69.157 0.0000000000
56562  -38.828  -17.170  70.250 0.0000000000
57601  -40.406  -16.531  69.154 0.0000000000
57620  -40.830  -16.596  68.421 0.0000000000
108308  -41.289  -16.200  68.837 0.0000000000
114203  -41.452  -16.410  67.988 0.0000000000
57634  -42.192  -16.121  67.495 0.0000000000
57646  -42.543  -16.321  66.561 0.0000000000
56630  -41.926  -16.885  66.033 0.0000000000
55633  -40.167  -18.248  65.110 0.0000000000
55634  -41.009  -17.936  65.005 0.0000000000
55664  -40.684  -18.697  63.959 0.0000000000
54717  -38.583  -19.715  62.836 0.0000000000
53810  -38.040  -20.189  62.097 0.0000000000
53812  -40.111  -20.211  62.042 0.0000000000
52997  -38.661  -21.900  59.104 0.0000000000
52124  -37.764  -22.171  59.024 0.0000000000
52134  -38.233  -22.022  58.522 0.0000000000
52148  -38.139  -21.842  57.816 0.0000000000
126875  -36.776  -21.505  55.243 0.0000000000
52120  -32.756  -21.779  59.820 0.0000000000
125039  -33.319  -21.691  58.880 0.0000000000
122622  -33.974  -22.784  56.106 0.0000000000
109754  -35.318  -22.574  57.188 0.0000000000
52162  -35.617  -22.607  56.338 0.0000000000
52182  -35.763  -22.480  55.572 0.0000000000
110468  -34.342  -22.364  54.029 0.0000000000
52183  -36.361  -22.049  55.330 0.0000000000
39891  -17.256  -35.537  77.708 0.0000000000
39872  -17.042  -35.585  78.695 0.0000000000
116398  -17.044  -34.007  77.896 0.0000000000
43701  -17.494  -31.444  77.840 0.0000000000
43793  -20.277  -31.290  68.579 0.0000000000
45535  -20.640  -29.780  70.690 0.0000000000
115969  -21.418  -29.475  71.920 0.0000000000
45537  -22.099  -29.401  71.334 0.0000000000
123759  -21.418  -29.435  72.571 0.0000000000
109178  -22.698  -29.400  74.211 0.0000000000
108702  -22.919  -29.377  74.990 0.0000000000
44736  -25.590  -31.014  67.587 0.0000000000
43807  -26.573  -31.299  67.620 0.0000000000
44724  -25.377  -30.788  68.561 0.0000000000
108645  -24.904  -30.456  69.127 0.0000000000
44710  -24.861  -30.266  69.928 0.0000000000
43763  -28.656  -31.395  71.196 0.0000000000
43762  -27.921  -31.392  71.245 0.0000000000
43761  -27.061  -31.233  71.193 0.0000000000
43750  -27.394  -31.234  72.105 0.0000000000
128672  -25.824  -30.685  70.923 0.0000000000
126182  -25.203  -30.336  70.773 0.0000000000
119747  -24.842  -30.075  71.416 0.0000000000
44685  -24.484  -29.874  72.090 0.0000000000
44660  -25.414  -30.110  73.576 0.0000000000
109277  -24.415  -29.652  73.772 0.0000000000
45490  -23.714  -29.461  75.218 0.0000000000
45489  -22.984  -29.413  75.790 0.0000000000
45447  -24.632  -29.660  78.709 0.0000000000
44602  -25.607  -30.215  77.671 0.0000000000
45451  -28.064  -29.363  78.592 0.0000000000
45435  -27.666  -28.691  79.282 0.0000000000
35651  -16.388  -40.586  73.497 0.0000000000
35648  -13.075  -40.493  73.217 0.0000000000
35628  -14.149  -40.524  74.566 0.0000000000
109773  -12.808  -40.486  73.984 0.0000000000
124306  -12.596  -40.496  74.627 0.0000000000
115296  -12.875  -40.523  75.290 0.0000000000
35595  -13.618  -40.548  76.821 0.0000000000
35568  -14.560  -40.171  78.242 0.0000000000
53869  -38.875  -20.040  57.209 0.0000000000
53871  -39.863  -19.735  58.078 0.0000000000
114176  -40.480  -19.366  58.455 0.0000000000
54751  -42.709  -19.348  59.712 0.0000000000
129655  -38.944  -17.564  55.661 0.0000000000
55733  -39.796  -17.808  57.093 0.0000000000
55725  -40.047  -18.045  57.735 0.0000000000
55706  -42.059  -18.464  59.416 0.0000000000
55707  -43.022  -18.495  59.817 0.0000000000
55698  -43.831  -18.322  60.203 0.0000000000
56709  -44.508  -17.729  60.460 0.0000000000
57734  -45.071  -17.140  60.817 0.0000000000
59708  -42.354  -14.194  55.733 0.0000000000
59707  -41.538  -14.613  56.030 0.0000000000
59692  -41.920  -14.382  57.473 0.0000000000
59673  -42.495  -14.327  58.809 0.0000000000
59674  -42.895  -14.147  59.437 0.0000000000
59660  -43.391  -13.885  60.329 0.0000000000
59661  -43.674  -14.068  61.104 0.0000000000
62177  -48.716  -10.421  51.259 0.0000000000
62178  -49.674  -10.609  51.216 0.0000000000
62191  -49.327  -11.312  50.762 0.0000000000
62973  -51.289  -9.725  51.404 0.0000000000
123673  -52.368  -10.111  51.375 0.0000000000
129079  -49.432  -10.855  47.803 0.0000000000
62180  -51.855  -10.840  51.254 0.0000000000
62974  -53.311  -9.412  51.195 0.0000000000
62975  -54.356  -9.498  50.574 0.0000000000
62984  -54.977  -9.563  49.971 0.0000000000
62985  -55.571  -9.769  49.748 0.0000000000
62235  -55.375  -10.431  48.495 0.0000000000
63037  -55.999  -10.438  45.739 0.0000000000
33793  -6.396  -42.000  82.775 0.0000000000
33796  -5.139  -42.287  82.059 0.0000000000
33825  -5.792  -42.249  79.194 0.0000000000
33853  -5.483  -42.504  76.267 0.0000000000
34662  -7.112  -41.592  82.654 0.0000000000
34666  -12.015  -40.528  82.139 0.0000000000
34676  -8.162  -40.880  82.374 0.0000000000
34696  -7.020  -41.464  79.792 0.0000000000
34698  -9.588  -40.757  79.321 0.0000000000
34703  -7.761  -41.534  78.342 0.0000000000
34704  -8.511  -41.341  78.430 0.0000000000
34730  -9.120  -41.238  75.552 0.0000000000
35524  -10.458  -40.805  82.470 0.0000000000
35540  -8.819  -40.553  80.831 0.0000000000
35542  -10.963  -39.918  80.621 0.0000000000
35552  -9.027  -40.784  79.964 0.0000000000
35567  -13.348  -40.167  78.360 0.0000000000
35570  -16.584  -40.535  78.512 0.0000000000
35580  -13.476  -40.407  77.549 0.0000000000
35597  -15.013  -40.644  76.802 0.0000000000
35633  -18.897  -40.186  74.773 0.0000000000
35645  -9.915  -40.508  73.330 0.0000000000
35673  -13.316  -40.446  72.374 0.0000000000
36427  -13.962  -39.736  82.403 0.0000000000
36460  -12.108  -39.582  80.326 0.0000000000
40001  -18.669  -35.585  70.535 0.0000000000
40891  -17.769  -34.479  75.732 0.0000000000
43743  -28.643  -31.396  73.331 0.0000000000
43786  -30.056  -31.167  69.409 0.0000000000
43797  -29.169  -31.381  68.865 0.0000000000
44621  -27.595  -30.804  76.600 0.0000000000
44638  -30.749  -30.740  75.522 0.0000000000
44688  -30.882  -30.818  71.190 0.0000000000
44690  -32.273  -30.077  71.869 0.0000000000
44701  -30.997  -30.718  70.371 0.0000000000
44702  -31.807  -30.231  70.256 0.0000000000
44712  -26.369  -31.072  69.750 0.0000000000
45462  -24.223  -29.690  77.797 0.0000000000
45604  -32.052  -29.754  66.201 0.0000000000
46323  -30.258  -28.215  77.811 0.0000000000
47148  -29.653  -27.746  79.788 0.0000000000
47149  -30.482  -27.585  80.148 0.0000000000
47170  -30.803  -27.614  77.818 0.0000000000
47318  -34.822  -26.796  68.848 0.0000000000
48190  -36.066  -25.871  72.958 0.0000000000
50192  -37.191  -24.452  71.977 0.0000000000
51160  -38.309  -22.407  69.256 0.0000000000
52959  -33.981  -21.345  61.425 0.0000000000
53892  -36.581  -20.552  54.273 0.0000000000
54701  -39.483  -19.227  63.564 0.0000000000
55617  -39.053  -18.231  66.258 0.0000000000
57745  -42.247  -16.616  59.707 0.0000000000
112861  -41.139  -20.883  60.450 0.0000000000
115528  -18.223  -37.275  73.935 0.0000000000
117639  -52.323  -8.975  51.445 0.0000000000
118201  -18.355  -40.798  74.889 0.0000000000
120689  -28.372  -30.835  76.850 0.0000000000
122611  -31.665  -30.076  67.743 0.0000000000
124041  -15.640  -40.858  76.490 0.0000000000
124413  -30.103  -30.483  76.729 0.0000000000
124807  -31.451  -30.539  74.502 0.0000000000
125140  -20.483  -29.238  76.557 0.0000000000
125322  -14.760  -40.464  72.449 0.0000000000
126033  -10.668  -40.969  77.190 0.0000000000
126050  -36.269  -19.649  65.673 0.0000000000
126528  -17.143  -40.742  74.045 0.0000000000
127302  -26.822  -31.041  71.817 0.0000000000
127323  -27.113  -30.750  76.104 0.0000000000
127801  -33.195  -29.239  71.264 0.0000000000
128229  -7.576  -41.197  82.508 0.0000000000
129443  -37.571  -23.130  67.726 0.0000000000
129621  -43.059  -12.887  47.941 0.0000000000
130085  -38.511  -20.437  71.428 0.0000000000
