#!ascii label  , from subject sub-v1s23x0050559_ses-1 vox2ras=TkReg
1635
22206  -21.729  -55.928  3.381 0.5000000000
23077  -22.021  -55.316  3.737 0.4000000060
23069  -22.606  -56.014  4.136 0.6000000238
23950  -22.086  -54.408  3.881 0.6000000238
24835  -23.184  -53.482  2.999 0.6000000238
23958  -22.139  -54.180  3.175 0.5000000000
24836  -24.226  -53.240  2.847 0.6000000238
23941  -22.676  -55.066  4.174 0.6999999881
24820  -22.253  -53.838  3.959 0.6999999881
24834  -22.512  -53.741  3.212 0.6999999881
117266  -23.458  -52.864  3.275 0.6999999881
25680  -25.721  -52.584  2.747 0.5000000000
26547  -25.111  -52.076  3.044 0.6999999881
24837  -25.335  -53.333  2.650 0.5000000000
18757  -21.408  -60.552  13.443 0.5000000000
23942  -23.572  -54.820  4.488 0.6999999881
119706  -22.754  -53.544  4.242 0.6999999881
24826  -22.858  -53.101  3.670 0.6999999881
25656  -23.170  -52.206  4.143 0.6999999881
26546  -23.800  -51.562  3.664 0.6999999881
24821  -22.703  -53.109  3.997 0.6999999881
26536  -23.345  -51.459  3.999 0.6999999881
26548  -25.999  -51.713  2.865 0.6000000238
21279  -26.592  -57.508  6.503 0.6999999881
22198  -27.074  -56.130  5.837 0.6999999881
127470  -24.180  -55.302  4.560 0.6999999881
23943  -24.545  -54.739  4.727 0.6999999881
19515  -21.110  -59.865  13.035 0.6000000238
18774  -19.363  -60.164  12.714 0.4000000060
110580  -23.609  -53.849  4.621 0.6999999881
25678  -24.142  -52.330  3.232 0.6999999881
117107  -25.173  -51.329  3.209 0.6999999881
27412  -25.057  -50.437  3.424 0.6999999881
115216  -27.382  -51.085  2.700 0.6000000238
21265  -27.330  -57.288  7.621 0.6999999881
21280  -27.204  -57.092  6.791 0.6999999881
23072  -26.447  -55.829  5.373 0.6999999881
22187  -27.511  -56.420  6.413 0.6999999881
115679  -27.810  -56.690  7.156 0.6999999881
120092  -22.732  -58.889  13.430 0.6000000238
23945  -26.583  -55.006  5.424 0.6999999881
24814  -24.743  -53.734  4.915 0.6999999881
23944  -25.963  -55.128  5.137 0.6999999881
23073  -27.117  -55.311  5.732 0.6999999881
23065  -27.678  -55.643  6.189 0.6999999881
19532  -19.724  -59.550  12.261 0.5000000000
18775  -20.166  -60.021  12.861 0.5000000000
26529  -23.356  -51.438  4.029 0.6999999881
25657  -24.009  -52.420  4.648 0.6999999881
23937  -27.721  -54.792  6.089 0.6999999881
19531  -18.944  -59.749  12.049 0.4000000060
27402  -23.697  -50.849  3.961 0.6999999881
118780  -26.214  -54.322  5.348 0.6999999881
23946  -27.027  -54.344  5.717 0.6999999881
18794  -18.128  -59.973  11.866 0.4000000060
26522  -23.887  -51.564  4.488 0.6999999881
24816  -26.510  -53.515  5.618 0.6999999881
24817  -27.200  -53.443  5.973 0.6999999881
128431  -24.527  -51.674  3.332 0.6999999881
27390  -23.610  -50.818  4.053 0.6999999881
26517  -26.053  -50.957  5.663 0.6999999881
26524  -26.151  -51.751  5.632 0.6999999881
27413  -25.774  -50.942  3.103 0.6999999881
117434  -25.406  -51.377  5.382 0.6999999881
27415  -27.416  -50.276  2.797 0.6000000238
28317  -26.169  -49.545  3.235 0.6999999881
28316  -25.402  -49.642  3.490 0.6999999881
30222  -29.619  -47.690  3.051 0.5000000000
29240  -29.607  -48.407  2.975 0.5000000000
28313  -31.315  -49.548  3.899 0.4000000060
29242  -30.783  -48.907  3.748 0.5000000000
23049  -28.708  -55.469  7.291 0.6999999881
114269  -23.732  -57.428  13.874 0.6000000238
122729  -25.665  -53.552  5.267 0.6999999881
19534  -21.202  -59.085  12.718 0.5000000000
23938  -28.242  -54.150  6.589 0.6999999881
27383  -23.862  -50.777  4.314 0.6999999881
112584  -24.749  -51.867  5.029 0.6999999881
27403  -24.188  -50.311  3.845 0.6999999881
28295  -24.706  -49.452  4.989 0.6999999881
116452  -28.076  -47.724  2.732 0.6999999881
117579  -26.617  -50.080  3.025 0.6999999881
29251  -28.216  -48.387  2.733 0.6999999881
119429  -27.589  -48.852  2.839 0.6999999881
29252  -28.902  -47.855  2.778 0.6999999881
22111  -27.678  -56.743  12.567 0.6999999881
22125  -28.214  -56.590  11.847 0.6999999881
22140  -28.930  -56.177  10.557 0.8000000119
116195  -29.387  -55.735  10.236 0.8000000119
21192  -27.061  -56.891  13.133 0.6000000238
128880  -28.189  -56.279  12.620 0.6000000238
22147  -29.028  -56.152  9.766 0.8000000119
21191  -26.257  -57.248  13.515 0.6000000238
22092  -25.840  -56.389  13.837 0.6000000238
23036  -28.963  -55.784  8.112 0.6999999881
115433  -24.720  -57.724  13.889 0.6000000238
21190  -25.303  -57.098  13.901 0.6000000238
20336  -22.409  -58.247  13.330 0.6000000238
21189  -22.862  -57.518  13.581 0.6000000238
23925  -28.824  -54.605  7.156 0.6999999881
20353  -20.816  -58.658  12.243 0.5000000000
20335  -21.596  -58.262  12.807 0.6000000238
23050  -29.261  -54.958  7.865 0.6999999881
24808  -27.793  -53.337  6.412 0.6999999881
120853  -24.195  -49.888  4.099 0.6999999881
26523  -24.568  -50.893  5.016 0.6999999881
26525  -26.810  -52.181  5.906 0.6999999881
129561  -26.766  -48.049  3.211 0.8000000119
116157  -26.381  -48.936  3.278 0.6999999881
28302  -24.361  -49.583  4.421 0.6999999881
26518  -26.916  -51.276  5.989 0.6999999881
30230  -27.474  -47.229  2.813 0.8000000119
29247  -25.058  -49.125  3.846 0.6999999881
29229  -24.757  -48.925  4.661 0.6999999881
29241  -30.282  -48.065  3.469 0.5000000000
126456  -31.397  -48.868  4.284 0.5000000000
29231  -31.088  -48.154  4.194 0.5000000000
28303  -31.944  -49.304  4.513 0.4000000060
22095  -28.445  -55.741  12.952 0.6000000238
22126  -28.859  -56.109  11.400 0.6999999881
22994  -29.394  -55.506  11.833 0.8000000119
23007  -29.422  -55.661  10.955 0.8999999762
22093  -26.775  -56.336  13.572 0.6000000238
23008  -29.899  -55.122  10.435 0.8000000119
23021  -29.541  -55.456  9.522 0.8000000119
23904  -29.749  -54.491  8.631 0.8000000119
123313  -24.864  -56.306  14.009 0.6000000238
22091  -23.818  -56.346  13.853 0.6000000238
21206  -21.063  -57.889  12.052 0.6000000238
21188  -22.217  -57.502  13.183 0.6000000238
126599  -22.651  -56.958  13.436 0.6000000238
23926  -29.349  -53.966  7.770 0.6999999881
19548  -20.070  -58.926  11.893 0.5000000000
25649  -28.515  -52.424  7.188 0.6999999881
25650  -29.057  -52.308  7.765 0.6999999881
20364  -18.961  -58.734  10.919 0.5000000000
20365  -19.707  -58.536  11.235 0.5000000000
25653  -27.946  -52.555  6.648 0.6999999881
25652  -27.348  -52.705  6.192 0.6999999881
30229  -26.641  -47.428  3.272 0.8000000119
29248  -25.700  -48.945  3.553 0.8000000119
130197  -24.693  -49.169  4.175 0.6999999881
29215  -25.166  -48.860  5.130 0.6999999881
27377  -25.800  -50.216  5.583 0.6999999881
29239  -25.330  -48.425  3.996 0.6999999881
121233  -28.015  -55.362  13.386 0.6999999881
22960  -28.831  -55.033  13.137 0.6999999881
22980  -29.024  -55.481  12.567 0.6999999881
22981  -29.980  -54.856  11.835 0.8000000119
23865  -30.298  -54.629  11.136 0.8000000119
113936  -27.222  -55.562  13.591 0.6999999881
23854  -30.044  -54.384  12.451 0.8000000119
24759  -30.869  -53.876  11.079 0.8000000119
22959  -26.362  -55.643  13.768 0.6000000238
23883  -30.056  -54.649  9.561 0.8000000119
22958  -25.401  -55.604  13.867 0.6000000238
23905  -30.232  -53.871  9.185 0.6999999881
21207  -21.649  -57.343  12.581 0.6000000238
22089  -22.220  -56.773  13.008 0.6000000238
24800  -29.426  -52.992  8.078 0.8000000119
119754  -29.856  -52.808  8.534 0.6999999881
21217  -20.646  -57.558  11.347 0.6000000238
26508  -29.911  -51.537  8.462 0.8000000119
20379  -19.372  -58.136  10.581 0.4000000060
120202  -27.731  -51.191  6.477 0.6999999881
26513  -28.749  -51.632  7.370 0.6999999881
19556  -17.515  -59.063  10.478 0.4000000060
27379  -27.395  -50.543  6.235 0.6999999881
26519  -28.155  -51.788  6.813 0.6999999881
127656  -25.066  -48.571  4.455 0.8000000119
27378  -26.638  -50.403  5.863 0.6999999881
29202  -25.810  -48.989  5.489 0.6999999881
30231  -28.370  -47.088  2.679 0.8000000119
30232  -29.229  -47.051  2.861 0.6999999881
127846  -32.031  -47.577  4.979 0.5000000000
30213  -30.694  -47.199  3.999 0.5000000000
29216  -33.102  -48.542  5.352 0.4000000060
110280  -28.760  -54.235  13.438 0.6000000238
23836  -29.484  -54.386  13.053 0.6999999881
110889  -30.490  -54.205  11.816 0.8000000119
24760  -31.271  -53.199  11.297 0.8000000119
24765  -30.774  -53.769  10.308 0.8000000119
22957  -24.483  -55.548  13.773 0.6000000238
24766  -31.169  -53.154  10.580 0.8000000119
22956  -23.568  -55.431  13.364 0.6000000238
25628  -30.675  -52.404  9.408 0.8000000119
21218  -21.200  -57.110  11.819 0.6000000238
22110  -22.359  -56.074  12.650 0.6000000238
26514  -29.321  -51.540  7.944 0.8999999762
25643  -30.156  -52.246  8.779 0.8000000119
27372  -28.511  -50.269  6.901 0.8000000119
27373  -29.078  -50.776  7.461 0.8000000119
21216  -20.048  -57.921  10.936 0.5000000000
29205  -28.152  -48.451  6.496 0.8000000119
27380  -27.989  -50.599  6.592 0.6999999881
21230  -19.726  -57.609  10.396 0.4000000060
31185  -26.807  -46.599  2.978 0.8000000119
30221  -25.945  -47.416  3.933 0.8000000119
30211  -25.485  -47.916  4.462 0.8000000119
30187  -25.725  -48.351  5.287 0.8000000119
28287  -27.173  -49.820  6.076 0.6999999881
31186  -27.670  -46.449  2.598 0.8000000119
29230  -25.186  -48.318  4.856 0.8000000119
28286  -26.354  -49.562  5.735 0.6999999881
30212  -25.853  -47.132  4.539 0.8000000119
31162  -25.997  -46.506  3.991 0.8000000119
31178  -30.235  -46.419  3.477 0.6000000238
31177  -29.600  -46.381  2.971 0.6000000238
112286  -31.290  -46.818  4.509 0.5000000000
23835  -27.999  -54.181  13.612 0.6000000238
129357  -30.463  -53.836  12.400 0.6999999881
23832  -25.941  -54.828  13.714 0.6000000238
24756  -30.592  -53.248  12.732 0.6999999881
25615  -31.466  -52.682  11.699 0.6999999881
23831  -25.063  -54.976  13.693 0.6000000238
23834  -27.256  -54.294  13.644 0.6000000238
24742  -27.575  -53.517  13.627 0.6000000238
24739  -25.246  -54.226  13.331 0.6000000238
25620  -31.542  -52.377  10.585 0.8000000119
22955  -22.876  -55.618  12.948 0.6000000238
23830  -24.419  -54.797  13.366 0.6000000238
26481  -31.953  -51.607  10.660 0.6999999881
22124  -21.439  -56.478  11.376 0.5000000000
26496  -30.618  -51.519  9.023 0.8000000119
129837  -20.652  -56.797  10.583 0.3000000119
28279  -29.915  -49.461  7.653 0.8000000119
113528  -30.230  -50.948  8.553 0.8000000119
28278  -29.143  -49.857  7.275 0.8000000119
30189  -27.494  -47.683  6.114 0.8000000119
31176  -26.309  -46.709  3.545 0.8000000119
29203  -26.441  -48.733  5.707 0.8000000119
29204  -27.217  -48.522  6.053 0.8000000119
28288  -27.865  -49.971  6.485 0.6999999881
30197  -25.688  -47.689  5.036 0.8000000119
31148  -26.048  -46.375  4.726 0.8000000119
31187  -28.707  -46.236  2.615 0.6999999881
31163  -30.838  -46.290  4.114 0.6000000238
118862  -33.332  -46.818  5.529 0.3000000119
125484  -29.390  -52.806  13.534 0.6000000238
126519  -30.116  -52.369  13.411 0.6999999881
25607  -30.598  -52.667  13.080 0.6999999881
26454  -31.484  -51.723  12.609 0.6999999881
24763  -23.427  -53.323  9.718 0.5000000000
126612  -26.600  -54.379  13.626 0.6000000238
24741  -26.808  -53.697  13.568 0.6000000238
112535  -31.818  -52.151  11.276 0.6999999881
22978  -22.702  -55.416  12.051 0.5000000000
23851  -23.821  -54.678  12.702 0.5000000000
110063  -26.083  -53.970  13.479 0.6000000238
27352  -32.421  -50.778  10.736 0.6999999881
23005  -21.524  -55.708  9.859 0.3000000119
22977  -22.025  -55.970  11.757 0.5000000000
27351  -31.846  -50.973  10.011 0.8000000119
28264  -31.932  -49.789  9.220 0.8000000119
114840  -31.230  -51.075  9.403 0.8000000119
125855  -29.212  -49.014  7.126 0.8999999762
29194  -30.535  -48.837  7.836 0.8999999762
28270  -30.610  -49.480  8.143 0.8000000119
28271  -31.172  -49.825  8.703 0.8000000119
21231  -20.303  -57.233  10.625 0.4000000060
30190  -28.373  -47.458  6.520 0.8999999762
128669  -28.738  -48.741  6.816 0.8999999762
29193  -29.882  -48.529  7.378 0.8999999762
32108  -26.862  -45.857  2.659 0.8000000119
30188  -26.510  -47.844  5.613 0.8000000119
120970  -26.991  -49.179  5.966 0.8000000119
32109  -27.815  -45.649  2.400 0.8000000119
32110  -28.624  -45.411  2.511 0.6999999881
114466  -29.911  -45.860  3.148 0.6000000238
32095  -31.837  -45.318  4.899 0.6000000238
30215  -31.969  -46.911  4.998 0.6000000238
25593  -28.637  -52.312  13.632 0.6000000238
26437  -29.449  -51.961  13.580 0.6000000238
25592  -27.782  -52.622  13.623 0.6000000238
26440  -31.243  -51.363  13.054 0.6999999881
112915  -26.961  -52.861  13.502 0.6000000238
27313  -31.695  -51.029  12.693 0.8000000119
23864  -24.110  -54.186  11.810 0.6000000238
23852  -24.553  -54.113  12.652 0.5000000000
25591  -26.244  -53.154  13.264 0.6000000238
26455  -31.925  -51.361  12.180 0.6999999881
28253  -32.878  -49.913  10.824 0.8000000119
23863  -23.066  -54.997  10.959 0.4000000060
27364  -32.377  -50.123  9.949 0.6999999881
115665  -21.784  -55.874  10.797 0.4000000060
30177  -29.890  -47.631  7.258 0.8000000119
29186  -31.695  -48.442  8.398 0.8000000119
31134  -27.741  -46.752  6.137 0.8999999762
29185  -31.160  -49.038  8.307 0.8000000119
120977  -28.526  -46.691  6.536 0.8000000119
119221  -25.896  -45.792  4.151 0.8000000119
32081  -26.295  -45.624  5.028 0.8000000119
30199  -26.963  -47.110  5.740 0.6999999881
111242  -26.132  -45.278  2.841 0.8000000119
30198  -26.246  -47.038  5.223 0.8000000119
109871  -25.799  -45.254  3.536 0.8000000119
32104  -29.897  -45.190  3.137 0.6999999881
32093  -30.406  -45.662  3.624 0.6999999881
33740  -31.698  -43.630  4.444 0.6000000238
32936  -32.329  -44.407  5.006 0.6000000238
33731  -33.212  -44.029  5.121 0.6000000238
117208  -27.079  -52.009  13.448 0.6000000238
126286  -30.204  -50.735  13.537 0.8000000119
26439  -30.767  -51.290  13.333 0.6999999881
26467  -24.278  -51.779  11.897 0.5000000000
25606  -25.595  -52.745  12.737 0.5000000000
27314  -32.280  -50.646  12.104 0.8000000119
27333  -32.565  -50.518  11.379 0.6999999881
25614  -24.668  -52.686  11.599 0.5000000000
24755  -25.135  -53.492  12.676 0.5000000000
28218  -32.306  -49.873  12.352 0.8000000119
120315  -32.885  -49.099  11.614 0.8000000119
24758  -24.372  -53.183  10.956 0.5000000000
28237  -33.051  -49.327  11.175 0.8000000119
114214  -32.925  -49.483  10.122 0.8000000119
28266  -33.142  -48.831  9.793 0.8000000119
28265  -32.539  -49.326  9.459 0.8000000119
28272  -31.895  -49.167  8.815 0.8000000119
113567  -30.554  -48.069  7.645 0.8000000119
30191  -29.212  -47.028  6.879 0.8000000119
29195  -31.261  -47.793  7.969 0.8000000119
31150  -27.623  -45.961  6.020 0.8000000119
31149  -26.836  -46.303  5.542 0.8999999762
119860  -26.978  -45.128  2.379 0.8000000119
32955  -29.151  -44.759  2.650 0.6999999881
32954  -27.987  -44.781  2.243 0.6999999881
32934  -30.528  -44.745  3.724 0.6999999881
33763  -28.569  -43.952  2.353 0.6999999881
130179  -29.884  -44.481  3.106 0.6999999881
33751  -30.261  -43.871  3.415 0.6999999881
33739  -30.933  -43.984  3.983 0.6999999881
127649  -28.773  -49.839  13.589 0.8000000119
123993  -28.728  -51.397  13.619 0.6000000238
27300  -28.871  -50.482  13.609 0.6000000238
27301  -29.520  -49.816  13.594 0.8000000119
29133  -23.788  -48.474  12.988 0.6000000238
28215  -24.149  -49.571  12.996 0.5000000000
26435  -27.080  -51.356  13.458 0.6000000238
112092  -27.350  -50.942  13.509 0.6000000238
125040  -31.312  -49.863  13.199 0.8000000119
30115  -22.335  -47.536  12.430 0.6000000238
29132  -23.010  -48.546  12.694 0.6000000238
115968  -24.494  -47.941  13.182 0.6000000238
27312  -24.797  -50.346  13.018 0.5000000000
26434  -25.959  -51.232  13.094 0.5000000000
31998  -22.285  -45.360  11.573 0.5000000000
116199  -22.755  -45.982  12.110 0.5000000000
129671  -23.533  -47.048  12.653 0.6000000238
121064  -25.267  -50.972  12.973 0.5000000000
120193  -32.516  -49.198  12.201 0.8000000119
29155  -33.224  -48.607  11.164 0.8000000119
31999  -23.653  -45.593  11.931 0.5000000000
26453  -25.451  -51.739  12.768 0.5000000000
32837  -21.944  -44.835  10.939 0.4000000060
126895  -25.084  -52.926  12.124 0.5000000000
29168  -33.405  -48.313  10.353 0.6999999881
30179  -31.515  -47.014  7.950 0.8000000119
29187  -32.655  -48.497  8.956 0.8000000119
29179  -33.325  -48.009  9.500 0.6999999881
31136  -28.979  -46.163  6.721 0.8000000119
116417  -29.946  -46.870  7.219 0.8000000119
30171  -32.141  -46.852  8.283 0.8000000119
30178  -30.655  -47.150  7.573 0.8000000119
31123  -30.327  -46.291  7.392 0.8000000119
32952  -26.225  -44.618  2.487 0.8999999762
32922  -26.689  -44.842  5.241 0.8000000119
31135  -28.289  -46.051  6.374 0.8000000119
32092  -25.957  -45.109  4.452 1.0000000000
32082  -27.219  -45.410  5.663 0.8000000119
29116  -27.883  -48.849  13.521 0.8000000119
28201  -30.172  -49.066  13.523 0.8000000119
118779  -24.770  -47.193  13.009 0.6000000238
28199  -27.188  -49.360  13.503 0.6000000238
28200  -28.072  -49.800  13.555 0.6000000238
28202  -31.028  -49.166  13.336 0.8000000119
29120  -31.445  -48.461  13.124 0.8000000119
31059  -23.560  -46.343  12.376 0.5000000000
30117  -23.961  -47.519  12.921 0.6000000238
29134  -24.727  -48.700  13.272 0.6000000238
120936  -26.492  -49.863  13.428 0.6000000238
29136  -32.175  -48.484  12.575 0.8000000119
30122  -32.496  -47.747  12.253 0.6999999881
31982  -24.356  -45.902  12.262 0.5000000000
29135  -25.631  -48.799  13.378 0.6000000238
27299  -27.267  -50.234  13.500 0.6000000238
32838  -22.815  -44.820  11.131 0.4000000060
32839  -23.661  -44.960  11.332 0.4000000060
30140  -33.399  -47.893  10.894 0.6999999881
32000  -24.521  -45.178  11.566 0.4000000060
123570  -25.540  -46.956  13.018 0.4000000060
120743  -25.027  -44.528  10.957 0.4000000060
31984  -25.770  -45.526  12.259 0.5000000000
30172  -32.801  -47.024  8.661 0.6999999881
32856  -24.600  -44.244  10.335 0.3000000119
32001  -25.436  -44.981  11.581 0.5000000000
31122  -29.637  -46.241  7.074 0.8000000119
31124  -31.056  -46.328  7.730 0.8000000119
31114  -32.518  -46.300  8.484 0.8000000119
31113  -31.781  -46.285  8.086 0.8000000119
32944  -25.759  -44.623  3.062 0.8000000119
32933  -25.624  -44.527  3.880 1.0000000000
32923  -27.701  -44.460  5.818 0.8000000119
32083  -28.037  -45.318  6.177 0.8000000119
32070  -28.753  -45.418  6.589 0.8000000119
32899  -29.733  -44.997  7.105 0.8000000119
33749  -25.478  -43.809  3.259 1.0000000000
32915  -28.576  -44.625  6.406 0.8000000119
32953  -27.058  -44.508  2.179 0.8000000119
33729  -26.193  -43.847  4.659 0.8000000119
33762  -27.563  -43.978  2.057 0.8999999762
32945  -29.488  -43.857  2.820 0.6999999881
33750  -29.936  -43.079  3.121 0.6999999881
33752  -30.869  -43.113  3.814 0.6999999881
33741  -32.580  -43.513  4.741 0.6000000238
34604  -31.784  -42.822  4.242 0.6999999881
34613  -30.473  -42.349  3.274 0.6999999881
33742  -33.552  -43.260  4.567 0.6000000238
34605  -32.694  -42.720  4.375 0.6000000238
115911  -29.335  -48.787  13.544 0.8000000119
124211  -29.883  -48.370  13.513 0.8000000119
30100  -27.817  -47.967  13.458 0.8000000119
30101  -28.607  -47.430  13.436 0.8000000119
29117  -28.580  -48.359  13.508 0.8000000119
30104  -31.016  -47.703  13.309 0.8000000119
31060  -24.212  -46.707  12.660 0.5000000000
30118  -25.371  -47.843  13.286 0.6000000238
30119  -26.236  -47.251  13.197 0.5000000000
30121  -31.833  -47.727  12.893 0.6999999881
121818  -25.132  -46.295  12.586 0.5000000000
30099  -27.027  -47.605  13.345 0.6999999881
29115  -27.089  -48.479  13.456 0.6999999881
31075  -32.892  -46.986  11.850 0.6999999881
32840  -24.296  -44.633  10.959 0.3000000119
30139  -33.064  -47.848  11.543 0.6999999881
31076  -33.428  -46.674  11.121 0.6999999881
113295  -33.638  -46.270  10.447 0.6999999881
32002  -26.270  -44.726  11.886 0.5000000000
32046  -33.449  -45.732  9.327 0.6999999881
33645  -25.953  -43.273  10.926 0.4000000060
32842  -26.432  -43.803  11.547 0.4000000060
32058  -30.679  -45.591  7.565 0.8000000119
32045  -32.914  -45.656  8.757 0.6999999881
32057  -30.015  -45.568  7.239 0.8000000119
33705  -29.736  -44.324  7.068 0.8000000119
33706  -30.318  -43.711  7.357 0.6999999881
125885  -26.908  -43.347  5.104 0.8000000119
32916  -29.223  -44.819  6.820 0.8000000119
33760  -25.711  -43.775  2.612 0.8999999762
33761  -26.531  -43.955  2.100 0.8999999762
33759  -24.985  -42.969  2.852 0.8999999762
33748  -25.093  -42.979  3.319 0.8000000119
33737  -25.395  -42.886  3.902 0.8000000119
34592  -27.254  -42.620  5.159 0.8000000119
34626  -27.143  -43.142  1.875 0.8999999762
34625  -25.899  -43.158  1.949 0.8000000119
124097  -28.088  -43.333  2.133 0.8999999762
34627  -28.096  -42.553  2.035 0.8000000119
32925  -33.749  -44.616  5.304 0.4000000060
34628  -28.962  -43.011  2.553 0.8000000119
34629  -29.665  -42.319  2.774 0.6999999881
34614  -31.354  -42.268  3.728 0.6999999881
35477  -33.658  -41.793  3.485 0.5000000000
29118  -29.287  -47.981  13.491 0.8000000119
31044  -28.380  -46.682  13.354 0.6999999881
118827  -30.554  -46.973  13.403 0.6999999881
31986  -27.447  -45.274  12.830 0.6000000238
31045  -29.157  -46.675  13.417 0.6999999881
112783  -32.232  -46.990  12.643 0.6999999881
31064  -32.567  -46.202  12.377 0.6999999881
32003  -33.116  -46.107  11.699 0.6999999881
117493  -26.939  -44.801  12.365 0.5000000000
123495  -33.466  -45.992  11.101 0.6999999881
32032  -33.718  -45.681  9.977 0.6999999881
34512  -26.311  -42.310  11.268 0.3000000119
33646  -26.547  -42.992  11.523 0.3000000119
33630  -27.534  -43.611  12.567 0.5000000000
32900  -30.348  -44.770  7.401 0.6999999881
32044  -32.145  -45.594  8.285 0.6999999881
32873  -33.518  -44.510  9.623 0.6999999881
33629  -27.003  -43.258  12.036 0.4000000060
32901  -31.026  -44.238  7.741 0.6999999881
32884  -32.572  -44.920  8.568 0.6999999881
32883  -31.728  -44.791  8.080 0.6999999881
123626  -29.674  -43.643  6.951 0.6999999881
34591  -26.290  -42.949  4.533 0.8000000119
33730  -27.735  -43.308  5.617 0.8000000119
33720  -28.529  -43.704  6.205 0.8000000119
113359  -27.962  -42.433  5.550 0.8000000119
34612  -23.964  -42.459  3.021 0.8000000119
120502  -26.553  -42.720  1.691 0.8000000119
34636  -24.777  -42.551  1.963 0.8000000119
33769  -25.108  -42.967  2.402 0.8999999762
125056  -29.561  -41.692  2.500 0.8000000119
129139  -32.154  -42.230  4.031 0.6999999881
34616  -33.594  -42.444  4.057 0.6000000238
35486  -30.200  -41.715  2.828 0.6999999881
117426  -31.015  -41.665  3.183 0.6999999881
36409  -29.552  -40.394  1.962 0.6999999881
115876  -29.816  -46.977  13.456 0.6999999881
32802  -28.768  -44.816  13.275 0.6000000238
31968  -29.042  -45.438  13.359 0.6000000238
31969  -29.793  -45.509  13.427 0.6999999881
31970  -30.578  -45.592  13.397 0.6999999881
31047  -30.987  -46.271  13.338 0.6999999881
119132  -31.447  -46.987  13.161 0.6999999881
31062  -27.771  -46.170  13.170 0.6000000238
110839  -30.985  -45.034  13.351 0.6999999881
31971  -31.404  -45.572  13.217 0.6999999881
31063  -31.866  -46.255  12.981 0.6999999881
32825  -28.094  -44.689  13.053 0.6000000238
32824  -27.500  -44.415  12.643 0.5000000000
113285  -29.186  -44.223  13.346 0.6000000238
32004  -33.349  -45.386  11.414 0.6999999881
34487  -27.542  -42.720  12.612 0.4000000060
33608  -28.755  -43.654  13.256 0.6000000238
32843  -33.611  -44.718  10.998 0.6999999881
33685  -32.892  -43.454  9.053 0.6999999881
32858  -33.705  -44.942  10.229 0.6999999881
33684  -32.355  -43.608  8.601 0.6999999881
111311  -27.550  -41.052  12.942 0.3000000119
33683  -31.706  -43.876  8.133 0.6999999881
34584  -28.644  -42.644  6.035 0.8000000119
33721  -29.254  -43.205  6.572 0.8000000119
34585  -29.536  -42.263  6.523 0.6999999881
33722  -29.914  -42.969  6.999 0.6999999881
34576  -31.208  -42.478  7.932 0.6999999881
34603  -26.709  -41.953  4.674 0.8000000119
34594  -29.008  -41.845  6.013 0.8000000119
34635  -23.709  -42.104  2.168 0.8000000119
34601  -24.587  -42.336  3.499 0.8000000119
34602  -25.629  -42.163  4.092 0.8000000119
35457  -27.641  -41.819  5.155 0.8000000119
35501  -25.976  -41.284  1.503 0.8000000119
36376  -24.901  -40.562  3.473 0.8000000119
117385  -26.192  -40.495  3.976 0.8000000119
36377  -26.920  -40.104  4.136 0.8000000119
37260  -26.805  -39.382  3.596 0.8000000119
35476  -32.991  -41.423  3.409 0.6000000238
35475  -32.065  -41.590  3.518 0.6999999881
36391  -29.083  -41.246  2.125 0.8000000119
129509  -30.667  -41.189  2.745 0.6000000238
124809  -29.565  -39.659  1.714 0.6999999881
37296  -30.313  -39.737  1.951 0.6000000238
36393  -30.751  -40.468  2.395 0.6000000238
115109  -29.506  -44.856  13.391 0.6000000238
32826  -31.684  -44.817  13.113 0.6999999881
31988  -32.203  -45.466  12.769 0.6999999881
32803  -29.983  -44.205  13.435 0.6000000238
122813  -32.412  -43.672  12.622 0.6999999881
32827  -32.496  -44.533  12.535 0.6999999881
32828  -33.185  -44.604  11.757 0.6999999881
34468  -28.144  -42.232  13.149 0.4000000060
33607  -28.151  -43.158  13.042 0.4000000060
109374  -29.833  -42.864  13.495 0.5000000000
32805  -31.853  -44.009  13.068 0.6999999881
33647  -33.451  -43.886  11.323 0.6999999881
34469  -28.989  -42.734  13.391 0.5000000000
108993  -29.794  -42.010  13.568 0.5000000000
33659  -33.645  -44.011  10.420 0.6999999881
35347  -27.527  -41.791  12.757 0.3000000119
35336  -28.053  -41.339  13.237 0.3000000119
33707  -31.077  -43.338  7.820 0.6999999881
119001  -33.479  -43.131  10.164 0.6999999881
36258  -27.885  -40.587  13.270 0.3000000119
114781  -28.280  -40.006  13.460 0.3000000119
34558  -32.450  -42.839  8.857 0.6999999881
34541  -33.061  -42.916  9.477 0.6999999881
34557  -31.739  -43.027  8.326 0.6999999881
35401  -32.673  -42.012  9.278 0.6999999881
34586  -30.194  -42.286  7.036 0.6999999881
34575  -30.556  -42.766  7.456 0.6999999881
35422  -32.222  -41.216  8.814 0.6999999881
35440  -30.751  -41.865  7.478 0.6999999881
35441  -31.260  -41.219  7.768 0.6999999881
35465  -24.493  -41.478  3.633 0.8000000119
35467  -27.106  -40.998  4.592 0.8000000119
36351  -31.412  -40.552  7.486 0.6999999881
34600  -23.404  -41.775  3.160 0.8000000119
35466  -25.932  -41.258  4.091 0.8000000119
34593  -28.392  -41.828  5.625 0.8000000119
124481  -28.854  -41.198  5.689 0.8000000119
36364  -30.155  -40.716  6.382 0.8000000119
37242  -31.468  -39.622  6.326 0.6999999881
36388  -23.793  -41.057  2.444 0.8000000119
36369  -28.650  -40.531  5.203 0.8000000119
36370  -29.868  -40.110  5.716 0.8000000119
35500  -24.695  -41.878  1.677 0.8000000119
36406  -25.511  -40.285  1.985 0.8000000119
35468  -27.827  -40.379  4.681 0.8000000119
113414  -29.685  -39.658  5.245 0.8000000119
35502  -27.260  -41.030  1.520 0.8000000119
37269  -25.975  -39.461  3.043 0.8000000119
37261  -27.540  -39.761  4.260 0.8000000119
118728  -28.384  -39.760  4.634 0.8000000119
38066  -29.494  -38.677  4.348 0.8000000119
119254  -26.485  -40.452  1.603 0.8000000119
112527  -27.689  -39.273  4.026 0.8000000119
35489  -33.669  -41.030  2.944 0.5000000000
36394  -32.060  -40.171  2.584 0.6000000238
117574  -27.740  -39.620  1.547 0.8000000119
36408  -28.304  -40.561  1.671 0.8000000119
35488  -32.569  -40.897  3.032 0.6000000238
37281  -32.962  -39.588  2.314 0.6000000238
37280  -31.285  -39.624  2.171 0.6000000238
111107  -30.947  -44.278  13.362 0.6999999881
33609  -29.534  -43.523  13.417 0.6000000238
33611  -31.309  -43.526  13.299 0.6999999881
33632  -32.947  -43.763  12.055 0.6999999881
34470  -30.404  -42.607  13.508 0.5000000000
34472  -32.098  -42.384  13.045 0.6999999881
35337  -28.815  -41.669  13.453 0.4000000060
36260  -29.437  -40.990  13.598 0.4000000060
111687  -33.205  -43.047  11.643 0.6999999881
34529  -33.443  -42.605  10.593 0.6999999881
37142  -28.721  -39.366  13.520 0.3000000119
118781  -29.657  -39.362  13.597 0.3000000119
108812  -30.372  -41.177  13.601 0.5000000000
35364  -33.369  -41.467  11.416 0.6999999881
112011  -27.659  -39.999  13.267 0.3000000119
121395  -29.754  -38.549  13.467 0.3000000119
35402  -33.069  -41.413  9.952 0.6999999881
38776  -29.057  -38.131  13.310 0.3000000119
36337  -32.999  -39.919  8.991 0.6999999881
35452  -29.512  -41.358  6.211 0.8000000119
36350  -30.729  -41.019  7.156 0.6999999881
36335  -31.786  -40.777  8.171 0.6999999881
35453  -30.150  -41.581  6.791 0.6999999881
108539  -31.006  -40.313  6.756 0.6999999881
37229  -31.793  -39.892  7.075 0.6999999881
35458  -28.127  -41.128  5.155 0.8000000119
37241  -30.621  -39.948  6.073 0.8000000119
35464  -23.533  -41.068  3.181 0.8000000119
37252  -31.084  -39.291  5.682 0.8000000119
36383  -24.095  -40.615  3.118 0.8000000119
37262  -29.206  -39.385  4.749 0.8000000119
37263  -29.938  -39.127  4.923 0.8000000119
36390  -25.562  -39.759  2.647 0.8000000119
37292  -26.224  -39.710  1.903 0.8000000119
37259  -25.928  -39.914  3.527 0.8000000119
38065  -28.474  -38.870  4.070 0.8000000119
38861  -29.036  -38.113  3.745 0.8000000119
38067  -30.313  -38.493  4.551 0.8000000119
37293  -26.795  -39.245  1.833 0.8000000119
38064  -27.294  -38.648  3.354 0.8000000119
38862  -29.950  -38.017  3.985 0.8000000119
113052  -28.766  -39.760  1.590 0.8000000119
33610  -30.459  -43.397  13.450 0.6000000238
34471  -31.230  -42.723  13.380 0.6000000238
36259  -28.581  -40.766  13.479 0.3000000119
35339  -31.536  -41.880  13.365 0.6000000238
109649  -31.116  -41.333  13.536 0.5000000000
35340  -32.150  -41.685  13.113 0.6999999881
34488  -32.619  -41.878  12.641 0.6999999881
34489  -33.051  -42.136  11.943 0.6999999881
36261  -31.117  -40.498  13.584 0.6000000238
35348  -32.483  -41.091  12.966 0.6999999881
35349  -33.058  -41.125  12.311 0.6999999881
36276  -33.394  -40.721  11.772 0.6999999881
37960  -28.443  -38.675  13.374 0.3000000119
37962  -30.347  -38.920  13.569 0.3000000119
36269  -33.295  -40.220  12.244 0.6999999881
38775  -28.317  -38.087  13.161 0.3000000119
39657  -31.329  -36.917  12.382 0.3000000119
36293  -33.530  -40.656  11.127 0.6999999881
35383  -33.385  -41.190  10.674 0.6999999881
40658  -28.888  -35.650  10.553 0.3000000119
40640  -29.370  -36.025  11.179 0.3000000119
117879  -29.855  -36.554  11.973 0.3000000119
39669  -30.818  -36.415  11.795 0.3000000119
40671  -29.097  -35.323  10.010 0.3000000119
36336  -32.412  -40.362  8.599 0.6999999881
36352  -32.078  -40.085  7.883 0.6999999881
38047  -31.881  -38.953  5.896 0.8000000119
38057  -30.673  -38.892  5.126 0.8000000119
38863  -30.745  -37.894  4.202 0.8000000119
37278  -26.291  -39.246  2.484 0.8000000119
37270  -26.561  -38.894  2.847 0.8000000119
38073  -26.683  -38.227  2.489 0.8000000119
38873  -28.383  -37.389  3.195 0.8000000119
38874  -29.554  -37.400  3.535 0.8000000119
124339  -27.322  -39.098  1.631 0.8000000119
108674  -27.216  -37.825  2.863 0.8000000119
37294  -27.949  -38.963  1.497 0.8000000119
38093  -28.636  -38.421  1.229 0.6999999881
37295  -29.130  -39.111  1.507 0.6000000238
112076  -31.781  -41.146  13.364 0.6000000238
36268  -32.841  -40.336  12.847 0.6000000238
38779  -31.458  -38.213  13.261 0.4000000060
37971  -32.799  -38.851  12.849 0.6000000238
109488  -33.554  -40.066  11.602 0.6999999881
38793  -32.738  -37.719  12.494 0.4000000060
37164  -33.747  -39.405  11.407 0.6999999881
37176  -33.692  -39.874  10.910 0.6999999881
36319  -33.199  -40.009  9.620 0.6999999881
40661  -31.579  -35.385  10.575 0.3000000119
38802  -33.520  -37.765  11.967 0.4000000060
37983  -34.226  -38.208  10.946 0.6000000238
37993  -33.979  -38.792  9.827 0.6999999881
37218  -32.853  -39.600  8.234 0.6999999881
38010  -33.857  -38.814  8.978 0.6999999881
37231  -33.214  -39.101  7.619 0.6999999881
38034  -33.111  -38.877  6.900 0.6999999881
37251  -30.293  -39.528  5.471 0.8000000119
38058  -31.417  -38.615  5.343 0.8000000119
38864  -31.493  -37.659  4.437 0.8000000119
38860  -28.100  -38.178  3.462 0.8000000119
39730  -30.086  -36.730  3.410 0.8000000119
38091  -26.571  -37.979  1.886 0.8000000119
38886  -26.540  -37.484  2.104 0.8000000119
38872  -27.191  -37.034  2.477 0.8000000119
112084  -30.833  -39.053  1.788 0.6000000238
125406  -29.598  -38.617  1.396 0.6000000238
38901  -29.301  -37.141  0.524 0.6999999881
36262  -32.114  -40.383  13.330 0.6000000238
37145  -32.489  -39.603  13.166 0.6000000238
37155  -33.130  -39.590  12.628 0.6000000238
39658  -32.251  -36.956  12.239 0.3000000119
39670  -31.720  -36.379  11.728 0.3000000119
39659  -33.117  -37.069  11.964 0.3000000119
39672  -33.545  -36.653  11.399 0.3000000119
119922  -33.722  -37.232  11.570 0.5000000000
37994  -34.356  -38.126  10.248 0.6999999881
41664  -30.568  -34.637  9.486 0.3000000119
41647  -31.981  -34.847  10.075 0.3000000119
39690  -34.902  -36.493  9.568 0.4000000060
41677  -30.083  -34.209  8.879 0.3000000119
38022  -34.218  -38.315  8.354 0.6000000238
38049  -33.552  -38.083  6.633 0.6000000238
122735  -34.190  -37.774  7.038 0.6000000238
38048  -32.692  -38.393  6.123 0.8000000119
38846  -34.015  -37.335  6.468 0.6000000238
128226  -32.068  -38.331  5.559 0.8000000119
38845  -33.284  -37.552  5.926 0.6999999881
38068  -31.084  -38.284  4.754 0.8000000119
125371  -31.820  -38.007  5.029 0.8000000119
38853  -32.242  -37.359  4.704 0.6999999881
38854  -33.065  -36.985  5.112 0.6999999881
38855  -33.792  -36.818  5.807 0.6999999881
39721  -32.489  -36.631  4.380 0.6999999881
39722  -33.126  -36.210  4.670 0.6999999881
38875  -30.418  -37.361  3.770 0.8000000119
39731  -30.972  -36.679  3.654 0.8000000119
39732  -31.849  -36.127  3.752 0.6999999881
40701  -32.620  -35.937  4.149 0.6999999881
37279  -26.607  -38.648  2.217 0.8000000119
39729  -29.192  -36.666  3.153 0.8000000119
40716  -31.048  -35.966  3.345 0.8000000119
109857  -26.531  -36.789  1.734 0.8000000119
125567  -28.034  -35.842  2.387 0.8000000119
39743  -29.799  -36.038  3.064 0.8000000119
111810  -26.893  -38.622  1.729 0.8000000119
114594  -26.568  -37.208  1.477 0.8000000119
39741  -27.141  -36.253  2.118 0.8000000119
40731  -28.528  -35.259  2.307 0.8000000119
38092  -27.146  -38.048  1.280 0.8000000119
126119  -27.085  -37.319  0.923 0.8000000119
38094  -30.404  -38.485  1.444 0.6000000238
38896  -30.885  -37.824  1.130 0.6000000238
38894  -28.244  -37.660  0.836 0.6999999881
39764  -29.136  -36.362  0.040 0.6999999881
40643  -32.141  -35.854  11.158 0.3000000119
39684  -34.045  -36.271  10.830 0.4000000060
38812  -34.435  -37.527  10.672 0.5000000000
38011  -34.494  -38.035  9.266 0.6000000238
41666  -32.406  -34.246  9.477 0.3000000119
38829  -34.942  -37.186  8.989 0.5000000000
41667  -33.586  -34.347  9.412 0.3000000119
109303  -34.937  -37.074  8.073 0.6000000238
110259  -30.067  -33.519  8.290 0.3000000119
42640  -31.723  -33.386  8.634 0.3000000119
41668  -34.500  -34.587  9.099 0.3000000119
43506  -30.980  -33.022  8.142 0.3000000119
38847  -34.670  -37.054  7.098 0.6000000238
43526  -29.521  -32.563  7.389 0.3000000119
39717  -33.600  -36.357  5.251 0.6999999881
110626  -30.111  -34.733  2.502 0.8000000119
40717  -31.456  -35.367  3.202 0.6999999881
40733  -30.493  -35.477  2.957 0.6999999881
40732  -29.530  -35.329  2.660 0.8000000119
41737  -29.759  -34.095  2.034 0.6999999881
116266  -26.647  -36.122  1.352 0.8000000119
40730  -27.317  -35.419  1.674 0.6999999881
41727  -29.155  -34.659  2.217 0.6000000238
38904  -32.233  -37.252  0.490 0.6000000238
38893  -26.726  -36.699  0.928 0.6999999881
123094  -27.179  -36.228  0.577 0.6999999881
39762  -26.678  -36.005  0.941 0.6999999881
38902  -30.446  -37.260  0.671 0.6999999881
38900  -27.883  -36.811  0.488 0.6999999881
112287  -29.752  -33.182  -1.614 0.5000000000
114343  -30.792  -33.474  -1.669 0.5000000000
39705  -35.058  -36.288  7.625 0.6000000238
40684  -34.945  -35.476  7.233 0.6000000238
40690  -34.653  -35.485  6.467 0.6000000238
40694  -33.995  -35.238  5.298 0.6999999881
44443  -28.217  -31.692  6.613 0.3000000119
40718  -32.406  -35.210  3.637 0.6999999881
40693  -33.643  -35.735  4.969 0.6999999881
40702  -33.122  -35.468  4.322 0.6999999881
41726  -28.085  -34.617  1.711 0.6999999881
40734  -31.025  -34.771  2.718 0.6999999881
41717  -31.849  -34.624  2.972 0.6000000238
39752  -26.560  -36.600  1.251 0.6999999881
40742  -26.758  -35.387  1.018 0.6999999881
41725  -27.136  -34.628  1.054 0.6999999881
41735  -27.896  -33.857  1.066 0.6000000238
40749  -26.924  -35.327  0.745 0.6999999881
38903  -31.421  -37.245  0.679 0.6000000238
39776  -29.094  -35.485  -0.418 0.6999999881
41750  -28.543  -34.591  -0.667 0.6999999881
40760  -30.127  -35.313  -0.669 0.6000000238
39699  -35.084  -35.493  8.165 0.5000000000
41681  -34.812  -34.616  7.753 0.4000000060
41683  -34.690  -34.750  6.754 0.5000000000
41690  -34.448  -34.986  5.904 0.6000000238
41704  -33.963  -34.402  5.252 0.6000000238
45301  -28.661  -30.891  6.206 0.3000000119
41718  -32.528  -34.273  3.313 0.6000000238
40719  -33.139  -34.586  3.988 0.6000000238
41728  -31.411  -34.207  2.556 0.6000000238
41736  -28.818  -34.103  1.751 0.6000000238
42705  -30.451  -33.517  1.805 0.6000000238
41734  -27.215  -34.040  0.435 0.6999999881
42702  -27.479  -33.407  0.343 0.6000000238
40759  -27.842  -35.162  -0.159 0.6999999881
39777  -30.171  -35.905  -0.305 0.6999999881
39766  -31.075  -36.780  0.320 0.6000000238
39767  -31.810  -36.715  0.155 0.5000000000
39778  -31.226  -36.167  -0.222 0.6000000238
40762  -31.935  -35.611  -0.773 0.5000000000
41752  -30.515  -34.887  -0.956 0.5000000000
41751  -29.663  -34.767  -0.893 0.5000000000
41760  -31.223  -34.671  -1.158 0.5000000000
42653  -34.288  -33.214  7.265 0.4000000060
112265  -34.549  -33.885  7.074 0.4000000060
42661  -34.208  -33.189  6.480 0.4000000060
43529  -32.517  -32.189  7.668 0.4000000060
128402  -29.242  -30.863  6.256 0.3000000119
45317  -29.255  -30.326  5.806 0.3000000119
45303  -30.935  -30.649  6.346 0.3000000119
117097  -33.391  -33.917  4.151 0.6000000238
46155  -29.189  -29.047  4.821 0.3000000119
42689  -33.038  -33.776  3.615 0.6000000238
42697  -31.901  -33.187  2.218 0.5000000000
128451  -32.628  -33.624  3.070 0.6000000238
43582  -30.225  -32.817  1.225 0.6000000238
42704  -29.245  -33.417  1.380 0.6000000238
42696  -31.309  -33.627  2.206 0.6000000238
42703  -28.173  -33.021  0.643 0.6000000238
43590  -30.019  -32.096  0.600 0.6000000238
41743  -27.198  -34.099  0.123 0.6999999881
43580  -28.250  -32.397  0.168 0.6000000238
41757  -28.040  -33.695  -0.798 0.6999999881
41758  -29.127  -33.958  -1.188 0.5000000000
41759  -30.389  -34.172  -1.320 0.5000000000
43601  -30.612  -32.727  -1.941 0.5000000000
42652  -33.922  -32.867  7.718 0.4000000060
43531  -34.014  -32.595  7.040 0.4000000060
120329  -34.420  -34.092  6.153 0.5000000000
44448  -33.469  -31.281  6.404 0.4000000060
42673  -33.983  -33.487  5.544 0.4000000060
42683  -33.658  -33.700  4.734 0.5000000000
46139  -29.604  -29.572  5.316 0.3000000119
46140  -30.308  -29.349  5.273 0.3000000119
42682  -33.465  -33.156  4.027 0.4000000060
45319  -31.357  -30.058  5.921 0.4000000060
108651  -32.469  -33.118  2.637 0.5000000000
43591  -30.850  -32.294  1.064 0.6000000238
44482  -32.450  -31.564  1.514 0.5000000000
43581  -29.170  -32.591  0.722 0.6000000238
44493  -29.724  -31.379  -0.107 0.6000000238
109145  -27.760  -32.377  -0.721 0.6000000238
44491  -28.217  -31.444  -0.772 0.6000000238
42719  -27.706  -32.885  -0.812 0.5000000000
42720  -28.465  -33.014  -1.286 0.5000000000
43600  -28.858  -32.265  -1.665 0.5000000000
123108  -29.743  -32.331  -1.941 0.5000000000
44518  -30.818  -31.198  -2.535 0.5000000000
43602  -31.252  -32.187  -2.200 0.5000000000
43547  -33.705  -31.964  6.754 0.4000000060
43555  -33.890  -32.672  5.761 0.4000000060
44460  -33.803  -31.962  5.221 0.4000000060
43562  -33.712  -32.880  4.926 0.4000000060
44459  -33.755  -31.400  5.746 0.4000000060
43561  -33.683  -32.224  4.301 0.4000000060
46156  -29.834  -29.044  4.936 0.3000000119
43574  -32.935  -32.467  2.753 0.4000000060
43567  -33.403  -32.397  3.484 0.5000000000
112779  -29.678  -28.491  4.602 0.3000000119
43573  -32.257  -32.449  2.022 0.4000000060
44481  -31.624  -32.030  1.247 0.5000000000
112746  -30.882  -31.572  0.476 0.6000000238
44495  -32.584  -30.793  0.992 0.5000000000
43589  -28.826  -31.835  -0.035 0.6000000238
118931  -30.342  -30.766  -0.353 0.5000000000
124488  -31.275  -30.874  0.118 0.5000000000
109146  -27.947  -32.140  -1.233 0.5000000000
44504  -28.066  -31.539  -1.074 0.6000000238
45349  -29.170  -30.693  -0.844 0.6000000238
44505  -28.445  -30.996  -1.108 0.6000000238
43605  -29.196  -31.539  -2.006 0.5000000000
44517  -29.632  -30.771  -2.305 0.5000000000
44514  -32.542  -31.784  -1.930 0.5000000000
44516  -28.886  -30.959  -1.899 0.5000000000
49980  -28.765  -25.587  3.341 0.3000000119
49981  -29.592  -25.409  3.398 0.4000000060
128297  -30.284  -25.270  3.429 0.4000000060
45359  -29.754  -29.996  -1.321 0.5000000000
50871  -28.689  -24.171  2.739 0.4000000060
45368  -29.524  -29.864  -1.968 0.5000000000
46196  -31.140  -29.047  -0.984 0.5000000000
46186  -31.976  -29.551  -0.208 0.5000000000
46202  -30.124  -29.158  -2.387 0.5000000000
47085  -30.458  -28.630  -1.768 0.5000000000
45377  -29.758  -29.857  -2.370 0.6000000238
44520  -32.605  -30.905  -2.329 0.5000000000
45379  -31.520  -30.552  -2.822 0.6000000238
46211  -32.309  -29.829  -3.170 0.5000000000
45380  -33.140  -30.214  -2.586 0.4000000060
121143  -29.980  -24.680  3.196 0.4000000060
49982  -30.980  -25.596  3.605 0.4000000060
117983  -29.995  -29.186  -1.951 0.5000000000
47103  -30.475  -28.509  -2.975 0.5000000000
46215  -30.842  -28.712  -3.343 0.5000000000
47106  -31.011  -28.130  -3.541 0.5000000000
47104  -30.654  -27.886  -2.896 0.5000000000
45378  -30.455  -30.117  -2.768 0.5000000000
46210  -31.229  -29.448  -3.283 0.5000000000
46212  -33.301  -29.507  -3.168 0.4000000060
128953  -31.910  -29.178  -3.597 0.5000000000
50874  -31.515  -24.206  3.052 0.4000000060
51803  -29.625  -23.110  2.267 0.4000000060
47095  -30.371  -28.488  -2.409 0.5000000000
47087  -31.938  -28.418  -0.704 0.4000000060
46216  -31.561  -28.642  -3.695 0.4000000060
46217  -32.564  -28.810  -3.817 0.4000000060
46218  -33.585  -28.810  -3.690 0.5000000000
46213  -34.210  -29.214  -3.124 0.3000000119
48083  -31.044  -27.235  -2.467 0.4000000060
47107  -32.091  -27.990  -4.067 0.4000000060
47108  -33.363  -28.194  -4.150 0.5000000000
47109  -35.290  -28.159  -3.606 0.4000000060
48091  -34.300  -27.899  -4.043 0.4000000060
48090  -33.172  -27.678  -4.021 0.4000000060
47099  -37.289  -28.483  -1.235 0.4000000060
48087  -36.073  -27.939  -3.142 0.4000000060
49093  -33.631  -26.365  -2.946 0.4000000060
47098  -36.699  -28.337  -2.171 0.4000000060
122600  -37.772  -28.151  -0.697 0.4000000060
49095  -34.033  -27.218  -3.620 0.4000000060
48086  -35.143  -27.641  -3.553 0.3000000119
48079  -36.600  -27.561  -2.310 0.4000000060
119324  -34.748  -26.699  -3.067 0.4000000060
49088  -34.214  -25.905  -2.363 0.4000000060
49094  -35.766  -27.155  -2.826 0.3000000119
48080  -37.272  -27.859  -1.561 0.4000000060
111365  -37.159  -27.041  -1.562 0.4000000060
49090  -37.764  -27.443  -0.851 0.5000000000
112650  -36.327  -26.601  -2.068 0.4000000060
117450  -24.130  -53.158  4.758 0.6999999881
22159  -29.090  -56.037  8.953 0.6999999881
22112  -28.731  -55.985  12.239 0.6999999881
24785  -29.831  -53.541  8.522 0.8000000119
23872  -30.438  -54.365  10.377 0.8000000119
109395  -27.597  -54.861  13.593 0.6000000238
24744  -29.403  -53.632  13.372 0.6000000238
24745  -30.058  -53.105  13.272 0.6999999881
26509  -30.839  -50.667  8.864 0.8000000119
23870  -23.302  -54.392  9.985 0.4000000060
32103  -26.181  -45.968  3.350 0.8000000119
128918  -29.532  -50.571  13.595 0.6000000238
26452  -24.658  -51.194  12.571 0.5000000000
28254  -33.186  -49.097  10.584 0.8000000119
109298  -32.143  -47.626  8.412 0.8000000119
28217  -31.835  -49.325  12.845 0.8000000119
121033  -23.037  -45.308  11.667 0.4000000060
30120  -26.985  -46.724  13.158 0.6000000238
31989  -32.859  -45.387  12.118 0.6999999881
116258  -32.657  -42.863  12.416 0.6999999881
37230  -32.576  -39.495  7.370 0.6999999881
37243  -32.311  -39.253  6.565 0.6999999881
37982  -33.797  -38.629  11.661 0.6000000238
38021  -33.573  -38.964  8.228 0.6999999881
38833  -33.811  -38.446  7.471 0.6000000238
37964  -32.019  -38.881  13.323 0.6000000238
39685  -34.588  -36.737  10.422 0.5000000000
41729  -32.049  -33.824  2.671 0.6000000238
44449  -33.833  -31.952  6.039 0.4000000060
44519  -31.847  -31.557  -2.357 0.5000000000
44465  -33.796  -31.397  4.608 0.4000000060
48088  -31.344  -27.508  -3.356 0.4000000060
23959  -22.961  -54.248  2.771 0.5000000000
23960  -23.851  -53.935  2.683 0.5000000000
22194  -23.377  -56.608  4.423 0.6999999881
26549  -26.975  -51.689  2.686 0.5000000000
129104  -22.629  -60.351  13.544 0.5000000000
27414  -26.588  -50.878  2.907 0.6999999881
22172  -28.394  -56.243  7.601 0.6999999881
23066  -28.295  -55.141  6.594 0.6999999881
25658  -25.004  -52.788  5.103 0.6999999881
25659  -26.072  -52.664  5.548 0.6999999881
26516  -25.346  -50.704  5.414 0.6999999881
129199  -25.518  -52.090  5.331 0.6999999881
28319  -27.751  -49.541  2.766 0.6999999881
28311  -30.153  -49.012  3.213 0.5000000000
113759  -28.959  -48.711  2.706 0.6000000238
30223  -29.953  -47.127  3.271 0.5000000000
117542  -24.477  -56.972  13.998 0.6000000238
24809  -28.355  -53.228  6.931 0.6999999881
29250  -27.376  -48.039  2.938 0.6999999881
112740  -25.563  -57.908  13.646 0.6000000238
23037  -29.421  -55.314  8.681 0.8000000119
120014  -28.773  -53.833  7.161 0.6999999881
29232  -32.006  -48.341  4.859 0.4000000060
22995  -29.829  -55.169  11.243 0.8000000119
22090  -22.893  -56.248  13.392 0.6000000238
128301  -28.239  -54.740  13.472 0.6999999881
24771  -30.691  -53.286  9.750 0.6999999881
122596  -20.867  -56.919  11.056 0.5000000000
27368  -29.698  -50.861  8.109 0.8000000119
124027  -30.989  -53.415  11.967 0.6999999881
22979  -23.209  -55.143  12.657 0.6000000238
26497  -31.302  -51.807  9.855 0.8000000119
28289  -28.480  -49.367  6.750 0.8000000119
32111  -29.355  -45.641  2.781 0.6999999881
31164  -31.530  -46.151  4.687 0.6000000238
26468  -31.756  -51.989  11.987 0.6999999881
24740  -25.667  -53.530  13.138 0.6000000238
32094  -31.069  -45.461  4.254 0.6000000238
31151  -33.014  -46.037  5.504 0.4000000060
23850  -23.418  -54.776  11.876 0.5000000000
22993  -22.368  -55.506  11.153 0.5000000000
23006  -22.411  -55.225  10.122 0.4000000060
29206  -29.077  -48.125  6.909 0.8999999762
26438  -29.503  -51.145  13.593 0.6000000238
124757  -30.182  -51.602  13.493 0.6000000238
117073  -31.802  -50.247  12.774 0.8000000119
117285  -26.261  -52.160  13.126 0.5000000000
23871  -23.771  -54.337  10.947 0.4000000060
124342  -24.257  -53.802  11.107 0.5000000000
24754  -24.660  -53.499  11.803 0.5000000000
127041  -32.157  -43.156  4.510 0.6000000238
32937  -34.006  -43.982  4.949 0.4000000060
26436  -27.821  -51.628  13.592 0.6000000238
26466  -23.571  -51.409  11.491 0.5000000000
126511  -26.576  -51.489  13.309 0.5000000000
25605  -24.998  -52.201  12.257 0.5000000000
29137  -32.761  -48.491  11.910 0.6999999881
118223  -28.020  -50.751  13.589 0.6000000238
28216  -25.108  -49.550  13.275 0.6000000238
26451  -23.844  -50.930  12.224 0.5000000000
27298  -26.605  -50.769  13.381 0.5000000000
30116  -22.888  -46.893  12.451 0.6000000238
117348  -23.131  -47.756  12.702 0.6000000238
27297  -25.695  -50.323  13.230 0.6000000238
28197  -25.860  -49.513  13.368 0.6000000238
30152  -33.601  -47.297  10.249 0.6999999881
30166  -33.388  -47.175  9.221 0.6999999881
32921  -26.203  -44.477  4.775 0.8999999762
28198  -26.419  -49.017  13.443 0.6000000238
29114  -26.297  -48.158  13.377 0.6000000238
31983  -25.047  -45.547  12.085 0.4000000060
31061  -26.180  -46.301  12.808 0.5000000000
31102  -33.604  -46.435  9.640 0.6999999881
32841  -25.750  -44.238  11.164 0.4000000060
31985  -26.597  -45.435  12.495 0.5000000000
32059  -31.393  -45.602  7.894 0.6999999881
33738  -25.534  -43.632  3.929 0.8000000119
30103  -30.070  -47.672  13.470 0.6999999881
31043  -27.757  -47.092  13.334 0.6999999881
32018  -33.625  -45.501  10.693 0.6999999881
32823  -26.950  -44.120  12.124 0.5000000000
114636  -33.243  -45.026  9.100 0.6999999881
35485  -28.936  -42.077  2.299 0.8000000119
112430  -28.648  -46.056  13.324 0.6000000238
31987  -28.274  -45.404  13.195 0.6000000238
31046  -30.022  -46.278  13.442 0.6999999881
115389  -26.988  -45.980  12.904 0.6000000238
34486  -26.962  -42.256  12.001 0.3000000119
125908  -32.282  -44.277  8.428 0.6999999881
33673  -33.355  -43.699  9.568 0.6999999881
34638  -27.075  -42.128  1.552 0.8999999762
35484  -28.155  -41.604  1.838 0.8000000119
36392  -29.961  -41.121  2.430 0.6000000238
35487  -31.489  -40.992  2.905 0.6000000238
32804  -30.294  -44.913  13.412 0.6999999881
33631  -28.101  -43.971  12.970 0.5000000000
129331  -31.338  -41.808  7.994 0.6999999881
34513  -33.398  -42.405  11.218 0.6999999881
34542  -33.255  -42.339  10.005 0.6999999881
120675  -31.883  -42.102  8.495 0.6999999881
126826  -32.673  -41.313  9.355 0.6999999881
35421  -31.666  -41.410  8.263 0.6999999881
36363  -29.377  -40.660  5.754 0.8000000119
37250  -29.198  -40.038  5.235 0.8000000119
111860  -29.101  -40.113  13.601 0.3000000119
109825  -30.045  -40.277  13.630 0.5000000000
116466  -33.369  -41.910  10.634 0.6999999881
37961  -29.112  -38.797  13.500 0.3000000119
37143  -30.646  -39.585  13.611 0.4000000060
36318  -32.816  -40.657  9.357 0.6999999881
38789  -28.651  -37.561  12.923 0.3000000119
120253  -33.357  -39.366  8.759 0.6999999881
38792  -31.813  -37.568  12.787 0.3000000119
116448  -33.306  -40.472  10.261 0.6999999881
40641  -30.278  -35.962  11.147 0.3000000119
40642  -31.188  -35.891  11.131 0.3000000119
129939  -32.770  -38.299  12.694 0.6000000238
37972  -33.216  -38.374  12.386 0.6000000238
111979  -33.361  -38.991  12.350 0.6000000238
37165  -33.989  -38.956  10.765 0.6999999881
126856  -33.582  -39.579  10.136 0.6999999881
37201  -33.490  -39.429  9.383 0.6999999881
38834  -34.481  -37.748  7.725 0.6000000238
39720  -31.753  -37.006  4.092 0.8000000119
130068  -30.479  -36.177  3.283 0.8000000119
39742  -28.907  -35.908  2.789 0.8000000119
38895  -29.675  -37.913  1.080 0.6000000238
39671  -32.661  -36.449  11.621 0.3000000119
38780  -32.291  -38.247  12.971 0.5000000000
39673  -34.208  -36.995  11.122 0.5000000000
38820  -34.691  -37.353  9.868 0.5000000000
42621  -30.876  -34.214  9.145 0.3000000119
38059  -32.532  -37.754  5.420 0.8000000119
123782  -34.338  -36.675  6.375 0.6000000238
41648  -33.061  -34.812  10.060 0.3000000119
42622  -31.564  -33.956  9.100 0.3000000119
40672  -34.152  -35.029  9.828 0.3000000119
42651  -30.118  -32.893  7.776 0.3000000119
43507  -32.088  -32.742  8.191 0.3000000119
39714  -34.747  -36.186  6.738 0.6000000238
39718  -34.225  -35.957  5.812 0.6000000238
39763  -28.002  -35.975  0.103 0.6999999881
40750  -27.194  -35.586  0.435 0.6999999881
118988  -33.591  -34.988  4.688 0.6999999881
123184  -30.682  -34.157  2.313 0.6000000238
41749  -27.558  -34.303  -0.283 0.6999999881
42643  -34.406  -33.653  7.959 0.4000000060
42710  -27.269  -33.450  -0.046 0.6000000238
43588  -27.908  -32.003  -0.523 0.6000000238
40761  -31.015  -35.394  -0.738 0.6000000238
42721  -31.384  -33.949  -1.480 0.4000000060
44446  -31.485  -31.181  6.797 0.4000000060
45302  -29.901  -30.905  6.364 0.3000000119
46138  -28.762  -29.654  5.228 0.3000000119
43566  -33.019  -33.102  3.231 0.5000000000
42706  -31.267  -32.867  1.670 0.5000000000
42715  -27.433  -33.506  -0.340 0.5000000000
120987  -30.983  -29.517  5.507 0.4000000060
130379  -30.747  -29.135  5.203 0.4000000060
44475  -32.992  -31.755  2.310 0.4000000060
44494  -31.849  -31.273  0.739 0.5000000000
45376  -29.143  -30.460  -1.904 0.6000000238
46195  -30.387  -29.347  -1.358 0.5000000000
50857  -30.828  -24.764  3.301 0.4000000060
48085  -32.931  -26.843  -3.421 0.4000000060
49089  -35.310  -26.204  -2.360 0.4000000060
125936  -38.289  -27.774  -0.255 0.3000000119
18835  -23.823  -60.743  8.065 0.5000000000
18861  -23.065  -59.970  6.765 0.5000000000
111530  -24.716  -63.263  11.057 0.4000000060
18046  -25.027  -62.275  10.117 0.5000000000
109006  -24.197  -61.177  8.707 0.5000000000
18850  -24.126  -60.024  7.780 0.6000000238
19613  -24.227  -59.126  6.661 0.6000000238
18062  -25.319  -61.380  9.866 0.5000000000
18047  -25.701  -61.825  10.771 0.5000000000
18819  -24.816  -60.815  9.171 0.5000000000
18837  -25.030  -59.963  8.937 0.5000000000
18033  -25.873  -61.579  11.724 0.5000000000
19597  -25.132  -59.033  7.834 0.6000000238
20422  -24.936  -58.866  7.028 0.6000000238
19596  -24.493  -59.394  7.445 0.6000000238
20437  -24.779  -58.593  6.210 0.6000000238
20454  -24.542  -58.244  5.539 0.6000000238
21291  -25.365  -57.956  5.689 0.6000000238
111350  -23.829  -58.156  5.155 0.6000000238
22195  -24.263  -56.692  4.564 0.6000000238
21290  -24.662  -57.562  4.952 0.6000000238
18808  -25.933  -60.916  10.354 0.5000000000
18820  -25.458  -60.438  9.622 0.5000000000
19585  -25.344  -59.223  8.633 0.6000000238
18020  -25.591  -61.184  12.550 0.5000000000
18034  -26.278  -61.054  11.144 0.5000000000
20423  -25.521  -58.605  7.367 0.6000000238
112599  -24.345  -61.159  13.429 0.5000000000
18009  -24.948  -61.196  13.162 0.5000000000
21278  -26.017  -57.903  6.279 0.6000000238
123878  -25.509  -57.267  5.185 0.6000000238
112450  -23.687  -55.804  4.390 0.6000000238
19569  -25.633  -59.571  9.383 0.5000000000
18795  -26.267  -60.822  11.943 0.5000000000
18809  -26.514  -59.710  10.685 0.5000000000
123876  -26.358  -60.440  10.732 0.5000000000
20391  -25.945  -58.831  9.111 0.5000000000
20408  -25.866  -58.564  8.164 0.6000000238
18761  -25.363  -60.503  13.078 0.5000000000
18776  -26.004  -60.360  12.560 0.5000000000
20424  -26.177  -58.110  7.160 0.6000000238
18759  -23.873  -60.711  13.555 0.5000000000
19518  -24.993  -59.851  13.402 0.5000000000
21292  -26.203  -57.290  5.695 0.6000000238
22197  -25.964  -56.610  5.202 0.6000000238
22196  -25.173  -56.684  4.803 0.6000000238
126324  -26.750  -59.453  11.308 0.5000000000
20392  -26.542  -58.360  9.668 0.5000000000
110401  -26.362  -58.303  8.833 0.6000000238
21255  -27.389  -57.426  8.496 0.6000000238
19549  -26.735  -59.563  11.977 0.5000000000
20409  -26.698  -57.894  8.085 0.6000000238
112627  -23.333  -60.141  13.549 0.5000000000
19517  -22.676  -59.635  13.445 0.5000000000
23071  -25.634  -55.894  4.952 0.6000000238
109351  -25.294  -55.204  4.864 0.6000000238
20367  -26.863  -58.792  11.642 0.5000000000
20380  -26.948  -57.975  10.395 0.5000000000
21241  -27.426  -57.470  9.327 0.6000000238
118639  -25.375  -59.159  13.412 0.5000000000
117618  -24.544  -59.167  13.612 0.5000000000
124232  -25.675  -58.576  13.421 0.6000000238
20355  -27.021  -57.884  11.957 0.6000000238
20368  -27.024  -58.171  11.176 0.5000000000
21232  -27.397  -57.512  10.120 0.5000000000
21256  -27.982  -57.034  8.890 0.6000000238
20340  -26.048  -59.046  13.074 0.6000000238
22171  -27.942  -56.904  8.023 0.6000000238
20338  -24.128  -58.384  13.787 0.5000000000
20339  -25.027  -58.497  13.696 0.5000000000
111486  -26.175  -58.216  13.190 0.6000000238
19516  -21.946  -59.151  13.155 0.4000000060
21208  -26.744  -57.709  12.855 0.6000000238
21210  -27.568  -57.171  11.868 0.6000000238
21219  -27.883  -57.004  11.252 0.6000000238
21233  -27.906  -57.081  10.525 0.5000000000
113597  -28.514  -56.594  9.318 0.6000000238
22158  -28.509  -56.466  8.475 0.6000000238
22146  -28.455  -56.645  10.130 0.6999999881
32935  -31.376  -44.582  4.428 0.5000000000
117988  -29.985  -39.130  1.633 0.5000000000
38095  -31.350  -38.388  1.502 0.5000000000
39765  -30.248  -36.606  0.184 0.5000000000
48070  -38.439  -27.138  -0.269 0.4000000060
119813  -39.111  -26.728  0.240 0.3000000119
49059  -39.645  -26.338  1.064 0.3000000119
49997  -39.782  -25.732  1.363 0.3000000119
17334  -24.589  -63.064  10.367 0.4000000060
17348  -24.309  -62.616  9.556 0.5000000000
18076  -23.939  -62.036  8.860 0.5000000000
19611  -22.702  -59.684  6.193 0.5000000000
17319  -24.890  -62.903  11.651 0.4000000060
19612  -23.369  -59.336  6.253 0.6000000238
20436  -23.981  -58.732  5.902 0.6000000238
20453  -23.152  -58.699  5.483 0.5000000000
21289  -23.617  -57.374  4.672 0.5000000000
16569  -24.489  -63.082  12.435 0.4000000060
17305  -25.396  -61.871  12.229 0.5000000000
17288  -23.158  -62.015  13.945 0.5000000000
18008  -24.457  -61.775  13.329 0.5000000000
18007  -23.799  -61.510  13.641 0.3000000119
18758  -22.113  -60.839  13.643 0.4000000060
18755  -19.773  -60.545  13.216 0.4000000060
31165  -32.255  -46.065  5.200 0.4000000060
32085  -33.448  -45.327  5.473 0.4000000060
32084  -32.648  -45.294  5.328 0.4000000060
37144  -31.615  -39.624  13.498 0.5000000000
37297  -31.748  -38.952  1.886 0.5000000000
38096  -32.299  -38.350  1.486 0.5000000000
38897  -31.877  -37.739  1.119 0.5000000000
39698  -35.115  -36.339  8.613 0.4000000060
49067  -39.668  -26.221  0.632 0.3000000119
119996  -39.548  -24.050  1.995 0.3000000119
16582  -24.419  -63.564  11.663 0.4000000060
21264  -26.822  -57.609  7.232 0.6000000238
20337  -23.204  -58.267  13.647 0.5000000000
115915  -23.535  -59.199  13.586 0.6000000238
118897  -32.166  -39.436  2.231 0.5000000000
109900  -23.039  -61.044  13.721 0.4000000060
19595  -23.792  -59.698  7.063 0.6000000238
18836  -24.448  -60.369  8.483 0.5000000000
17320  -25.383  -62.250  11.592 0.5000000000
19570  -26.201  -59.172  9.930 0.5000000000
19558  -26.712  -58.793  10.684 0.5000000000
19519  -25.747  -59.777  13.056 0.5000000000
20354  -26.580  -58.724  12.494 0.5000000000
49078  -38.561  -26.385  -0.266 0.4000000060
16559  -23.914  -63.214  13.277 0.4000000060
116937  -22.877  -57.960  4.831 0.4000000060
17296  -23.902  -62.331  13.602 0.4000000060
26480  -23.364  -51.849  10.605 0.3000000119
25613  -24.086  -52.314  11.079 0.4000000060
24764  -23.987  -53.703  10.410 0.4000000060
27332  -23.096  -50.645  11.956 0.4000000060
130372  -21.161  -47.879  12.220 0.4000000060
125915  -22.530  -48.221  12.555 0.4000000060
27310  -22.724  -49.890  12.304 0.4000000060
28214  -23.245  -49.278  12.690 0.4000000060
129522  -20.153  -47.228  11.823 0.3000000119
30136  -20.835  -47.238  12.006 0.3000000119
31996  -20.714  -45.992  11.331 0.4000000060
30137  -21.584  -47.340  12.214 0.5000000000
31074  -21.261  -46.446  11.856 0.4000000060
120123  -21.921  -45.946  11.922 0.4000000060
31997  -21.372  -45.508  11.345 0.4000000060
38778  -30.563  -38.306  13.399 0.3000000119
40663  -33.659  -35.517  10.487 0.3000000119
40664  -34.517  -35.872  10.142 0.3000000119
40673  -34.928  -35.479  9.199 0.3000000119
115191  -34.902  -34.862  8.555 0.3000000119
43530  -33.420  -32.176  7.388 0.3000000119
46185  -31.004  -30.023  -0.513 0.4000000060
44447  -32.638  -31.165  6.824 0.3000000119
45350  -31.921  -30.451  0.292 0.4000000060
47096  -30.626  -27.883  -2.161 0.4000000060
44429  -33.283  -31.597  6.984 0.3000000119
45305  -32.969  -30.647  6.331 0.3000000119
45321  -33.511  -30.676  5.776 0.3000000119
45304  -32.056  -30.498  6.332 0.3000000119
45320  -32.775  -30.039  5.886 0.3000000119
46142  -32.883  -29.410  5.346 0.3000000119
46143  -33.456  -29.997  5.274 0.3000000119
47025  -31.332  -28.910  5.147 0.3000000119
46141  -31.955  -29.546  5.598 0.3000000119
119538  -31.051  -28.216  4.694 0.3000000119
43575  -33.383  -31.878  2.985 0.3000000119
108880  -30.284  -28.030  4.483 0.3000000119
48022  -30.357  -27.364  4.202 0.3000000119
44483  -33.239  -30.893  1.811 0.3000000119
124679  -33.103  -30.288  1.162 0.3000000119
45352  -33.303  -29.555  0.893 0.3000000119
50856  -29.119  -24.765  3.099 0.3000000119
45351  -32.639  -29.984  0.556 0.3000000119
50872  -29.580  -23.946  2.747 0.3000000119
51802  -28.816  -23.492  2.388 0.3000000119
48068  -31.264  -27.490  -1.647 0.3000000119
45327  -33.771  -30.666  4.978 0.3000000119
128668  -33.833  -30.823  4.244 0.3000000119
44470  -33.707  -31.489  3.682 0.3000000119
109119  -33.613  -31.173  2.765 0.3000000119
47026  -32.243  -28.972  5.209 0.3000000119
46157  -32.917  -28.787  4.932 0.3000000119
46158  -33.483  -29.387  4.775 0.3000000119
46167  -33.912  -29.416  3.947 0.3000000119
109907  -33.915  -30.445  3.509 0.3000000119
47037  -32.060  -28.322  4.793 0.3000000119
47038  -32.975  -28.187  4.545 0.3000000119
117241  -29.931  -26.806  3.863 0.3000000119
128966  -30.838  -27.677  4.423 0.3000000119
48023  -31.564  -27.658  4.468 0.3000000119
45344  -33.525  -29.989  1.653 0.3000000119
49030  -30.585  -26.334  3.807 0.3000000119
46187  -32.750  -29.050  0.212 0.3000000119
50873  -30.566  -24.060  2.924 0.3000000119
51805  -31.302  -23.468  2.602 0.3000000119
51804  -30.327  -23.380  2.505 0.3000000119
48078  -31.666  -26.668  -1.847 0.3000000119
49092  -32.743  -26.318  -2.629 0.3000000119
48084  -31.923  -26.763  -2.769 0.3000000119
121009  -33.819  -30.113  4.472 0.3000000119
119949  -33.539  -28.755  4.414 0.3000000119
46168  -34.073  -28.860  3.332 0.3000000119
45333  -34.048  -29.608  3.030 0.3000000119
48024  -32.456  -27.623  4.411 0.3000000119
48025  -33.157  -27.626  4.259 0.3000000119
47051  -33.626  -28.114  4.133 0.3000000119
125953  -33.875  -28.668  3.893 0.3000000119
45338  -33.764  -30.303  2.491 0.3000000119
49015  -31.101  -27.140  4.230 0.3000000119
49016  -32.001  -26.991  4.212 0.3000000119
49032  -32.533  -26.275  3.886 0.3000000119
47079  -33.489  -28.574  0.738 0.3000000119
46179  -33.750  -29.188  1.421 0.3000000119
50858  -31.745  -24.917  3.371 0.3000000119
51806  -32.153  -23.806  2.744 0.3000000119
47078  -32.779  -27.926  0.036 0.3000000119
52702  -31.708  -22.829  2.191 0.3000000119
129364  -32.182  -23.334  2.438 0.3000000119
48069  -32.179  -27.329  -0.958 0.3000000119
49074  -32.483  -26.467  -1.158 0.3000000119
49086  -32.345  -26.113  -1.962 0.3000000119
47063  -34.276  -28.275  2.918 0.3000000119
49033  -33.619  -26.332  3.530 0.3000000119
48037  -33.780  -27.346  3.791 0.3000000119
125550  -34.283  -27.562  3.142 0.3000000119
46175  -34.105  -28.930  2.619 0.3000000119
46174  -33.872  -29.508  2.202 0.3000000119
49983  -32.035  -25.610  3.643 0.3000000119
48049  -34.289  -27.049  2.610 0.3000000119
127865  -33.998  -28.896  1.958 0.3000000119
49984  -33.010  -25.561  3.480 0.3000000119
50859  -32.521  -25.080  3.342 0.3000000119
51807  -33.004  -23.719  2.361 0.3000000119
52704  -33.180  -23.068  1.847 0.3000000119
48062  -33.235  -27.259  0.504 0.3000000119
52703  -32.579  -22.935  2.066 0.3000000119
48061  -32.713  -26.877  -0.229 0.3000000119
48038  -34.172  -26.867  3.206 0.3000000119
129032  -34.324  -27.757  2.536 0.3000000119
48055  -34.139  -27.526  1.803 0.3000000119
50860  -33.097  -24.994  3.121 0.3000000119
112904  -33.686  -25.454  2.866 0.3000000119
49034  -34.127  -26.273  2.760 0.3000000119
47070  -33.967  -28.404  1.440 0.3000000119
50876  -33.347  -24.633  2.598 0.3000000119
49056  -33.699  -26.835  1.152 0.3000000119
120317  -33.181  -21.727  1.174 0.3000000119
51822  -33.563  -23.488  1.630 0.3000000119
53556  -32.494  -21.653  1.357 0.3000000119
52720  -33.019  -22.361  1.589 0.3000000119
49065  -33.190  -26.326  0.355 0.3000000119
120419  -32.896  -26.168  -0.471 0.3000000119
49075  -32.968  -25.745  -1.182 0.3000000119
49087  -33.143  -25.812  -2.113 0.3000000119
50032  -34.719  -25.428  -1.746 0.3000000119
49057  -34.084  -26.480  1.997 0.3000000119
49995  -33.907  -25.610  2.146 0.3000000119
119558  -33.694  -24.959  2.210 0.3000000119
50892  -33.686  -24.795  1.561 0.3000000119
109878  -33.629  -25.677  1.175 0.3000000119
113860  -33.651  -24.244  1.939 0.3000000119
50012  -33.267  -25.431  -0.135 0.3000000119
53558  -33.632  -22.116  1.054 0.3000000119
52722  -34.003  -22.583  0.725 0.3000000119
51823  -33.853  -23.178  1.038 0.3000000119
50018  -33.437  -25.175  -0.878 0.3000000119
50031  -33.709  -25.418  -1.586 0.3000000119
49076  -36.969  -25.987  -1.311 0.3000000119
50033  -35.828  -25.651  -1.644 0.3000000119
53557  -33.629  -21.406  0.674 0.3000000119
50907  -33.603  -24.624  0.525 0.3000000119
53568  -34.225  -21.837  0.426 0.3000000119
50893  -33.781  -23.859  1.033 0.3000000119
50013  -33.670  -24.654  -0.389 0.3000000119
50918  -35.514  -24.278  -0.742 0.3000000119
50019  -34.105  -24.878  -1.109 0.3000000119
110491  -36.280  -24.949  -0.974 0.3000000119
50020  -35.155  -24.867  -1.157 0.3000000119
54453  -34.296  -20.961  0.075 0.3000000119
52730  -34.629  -22.526  -0.038 0.3000000119
51844  -34.569  -23.486  -0.234 0.3000000119
50908  -33.959  -23.972  -0.021 0.3000000119
51845  -35.255  -23.040  -0.402 0.3000000119
50917  -34.508  -24.261  -0.592 0.3000000119
51846  -35.838  -23.599  -0.557 0.3000000119
123182  -36.279  -24.172  -0.679 0.3000000119
50021  -37.189  -25.217  -0.802 0.3000000119
50919  -37.071  -24.410  -0.659 0.3000000119
49077  -37.763  -26.661  -0.822 0.3000000119
54465  -35.154  -20.844  -0.403 0.3000000119
53580  -34.889  -21.613  -0.184 0.3000000119
52743  -35.461  -22.219  -0.387 0.3000000119
121586  -35.079  -23.738  -0.528 0.3000000119
50022  -37.800  -25.820  -0.647 0.3000000119
126832  -22.425  -56.972  4.358 0.4000000060
27311  -23.498  -50.138  12.530 0.4000000060
29131  -21.833  -48.236  12.358 0.4000000060
30138  -22.108  -46.690  12.203 0.4000000060
37963  -31.129  -38.894  13.528 0.3000000119
128347  -32.042  -30.015  5.956 0.3000000119
109996  -33.793  -31.207  5.270 0.3000000119
121057  -30.104  -25.942  3.630 0.3000000119
49031  -31.381  -26.392  3.931 0.3000000119
29154  -21.147  -48.617  12.180 0.4000000060
28235  -21.986  -49.688  12.065 0.4000000060
28213  -22.413  -49.000  12.458 0.4000000060
31089  -20.066  -46.142  10.964 0.3000000119
49014  -30.639  -26.817  4.012 0.3000000119
52701  -30.779  -22.786  2.170 0.3000000119
121652  -30.068  -22.582  1.949 0.3000000119
47052  -34.051  -28.147  3.540 0.3000000119
49017  -32.968  -26.978  4.125 0.3000000119
128099  -33.361  -27.902  0.565 0.3000000119
48054  -33.765  -27.789  0.965 0.3000000119
50875  -32.546  -24.440  3.000 0.3000000119
47071  -34.208  -28.322  2.191 0.3000000119
52719  -32.112  -22.262  1.793 0.3000000119
51834  -34.176  -23.223  0.350 0.3000000119
113392  -37.904  -24.956  -0.542 0.3000000119
52744  -36.233  -22.764  -0.515 0.3000000119
29153  -20.420  -48.015  12.085 0.4000000060
117559  -32.632  -46.675  5.347 0.4000000060
19557  -18.168  -58.917  10.634 0.3000000119
19546  -18.536  -59.340  11.351 0.3000000119
20378  -18.597  -58.290  10.232 0.3000000119
19547  -19.325  -59.138  11.604 0.3000000119
32016  -20.539  -45.445  10.602 0.3000000119
32017  -21.223  -44.970  10.630 0.3000000119
27350  -22.094  -50.628  10.826 0.3000000119
28234  -21.269  -49.476  11.942 0.3000000119
28212  -21.707  -49.030  12.252 0.3000000119
26465  -22.831  -51.015  11.100 0.3000000119
27331  -22.366  -50.359  11.653 0.3000000119
27329  -20.750  -49.922  11.416 0.3000000119
27330  -21.627  -50.108  11.441 0.3000000119
30200  -32.653  -47.521  5.316 0.3000000119
16560  -24.501  -62.461  13.037 0.5000000000
17304  -24.978  -62.419  12.324 0.5000000000
17335  -25.150  -62.669  10.905 0.4000000060
18019  -25.004  -61.828  12.827 0.5000000000
18061  -24.629  -61.739  9.354 0.5000000000
18760  -24.625  -60.557  13.401 0.5000000000
18777  -26.482  -60.163  12.124 0.5000000000
18796  -26.593  -60.225  11.431 0.5000000000
18821  -26.020  -60.036  10.110 0.5000000000
18849  -23.453  -60.359  7.408 0.6000000238
19533  -20.502  -59.348  12.507 0.5000000000
19535  -26.303  -59.630  12.544 0.5000000000
19584  -24.752  -59.647  8.200 0.5000000000
20366  -20.405  -58.268  11.599 0.5000000000
20393  -26.978  -57.815  9.715 0.6000000238
20438  -25.492  -58.378  6.596 0.6000000238
21209  -27.220  -57.275  12.515 0.6999999881
21229  -19.111  -57.606  9.899 0.4000000060
21240  -26.873  -57.860  9.030 0.6000000238
21242  -27.951  -57.082  9.714 0.5000000000
22094  -27.661  -56.139  13.236 0.6000000238
22109  -21.774  -56.606  12.254 0.6000000238
22123  -21.059  -56.380  10.487 0.3000000119
22139  -28.391  -56.636  10.953 0.6000000238
22186  -26.937  -56.884  6.037 0.6999999881
22188  -28.149  -55.969  6.781 0.6999999881
23070  -24.730  -55.789  4.637 0.6999999881
23082  -21.948  -54.820  3.357 0.5000000000
23833  -26.849  -54.960  13.720 0.6000000238
23837  -30.060  -53.802  12.964 0.6999999881
23853  -29.523  -54.994  12.515 0.8000000119
23955  -21.978  -54.135  3.598 0.6000000238
24743  -28.522  -53.344  13.614 0.6000000238
24786  -30.272  -53.038  9.006 0.6999999881
24799  -28.919  -53.121  7.488 0.6999999881
24812  -22.651  -54.165  4.291 0.6999999881
24813  -23.278  -53.006  4.398 0.6999999881
24815  -25.428  -54.436  5.027 0.6999999881
24825  -22.290  -53.753  3.637 0.6999999881
25594  -30.861  -51.968  13.145 0.6999999881
25608  -31.164  -52.546  12.487 0.6999999881
25629  -31.103  -52.625  10.028 0.8000000119
25642  -29.591  -52.224  8.290 0.8000000119
25660  -26.801  -52.884  5.852 0.6999999881
25664  -23.005  -52.204  3.973 0.6999999881
25669  -23.277  -52.216  3.720 0.6999999881
25679  -24.923  -52.716  2.876 0.6000000238
26469  -32.192  -51.323  11.495 0.6999999881
27302  -30.593  -49.887  13.462 0.8000000119
27303  -31.144  -50.661  13.243 0.6999999881
27363  -31.576  -50.418  9.335 0.8000000119
27369  -30.281  -50.216  8.250 0.8000000119
27374  -29.617  -50.236  7.757 0.8000000119
27376  -24.950  -50.111  5.235 0.6999999881
27384  -24.326  -50.119  4.703 0.6999999881
27391  -23.982  -50.243  4.163 0.6999999881
27411  -24.380  -51.011  3.560 0.6999999881
28236  -32.715  -49.826  11.673 0.8000000119
28285  -25.441  -49.517  5.389 0.6999999881
28310  -24.628  -49.672  3.821 0.6999999881
28318  -26.983  -49.406  3.004 0.6999999881
28320  -28.331  -49.142  2.676 0.6999999881
29119  -30.615  -48.402  13.413 0.8000000119
29249  -26.175  -48.211  3.507 0.8000000119
30102  -29.367  -47.333  13.463 0.6999999881
30165  -32.980  -47.705  8.884 0.8000000119
30214  -31.499  -47.504  4.619 0.5000000000
31115  -33.221  -46.396  8.944 0.6999999881
32071  -29.385  -45.532  6.943 0.8000000119
32885  -32.980  -44.201  8.915 0.6999999881
32924  -33.071  -44.698  5.349 0.6000000238
33612  -31.982  -43.199  13.021 0.6999999881
34615  -32.905  -41.980  3.894 0.6999999881
34623  -23.286  -41.936  2.764 0.8000000119
34624  -24.094  -42.489  2.505 0.8000000119
34637  -25.836  -42.358  1.585 0.8000000119
35338  -30.741  -41.968  13.542 0.5000000000
35474  -23.089  -41.448  2.994 0.8000000119
35483  -23.258  -41.569  2.662 0.8000000119
35499  -23.864  -41.593  2.089 0.8000000119
36382  -23.417  -41.018  3.000 0.8000000119
36384  -25.068  -40.075  3.097 0.8000000119
36389  -24.468  -40.431  2.699 0.8000000119
36405  -24.651  -41.026  1.974 0.8000000119
36407  -27.166  -40.090  1.550 0.8000000119
37141  -27.829  -39.296  13.322 0.3000000119
37156  -33.525  -39.480  12.015 0.6999999881
38803  -34.070  -37.731  11.338 0.5000000000
38876  -31.104  -37.344  3.990 0.8000000119
39728  -28.151  -36.497  2.758 0.8000000119
40644  -33.168  -35.954  11.100 0.3000000119
40758  -27.186  -34.854  0.267 0.6999999881
41678  -34.091  -33.918  8.768 0.3000000119
41703  -33.545  -34.327  4.545 0.6000000238
42711  -27.566  -32.762  -0.141 0.6000000238
42716  -27.507  -32.984  -0.392 0.6000000238
43606  -30.213  -31.823  -2.257 0.5000000000
44428  -32.833  -31.704  7.273 0.3000000119
44492  -28.784  -31.212  -0.597 0.6000000238
44513  -28.627  -30.958  -1.477 0.6000000238
45367  -29.039  -30.548  -1.510 0.5000000000
46209  -30.371  -29.221  -2.906 0.5000000000
47086  -31.046  -28.269  -1.467 0.3000000119
47105  -34.365  -28.425  -3.755 0.4000000060
48089  -32.240  -27.342  -3.663 0.4000000060
50878  -39.524  -24.905  1.856 0.3000000119
52721  -33.554  -22.807  1.358 0.3000000119
109205  -21.968  -60.069  13.363 0.5000000000
109560  -33.542  -43.187  10.915 0.6999999881
110586  -27.656  -49.225  6.299 0.6999999881
111174  -20.428  -46.610  11.599 0.3000000119
111491  -23.143  -56.861  13.706 0.6000000238
111878  -27.090  -34.759  0.613 0.6999999881
114484  -34.674  -37.678  8.483 0.6000000238
116123  -29.325  -45.989  13.401 0.6999999881
116167  -29.170  -44.047  6.683 0.8000000119
116250  -28.389  -51.035  6.924 0.8000000119
116370  -33.367  -47.351  11.159 0.6999999881
117074  -31.010  -44.998  7.745 0.6999999881
117679  -30.493  -54.024  9.811 0.8000000119
117800  -27.624  -54.015  6.128 0.6999999881
117819  -28.672  -49.223  13.559 0.8000000119
118116  -26.916  -44.038  5.264 0.8000000119
118602  -24.159  -59.928  13.577 0.5000000000
118915  -25.932  -50.256  3.153 0.6999999881
119065  -33.584  -45.185  9.660 0.6999999881
119484  -26.881  -48.578  3.105 0.6999999881
119638  -27.418  -57.573  11.068 0.6000000238
120250  -27.495  -51.943  6.340 0.6999999881
123060  -29.729  -55.004  9.084 0.8000000119
123633  -33.933  -32.474  6.414 0.4000000060
124215  -34.378  -44.570  5.100 0.4000000060
124365  -31.544  -52.748  11.092 0.6999999881
125859  -28.477  -31.469  -1.551 0.5000000000
126097  -24.162  -50.432  12.683 0.5000000000
126150  -38.546  -25.657  -0.355 0.3000000119
126291  -31.034  -48.434  8.019 0.8000000119
127054  -26.555  -56.567  5.593 0.6999999881
127459  -28.578  -44.270  13.198 0.6000000238
127891  -30.190  -22.955  2.239 0.3000000119
130226  -23.855  -50.422  4.103 0.6999999881
