#!ascii label  , from subject sub-v1s23x0050559_ses-1 vox2ras=TkReg
988
110813  17.911  -26.652  76.173 0.0000000000
44923  8.109  -28.417  65.452 0.0000000000
42100  10.521  -30.628  78.447 0.0000000000
49241  14.256  -23.261  78.072 0.0000000000
51879  13.761  -19.926  71.530 0.0000000000
43872  15.279  -28.836  79.663 0.0000000000
47376  17.036  -24.864  82.039 0.0000000000
43891  21.024  -28.955  76.989 0.0000000000
42126  17.302  -31.638  76.365 0.0000000000
112199  12.430  -33.788  76.631 0.0000000000
53801  11.970  -17.635  80.686 0.0000000000
51824  15.414  -20.690  75.378 0.0000000000
51816  8.618  -20.886  75.915 0.0000000000
130109  7.316  -32.044  74.506 0.0000000000
118464  8.501  -27.877  73.904 0.0000000000
47390  10.511  -26.123  79.608 0.0000000000
51787  14.652  -19.876  83.032 0.0000000000
46570  11.746  -26.816  71.640 0.0000000000
48393  14.713  -24.839  68.962 0.0000000000
50202  17.130  -22.860  66.749 0.0000000000
125695  12.267  -21.029  67.033 0.0000000000
45641  16.697  -27.460  78.827 0.0000000000
47388  18.125  -25.209  79.806 0.0000000000
45655  19.361  -28.220  76.592 0.0000000000
43025  19.440  -30.618  76.682 0.0000000000
124109  18.221  -28.865  77.650 0.0000000000
42996  16.538  -30.586  78.858 0.0000000000
53821  9.420  -18.916  78.550 0.0000000000
42116  8.289  -31.612  77.412 0.0000000000
44770  8.124  -29.035  77.214 0.0000000000
44761  9.745  -28.896  78.981 0.0000000000
51789  19.327  -20.749  81.216 0.0000000000
50097  16.577  -22.067  83.386 0.0000000000
41122  11.553  -32.482  77.635 0.0000000000
39199  10.374  -35.076  76.202 0.0000000000
41135  9.223  -32.914  77.045 0.0000000000
39202  7.361  -34.307  75.391 0.0000000000
47412  11.286  -25.665  75.851 0.0000000000
123758  10.650  -27.238  72.513 0.0000000000
48322  13.503  -24.581  74.915 0.0000000000
51851  14.609  -20.120  73.589 0.0000000000
49283  16.163  -22.982  72.080 0.0000000000
51018  16.493  -21.605  71.102 0.0000000000
48404  16.130  -23.999  67.494 0.0000000000
51917  16.269  -20.788  68.888 0.0000000000
43874  12.757  -29.646  79.677 0.0000000000
45636  12.820  -27.393  80.961 0.0000000000
45626  16.164  -26.639  81.010 0.0000000000
49232  19.272  -23.479  79.816 0.0000000000
43914  22.575  -29.678  74.888 0.0000000000
43073  20.442  -29.960  72.209 0.0000000000
43051  19.832  -30.676  74.459 0.0000000000
42150  17.516  -31.559  74.403 0.0000000000
42128  15.433  -32.229  76.802 0.0000000000
108150  13.898  -32.003  78.299 0.0000000000
51797  14.628  -20.166  79.963 0.0000000000
50118  15.541  -22.236  77.103 0.0000000000
130370  13.538  -19.489  77.642 0.0000000000
129553  12.973  -20.299  75.505 0.0000000000
109190  11.448  -20.877  74.075 0.0000000000
46553  20.134  -26.298  73.232 0.0000000000
44804  25.780  -28.759  72.767 0.0000000000
109876  28.136  -26.061  75.931 0.0000000000
46513  23.490  -26.893  76.511 0.0000000000
46538  22.384  -26.426  75.043 0.0000000000
110226  6.892  -33.177  72.304 0.0000000000
43088  7.084  -30.597  71.654 0.0000000000
115943  7.406  -29.780  74.467 0.0000000000
46517  9.452  -26.819  76.667 0.0000000000
48296  12.218  -24.456  78.500 0.0000000000
47382  12.100  -25.767  81.362 0.0000000000
123732  13.115  -23.419  81.788 0.0000000000
50976  14.410  -21.248  81.217 0.0000000000
53792  13.654  -17.556  81.873 0.0000000000
44836  7.087  -28.767  70.760 0.0000000000
44846  8.881  -28.072  69.312 0.0000000000
45719  10.600  -27.689  68.659 0.0000000000
48337  14.514  -24.192  73.682 0.0000000000
47461  13.540  -25.485  70.826 0.0000000000
45739  11.732  -27.695  66.646 0.0000000000
46616  13.419  -26.766  65.475 0.0000000000
47517  14.610  -25.668  64.523 0.0000000000
52783  8.510  -20.039  73.131 0.0000000000
51019  10.258  -21.714  71.297 0.0000000000
51040  9.854  -22.348  69.422 0.0000000000
51920  13.083  -20.256  69.122 0.0000000000
52839  15.440  -19.762  67.051 0.0000000000
46515  17.270  -27.499  77.400 0.0000000000
47395  17.947  -25.734  77.820 0.0000000000
128096  18.518  -25.334  75.452 0.0000000000
45667  18.376  -27.341  76.009 0.0000000000
123749  18.408  -28.279  77.017 0.0000000000
45657  17.570  -28.136  77.393 0.0000000000
44762  17.508  -28.875  78.030 0.0000000000
44955  7.190  -28.343  63.442 0.0000000000
45753  10.023  -28.076  64.767 0.0000000000
42115  9.111  -31.483  77.747 0.0000000000
43885  8.947  -29.775  78.344 0.0000000000
110708  10.311  -30.144  78.753 0.0000000000
43949  21.567  -29.461  71.415 0.0000000000
41110  10.762  -31.577  77.740 0.0000000000
40056  10.019  -32.909  77.092 0.0000000000
41124  9.649  -32.216  77.337 0.0000000000
41125  8.794  -32.247  77.262 0.0000000000
47400  12.288  -24.675  76.858 0.0000000000
47425  11.905  -25.641  75.052 0.0000000000
49250  13.931  -23.784  76.649 0.0000000000
51864  14.444  -19.989  72.717 0.0000000000
51862  15.970  -20.805  72.187 0.0000000000
51877  15.521  -20.384  71.506 0.0000000000
51900  16.271  -21.011  69.892 0.0000000000
110794  15.263  -20.129  70.066 0.0000000000
43873  13.808  -29.449  79.711 0.0000000000
44751  14.205  -28.059  80.479 0.0000000000
128847  15.442  -27.512  80.367 0.0000000000
47384  18.511  -24.527  79.787 0.0000000000
114819  20.501  -22.126  79.078 0.0000000000
43902  22.264  -29.327  76.029 0.0000000000
43915  21.233  -30.196  74.383 0.0000000000
43904  20.757  -29.797  76.385 0.0000000000
43026  18.737  -30.977  76.892 0.0000000000
43039  18.874  -31.151  75.821 0.0000000000
42140  17.417  -31.667  75.376 0.0000000000
42127  16.499  -31.892  76.738 0.0000000000
43879  15.887  -29.795  79.389 0.0000000000
42095  15.351  -31.546  78.370 0.0000000000
42981  14.876  -29.906  79.555 0.0000000000
42084  12.484  -30.910  78.905 0.0000000000
52724  13.499  -18.851  80.368 0.0000000000
51801  14.701  -20.027  78.874 0.0000000000
52729  12.249  -18.993  79.078 0.0000000000
52756  9.039  -20.344  77.315 0.0000000000
52755  10.161  -20.303  77.560 0.0000000000
51828  10.629  -21.129  75.949 0.0000000000
51839  12.172  -20.606  74.674 0.0000000000
51841  10.285  -21.246  75.011 0.0000000000
45650  24.426  -27.156  76.659 0.0000000000
124589  7.150  -32.801  73.118 0.0000000000
42164  7.462  -31.113  73.304 0.0000000000
126195  7.416  -31.307  74.195 0.0000000000
45647  8.900  -27.638  78.089 0.0000000000
129608  8.536  -27.759  76.833 0.0000000000
46507  9.888  -26.402  78.086 0.0000000000
47397  10.540  -25.809  77.523 0.0000000000
47393  10.892  -25.502  79.190 0.0000000000
46492  14.795  -26.463  81.478 0.0000000000
45630  12.239  -26.800  81.079 0.0000000000
129550  14.365  -25.114  82.059 0.0000000000
109814  16.273  -20.423  83.295 0.0000000000
50099  14.169  -22.504  83.150 0.0000000000
50971  14.239  -21.573  83.071 0.0000000000
50107  13.492  -22.832  81.323 0.0000000000
115435  14.397  -20.647  82.820 0.0000000000
51791  14.088  -19.418  81.842 0.0000000000
52713  14.483  -18.835  82.620 0.0000000000
43074  19.568  -30.302  72.355 0.0000000000
43085  19.197  -30.287  71.447 0.0000000000
109180  13.564  -33.854  75.308 0.0000000000
40094  13.138  -34.343  74.804 0.0000000000
39197  12.272  -34.737  75.279 0.0000000000
38359  9.966  -35.642  75.757 0.0000000000
38366  10.669  -35.867  74.841 0.0000000000
40095  7.180  -33.503  74.909 0.0000000000
40107  6.998  -33.603  73.958 0.0000000000
44807  7.197  -28.876  72.265 0.0000000000
44822  6.902  -28.999  71.522 0.0000000000
45692  8.266  -28.027  72.316 0.0000000000
45689  10.951  -27.236  71.784 0.0000000000
45698  9.387  -27.623  71.311 0.0000000000
45703  10.389  -27.397  70.247 0.0000000000
45720  9.825  -27.865  68.970 0.0000000000
45702  11.108  -27.146  69.884 0.0000000000
50991  15.810  -21.445  75.714 0.0000000000
49253  15.337  -22.971  75.208 0.0000000000
50128  15.796  -22.529  74.671 0.0000000000
48379  15.289  -24.282  70.364 0.0000000000
48356  14.585  -24.658  71.549 0.0000000000
47467  14.142  -25.205  69.560 0.0000000000
46589  12.548  -26.595  68.263 0.0000000000
46588  13.198  -26.187  67.939 0.0000000000
45737  12.989  -27.098  66.205 0.0000000000
47491  13.813  -25.811  67.610 0.0000000000
49341  16.657  -23.452  67.138 0.0000000000
109991  14.972  -25.065  65.777 0.0000000000
48422  16.215  -24.055  65.917 0.0000000000
52790  8.431  -19.979  72.336 0.0000000000
51883  9.486  -21.423  72.042 0.0000000000
51020  9.014  -21.604  71.350 0.0000000000
111144  10.095  -22.303  66.514 0.0000000000
51052  10.966  -21.927  67.966 0.0000000000
51905  11.636  -21.381  69.367 0.0000000000
51938  12.333  -20.921  68.065 0.0000000000
52825  14.414  -19.779  68.230 0.0000000000
51951  13.210  -20.283  67.028 0.0000000000
45642  16.327  -27.693  79.356 0.0000000000
45639  16.287  -27.074  80.077 0.0000000000
46504  17.099  -26.694  79.201 0.0000000000
44767  20.422  -28.686  76.941 0.0000000000
43892  20.312  -29.320  77.086 0.0000000000
44768  19.596  -28.933  77.306 0.0000000000
43894  19.095  -30.193  77.525 0.0000000000
43009  18.427  -30.513  77.713 0.0000000000
42110  16.560  -31.610  77.536 0.0000000000
42995  17.223  -30.247  78.511 0.0000000000
43878  16.568  -29.586  79.044 0.0000000000
55848  11.108  -16.316  79.549 0.0000000000
53810  10.314  -18.137  79.713 0.0000000000
54837  10.159  -17.457  78.661 0.0000000000
54848  9.795  -18.196  77.100 0.0000000000
53844  9.020  -18.902  75.777 0.0000000000
120882  7.467  -31.885  76.140 0.0000000000
43042  7.415  -30.898  75.713 0.0000000000
43895  7.924  -29.984  77.024 0.0000000000
109973  8.968  -28.718  78.414 0.0000000000
45643  9.803  -27.359  79.516 0.0000000000
49223  18.602  -23.200  81.892 0.0000000000
49225  16.928  -23.452  83.061 0.0000000000
50967  18.199  -21.533  82.565 0.0000000000
51785  17.320  -19.994  82.839 0.0000000000
53785  16.189  -18.535  82.771 0.0000000000
54804  15.875  -17.668  82.470 0.0000000000
40054  11.912  -33.231  77.344 0.0000000000
40079  11.912  -34.477  76.241 0.0000000000
40055  10.918  -32.969  77.320 0.0000000000
39189  9.863  -34.376  76.646 0.0000000000
116312  8.544  -34.895  76.177 0.0000000000
39212  7.843  -35.181  75.627 0.0000000000
40081  8.169  -33.619  76.544 0.0000000000
41150  7.694  -32.838  76.394 0.0000000000
46546  9.779  -26.824  74.741 0.0000000000
45684  8.842  -27.731  72.999 0.0000000000
46545  10.739  -26.574  74.268 0.0000000000
46556  11.520  -26.487  73.531 0.0000000000
47434  12.846  -25.635  73.350 0.0000000000
51836  15.361  -20.576  74.551 0.0000000000
50137  16.191  -22.030  74.138 0.0000000000
120341  16.238  -21.415  72.783 0.0000000000
50157  16.494  -22.295  71.604 0.0000000000
49314  15.851  -23.753  69.955 0.0000000000
48392  15.416  -24.356  68.644 0.0000000000
49313  16.336  -23.148  69.546 0.0000000000
50185  16.879  -22.295  68.446 0.0000000000
50184  17.111  -21.860  67.694 0.0000000000
51963  11.732  -21.465  65.594 0.0000000000
51961  13.230  -20.299  66.085 0.0000000000
51972  12.894  -20.568  64.469 0.0000000000
42985  11.474  -30.146  78.882 0.0000000000
125253  11.359  -29.762  79.337 0.0000000000
43869  12.389  -29.094  80.044 0.0000000000
44748  14.182  -27.604  80.947 0.0000000000
47380  16.675  -25.461  81.584 0.0000000000
130218  17.156  -26.055  80.464 0.0000000000
47379  17.577  -25.152  80.635 0.0000000000
48283  18.170  -24.241  80.908 0.0000000000
50974  19.943  -22.283  80.333 0.0000000000
43926  22.795  -29.645  73.975 0.0000000000
109347  21.251  -29.746  72.173 0.0000000000
43061  21.295  -30.065  73.566 0.0000000000
43038  19.649  -30.822  75.619 0.0000000000
43052  18.990  -31.107  74.756 0.0000000000
42161  17.624  -31.321  73.470 0.0000000000
41149  14.324  -33.286  75.277 0.0000000000
41133  13.786  -32.884  76.822 0.0000000000
42111  15.854  -31.887  77.422 0.0000000000
42112  14.848  -32.067  77.638 0.0000000000
41120  13.274  -32.706  77.441 0.0000000000
126569  12.470  -32.083  78.167 0.0000000000
42098  11.906  -31.446  78.353 0.0000000000
50111  15.078  -22.133  79.195 0.0000000000
50115  14.922  -22.744  77.639 0.0000000000
51800  15.361  -20.739  78.246 0.0000000000
51804  15.425  -20.759  77.243 0.0000000000
51811  14.892  -20.178  76.780 0.0000000000
52741  11.924  -19.430  78.358 0.0000000000
52753  13.237  -19.676  77.089 0.0000000000
51826  13.814  -20.133  75.440 0.0000000000
51838  13.988  -20.096  74.329 0.0000000000
51852  13.760  -20.074  73.405 0.0000000000
51866  12.550  -20.410  72.716 0.0000000000
46541  18.890  -26.551  74.402 0.0000000000
43924  24.223  -29.302  73.234 0.0000000000
46518  30.119  -26.087  75.222 0.0000000000
47417  29.292  -25.505  75.330 0.0000000000
45670  28.285  -27.476  74.768 0.0000000000
45672  26.793  -28.212  75.227 0.0000000000
44782  25.517  -29.029  74.777 0.0000000000
44795  24.090  -29.404  74.284 0.0000000000
44764  23.096  -27.765  76.789 0.0000000000
45652  22.944  -27.363  76.638 0.0000000000
46525  22.862  -26.728  76.172 0.0000000000
121837  22.188  -27.392  76.513 0.0000000000
46527  20.983  -27.083  75.243 0.0000000000
45674  19.315  -26.986  74.628 0.0000000000
43076  7.357  -30.224  73.022 0.0000000000
125976  7.884  -28.465  73.796 0.0000000000
112125  7.547  -29.189  75.186 0.0000000000
44777  7.967  -28.310  75.502 0.0000000000
45668  9.033  -27.232  75.248 0.0000000000
46530  10.533  -26.175  75.752 0.0000000000
47401  11.366  -25.255  76.908 0.0000000000
48295  12.969  -24.076  78.114 0.0000000000
44756  11.295  -28.738  80.145 0.0000000000
45637  11.014  -26.886  80.491 0.0000000000
46501  10.924  -26.251  80.357 0.0000000000
120991  14.579  -23.973  82.920 0.0000000000
127592  13.046  -24.356  81.835 0.0000000000
118260  11.630  -24.911  80.727 0.0000000000
49238  12.369  -24.205  80.516 0.0000000000
49237  13.224  -23.621  79.756 0.0000000000
115011  14.438  -22.614  79.420 0.0000000000
50975  14.803  -20.795  80.264 0.0000000000
52720  13.755  -18.790  81.349 0.0000000000
53797  12.615  -17.228  81.353 0.0000000000
54806  14.004  -17.230  82.084 0.0000000000
55825  12.999  -16.835  81.467 0.0000000000
54816  11.768  -16.670  80.843 0.0000000000
39229  12.024  -35.327  72.751 0.0000000000
39198  11.362  -35.037  75.820 0.0000000000
45699  8.466  -27.905  71.471 0.0000000000
44848  7.318  -28.572  69.965 0.0000000000
44878  9.797  -28.293  66.784 0.0000000000
49255  14.214  -23.769  75.987 0.0000000000
116704  13.806  -24.641  73.973 0.0000000000
47441  13.194  -25.566  72.511 0.0000000000
49270  15.292  -23.549  73.489 0.0000000000
47451  14.069  -24.992  71.827 0.0000000000
128651  12.555  -26.214  70.826 0.0000000000
46581  11.777  -26.882  69.514 0.0000000000
45728  11.180  -27.792  67.465 0.0000000000
44921  10.119  -28.210  66.050 0.0000000000
112678  11.058  -27.830  65.022 0.0000000000
47501  14.572  -25.426  66.422 0.0000000000
46615  14.032  -26.193  65.010 0.0000000000
109944  9.132  -18.454  74.491 0.0000000000
53862  8.775  -18.539  73.521 0.0000000000
51842  8.838  -20.781  74.805 0.0000000000
110959  9.537  -21.186  73.391 0.0000000000
118927  10.880  -21.190  72.473 0.0000000000
115554  12.189  -20.679  71.284 0.0000000000
129240  9.990  -22.178  70.157 0.0000000000
51892  11.476  -21.324  70.528 0.0000000000
51903  13.305  -20.076  70.078 0.0000000000
52812  14.372  -19.814  69.035 0.0000000000
119822  15.988  -20.318  68.254 0.0000000000
111835  16.681  -20.632  67.183 0.0000000000
51949  16.990  -20.501  66.248 0.0000000000
47399  17.981  -25.895  76.612 0.0000000000
47410  18.219  -25.947  75.564 0.0000000000
46528  18.314  -26.618  75.451 0.0000000000
45656  17.676  -27.449  76.750 0.0000000000
44943  6.611  -28.577  64.266 0.0000000000
44942  7.645  -28.341  64.466 0.0000000000
44954  8.463  -28.179  63.757 0.0000000000
44941  8.902  -28.247  64.640 0.0000000000
42101  9.868  -30.997  78.150 0.0000000000
43000  9.756  -30.385  78.485 0.0000000000
112072  22.838  -29.398  72.111 0.0000000000
43948  22.476  -29.258  71.280 0.0000000000
129249  10.500  -31.109  78.037 0.0000000000
42114  10.086  -31.567  77.717 0.0000000000
116439  13.629  -23.774  77.547 0.0000000000
48305  13.150  -24.249  76.894 0.0000000000
51878  14.619  -19.946  71.709 0.0000000000
51889  15.784  -20.558  70.561 0.0000000000
51890  14.995  -20.017  70.787 0.0000000000
116233  14.567  -28.886  79.777 0.0000000000
43866  14.867  -28.061  80.054 0.0000000000
44755  15.563  -27.940  79.878 0.0000000000
44775  21.736  -28.605  76.805 0.0000000000
43903  21.473  -29.492  76.217 0.0000000000
43027  17.982  -31.264  77.089 0.0000000000
43040  18.077  -31.379  76.069 0.0000000000
42141  16.655  -31.923  75.749 0.0000000000
42142  15.898  -32.158  76.133 0.0000000000
43871  15.944  -28.752  79.436 0.0000000000
42982  14.035  -30.398  79.464 0.0000000000
53808  12.634  -18.621  79.907 0.0000000000
53809  11.370  -18.248  79.945 0.0000000000
52757  8.637  -20.535  76.618 0.0000000000
51814  9.718  -20.997  76.827 0.0000000000
51815  8.873  -21.000  76.681 0.0000000000
51829  9.410  -21.294  76.063 0.0000000000
109123  9.253  -21.210  75.240 0.0000000000
41163  7.375  -31.982  73.659 0.0000000000
45646  9.373  -27.077  78.644 0.0000000000
46508  9.340  -26.913  77.623 0.0000000000
47394  10.417  -25.900  78.602 0.0000000000
46488  15.099  -25.829  81.774 0.0000000000
118560  14.269  -25.843  81.688 0.0000000000
47377  16.030  -24.989  82.324 0.0000000000
51786  15.393  -19.961  83.287 0.0000000000
50970  14.993  -20.914  83.404 0.0000000000
51788  14.370  -19.686  82.465 0.0000000000
40065  13.495  -33.502  76.161 0.0000000000
40078  12.855  -34.176  75.758 0.0000000000
38360  8.880  -35.603  75.875 0.0000000000
38367  9.542  -36.226  75.195 0.0000000000
41151  7.307  -32.606  75.357 0.0000000000
121166  7.219  -32.763  74.241 0.0000000000
40120  6.777  -33.779  73.000 0.0000000000
111005  8.113  -28.237  73.117 0.0000000000
44806  7.689  -28.492  72.508 0.0000000000
45696  11.196  -27.116  70.828 0.0000000000
46575  12.031  -26.656  70.864 0.0000000000
50123  15.765  -22.287  75.503 0.0000000000
50122  16.013  -21.800  74.883 0.0000000000
48380  14.705  -24.737  69.923 0.0000000000
47468  13.573  -25.595  69.202 0.0000000000
47479  13.668  -25.677  68.407 0.0000000000
47478  14.374  -25.268  68.086 0.0000000000
49349  16.732  -23.511  66.311 0.0000000000
52796  8.179  -19.963  71.411 0.0000000000
51884  8.615  -20.793  71.925 0.0000000000
51893  8.162  -21.051  70.896 0.0000000000
51070  11.033  -21.982  67.009 0.0000000000
51071  10.076  -22.379  67.486 0.0000000000
51939  11.867  -21.349  67.495 0.0000000000
51922  11.720  -21.418  68.433 0.0000000000
122109  12.637  -20.692  67.433 0.0000000000
129893  13.145  -20.306  67.575 0.0000000000
48299  18.624  -25.090  77.353 0.0000000000
45654  20.544  -27.979  76.510 0.0000000000
43882  19.026  -29.301  77.625 0.0000000000
43883  18.477  -29.625  77.942 0.0000000000
43010  17.703  -30.822  77.884 0.0000000000
43884  17.864  -29.895  78.240 0.0000000000
45645  17.019  -27.929  77.972 0.0000000000
43877  17.032  -29.283  78.572 0.0000000000
44758  16.730  -28.334  78.597 0.0000000000
44759  16.376  -28.606  79.092 0.0000000000
122185  10.782  -16.667  78.891 0.0000000000
54857  10.731  -17.429  76.345 0.0000000000
54858  9.951  -18.050  76.033 0.0000000000
53843  9.158  -18.886  76.796 0.0000000000
42130  7.689  -31.095  76.836 0.0000000000
43014  8.223  -30.840  77.697 0.0000000000
43881  9.699  -29.639  78.735 0.0000000000
45644  9.388  -27.990  78.935 0.0000000000
50095  18.903  -22.286  81.913 0.0000000000
50096  18.088  -22.468  82.650 0.0000000000
50972  19.034  -21.231  81.831 0.0000000000
51790  18.043  -19.744  82.324 0.0000000000
52710  17.372  -18.988  82.474 0.0000000000
53789  17.790  -18.417  81.786 0.0000000000
53790  16.961  -17.969  82.264 0.0000000000
40068  9.519  -33.575  76.835 0.0000000000
39200  9.387  -35.002  76.297 0.0000000000
40080  8.858  -34.233  76.600 0.0000000000
40069  8.847  -33.480  76.823 0.0000000000
41136  8.425  -32.937  76.931 0.0000000000
42129  7.976  -32.163  76.962 0.0000000000
111994  10.380  -26.467  75.105 0.0000000000
46529  11.133  -26.155  75.068 0.0000000000
115590  12.666  -25.122  74.969 0.0000000000
46544  11.661  -26.087  74.303 0.0000000000
47424  12.408  -25.620  74.250 0.0000000000
46543  12.149  -26.034  73.691 0.0000000000
47423  13.115  -25.117  74.158 0.0000000000
51850  15.304  -20.434  73.779 0.0000000000
51006  15.792  -20.877  74.040 0.0000000000
51849  15.750  -20.726  73.134 0.0000000000
51012  16.399  -21.498  71.924 0.0000000000
50166  16.552  -22.355  70.767 0.0000000000
49290  16.204  -23.039  71.216 0.0000000000
49301  16.269  -23.088  70.378 0.0000000000
121942  16.626  -22.419  69.931 0.0000000000
51038  16.685  -21.669  69.297 0.0000000000
51051  16.762  -21.392  68.331 0.0000000000
51092  10.167  -22.186  65.616 0.0000000000
51091  11.029  -21.928  65.226 0.0000000000
51090  12.285  -21.075  65.036 0.0000000000
130193  11.652  -21.536  64.880 0.0000000000
42984  12.183  -30.226  79.070 0.0000000000
43875  11.926  -29.779  79.481 0.0000000000
45635  14.972  -27.521  80.780 0.0000000000
45627  15.397  -26.922  81.137 0.0000000000
46491  15.709  -26.329  81.391 0.0000000000
46490  16.440  -26.053  81.212 0.0000000000
46500  17.213  -26.306  80.079 0.0000000000
45632  16.757  -26.519  80.401 0.0000000000
46499  17.615  -25.721  80.195 0.0000000000
48287  18.175  -24.499  80.264 0.0000000000
128820  17.762  -24.732  80.875 0.0000000000
48282  18.690  -23.859  80.276 0.0000000000
117426  19.183  -23.015  81.114 0.0000000000
50105  19.617  -22.976  80.289 0.0000000000
43927  22.030  -29.919  73.958 0.0000000000
43050  20.614  -30.417  74.670 0.0000000000
43905  20.105  -30.205  76.530 0.0000000000
42139  18.196  -31.401  75.051 0.0000000000
42149  18.275  -31.193  74.074 0.0000000000
42162  16.802  -31.784  73.763 0.0000000000
42163  16.002  -32.148  73.475 0.0000000000
128835  15.277  -32.456  76.208 0.0000000000
41148  14.846  -32.771  75.857 0.0000000000
108605  14.259  -33.022  76.172 0.0000000000
41132  14.659  -32.549  76.705 0.0000000000
43011  16.971  -31.107  78.075 0.0000000000
43012  16.215  -31.372  78.264 0.0000000000
42096  14.523  -31.632  78.539 0.0000000000
41119  13.992  -32.456  77.493 0.0000000000
42113  13.196  -32.334  78.013 0.0000000000
121112  12.933  -31.713  78.521 0.0000000000
42983  13.093  -30.330  79.423 0.0000000000
42085  11.638  -30.692  78.614 0.0000000000
51796  15.138  -20.764  79.289 0.0000000000
50981  15.391  -21.485  78.702 0.0000000000
52739  14.073  -19.448  78.205 0.0000000000
51805  14.884  -20.106  77.736 0.0000000000
52752  14.181  -19.691  77.261 0.0000000000
52731  9.762  -18.941  79.016 0.0000000000
52730  10.831  -18.920  79.186 0.0000000000
52742  10.542  -19.573  78.375 0.0000000000
51813  11.124  -20.635  76.682 0.0000000000
52754  11.792  -19.942  77.478 0.0000000000
51812  12.773  -20.173  76.315 0.0000000000
52767  14.000  -19.909  76.423 0.0000000000
115813  13.029  -20.348  74.880 0.0000000000
109339  12.851  -20.380  73.974 0.0000000000
51853  12.311  -20.530  73.384 0.0000000000
109577  13.008  -20.262  73.219 0.0000000000
51867  11.597  -20.804  73.022 0.0000000000
46554  19.418  -26.421  73.907 0.0000000000
47432  19.538  -25.866  73.263 0.0000000000
47431  20.304  -25.699  72.516 0.0000000000
44819  24.973  -28.682  71.529 0.0000000000
109285  25.183  -28.760  72.247 0.0000000000
44805  25.007  -28.990  73.000 0.0000000000
48306  28.455  -25.475  75.482 0.0000000000
48314  28.738  -24.808  74.887 0.0000000000
111563  28.179  -26.435  75.844 0.0000000000
46520  28.814  -26.217  75.686 0.0000000000
46536  27.865  -27.093  75.559 0.0000000000
45671  27.528  -27.895  74.996 0.0000000000
45659  27.137  -27.393  75.789 0.0000000000
44771  25.224  -28.591  75.806 0.0000000000
44794  24.879  -29.187  73.987 0.0000000000
44783  24.708  -29.182  75.081 0.0000000000
46512  24.122  -26.734  76.516 0.0000000000
45663  23.939  -27.760  76.693 0.0000000000
45651  23.663  -27.276  76.636 0.0000000000
47421  22.939  -25.939  74.302 0.0000000000
46526  21.856  -26.908  75.783 0.0000000000
45664  21.288  -27.461  76.178 0.0000000000
46539  21.388  -26.720  74.561 0.0000000000
46562  20.806  -26.145  72.725 0.0000000000
46540  20.244  -26.808  74.225 0.0000000000
41205  6.821  -32.981  71.478 0.0000000000
41187  7.112  -32.417  72.099 0.0000000000
43065  7.396  -30.436  73.884 0.0000000000
111818  7.345  -30.877  72.449 0.0000000000
43928  7.348  -29.546  73.574 0.0000000000
43917  7.471  -28.955  74.147 0.0000000000
43041  7.460  -30.039  76.082 0.0000000000
43906  7.422  -30.103  75.239 0.0000000000
111280  7.764  -29.065  76.258 0.0000000000
45658  8.857  -27.364  76.233 0.0000000000
44776  8.453  -27.708  75.656 0.0000000000
45677  8.451  -27.744  74.867 0.0000000000
46531  9.704  -26.700  75.707 0.0000000000
110626  10.069  -26.367  76.333 0.0000000000
47396  10.939  -25.183  78.107 0.0000000000
48302  11.739  -24.712  77.769 0.0000000000
48301  12.581  -24.363  77.581 0.0000000000
112134  11.907  -28.486  80.315 0.0000000000
43876  10.926  -29.279  79.676 0.0000000000
46494  12.481  -26.309  81.334 0.0000000000
45631  11.640  -26.834  80.814 0.0000000000
46495  11.858  -26.266  81.139 0.0000000000
46498  11.414  -26.258  80.837 0.0000000000
47383  11.653  -25.857  81.138 0.0000000000
116573  16.255  -22.678  83.366 0.0000000000
116657  15.881  -23.421  83.215 0.0000000000
49226  14.808  -23.323  83.200 0.0000000000
50100  13.628  -22.912  82.695 0.0000000000
49228  13.338  -23.720  82.253 0.0000000000
48289  12.098  -24.685  81.257 0.0000000000
48288  12.705  -24.105  81.545 0.0000000000
50106  13.857  -22.122  81.855 0.0000000000
50109  13.743  -22.977  80.165 0.0000000000
50108  14.351  -22.171  80.432 0.0000000000
50979  14.935  -21.460  79.800 0.0000000000
52717  13.887  -18.376  81.943 0.0000000000
53796  13.283  -17.910  81.504 0.0000000000
53793  13.173  -17.133  81.698 0.0000000000
54805  14.818  -17.414  82.450 0.0000000000
39209  12.579  -34.879  74.249 0.0000000000
39220  12.675  -34.856  73.222 0.0000000000
39188  10.868  -34.516  76.581 0.0000000000
40135  6.649  -33.926  71.893 0.0000000000
43963  6.805  -29.362  70.794 0.0000000000
43106  7.041  -29.954  70.050 0.0000000000
43977  6.811  -29.013  69.958 0.0000000000
45683  9.838  -27.429  72.922 0.0000000000
45691  9.137  -27.639  72.161 0.0000000000
45712  8.976  -27.774  70.039 0.0000000000
45705  8.725  -27.829  70.668 0.0000000000
44847  8.162  -28.053  69.991 0.0000000000
43990  7.088  -28.917  69.036 0.0000000000
44862  8.362  -28.375  68.724 0.0000000000
45730  10.008  -28.025  68.190 0.0000000000
44861  9.144  -28.197  68.468 0.0000000000
125936  8.921  -28.449  66.826 0.0000000000
45729  10.323  -28.104  67.455 0.0000000000
50119  14.965  -22.839  76.884 0.0000000000
49249  14.617  -23.321  76.412 0.0000000000
49248  15.305  -22.703  76.147 0.0000000000
49271  14.841  -23.756  74.180 0.0000000000
48321  14.286  -24.159  74.491 0.0000000000
47433  13.445  -25.069  73.510 0.0000000000
113260  14.016  -24.718  73.095 0.0000000000
50148  15.974  -22.880  72.955 0.0000000000
50138  15.864  -22.723  73.831 0.0000000000
49284  15.519  -23.618  72.510 0.0000000000
111099  14.088  -25.073  71.179 0.0000000000
47452  13.506  -25.444  71.709 0.0000000000
127313  12.985  -25.887  70.437 0.0000000000
46574  12.369  -26.437  70.101 0.0000000000
45717  12.032  -27.281  67.656 0.0000000000
45740  10.745  -28.076  66.718 0.0000000000
110392  11.012  -27.973  65.919 0.0000000000
46608  13.508  -26.543  66.401 0.0000000000
46625  12.881  -27.121  64.629 0.0000000000
47477  15.538  -24.430  67.831 0.0000000000
47489  14.968  -24.966  67.322 0.0000000000
47510  14.540  -25.574  65.449 0.0000000000
46623  13.989  -26.327  64.032 0.0000000000
53876  8.547  -19.081  72.755 0.0000000000
125410  8.500  -19.532  73.550 0.0000000000
53863  8.547  -19.484  74.316 0.0000000000
51843  8.490  -20.317  74.023 0.0000000000
51856  8.983  -20.855  73.785 0.0000000000
51882  10.358  -21.459  72.019 0.0000000000
51868  9.908  -21.334  72.678 0.0000000000
112317  11.893  -20.723  72.158 0.0000000000
51881  11.202  -21.241  71.628 0.0000000000
125918  9.226  -22.429  68.810 0.0000000000
51041  8.716  -22.244  69.453 0.0000000000
115589  9.171  -22.179  70.139 0.0000000000
51921  12.382  -20.839  68.810 0.0000000000
51904  12.394  -20.720  69.725 0.0000000000
51891  12.488  -20.557  70.517 0.0000000000
52803  14.422  -19.851  69.946 0.0000000000
52813  13.746  -19.885  69.358 0.0000000000
52840  14.565  -19.726  67.361 0.0000000000
52824  15.320  -19.890  68.006 0.0000000000
51936  16.073  -20.158  67.548 0.0000000000
52869  14.102  -19.807  65.823 0.0000000000
46506  17.059  -27.132  78.112 0.0000000000
46514  17.471  -26.693  77.219 0.0000000000
48304  18.581  -25.092  76.166 0.0000000000
114268  19.280  -27.490  75.660 0.0000000000
45769  9.619  -28.053  63.974 0.0000000000
43013  8.957  -30.606  78.166 0.0000000000
43880  10.374  -29.497  79.137 0.0000000000
41109  11.338  -31.759  77.884 0.0000000000
128535  10.986  -32.157  77.544 0.0000000000
41123  10.432  -32.196  77.383 0.0000000000
113578  12.150  -25.049  75.899 0.0000000000
47411  12.920  -24.712  75.585 0.0000000000
48310  13.546  -24.268  75.940 0.0000000000
124843  15.151  -20.241  73.124 0.0000000000
51863  15.316  -20.279  72.402 0.0000000000
51876  16.137  -20.942  71.330 0.0000000000
51028  16.580  -21.645  70.287 0.0000000000
51888  16.281  -21.129  70.646 0.0000000000
51901  15.752  -20.458  69.606 0.0000000000
43867  14.150  -28.558  79.986 0.0000000000
45634  15.770  -27.100  80.738 0.0000000000
49235  19.529  -23.559  79.455 0.0000000000
49234  19.995  -23.155  79.373 0.0000000000
50104  19.998  -22.822  79.810 0.0000000000
126353  20.220  -22.685  79.415 0.0000000000
120648  21.798  -29.874  75.123 0.0000000000
43916  21.069  -30.135  75.381 0.0000000000
43037  20.369  -30.433  75.520 0.0000000000
127812  15.939  -32.097  76.762 0.0000000000
42997  15.702  -30.862  79.148 0.0000000000
42998  14.762  -31.055  79.197 0.0000000000
42097  13.664  -31.200  79.034 0.0000000000
52727  14.245  -19.584  79.779 0.0000000000
126526  13.936  -19.322  79.241 0.0000000000
52728  13.299  -19.130  78.959 0.0000000000
52740  13.077  -19.338  78.254 0.0000000000
52743  9.548  -19.520  78.087 0.0000000000
51827  12.038  -20.583  75.561 0.0000000000
128471  10.445  -21.218  74.203 0.0000000000
44792  26.436  -28.697  73.496 0.0000000000
122221  27.581  -25.531  75.608 0.0000000000
45662  24.792  -27.751  76.543 0.0000000000
46511  24.851  -26.642  76.431 0.0000000000
46523  24.480  -26.148  76.279 0.0000000000
109880  8.458  -28.213  77.481 0.0000000000
44769  8.207  -28.149  76.467 0.0000000000
111702  8.877  -27.429  77.147 0.0000000000
46516  10.001  -26.361  77.101 0.0000000000
48297  11.445  -24.930  78.860 0.0000000000
45629  13.569  -27.221  81.137 0.0000000000
118899  12.879  -26.823  81.235 0.0000000000
46493  13.565  -26.399  81.463 0.0000000000
47381  13.467  -25.446  81.734 0.0000000000
50969  16.337  -21.331  83.389 0.0000000000
50098  15.165  -22.595  83.432 0.0000000000
50094  14.684  -21.850  83.402 0.0000000000
50103  13.402  -22.859  82.241 0.0000000000
50102  13.807  -22.221  82.680 0.0000000000
50973  14.091  -21.388  82.494 0.0000000000
121503  14.196  -20.439  82.188 0.0000000000
52716  14.184  -18.881  82.255 0.0000000000
53791  14.054  -18.136  82.209 0.0000000000
43084  19.939  -29.922  71.491 0.0000000000
39211  10.820  -35.448  75.508 0.0000000000
40082  7.512  -33.567  75.858 0.0000000000
129912  7.055  -34.185  74.611 0.0000000000
129643  6.913  -29.324  72.055 0.0000000000
43951  6.814  -29.701  71.532 0.0000000000
44821  7.564  -28.447  71.658 0.0000000000
45690  10.078  -27.466  71.973 0.0000000000
45697  10.284  -27.425  71.109 0.0000000000
45711  9.687  -27.658  69.747 0.0000000000
45710  10.477  -27.515  69.432 0.0000000000
109862  15.781  -22.071  76.267 0.0000000000
49258  15.352  -23.216  74.381 0.0000000000
49291  15.675  -23.669  71.642 0.0000000000
48355  15.078  -24.240  72.019 0.0000000000
48366  15.201  -24.246  71.199 0.0000000000
47460  14.124  -25.128  70.381 0.0000000000
119485  13.554  -25.527  70.008 0.0000000000
46573  12.976  -25.950  69.614 0.0000000000
46579  13.035  -26.022  68.761 0.0000000000
46599  12.814  -26.778  67.446 0.0000000000
45738  12.549  -27.250  66.829 0.0000000000
46609  13.079  -26.840  66.813 0.0000000000
46598  13.409  -26.353  67.174 0.0000000000
47502  13.944  -25.954  66.803 0.0000000000
48405  15.662  -24.464  67.026 0.0000000000
48415  15.767  -24.387  66.333 0.0000000000
48423  15.556  -24.562  65.602 0.0000000000
47509  15.078  -25.061  65.014 0.0000000000
53886  8.569  -19.186  71.955 0.0000000000
51869  9.104  -20.944  72.804 0.0000000000
51053  10.057  -22.393  68.448 0.0000000000
51039  10.882  -21.963  68.915 0.0000000000
52826  13.697  -19.933  68.599 0.0000000000
51937  12.996  -20.372  68.178 0.0000000000
52841  13.694  -19.970  67.672 0.0000000000
44754  16.013  -27.841  79.685 0.0000000000
45638  16.688  -26.927  79.754 0.0000000000
46503  17.712  -25.966  79.613 0.0000000000
122198  17.494  -26.289  78.492 0.0000000000
47392  18.166  -25.458  79.038 0.0000000000
44766  21.291  -28.352  76.815 0.0000000000
43893  19.687  -29.763  77.293 0.0000000000
43028  17.205  -31.477  77.288 0.0000000000
53802  11.147  -17.234  80.511 0.0000000000
54828  10.483  -17.252  79.721 0.0000000000
53811  9.719  -18.257  79.152 0.0000000000
54847  10.476  -17.464  77.442 0.0000000000
54838  9.616  -18.318  78.216 0.0000000000
53830  9.183  -19.253  77.694 0.0000000000
53831  8.754  -19.784  76.822 0.0000000000
52768  8.447  -20.097  75.993 0.0000000000
42153  7.359  -31.564  75.120 0.0000000000
43886  8.331  -29.913  77.849 0.0000000000
44763  8.460  -29.117  77.925 0.0000000000
46505  9.931  -26.569  79.137 0.0000000000
48277  17.448  -24.154  82.364 0.0000000000
48278  16.522  -24.233  82.757 0.0000000000
49224  17.833  -23.376  82.583 0.0000000000
109566  17.224  -22.652  83.141 0.0000000000
50968  17.342  -21.824  83.123 0.0000000000
52714  18.725  -20.146  81.841 0.0000000000
51784  18.164  -20.576  82.449 0.0000000000
116606  17.320  -20.937  83.012 0.0000000000
52711  16.336  -19.476  83.078 0.0000000000
52712  15.270  -19.157  83.017 0.0000000000
41134  12.892  -33.136  77.041 0.0000000000
40066  11.382  -33.839  76.928 0.0000000000
40067  10.388  -33.688  76.916 0.0000000000
39201  7.975  -34.355  76.147 0.0000000000
45676  9.130  -27.323  74.361 0.0000000000
127256  9.234  -27.449  73.603 0.0000000000
45675  9.897  -27.063  73.851 0.0000000000
46557  10.721  -26.991  73.283 0.0000000000
46564  11.473  -26.844  72.582 0.0000000000
46555  12.204  -26.288  73.021 0.0000000000
46563  12.262  -26.407  72.235 0.0000000000
50999  15.831  -21.067  74.823 0.0000000000
50998  16.038  -21.405  74.307 0.0000000000
51005  16.133  -21.395  73.625 0.0000000000
121170  16.406  -22.193  72.463 0.0000000000
49302  15.762  -23.699  70.798 0.0000000000
112243  15.331  -24.316  69.495 0.0000000000
49329  15.899  -23.787  69.101 0.0000000000
48391  16.013  -23.906  68.282 0.0000000000
113353  16.644  -22.551  69.193 0.0000000000
49328  16.463  -23.171  68.672 0.0000000000
119604  16.492  -23.395  67.901 0.0000000000
129557  16.724  -22.890  68.157 0.0000000000
50196  16.956  -22.711  67.610 0.0000000000
117822  17.246  -22.193  67.086 0.0000000000
51080  11.001  -21.904  66.077 0.0000000000
51953  11.869  -21.348  66.528 0.0000000000
51952  12.607  -20.736  66.666 0.0000000000
51962  12.427  -20.893  65.866 0.0000000000
51102  11.998  -21.286  64.149 0.0000000000
42999  11.085  -30.523  78.575 0.0000000000
42986  10.889  -30.034  78.923 0.0000000000
44752  12.706  -28.190  80.511 0.0000000000
43868  13.364  -28.673  80.138 0.0000000000
44749  13.500  -27.868  80.739 0.0000000000
45628  14.454  -27.075  81.196 0.0000000000
46487  15.920  -25.708  81.731 0.0000000000
44750  15.904  -27.277  80.255 0.0000000000
45633  16.318  -26.758  80.600 0.0000000000
46497  16.774  -26.197  80.743 0.0000000000
47385  17.875  -25.127  80.181 0.0000000000
46496  17.345  -25.659  80.512 0.0000000000
46489  17.069  -25.671  80.966 0.0000000000
125076  17.333  -25.125  81.250 0.0000000000
48284  17.704  -24.573  81.535 0.0000000000
48276  18.195  -23.983  81.768 0.0000000000
119717  19.746  -21.496  80.781 0.0000000000
50977  20.210  -22.220  79.766 0.0000000000
43937  22.625  -29.600  73.025 0.0000000000
43938  21.703  -29.802  72.954 0.0000000000
43939  20.916  -30.021  72.911 0.0000000000
110022  20.211  -30.224  72.907 0.0000000000
109654  19.017  -30.587  72.958 0.0000000000
43064  19.005  -30.810  73.762 0.0000000000
42160  18.366  -30.903  73.165 0.0000000000
42173  17.776  -31.148  72.548 0.0000000000
41121  12.439  -32.622  77.722 0.0000000000
41108  11.907  -32.110  77.980 0.0000000000
42099  11.085  -31.066  78.214 0.0000000000
50112  14.743  -22.680  78.556 0.0000000000
49245  14.412  -23.309  77.188 0.0000000000
50114  15.382  -22.141  78.155 0.0000000000
50983  15.637  -21.490  77.705 0.0000000000
50985  15.715  -21.463  76.725 0.0000000000
51810  15.437  -20.767  76.291 0.0000000000
51825  14.790  -20.252  75.864 0.0000000000
124540  12.780  -19.538  77.718 0.0000000000
51837  14.753  -20.254  74.964 0.0000000000
119662  14.841  -20.245  74.234 0.0000000000
51865  13.456  -20.086  72.677 0.0000000000
51880  12.984  -20.241  71.922 0.0000000000
46542  18.547  -26.307  74.831 0.0000000000
123436  18.585  -25.620  74.887 0.0000000000
47422  18.933  -25.956  74.099 0.0000000000
48320  19.290  -25.172  73.655 0.0000000000
43936  23.495  -29.331  72.602 0.0000000000
126627  29.637  -25.950  75.447 0.0000000000
45682  27.031  -28.431  74.260 0.0000000000
44781  26.281  -28.742  74.494 0.0000000000
44793  25.656  -28.934  73.733 0.0000000000
43925  23.425  -29.496  73.580 0.0000000000
44772  24.364  -28.585  76.093 0.0000000000
44773  23.495  -28.518  76.341 0.0000000000
43901  23.067  -29.242  75.727 0.0000000000
44774  22.607  -28.468  76.634 0.0000000000
44765  22.197  -27.892  76.786 0.0000000000
47419  24.745  -25.218  75.130 0.0000000000
47408  24.164  -25.713  75.758 0.0000000000
46537  23.296  -26.007  75.474 0.0000000000
46524  23.753  -26.331  76.223 0.0000000000
45653  21.579  -27.836  76.674 0.0000000000
45665  20.179  -27.348  75.360 0.0000000000
45666  18.654  -26.922  75.019 0.0000000000
42177  7.351  -31.799  72.726 0.0000000000
111841  7.016  -29.991  72.249 0.0000000000
43940  7.191  -29.419  72.729 0.0000000000
44796  7.507  -28.826  73.172 0.0000000000
43053  7.429  -30.682  74.766 0.0000000000
44785  7.918  -28.376  74.570 0.0000000000
47402  10.645  -25.917  76.554 0.0000000000
48300  13.108  -24.131  77.514 0.0000000000
49242  13.513  -23.690  78.589 0.0000000000
44757  10.803  -28.426  80.097 0.0000000000
111380  12.095  -27.555  80.703 0.0000000000
44753  11.305  -27.780  80.421 0.0000000000
45640  10.511  -27.602  80.101 0.0000000000
46502  10.363  -26.778  79.959 0.0000000000
127460  15.473  -24.163  82.964 0.0000000000
48279  14.954  -24.675  82.569 0.0000000000
48281  13.451  -24.610  81.994 0.0000000000
49227  13.947  -23.406  82.893 0.0000000000
48280  14.036  -24.245  82.519 0.0000000000
48285  12.598  -25.007  81.638 0.0000000000
47386  11.788  -25.322  81.260 0.0000000000
47387  11.334  -25.655  80.719 0.0000000000
47389  10.955  -25.763  80.030 0.0000000000
48293  11.288  -25.233  79.939 0.0000000000
48292  11.873  -24.633  79.663 0.0000000000
49233  12.999  -23.494  80.933 0.0000000000
48291  12.729  -24.156  79.173 0.0000000000
49236  14.072  -23.205  79.070 0.0000000000
51793  14.384  -20.255  81.109 0.0000000000
52723  14.121  -19.508  80.720 0.0000000000
53800  12.700  -18.085  80.828 0.0000000000
53786  15.075  -18.207  82.763 0.0000000000
53787  14.306  -17.851  82.367 0.0000000000
53788  13.857  -17.488  81.986 0.0000000000
55824  13.640  -16.817  81.613 0.0000000000
54810  13.380  -17.085  81.747 0.0000000000
54811  12.784  -16.861  81.466 0.0000000000
54815  12.008  -16.875  81.167 0.0000000000
55838  11.333  -16.517  80.308 0.0000000000
109083  22.082  -29.563  72.146 0.0000000000
43961  20.272  -29.586  70.756 0.0000000000
39210  11.614  -35.327  74.785 0.0000000000
38365  11.363  -35.765  74.130 0.0000000000
43097  6.905  -30.273  70.883 0.0000000000
44835  7.839  -28.239  70.745 0.0000000000
44900  9.113  -28.411  66.145 0.0000000000
49254  14.752  -23.400  75.650 0.0000000000
48309  14.199  -24.000  75.312 0.0000000000
123852  12.676  -25.975  72.627 0.0000000000
47453  12.849  -25.940  71.970 0.0000000000
48336  14.802  -24.179  72.848 0.0000000000
47440  13.770  -25.101  72.402 0.0000000000
46569  12.414  -26.329  71.470 0.0000000000
122267  11.711  -26.875  70.242 0.0000000000
45709  11.185  -27.297  69.065 0.0000000000
46580  12.416  -26.456  69.148 0.0000000000
46590  11.855  -26.984  68.643 0.0000000000
126942  10.702  -27.827  68.010 0.0000000000
44922  9.459  -28.273  65.397 0.0000000000
45752  10.355  -28.090  65.416 0.0000000000
45768  10.637  -27.807  64.176 0.0000000000
47490  14.345  -25.502  67.254 0.0000000000
46607  14.001  -26.057  65.927 0.0000000000
47500  15.233  -24.807  66.413 0.0000000000
46624  13.549  -26.657  64.649 0.0000000000
54864  9.899  -17.783  75.022 0.0000000000
112033  8.622  -19.500  75.156 0.0000000000
52776  8.498  -20.257  75.097 0.0000000000
51855  9.600  -21.259  74.266 0.0000000000
51854  10.462  -21.205  73.433 0.0000000000
118959  13.142  -20.159  71.030 0.0000000000
51030  9.610  -21.980  70.725 0.0000000000
51029  10.761  -21.937  69.834 0.0000000000
122249  10.449  -21.899  70.529 0.0000000000
113729  14.063  -19.815  70.856 0.0000000000
51902  15.104  -19.992  69.368 0.0000000000
51919  14.971  -19.877  68.697 0.0000000000
51918  15.596  -20.223  68.809 0.0000000000
51935  16.466  -20.713  67.979 0.0000000000
51069  16.868  -21.188  67.626 0.0000000000
51068  17.173  -21.408  66.896 0.0000000000
52857  13.904  -19.869  66.738 0.0000000000
51950  16.272  -19.984  66.710 0.0000000000
49361  17.214  -22.931  65.893 0.0000000000
43870  11.617  -29.324  79.927 0.0000000000
44760  10.177  -28.471  79.615 0.0000000000
45704  9.578  -27.595  70.514 0.0000000000
45718  11.275  -27.495  68.252 0.0000000000
46519  29.477  -26.138  75.428 0.0000000000
46534  29.917  -26.408  74.991 0.0000000000
46535  28.612  -26.733  75.393 0.0000000000
46568  12.965  -25.862  71.212 0.0000000000
47378  15.300  -25.305  82.126 0.0000000000
47398  25.069  -26.137  76.276 0.0000000000
47403  29.025  -25.955  75.704 0.0000000000
48346  14.388  -24.656  72.291 0.0000000000
48367  14.668  -24.691  70.768 0.0000000000
48414  16.229  -24.026  66.711 0.0000000000
49229  19.083  -23.432  80.378 0.0000000000
49230  18.706  -23.693  81.033 0.0000000000
49231  19.697  -23.212  79.659 0.0000000000
49259  14.800  -23.605  74.869 0.0000000000
50093  15.613  -21.887  83.523 0.0000000000
50101  19.553  -22.138  81.097 0.0000000000
50147  16.287  -22.112  73.316 0.0000000000
51840  11.356  -20.940  75.041 0.0000000000
51857  8.744  -20.536  73.304 0.0000000000
51870  8.704  -20.465  72.702 0.0000000000
55831  12.142  -16.050  80.527 0.0000000000
109688  7.163  -30.961  70.192 0.0000000000
110398  14.106  -25.326  68.848 0.0000000000
110674  13.460  -25.229  72.978 0.0000000000
114800  12.770  -25.792  81.544 0.0000000000
115938  17.379  -22.170  66.358 0.0000000000
117858  13.881  -19.937  72.113 0.0000000000
126700  15.005  -24.777  68.174 0.0000000000
127518  12.803  -24.585  76.228 0.0000000000
128349  19.473  -21.386  81.216 0.0000000000
129745  13.361  -18.976  79.574 0.0000000000
