#!ascii label  , from subject sub-v1s23x0050559_ses-1 vox2ras=TkReg
1092
64815  15.313  -7.372  -14.104 0.2500000000
64825  15.894  -6.856  -14.689 0.2500000000
64814  16.321  -7.565  -14.334 0.7500000000
67460  15.610  -4.492  -16.368 0.2500000000
67459  16.366  -4.375  -16.489 0.3750000000
66572  16.050  -5.161  -16.074 0.2500000000
65694  15.057  -6.692  -14.393 0.2500000000
65707  16.978  -6.116  -15.387 0.7500000000
65708  16.299  -6.386  -15.130 0.3750000000
64813  17.266  -7.377  -14.463 0.8750000000
65693  17.517  -6.619  -14.827 0.8750000000
64812  18.046  -7.131  -14.350 0.8750000000
66571  16.933  -4.915  -16.186 0.3750000000
127261  16.728  -5.492  -15.800 0.3750000000
66558  17.410  -5.388  -15.725 0.8750000000
66541  19.399  -5.417  -14.499 1.0000000000
66556  18.987  -4.997  -15.117 1.0000000000
65706  17.835  -5.908  -15.212 0.8750000000
65691  19.018  -6.153  -14.261 1.0000000000
66530  19.845  -5.889  -13.843 1.0000000000
68320  16.579  -3.563  -16.802 0.2500000000
67458  17.201  -4.139  -16.466 0.7500000000
68309  18.770  -3.537  -15.841 0.8750000000
67444  18.425  -4.366  -15.753 0.8750000000
67445  17.706  -4.660  -16.021 0.7500000000
67427  20.669  -4.392  -14.515 1.0000000000
67428  19.737  -4.688  -14.760 1.0000000000
67443  19.159  -4.257  -15.346 1.0000000000
115512  21.618  -5.004  -13.991 1.0000000000
66540  20.305  -5.138  -14.139 1.0000000000
66529  20.796  -5.711  -13.631 1.0000000000
68321  15.709  -3.840  -16.780 0.1250000000
68319  17.470  -3.210  -16.594 0.6250000000
69236  19.499  -2.785  -15.607 1.0000000000
68318  18.185  -3.203  -16.267 0.8750000000
68308  19.521  -3.555  -15.421 1.0000000000
67442  23.178  -3.936  -15.572 1.0000000000
68292  22.314  -3.576  -14.982 1.0000000000
68294  20.853  -3.639  -14.842 1.0000000000
68307  20.220  -3.223  -15.220 1.0000000000
67425  22.558  -4.415  -14.639 1.0000000000
67426  21.607  -4.037  -14.572 1.0000000000
66570  23.592  -5.774  -16.237 1.0000000000
66539  22.817  -5.315  -14.326 1.0000000000
72623  16.763  1.042  -16.010 0.2500000000
68327  15.893  -3.065  -17.211 0.2500000000
70103  16.770  -1.819  -16.962 0.3750000000
69248  17.477  -2.253  -16.658 0.5000000000
119862  18.939  -1.222  -15.929 1.0000000000
70092  18.279  -1.873  -16.229 0.6250000000
70091  19.156  -1.964  -15.801 1.0000000000
70089  21.485  -1.562  -15.562 1.0000000000
129125  19.890  -2.024  -15.498 1.0000000000
69256  23.349  -3.511  -16.783 1.0000000000
69232  22.625  -3.148  -15.508 1.0000000000
70101  22.690  -1.783  -16.462 1.0000000000
67456  23.554  -5.031  -16.724 1.0000000000
68331  23.322  -4.054  -18.612 1.0000000000
67470  23.346  -4.738  -18.329 1.0000000000
71766  17.607  1.365  -15.663 0.5000000000
127919  16.705  0.310  -16.338 0.3750000000
70951  17.087  -0.374  -16.423 0.3750000000
123874  17.918  -0.456  -16.086 0.5000000000
70937  18.467  0.198  -15.764 0.5000000000
129307  19.414  -0.638  -15.720 0.8750000000
71762  20.877  0.314  -15.933 1.0000000000
117190  22.337  -1.185  -16.374 1.0000000000
128857  21.103  -0.345  -15.799 1.0000000000
121890  23.174  -2.310  -18.231 1.0000000000
119753  23.026  -1.935  -17.244 1.0000000000
68332  23.197  -3.219  -18.967 1.0000000000
69264  23.375  -3.286  -17.934 1.0000000000
67472  23.275  -4.883  -19.026 0.8750000000
73446  17.710  2.281  -15.457 0.5000000000
71765  18.251  0.906  -15.675 0.5000000000
72613  18.627  1.763  -15.458 0.6250000000
72612  19.644  1.587  -15.639 0.6250000000
71778  20.760  1.074  -16.151 1.0000000000
70936  19.341  0.071  -15.678 0.7500000000
71777  21.354  0.599  -16.521 1.0000000000
70124  22.329  -1.757  -20.637 1.0000000000
70971  22.390  -1.100  -19.398 1.0000000000
70967  22.477  -0.768  -18.587 1.0000000000
70961  22.378  -0.462  -17.553 1.0000000000
69268  22.805  -2.385  -20.301 1.0000000000
69265  22.993  -2.384  -19.378 1.0000000000
70110  22.872  -1.325  -17.900 1.0000000000
68340  23.026  -2.984  -20.812 0.8750000000
68339  23.450  -3.728  -20.505 0.8750000000
73456  20.265  2.606  -16.240 0.8750000000
129227  21.314  1.419  -18.310 1.0000000000
72638  21.323  1.385  -17.604 1.0000000000
70120  22.046  -1.131  -20.146 1.0000000000
71806  21.348  0.418  -19.894 1.0000000000
71792  21.925  0.240  -17.633 1.0000000000
118317  21.104  -0.807  -21.357 1.0000000000
69274  23.021  -2.541  -21.633 1.0000000000
69271  22.617  -2.336  -21.011 1.0000000000
126786  21.453  -1.280  -21.633 1.0000000000
70129  22.204  -1.769  -21.484 1.0000000000
73445  18.548  2.807  -15.445 0.5000000000
73457  19.930  3.214  -16.109 0.8750000000
74327  20.380  3.239  -16.908 1.0000000000
73492  20.172  2.885  -20.115 1.0000000000
73480  20.778  2.553  -18.486 1.0000000000
73470  20.758  2.605  -17.549 1.0000000000
71815  19.790  0.993  -22.050 1.0000000000
71814  20.372  0.597  -21.531 1.0000000000
71822  20.358  0.230  -22.937 1.0000000000
71818  20.217  0.249  -22.229 1.0000000000
70134  22.299  -1.286  -22.747 1.0000000000
70978  20.625  -0.359  -21.783 1.0000000000
69279  22.595  -1.866  -22.245 0.8750000000
77763  18.172  7.277  -20.189 1.0000000000
77740  18.430  7.127  -17.727 0.3750000000
76897  18.581  6.594  -19.711 0.8750000000
75211  19.520  4.324  -20.084 1.0000000000
73506  18.904  2.036  -22.239 1.0000000000
73502  19.365  2.357  -21.438 1.0000000000
78634  17.380  8.476  -20.236 0.8750000000
77775  17.166  7.557  -21.347 1.0000000000
76909  17.825  7.076  -21.083 1.0000000000
76908  18.333  6.470  -20.728 1.0000000000
76916  17.819  6.325  -21.335 1.0000000000
74358  19.019  3.996  -20.893 1.0000000000
73503  18.620  2.765  -21.897 1.0000000000
74373  17.875  3.109  -22.343 1.0000000000
72665  18.623  1.713  -22.986 1.0000000000
79513  16.437  9.477  -20.595 0.7500000000
76917  17.155  6.648  -21.751 1.0000000000
76061  17.386  5.745  -21.761 1.0000000000
75236  16.637  3.926  -23.165 1.0000000000
75231  16.983  4.306  -22.476 1.0000000000
74368  17.662  3.957  -22.000 1.0000000000
76926  16.376  6.474  -22.393 1.0000000000
76074  16.844  5.155  -22.309 1.0000000000
84342  8.169  15.404  -18.225 0.1250000000
84341  8.693  15.262  -18.346 0.1250000000
84352  7.944  14.823  -18.824 0.2500000000
84343  8.072  15.334  -18.299 0.1250000000
84363  8.734  15.325  -20.026 0.3750000000
85163  7.959  16.038  -18.976 0.2500000000
83588  8.396  15.162  -21.499 0.5000000000
84364  8.119  15.688  -20.630 0.2500000000
84374  7.442  15.581  -21.713 0.3750000000
85934  7.926  16.587  -19.216 0.2500000000
85167  7.814  16.000  -19.724 0.2500000000
85938  7.742  16.861  -19.880 0.2500000000
86675  7.947  17.435  -19.615 0.2500000000
85174  7.484  16.376  -21.068 0.2500000000
85943  7.771  17.572  -21.363 0.2500000000
85175  6.880  16.022  -22.209 0.3750000000
85950  6.544  16.457  -23.046 0.3750000000
117121  7.314  17.257  -22.647 0.2500000000
64816  14.490  -7.190  -13.668 0.1250000000
66559  16.188  -5.851  -15.518 0.2500000000
66561  14.595  -5.377  -15.170 0.1250000000
66527  22.360  -5.837  -13.767 1.0000000000
120666  20.633  2.470  -16.837 0.8750000000
72659  20.631  1.079  -20.731 1.0000000000
63881  13.686  -8.476  -12.639 0.1250000000
63906  16.328  -8.246  -13.889 0.6250000000
63893  17.547  -8.640  -13.677 0.7500000000
66573  15.130  -4.915  -15.873 0.1250000000
63892  18.312  -8.390  -13.513 1.0000000000
65695  14.298  -6.502  -13.955 0.1250000000
65675  19.398  -6.736  -13.578 1.0000000000
126570  21.145  -6.227  -13.334 1.0000000000
66538  23.398  -5.830  -14.793 1.0000000000
69258  16.043  -2.214  -17.285 0.3750000000
120548  16.275  -0.197  -16.779 0.2500000000
114022  16.617  -1.000  -16.883 0.2500000000
66579  23.307  -5.619  -18.467 0.8750000000
68345  23.561  -3.376  -21.297 0.8750000000
67476  23.781  -4.501  -20.310 0.8750000000
68351  23.948  -2.960  -22.109 0.8750000000
76875  18.158  7.102  -16.891 0.1250000000
76874  18.715  6.547  -17.171 0.1250000000
74302  18.509  3.551  -15.518 0.3750000000
74313  19.829  4.005  -16.374 0.6250000000
70982  21.436  -0.835  -22.663 1.0000000000
69278  23.529  -2.299  -22.584 0.8750000000
77749  18.323  7.446  -19.065 0.5000000000
77764  17.634  7.800  -20.609 0.8750000000
130098  18.749  6.627  -17.918 0.3750000000
76035  19.415  5.326  -18.644 0.8750000000
72664  19.247  1.361  -22.554 1.0000000000
72676  18.803  1.824  -23.875 1.0000000000
73511  18.134  2.206  -23.456 1.0000000000
78643  17.140  8.179  -20.926 1.0000000000
74374  17.146  3.487  -22.782 1.0000000000
79520  15.789  9.446  -21.385 0.8750000000
78654  15.175  8.362  -22.466 1.0000000000
77785  15.810  7.076  -22.578 1.0000000000
75232  16.367  4.633  -22.986 1.0000000000
124364  9.999  15.547  -18.595 0.1250000000
83574  10.512  14.227  -19.190 0.1250000000
82758  10.356  14.128  -21.032 0.6250000000
116511  9.153  14.699  -21.205 0.6250000000
83599  7.223  13.784  -22.557 0.5000000000
85159  8.077  15.905  -18.008 0.2500000000
83611  6.273  14.270  -22.649 0.5000000000
117645  8.392  16.649  -18.499 0.2500000000
86673  8.266  17.064  -19.049 0.2500000000
85193  6.274  15.718  -23.163 0.5000000000
87325  8.295  17.867  -19.415 0.1250000000
86679  7.795  18.114  -20.455 0.2500000000
85942  8.135  18.219  -22.834 0.2500000000
85949  7.269  17.193  -23.627 0.3750000000
117610  8.724  18.264  -23.595 0.2500000000
87331  8.050  18.578  -20.092 0.1250000000
64801  14.005  -7.737  -13.115 0.1250000000
64800  14.688  -7.933  -13.538 0.3750000000
63895  14.957  -8.709  -13.436 0.5000000000
65710  14.833  -6.034  -14.732 0.1250000000
63905  17.034  -8.125  -14.101 0.7500000000
65692  18.274  -6.392  -14.640 0.8750000000
63904  17.817  -7.879  -13.993 1.0000000000
64799  18.655  -7.519  -13.717 1.0000000000
124460  18.696  -4.690  -15.441 1.0000000000
66528  21.580  -5.824  -13.587 1.0000000000
69247  18.020  -2.650  -16.397 0.8750000000
69235  20.421  -2.474  -15.316 1.0000000000
126273  23.507  -4.321  -16.362 1.0000000000
68306  21.962  -2.784  -15.217 1.0000000000
69234  21.295  -2.239  -15.316 1.0000000000
67441  23.579  -4.913  -15.871 1.0000000000
66555  23.563  -5.602  -15.477 1.0000000000
70102  17.501  -1.263  -16.521 0.5000000000
119762  18.266  -1.080  -16.143 0.8750000000
117351  19.861  -1.229  -15.579 1.0000000000
70933  21.733  -0.871  -15.945 1.0000000000
115417  23.513  -4.359  -17.016 1.0000000000
69245  23.026  -3.072  -16.002 1.0000000000
69233  22.535  -2.402  -15.823 1.0000000000
69246  23.030  -2.543  -16.589 1.0000000000
69257  23.230  -2.693  -17.347 1.0000000000
68335  23.332  -4.084  -19.590 1.0000000000
122844  18.720  -0.537  -15.862 0.6250000000
71764  19.078  0.882  -15.616 0.6250000000
70935  20.245  -0.272  -15.687 1.0000000000
72621  21.153  1.296  -16.822 1.0000000000
112767  22.691  -1.165  -16.999 1.0000000000
70949  22.181  -0.576  -16.635 1.0000000000
70950  21.586  -0.096  -16.234 1.0000000000
68336  23.149  -3.141  -19.948 0.8750000000
66595  23.606  -5.002  -19.647 0.8750000000
72622  20.626  1.863  -16.392 1.0000000000
71793  21.597  0.761  -17.248 1.0000000000
70117  22.801  -1.582  -18.895 1.0000000000
71802  22.046  -0.005  -18.383 1.0000000000
70968  21.952  -0.363  -19.443 1.0000000000
71807  20.958  1.363  -19.845 1.0000000000
72650  21.112  1.995  -17.991 1.0000000000
72649  21.305  1.024  -19.015 1.0000000000
70974  21.491  -0.520  -20.486 1.0000000000
118668  21.669  0.392  -18.999 1.0000000000
71811  20.934  0.152  -20.903 1.0000000000
70977  20.895  -1.090  -21.998 1.0000000000
111111  21.684  -1.433  -22.094 1.0000000000
74301  19.266  3.426  -15.685 0.6250000000
74335  20.521  3.313  -17.975 1.0000000000
74346  20.399  3.147  -19.031 1.0000000000
73491  20.654  2.299  -19.478 1.0000000000
74347  19.984  3.762  -19.570 1.0000000000
110395  19.588  2.846  -20.771 1.0000000000
73499  19.908  2.333  -20.790 1.0000000000
71823  19.724  0.733  -22.781 1.0000000000
72661  20.020  1.591  -21.288 1.0000000000
73498  20.407  1.940  -20.382 1.0000000000
76885  18.673  6.723  -18.604 0.7500000000
76044  19.017  5.938  -19.205 1.0000000000
76036  19.098  6.095  -18.086 0.7500000000
74336  20.176  3.978  -18.503 1.0000000000
74357  19.588  3.510  -20.449 1.0000000000
75205  19.712  4.554  -19.073 1.0000000000
75212  19.042  4.845  -20.599 1.0000000000
74366  19.071  3.169  -21.166 1.0000000000
79519  16.302  8.902  -21.234 0.8750000000
76051  18.830  5.714  -20.364 1.0000000000
76060  18.215  5.587  -21.242 1.0000000000
75222  18.382  4.574  -21.311 1.0000000000
74367  18.406  3.579  -21.586 1.0000000000
130337  18.689  5.202  -20.942 1.0000000000
73508  17.512  2.734  -23.270 1.0000000000
77776  16.540  7.335  -22.009 1.0000000000
75223  17.552  4.871  -21.824 1.0000000000
76075  16.182  5.566  -22.795 1.0000000000
78653  15.907  7.887  -22.205 1.0000000000
78645  15.880  8.662  -21.838 1.0000000000
83552  9.985  14.909  -18.662 0.1250000000
84351  8.232  14.733  -18.602 0.1250000000
83553  8.971  14.522  -18.690 0.1250000000
85931  8.161  16.161  -18.002 0.2500000000
84353  7.811  15.408  -18.961 0.2500000000
128483  8.399  14.278  -18.891 0.3750000000
112383  8.983  14.755  -19.713 0.5000000000
83589  7.463  14.977  -21.967 0.5000000000
108118  8.506  14.376  -21.858 0.7500000000
86684  8.323  18.496  -21.582 0.2500000000
85948  7.939  17.961  -23.781 0.2500000000
63896  14.164  -8.500  -13.147 0.2500000000
118623  13.538  -8.503  -12.126 0.1250000000
63880  13.931  -8.915  -12.878 0.1250000000
62979  15.318  -9.466  -13.254 0.6250000000
116799  16.733  -8.782  -13.657 0.7500000000
76860  18.668  6.032  -16.519 0.5000000000
74314  18.981  4.155  -15.743 0.6250000000
75190  19.820  4.601  -17.038 0.7500000000
75197  19.816  4.770  -17.944 0.8750000000
76027  19.177  5.844  -17.135 0.7500000000
76013  19.509  5.176  -17.091 0.8750000000
76043  19.313  5.135  -19.683 1.0000000000
79532  15.375  9.098  -22.064 1.0000000000
78655  14.307  8.450  -22.903 1.0000000000
76927  15.647  6.261  -22.984 1.0000000000
83585  10.203  14.674  -20.175 0.3750000000
82759  9.210  13.581  -21.579 0.7500000000
83586  9.392  14.687  -20.809 0.5000000000
83598  8.657  13.587  -21.975 0.7500000000
85947  8.614  17.818  -23.991 0.2500000000
85190  8.394  16.806  -24.111 0.3750000000
60383  17.170  -12.430  -10.551 0.7500000000
126833  18.919  -12.380  -10.389 0.7500000000
60384  16.268  -12.243  -10.451 0.7500000000
61239  18.495  -11.856  -10.814 0.7500000000
60400  17.545  -11.904  -11.010 0.7500000000
60401  16.676  -11.801  -11.016 0.7500000000
62051  20.037  -10.602  -11.298 0.7500000000
61254  19.063  -11.178  -11.163 0.7500000000
62053  18.348  -10.873  -11.761 0.7500000000
62067  16.251  -10.626  -12.560 0.7500000000
62079  15.761  -10.148  -12.969 0.6250000000
62065  18.208  -10.357  -12.374 0.7500000000
62963  18.471  -9.566  -12.793 0.8750000000
62964  17.668  -9.915  -12.945 0.8750000000
62050  20.877  -10.160  -11.619 0.7500000000
62952  19.949  -9.821  -11.785 0.7500000000
62064  19.093  -9.757  -12.296 0.7500000000
63891  19.041  -8.137  -13.174 0.8750000000
118848  21.750  -9.188  -12.364 0.7500000000
62962  19.792  -9.147  -12.275 0.7500000000
116150  21.000  -7.998  -12.422 0.8750000000
64798  19.383  -7.480  -13.233 0.8750000000
64779  22.172  -7.947  -12.880 0.7500000000
64780  21.443  -7.641  -12.641 0.8750000000
117094  21.109  -6.863  -12.876 0.8750000000
64811  23.510  -7.567  -14.939 0.8750000000
65689  23.346  -6.627  -14.500 0.8750000000
65705  23.585  -6.574  -15.564 0.8750000000
63935  24.422  -7.719  -18.542 0.3750000000
64845  23.557  -7.418  -18.223 0.6250000000
65728  23.290  -6.603  -18.299 0.7500000000
66576  23.293  -5.993  -17.404 0.7500000000
64847  25.144  -7.202  -18.866 0.5000000000
65726  24.523  -6.969  -19.007 0.5000000000
65734  24.186  -6.417  -19.312 0.7500000000
66587  23.887  -5.731  -19.511 0.7500000000
66585  27.132  -5.906  -19.969 0.1250000000
125421  26.340  -5.717  -20.133 0.3750000000
66593  25.144  -5.493  -20.212 0.6250000000
66594  24.295  -5.199  -20.174 0.6250000000
118296  24.305  -4.635  -20.763 0.6250000000
66584  28.339  -5.803  -20.097 0.1250000000
66591  27.830  -5.383  -20.717 0.1250000000
66599  26.376  -4.852  -21.320 0.1250000000
67480  27.119  -4.468  -21.996 0.1250000000
68343  25.290  -3.800  -22.079 0.6250000000
68350  24.831  -3.294  -22.575 0.6250000000
67479  28.049  -4.549  -22.002 0.1250000000
68352  28.538  -2.831  -23.304 0.1250000000
68354  26.310  -3.144  -23.971 0.1250000000
68355  25.283  -3.096  -23.650 0.5000000000
69277  24.432  -2.690  -23.071 0.6250000000
69284  24.039  -2.072  -23.574 0.7500000000
67478  28.953  -4.457  -21.914 0.1250000000
69282  25.974  -2.444  -24.695 0.5000000000
69287  25.253  -1.952  -25.055 0.5000000000
70137  24.453  -1.919  -24.492 0.6250000000
70133  23.165  -1.674  -23.127 0.7500000000
123893  15.944  10.013  -20.753 0.6250000000
80295  15.143  11.084  -20.920 0.5000000000
80303  15.427  10.262  -21.209 0.7500000000
70985  23.206  -0.758  -24.534 0.6250000000
70992  22.180  0.092  -24.628 0.6250000000
70988  21.012  -0.175  -23.173 0.8750000000
125865  23.965  0.126  -25.561 0.5000000000
70991  23.174  -0.009  -25.157 0.6250000000
71828  21.732  0.700  -24.996 0.6250000000
71829  20.891  0.721  -24.404 0.7500000000
80305  14.326  11.380  -21.367 0.7500000000
126689  20.702  0.325  -23.637 0.8750000000
73517  17.437  2.781  -24.073 0.8750000000
74377  16.854  3.367  -23.706 0.8750000000
72674  20.438  1.291  -24.741 0.7500000000
73516  18.248  2.426  -24.322 0.8750000000
74381  18.023  3.114  -24.896 0.8750000000
74382  17.258  3.425  -24.556 0.8750000000
75240  16.444  4.370  -24.764 0.8750000000
71826  23.862  0.720  -25.336 0.3750000000
71827  22.708  0.807  -25.322 0.5000000000
71830  22.189  1.478  -25.374 0.5000000000
72679  20.124  1.950  -25.228 0.6250000000
126263  23.081  2.083  -25.092 0.2500000000
72672  23.010  1.537  -25.272 0.3750000000
72678  20.882  1.825  -25.323 0.5000000000
81038  13.372  11.623  -21.723 0.7500000000
79521  15.073  9.761  -21.928 0.8750000000
114163  13.798  10.844  -22.136 0.7500000000
127023  14.701  9.125  -22.432 0.8750000000
76085  15.628  5.645  -23.416 0.8750000000
76091  15.429  5.365  -24.145 0.7500000000
76090  15.932  4.867  -24.485 0.8750000000
73515  19.188  2.121  -24.896 0.6250000000
73522  18.868  2.863  -25.322 0.7500000000
72677  21.639  2.081  -25.447 0.3750000000
73520  20.961  2.633  -25.649 0.5000000000
75243  17.761  4.489  -26.007 0.7500000000
73518  22.450  2.238  -25.299 0.2500000000
81922  12.919  12.471  -21.271 0.6250000000
80315  14.161  9.908  -22.434 0.8750000000
127276  14.011  9.101  -22.767 0.8750000000
78664  13.796  7.833  -23.548 0.8750000000
79542  12.786  8.928  -23.660 0.7500000000
127681  14.592  6.446  -23.817 0.8750000000
76950  15.952  5.805  -26.020 0.7500000000
124661  18.445  4.084  -26.143 0.5000000000
75241  20.793  4.291  -25.780 0.2500000000
75242  19.929  4.689  -26.397 0.5000000000
74385  20.142  3.848  -26.250 0.5000000000
74380  21.914  3.359  -25.143 0.2500000000
121156  12.152  13.127  -21.060 0.5000000000
82768  10.973  13.096  -21.323 0.5000000000
116044  11.648  12.412  -21.633 0.6250000000
81051  11.764  11.201  -22.627 0.7500000000
79534  12.518  9.698  -23.276 0.7500000000
80327  11.402  10.893  -23.368 0.7500000000
79543  11.963  9.260  -24.168 0.7500000000
78676  12.736  7.808  -24.921 0.7500000000
78666  12.302  8.475  -24.551 0.7500000000
80326  11.720  10.104  -23.755 0.7500000000
77807  13.285  7.341  -25.396 0.7500000000
76952  14.411  6.626  -25.753 0.7500000000
76100  16.831  5.964  -26.641 0.5000000000
76956  16.038  6.610  -26.675 0.3750000000
76092  20.173  5.257  -25.931 0.2500000000
76098  18.368  6.003  -26.998 0.3750000000
76955  17.654  6.420  -26.947 0.3750000000
81923  10.275  12.399  -22.014 0.6250000000
81040  11.168  11.854  -22.297 0.7500000000
81060  10.583  11.469  -23.882 0.7500000000
80335  11.294  9.813  -24.818 0.7500000000
78677  12.342  8.373  -25.546 0.7500000000
78691  13.543  8.398  -26.790 0.6250000000
77816  16.620  7.341  -26.831 0.3750000000
77818  14.638  7.416  -26.564 0.3750000000
76089  19.557  6.112  -25.947 0.1250000000
77810  18.350  7.204  -26.001 0.1250000000
77815  17.573  7.168  -26.725 0.2500000000
81924  9.316  12.692  -22.334 0.6250000000
81935  9.390  12.717  -23.207 0.7500000000
80336  11.130  10.780  -24.342 0.6250000000
79552  11.656  8.957  -25.239 0.7500000000
78690  14.478  8.286  -26.929 0.3750000000
116538  12.747  8.490  -26.451 0.3750000000
78687  12.972  7.920  -25.933 0.7500000000
78688  16.215  8.046  -26.756 0.2500000000
78689  15.364  8.168  -26.926 0.3750000000
77814  13.737  7.682  -26.324 0.6250000000
78673  17.976  8.100  -24.348 0.1250000000
77805  17.937  7.702  -25.272 0.1250000000
76946  19.504  6.430  -24.934 0.1250000000
109799  7.900  13.606  -22.740 0.6250000000
83608  8.332  13.314  -22.912 0.6250000000
81068  10.357  11.533  -24.996 0.3750000000
81053  9.850  12.064  -23.555 0.3750000000
80355  11.175  11.047  -26.285 0.3750000000
120561  14.196  10.140  -27.488 0.2500000000
79566  13.131  9.216  -27.248 0.3750000000
80346  11.422  9.937  -26.091 0.3750000000
79559  16.351  9.189  -25.837 0.1250000000
79564  15.253  8.999  -27.022 0.3750000000
78662  18.443  8.416  -23.443 0.1250000000
78685  16.640  8.573  -26.060 0.1250000000
83620  7.253  13.916  -23.740 0.3750000000
83609  6.896  13.346  -23.054 0.3750000000
82781  8.835  13.181  -23.141 0.3750000000
81958  9.055  12.963  -25.379 0.3750000000
81949  9.024  12.791  -24.418 0.3750000000
81086  11.394  11.992  -26.780 0.3750000000
81079  10.600  11.981  -26.057 0.3750000000
80352  13.839  11.143  -27.747 0.3750000000
124030  13.244  10.248  -27.505 0.3750000000
80354  11.764  10.921  -27.000 0.3750000000
80333  16.509  10.733  -24.536 0.1250000000
79560  15.870  9.733  -26.380 0.1250000000
79561  15.193  9.991  -27.232 0.2500000000
79550  17.129  9.778  -24.548 0.1250000000
83618  8.284  13.920  -24.028 0.2500000000
82827  10.125  13.131  -26.124 0.2500000000
82812  9.305  13.150  -25.535 0.3750000000
121131  8.690  13.303  -24.191 0.3750000000
81976  12.795  13.399  -27.778 0.1250000000
81978  10.848  12.845  -26.732 0.3750000000
81969  10.144  12.966  -26.260 0.3750000000
81084  13.305  12.308  -27.958 0.1250000000
81085  12.256  12.125  -27.456 0.2500000000
81957  15.524  12.387  -25.964 0.1250000000
120887  7.808  15.373  -24.132 0.3750000000
83617  9.658  14.085  -23.760 0.2500000000
81967  12.354  13.609  -27.202 0.1250000000
82826  11.484  13.526  -26.358 0.1250000000
115441  13.213  14.328  -27.970 0.1250000000
82810  12.103  13.607  -25.495 0.1250000000
81956  15.821  12.266  -25.017 0.1250000000
112218  14.337  13.936  -28.133 0.1250000000
82780  12.073  14.188  -23.420 0.1250000000
82808  13.496  14.746  -27.243 0.1250000000
82809  13.048  13.698  -25.165 0.1250000000
81964  15.216  13.237  -26.764 0.1250000000
64781  20.645  -7.628  -12.619 0.8750000000
113775  23.526  -7.587  -16.017 0.6250000000
70142  24.680  -1.255  -25.282 0.6250000000
72675  19.615  1.496  -24.312 0.8750000000
116015  19.445  3.464  -25.993 0.5000000000
74383  21.348  3.455  -25.610 0.3750000000
81050  12.807  11.060  -22.407 0.8750000000
79533  13.349  9.399  -22.944 0.8750000000
80316  12.193  10.462  -22.917 0.7500000000
78656  13.553  8.644  -23.275 0.8750000000
78665  13.042  8.140  -24.028 0.7500000000
77806  13.710  6.724  -24.967 0.7500000000
76938  14.419  6.196  -24.619 0.7500000000
75246  18.699  4.730  -26.628 0.5000000000
75247  18.138  5.293  -26.695 0.5000000000
76094  17.273  5.192  -26.280 0.7500000000
75245  19.345  4.938  -26.721 0.5000000000
81077  15.307  11.741  -26.387 0.1250000000
81968  11.028  13.157  -26.676 0.2500000000
82825  12.931  14.260  -27.088 0.1250000000
112105  14.368  14.025  -26.905 0.1250000000
67481  25.598  -4.428  -21.551 0.5000000000
67482  24.713  -4.275  -21.353 0.6250000000
67483  23.959  -4.100  -21.031 0.7500000000
70141  25.743  -1.123  -25.615 0.3750000000
70994  24.794  -0.456  -25.702 0.3750000000
72670  24.341  1.022  -24.982 0.2500000000
75239  17.100  4.022  -25.097 0.7500000000
81083  14.210  12.227  -27.924 0.1250000000
73512  23.274  2.193  -24.546 0.1250000000
59498  17.364  -13.625  -9.579 0.7500000000
60367  15.878  -12.662  -9.842 0.7500000000
59516  18.893  -13.104  -10.032 0.7500000000
60382  18.126  -12.476  -10.489 0.7500000000
61237  20.344  -12.234  -10.492 0.7500000000
62054  15.283  -10.667  -11.865 0.6250000000
61257  16.297  -11.308  -11.523 0.7500000000
110337  20.999  -10.977  -11.180 0.6250000000
62961  21.674  -9.878  -12.060 0.7500000000
63890  22.772  -8.381  -13.412 0.6250000000
63916  23.530  -8.395  -15.746 0.5000000000
128853  24.077  -8.510  -17.680 0.3750000000
63932  23.642  -8.153  -17.380 0.5000000000
115799  25.197  -7.835  -18.561 0.1250000000
111526  26.800  -6.455  -19.166 0.1250000000
65731  27.763  -6.243  -19.345 0.1250000000
66583  29.497  -5.573  -20.132 0.1250000000
130408  29.828  -4.571  -21.252 0.1250000000
67484  29.242  -3.882  -22.224 0.1250000000
69275  29.014  -2.765  -23.011 0.1250000000
80294  15.729  10.666  -20.451 0.3750000000
70131  28.299  -1.841  -23.614 0.1250000000
70135  27.869  -1.726  -24.307 0.1250000000
70140  26.527  -0.940  -25.425 0.1250000000
70993  25.338  -0.099  -25.928 0.2500000000
71825  24.766  0.546  -25.438 0.2500000000
81915  13.592  12.745  -20.399 0.5000000000
74379  22.386  3.126  -24.628 0.1250000000
73513  22.778  2.565  -24.877 0.2500000000
75235  21.247  4.558  -24.624 0.1250000000
76945  20.118  5.802  -24.874 0.1250000000
76936  19.653  6.463  -24.001 0.1250000000
126223  11.499  13.647  -20.769 0.3750000000
77792  19.301  7.188  -23.440 0.1250000000
79540  18.325  9.244  -23.206 0.1250000000
78661  18.974  7.928  -22.985 0.1250000000
81066  16.501  11.571  -24.269 0.1250000000
81947  17.373  12.336  -23.655 0.1250000000
85930  8.636  16.313  -18.208 0.1250000000
84382  9.541  15.746  -23.350 0.2500000000
84387  10.544  14.796  -22.893 0.1250000000
84380  11.526  15.410  -22.478 0.1250000000
82795  13.385  13.715  -23.754 0.1250000000
81955  15.963  13.268  -26.173 0.1250000000
124854  14.550  14.240  -27.164 0.1250000000
67466  23.424  -4.958  -17.605 0.7500000000
70981  22.195  -0.794  -23.281 0.7500000000
70139  22.859  -1.060  -23.616 0.7500000000
78624  17.514  8.793  -19.332 0.3750000000
75237  16.278  4.192  -23.851 0.8750000000
65672  22.743  -6.657  -13.696 0.8750000000
62977  17.202  -9.383  -13.344 0.7500000000
62976  18.032  -9.184  -13.309 0.8750000000
64797  20.080  -7.104  -12.937 0.8750000000
65735  23.503  -6.225  -19.011 0.7500000000
68344  24.385  -3.618  -21.708 0.6250000000
72669  19.271  1.260  -23.337 0.8750000000
117040  15.316  7.578  -22.704 0.8750000000
77786  15.041  6.874  -23.258 0.8750000000
76084  15.910  5.022  -23.566 0.8750000000
83621  6.557  13.866  -23.214 0.3750000000
84397  7.104  15.585  -24.024 0.3750000000
85183  9.234  17.177  -23.760 0.1250000000
127078  8.748  15.943  -23.979 0.2500000000
59518  16.766  -12.927  -10.022 0.7500000000
59517  17.783  -13.078  -10.073 0.7500000000
60381  19.668  -12.637  -10.242 0.7500000000
61253  20.200  -11.414  -10.822 0.7500000000
60385  15.522  -12.013  -10.228 0.7500000000
61240  15.937  -11.585  -10.847 0.7500000000
61255  17.948  -11.409  -11.436 0.7500000000
61266  17.534  -11.034  -12.045 0.7500000000
62052  19.106  -10.407  -11.758 0.7500000000
61268  15.891  -10.907  -12.027 0.7500000000
62068  15.427  -10.477  -12.477 0.6250000000
62066  17.185  -10.598  -12.571 0.7500000000
127004  20.851  -9.228  -12.013 0.7500000000
108922  19.089  -9.193  -12.626 0.8750000000
64782  19.815  -7.888  -12.809 0.8750000000
63876  21.445  -8.439  -12.444 0.7500000000
63875  22.262  -8.792  -12.821 0.7500000000
65671  23.189  -7.266  -14.108 0.7500000000
64796  22.091  -7.118  -12.994 0.8750000000
64794  23.196  -8.029  -14.116 0.6250000000
65716  23.393  -6.685  -16.665 0.7500000000
63931  24.511  -8.481  -18.083 0.2500000000
64839  23.863  -8.065  -18.013 0.5000000000
64840  23.436  -7.671  -17.656 0.6250000000
65733  25.141  -6.361  -19.471 0.5000000000
65732  26.159  -6.178  -19.614 0.2500000000
65725  26.553  -7.022  -18.627 0.1250000000
121810  26.809  -5.396  -20.694 0.2500000000
66600  25.568  -5.013  -20.912 0.3750000000
67475  24.903  -4.891  -20.862 0.6250000000
66597  28.430  -4.921  -21.394 0.1250000000
66590  28.964  -5.252  -20.787 0.1250000000
66598  27.398  -4.938  -21.369 0.1250000000
67488  26.064  -4.019  -22.478 0.5000000000
68348  26.612  -3.647  -23.299 0.1250000000
68347  27.729  -3.392  -23.285 0.1250000000
68349  25.686  -3.632  -23.066 0.5000000000
68346  28.740  -3.459  -22.845 0.1250000000
68353  27.223  -3.012  -23.920 0.1250000000
69281  27.205  -2.229  -24.581 0.1250000000
69283  24.829  -2.503  -24.158 0.6250000000
69286  26.139  -1.608  -25.318 0.1250000000
70138  23.701  -1.405  -24.298 0.6250000000
70986  22.528  -0.529  -24.154 0.6250000000
72673  21.275  1.307  -25.182 0.6250000000
74387  17.857  3.756  -25.400 0.7500000000
76095  16.398  5.148  -25.559 0.7500000000
73521  19.925  2.861  -25.702 0.5000000000
81039  12.303  11.776  -22.033 0.6250000000
76096  15.566  5.412  -25.116 0.7500000000
74384  20.718  3.453  -25.897 0.3750000000
77794  14.102  6.914  -23.877 0.7500000000
76951  15.165  6.112  -25.662 0.7500000000
74388  19.323  4.188  -26.438 0.5000000000
111808  20.668  5.056  -25.162 0.1250000000
75238  21.482  3.919  -25.179 0.2500000000
74376  21.860  3.813  -24.364 0.1250000000
81052  10.734  11.435  -22.961 0.7500000000
76957  15.163  6.825  -26.437 0.6250000000
123681  16.969  6.747  -26.944 0.3750000000
77817  15.693  7.440  -26.843 0.3750000000
76953  19.013  6.077  -26.767 0.1250000000
76954  18.349  6.593  -26.729 0.3750000000
80347  10.877  10.741  -25.443 0.3750000000
77812  17.023  7.852  -26.411 0.3750000000
76947  19.000  6.787  -25.422 0.1250000000
77811  17.658  7.641  -26.029 0.1250000000
77804  18.487  7.395  -24.836 0.1250000000
79565  14.356  9.150  -27.258 0.3750000000
79567  12.297  9.968  -27.126 0.3750000000
78674  17.480  8.903  -24.445 0.1250000000
78663  17.986  8.846  -23.809 0.1250000000
77793  18.643  7.612  -23.831 0.1250000000
78684  17.369  8.277  -25.382 0.1250000000
83619  7.734  13.402  -23.587 0.3750000000
79551  16.468  9.882  -25.328 0.1250000000
82782  8.346  13.333  -23.760 0.3750000000
81977  11.678  13.062  -27.240 0.3750000000
80353  12.745  11.049  -27.614 0.3750000000
80334  15.810  10.727  -25.567 0.1250000000
81067  15.773  11.598  -25.010 0.1250000000
80344  15.425  10.616  -26.687 0.1250000000
80345  14.896  11.221  -27.485 0.1250000000
79541  17.752  9.686  -23.771 0.1250000000
80325  17.224  10.405  -23.968 0.1250000000
84388  9.580  14.734  -23.416 0.2500000000
84389  8.350  14.528  -24.085 0.2500000000
82811  10.691  13.474  -25.139 0.2500000000
81966  13.859  13.787  -28.219 0.1250000000
81965  15.027  13.125  -27.477 0.1250000000
81078  14.751  12.822  -27.841 0.1250000000
82797  10.915  13.821  -23.956 0.1250000000
82796  12.259  13.737  -24.183 0.1250000000
82824  13.809  14.794  -28.079 0.1250000000
129576  16.058  12.632  -25.289 0.1250000000
83606  12.424  14.746  -22.688 0.1250000000
83607  11.255  14.486  -23.119 0.1250000000
58553  16.996  -14.232  -8.988 0.7500000000
59497  18.356  -13.788  -9.700 0.7500000000
59499  16.376  -13.385  -9.421 0.7500000000
61242  15.187  -10.796  -11.083 0.5000000000
61258  15.674  -11.048  -11.319 0.6250000000
123722  22.812  -9.211  -13.364 0.6250000000
63903  23.418  -8.600  -14.842 0.5000000000
119454  28.090  -1.562  -22.939 0.1250000000
70136  27.344  -1.159  -24.925 0.1250000000
76083  20.731  5.307  -24.157 0.1250000000
81059  17.221  11.584  -23.502 0.1250000000
81948  16.610  12.168  -24.246 0.1250000000
58554  16.006  -13.763  -8.729 0.7500000000
60368  15.237  -12.345  -9.536 0.5000000000
57665  18.613  -15.224  -9.190 0.6250000000
123326  18.685  -14.500  -9.566 0.6250000000
58573  20.366  -14.307  -10.048 0.3750000000
59515  19.966  -13.421  -9.995 0.6250000000
59513  21.570  -13.425  -10.884 0.2500000000
60379  21.040  -12.795  -10.596 0.3750000000
63003  23.738  -9.042  -16.420 0.3750000000
81027  14.004  12.231  -21.016 0.3750000000
82757  12.293  13.513  -20.243 0.2500000000
58552  17.955  -14.392  -9.335 0.6250000000
61252  21.751  -11.447  -11.465 0.5000000000
129793  22.908  -9.904  -13.328 0.3750000000
57683  20.844  -15.158  -10.099 0.5000000000
57684  19.918  -14.988  -9.879 0.6250000000
63889  23.176  -8.888  -14.047 0.5000000000
56741  18.669  -16.079  -8.697 0.6250000000
60363  15.033  -12.599  -8.731 0.3750000000
59488  15.318  -13.297  -8.311 0.3750000000
57644  17.942  -15.557  -8.592 0.6250000000
57666  17.747  -14.901  -8.920 0.6250000000
58538  16.485  -14.514  -8.281 0.6250000000
56756  20.616  -16.209  -9.329 0.3750000000
57664  19.510  -15.486  -9.514 0.5000000000
60369  14.752  -12.014  -9.081 0.2500000000
60398  21.672  -12.782  -11.135 0.2500000000
58572  21.628  -14.137  -10.673 0.2500000000
62965  14.903  -10.014  -12.909 0.3750000000
62077  22.809  -10.501  -12.960 0.3750000000
62076  23.212  -10.513  -13.770 0.2500000000
62989  23.390  -9.480  -14.707 0.2500000000
62996  23.584  -9.286  -15.559 0.2500000000
70962  15.838  -0.837  -17.206 0.1250000000
63007  24.550  -9.024  -17.565 0.2500000000
76014  19.005  5.434  -16.354 0.3750000000
75165  18.089  4.078  -15.536 0.2500000000
77750  17.901  8.058  -19.707 0.2500000000
82748  11.313  14.141  -20.026 0.2500000000
70111  16.151  -1.494  -17.196 0.2500000000
62966  14.340  -9.633  -12.701 0.2500000000
75175  19.372  4.758  -16.308 0.3750000000
62063  21.666  -10.662  -11.714 0.5000000000
59500  15.544  -13.041  -9.170 0.5000000000
58574  19.361  -14.129  -9.775 0.6250000000
60380  20.398  -12.926  -10.285 0.5000000000
60399  21.196  -11.924  -10.869 0.5000000000
63002  24.379  -9.478  -16.909 0.2500000000
61229  14.903  -11.724  -9.895 0.3750000000
61241  15.345  -11.360  -10.608 0.3750000000
62069  14.795  -10.240  -12.361 0.2500000000
112334  14.842  -11.095  -10.419 0.3750000000
62975  23.178  -9.684  -13.938 0.2500000000
58551  19.202  -14.900  -9.660 0.5000000000
59514  20.882  -13.645  -10.382 0.2500000000
113797  21.092  -14.462  -10.341 0.2500000000
128203  21.940  -13.287  -11.304 0.2500000000
61265  22.213  -11.156  -11.947 0.3750000000
57663  20.299  -15.658  -9.686 0.5000000000
129435  20.953  -15.797  -9.747 0.3750000000
58537  17.231  -15.031  -8.469 0.6250000000
118346  20.203  -16.686  -8.867 0.3750000000
56758  19.209  -15.897  -9.117 0.5000000000
110556  22.708  -11.368  -12.597 0.2500000000
120261  23.400  -10.167  -14.485 0.2500000000
69260  14.694  -2.035  -17.485 0.1250000000
127563  16.900  -16.296  -7.000 0.5000000000
56740  19.415  -16.502  -8.790 0.2500000000
110440  19.335  -17.661  -7.862 0.3750000000
55785  18.835  -16.917  -8.229 0.5000000000
57645  17.394  -15.688  -7.973 0.5000000000
57630  15.743  -15.323  -6.860 0.5000000000
57629  16.692  -15.725  -7.320 0.5000000000
55746  15.375  -16.877  -4.781 0.1250000000
55761  16.711  -17.096  -6.106 0.3750000000
58526  15.288  -14.472  -7.159 0.2500000000
54722  16.271  -18.606  -4.482 0.1250000000
55745  16.294  -17.405  -5.393 0.2500000000
55760  17.484  -17.658  -6.470 0.3750000000
55759  18.282  -17.956  -6.963 0.3750000000
55774  17.873  -17.186  -7.155 0.5000000000
55732  15.841  -17.757  -4.609 0.1250000000
56705  15.362  -16.158  -5.416 0.1250000000
118859  15.007  -14.792  -6.377 0.1250000000
71820  25.205  0.546  -25.016 0.1250000000
58539  15.689  -14.082  -7.925 0.3750000000
56742  18.074  -16.266  -8.131 0.5000000000
59483  15.035  -13.594  -7.381 0.2500000000
55783  20.565  -17.216  -8.380 0.2500000000
56717  17.136  -16.804  -6.769 0.5000000000
56730  17.478  -16.398  -7.438 0.5000000000
55784  19.738  -17.182  -8.405 0.3750000000
56729  18.177  -16.851  -7.710 0.3750000000
55773  18.587  -17.490  -7.577 0.3750000000
125343  16.258  -16.211  -6.401 0.2500000000
58525  16.132  -14.901  -7.588 0.1250000000
57646  16.814  -15.174  -7.922 0.5000000000
55733  15.181  -17.364  -4.057 0.1250000000
56704  16.016  -16.745  -5.633 0.2500000000
124009  16.948  -17.735  -5.845 0.3750000000
54759  19.006  -18.164  -7.314 0.2500000000
57618  15.329  -15.492  -5.999 0.1250000000
55744  17.398  -18.291  -5.913 0.2500000000
54749  17.986  -18.502  -6.412 0.2500000000
54758  19.786  -18.172  -7.403 0.2500000000
54737  16.747  -18.231  -5.271 0.1250000000
53741  17.780  -18.857  -5.899 0.1250000000
62042  14.341  -10.690  -10.359 0.1250000000
80285  16.275  10.228  -20.099 0.1250000000
78625  17.078  9.196  -19.984 0.1250000000
80286  15.933  10.853  -19.615 0.1250000000
81016  15.389  11.408  -19.157 0.1250000000
128131  13.802  12.700  -19.788 0.1250000000
81025  15.400  11.403  -20.064 0.1250000000
81009  15.337  11.386  -18.427 0.1250000000
81017  14.810  11.943  -19.601 0.1250000000
82747  12.278  13.433  -19.234 0.1250000000
79504  17.038  9.559  -19.025 0.1250000000
81909  14.070  12.466  -19.219 0.1250000000
81904  13.466  12.826  -18.706 0.1250000000
117865  13.696  12.863  -17.980 0.1250000000
77741  17.915  8.289  -18.694 0.1250000000
78615  17.409  8.959  -18.348 0.1250000000
74303  17.694  3.220  -15.480 0.1250000000
59484  14.866  -12.813  -7.777 0.1250000000
62021  14.094  -11.078  -9.005 0.1250000000
76015  18.166  5.591  -15.957 0.1250000000
78606  17.626  8.366  -17.677 0.1250000000
78616  17.026  9.503  -18.124 0.1250000000
79497  16.614  10.070  -18.406 0.1250000000
80260  16.322  10.755  -17.027 0.1250000000
81002  15.053  11.584  -16.368 0.1250000000
113509  13.993  13.103  -17.185 0.1250000000
81905  13.054  13.266  -18.373 0.1250000000
127193  18.161  7.743  -18.095 0.1250000000
62980  14.471  -9.303  -13.084 0.1250000000
62954  13.860  -9.575  -11.576 0.1250000000
81914  14.255  12.410  -20.110 0.1250000000
81910  13.205  13.053  -19.600 0.1250000000
123997  14.503  -11.551  -9.295 0.1250000000
61222  14.288  -11.537  -8.495 0.1250000000
75176  18.554  4.836  -15.788 0.1250000000
62953  14.292  -9.918  -12.059 0.1250000000
120109  14.748  -10.616  -10.892 0.1250000000
62033  14.412  -11.194  -9.791 0.1250000000
62034  13.865  -10.545  -9.606 0.1250000000
80275  16.452  10.244  -19.260 0.1250000000
80276  15.988  10.812  -18.638 0.1250000000
81007  14.954  11.736  -17.883 0.1250000000
81001  15.695  11.444  -17.032 0.1250000000
81911  12.834  13.149  -18.871 0.1250000000
81903  14.193  12.359  -18.336 0.1250000000
56755  21.339  -16.144  -9.335 0.1250000000
57662  21.672  -15.528  -9.897 0.1250000000
57682  21.652  -14.836  -10.378 0.1250000000
58571  22.262  -14.477  -10.781 0.1250000000
126218  22.367  -12.993  -11.771 0.1250000000
61251  22.350  -11.914  -11.927 0.1250000000
60428  23.266  -11.925  -13.225 0.1250000000
118088  23.098  -11.138  -13.290 0.1250000000
60435  24.566  -12.218  -14.585 0.1250000000
61279  23.988  -11.616  -14.597 0.1250000000
110235  23.600  -10.862  -14.598 0.1250000000
61285  24.927  -11.278  -15.813 0.1250000000
62090  23.714  -10.207  -15.293 0.1250000000
61288  25.679  -11.072  -16.423 0.1250000000
114145  24.893  -10.348  -16.528 0.1250000000
63006  25.267  -9.733  -17.264 0.1250000000
54747  19.499  -18.632  -6.861 0.1250000000
54748  18.730  -18.645  -6.704 0.1250000000
55772  20.152  -17.708  -7.916 0.1250000000
55782  21.353  -17.088  -8.198 0.1250000000
56754  22.114  -16.000  -9.274 0.1250000000
56739  21.750  -16.527  -8.703 0.1250000000
57681  22.325  -15.015  -10.320 0.1250000000
58587  23.373  -14.328  -11.328 0.1250000000
59551  23.806  -13.306  -12.689 0.1250000000
60413  23.557  -12.744  -12.995 0.1250000000
60426  24.733  -12.680  -13.904 0.1250000000
61284  25.828  -11.875  -15.908 0.1250000000
63930  25.328  -8.930  -17.884 0.1250000000
63005  26.055  -9.572  -17.464 0.1250000000
62093  26.365  -10.840  -16.706 0.1250000000
63933  25.808  -8.179  -18.232 0.1250000000
116656  20.977  -16.692  -8.852 0.1250000000
62995  24.023  -9.859  -16.170 0.1250000000
58588  22.743  -14.270  -11.236 0.1250000000
62085  24.108  -11.068  -15.286 0.1250000000
55771  20.941  -17.635  -7.807 0.1250000000
58570  22.851  -14.648  -10.791 0.1250000000
59552  23.201  -13.262  -12.364 0.1250000000
59538  22.916  -13.853  -11.779 0.1250000000
61274  23.500  -11.402  -13.901 0.1250000000
61278  24.523  -11.714  -15.156 0.1250000000
60427  23.942  -12.279  -13.824 0.1250000000
61277  25.249  -12.196  -15.237 0.1250000000
62089  24.300  -10.561  -15.864 0.1250000000
117999  25.982  -10.188  -17.146 0.1250000000
61287  26.359  -11.568  -16.299 0.1250000000
53738  19.987  -18.990  -6.433 0.1250000000
54746  21.100  -18.319  -6.676 0.1250000000
57680  22.960  -15.037  -10.258 0.1250000000
62999  27.452  -9.885  -16.781 0.1250000000
54757  20.585  -18.068  -7.328 0.1250000000
56757  19.870  -16.113  -9.273 0.3750000000
57660  23.251  -15.361  -9.602 0.1250000000
59539  22.225  -13.820  -11.239 0.2500000000
60414  22.890  -12.418  -12.528 0.1250000000
61238  19.444  -11.904  -10.575 0.7500000000
61256  17.073  -11.481  -11.614 0.7500000000
61267  16.664  -11.071  -12.120 0.7500000000
62055  14.767  -10.432  -11.616 0.1250000000
62056  14.252  -10.152  -11.103 0.1250000000
62062  22.290  -10.522  -12.289 0.3750000000
62078  16.740  -10.107  -13.000 0.7500000000
62960  22.408  -9.693  -12.699 0.3750000000
62967  13.830  -9.163  -12.298 0.1250000000
62978  16.278  -9.478  -13.307 0.6250000000
63000  26.622  -10.129  -17.028 0.1250000000
63001  25.656  -10.449  -16.881 0.1250000000
63877  20.424  -8.413  -12.424 0.8750000000
63878  19.457  -8.604  -12.705 0.8750000000
63879  18.719  -8.854  -13.021 0.8750000000
63894  15.865  -8.787  -13.556 0.6250000000
63897  13.717  -8.084  -12.808 0.1250000000
63907  15.574  -8.082  -13.816 0.5000000000
63924  23.938  -8.760  -17.146 0.3750000000
63925  23.588  -8.239  -16.629 0.5000000000
63934  25.009  -8.311  -18.347 0.2500000000
64795  22.739  -7.541  -13.485 0.7500000000
64824  16.727  -6.814  -14.823 0.8750000000
64832  23.397  -7.522  -16.923 0.6250000000
64844  25.804  -7.445  -18.594 0.1250000000
64846  25.912  -6.754  -19.012 0.5000000000
65673  21.878  -6.392  -13.310 0.8750000000
65674  20.369  -6.391  -13.311 1.0000000000
65676  18.658  -6.789  -14.105 1.0000000000
65690  23.033  -6.026  -14.161 1.0000000000
65709  15.621  -6.241  -15.022 0.2500000000
65720  23.210  -7.032  -17.567 0.7500000000
65727  23.831  -6.973  -18.814 0.7500000000
65736  25.730  -5.787  -19.951 0.3750000000
66542  18.617  -5.680  -14.904 1.0000000000
66557  18.253  -5.135  -15.520 1.0000000000
66560  15.398  -5.618  -15.456 0.2500000000
66586  24.532  -5.851  -19.719 0.7500000000
66592  25.965  -5.378  -20.540 0.3750000000
66596  29.387  -4.754  -21.362 0.1250000000
67424  23.297  -4.975  -15.059 1.0000000000
67457  17.966  -3.876  -16.205 0.8750000000
67477  29.606  -4.289  -21.657 0.1250000000
67485  28.601  -4.091  -22.380 0.1250000000
67486  27.851  -4.080  -22.607 0.1250000000
67487  26.873  -4.156  -22.716 0.1250000000
68293  21.578  -3.378  -14.897 1.0000000000
68295  20.017  -3.963  -15.022 1.0000000000
68326  23.451  -4.125  -17.715 1.0000000000
68342  29.269  -3.320  -22.398 0.1250000000
69220  21.063  -2.923  -15.060 1.0000000000
69237  18.651  -2.678  -16.059 0.8750000000
69249  16.720  -2.690  -16.959 0.2500000000
69276  28.566  -2.397  -23.364 0.1250000000
69280  27.998  -2.441  -23.860 0.1250000000
69285  26.783  -1.616  -25.156 0.1250000000
70088  22.184  -1.612  -15.879 1.0000000000
70090  20.644  -1.729  -15.426 1.0000000000
70112  15.376  -1.606  -17.436 0.1250000000
70119  22.582  -1.713  -19.814 1.0000000000
70125  21.702  -1.258  -20.968 1.0000000000
70132  27.674  -1.211  -23.752 0.1250000000
70143  25.336  -0.651  -25.776 0.3750000000
70934  20.871  -0.963  -15.564 1.0000000000
70938  17.526  0.408  -15.970 0.5000000000
70983  20.676  -0.410  -22.388 1.0000000000
70987  21.771  -0.368  -23.625 0.7500000000
70989  25.943  -0.290  -25.767 0.2500000000
70990  23.981  -0.526  -25.312 0.6250000000
70995  24.670  0.129  -25.712 0.2500000000
71763  20.038  0.745  -15.732 0.7500000000
71776  21.912  0.116  -16.925 1.0000000000
71803  21.646  0.780  -18.151 1.0000000000
71821  21.348  0.172  -24.087 0.7500000000
71824  25.395  0.191  -25.717 0.2500000000
72639  20.957  1.948  -17.183 1.0000000000
72668  20.093  0.824  -23.714 0.8750000000
72671  23.595  1.593  -25.011 0.2500000000
73444  19.537  2.529  -15.641 0.8750000000
73507  18.226  2.384  -22.683 1.0000000000
73514  22.321  2.845  -25.156 0.2500000000
73519  21.819  2.811  -25.445 0.3750000000
74328  20.193  4.050  -17.450 0.8750000000
74378  16.657  3.785  -24.349 0.8750000000
74386  18.653  3.542  -25.755 0.5000000000
75244  16.969  4.617  -25.533 0.7500000000
76093  19.529  5.439  -26.560 0.5000000000
76097  18.927  5.461  -26.898 0.3750000000
76099  17.677  5.820  -26.866 0.5000000000
76925  16.794  5.921  -22.201 1.0000000000
76937  15.038  6.015  -23.779 1.0000000000
76948  14.995  5.688  -24.659 0.7500000000
76949  18.893  6.568  -26.255 0.1250000000
77787  14.628  7.670  -23.108 1.0000000000
77795  13.323  7.350  -24.400 0.7500000000
77803  19.059  6.940  -24.364 0.1250000000
77813  13.866  7.071  -25.859 0.7500000000
78635  16.834  8.745  -20.776 0.8750000000
78644  16.546  8.188  -21.495 1.0000000000
78675  16.846  9.039  -25.168 0.1250000000
78686  15.953  8.796  -26.541 0.3750000000
79505  16.706  9.776  -19.792 0.1250000000
79562  12.116  9.023  -26.379 0.3750000000
80267  15.743  11.058  -17.841 0.1250000000
80304  14.687  10.555  -21.707 0.7500000000
81010  14.780  11.897  -18.731 0.1250000000
81026  14.721  11.788  -20.518 0.3750000000
81061  9.696  12.249  -24.630 0.3750000000
81069  9.768  12.556  -25.631 0.3750000000
81898  14.426  12.448  -17.520 0.1250000000
81916  12.921  13.066  -20.546 0.2500000000
81934  10.182  12.005  -22.700 0.7500000000
81970  9.486  13.066  -25.878 0.3750000000
82737  12.373  13.478  -18.710 0.1250000000
82769  9.753  13.024  -21.730 0.7500000000
82770  8.898  13.073  -22.250 0.6250000000
82798  8.651  13.083  -24.180 0.3750000000
83564  10.223  14.403  -19.086 0.1250000000
83575  9.207  14.268  -19.239 0.3750000000
83576  8.542  14.278  -18.801 0.1250000000
83587  8.627  14.781  -21.625 0.7500000000
83600  7.219  14.210  -22.328 0.5000000000
83610  6.478  13.776  -22.851 0.5000000000
83622  6.055  14.111  -22.936 0.5000000000
84375  6.459  15.073  -22.384 0.5000000000
84383  5.987  14.818  -22.835 0.5000000000
84390  6.955  14.576  -23.860 0.3750000000
84391  6.419  14.833  -23.397 0.3750000000
84398  6.775  15.835  -23.660 0.3750000000
85158  8.114  15.954  -18.009 0.1250000000
85160  8.000  15.880  -18.290 0.2500000000
85184  6.202  15.565  -22.786 0.5000000000
85191  7.658  16.459  -24.093 0.3750000000
85192  7.169  16.315  -23.950 0.3750000000
85932  8.258  16.339  -18.221 0.2500000000
85955  7.920  17.334  -24.006 0.3750000000
85956  7.377  16.854  -23.966 0.3750000000
85957  6.876  16.475  -23.604 0.3750000000
86672  8.458  17.092  -18.914 0.2500000000
108571  8.748  14.360  -19.324 0.3750000000
111075  9.260  13.382  -24.668 0.3750000000
112256  15.047  12.028  -17.066 0.1250000000
113056  26.388  -4.285  -21.981 0.5000000000
113441  13.130  10.210  -22.640 0.7500000000
114664  8.820  13.091  -25.006 0.3750000000
114743  21.059  1.804  -18.869 1.0000000000
117489  19.455  1.666  -21.916 1.0000000000
119513  19.433  5.450  -17.795 0.8750000000
120060  21.946  -2.089  -15.503 1.0000000000
121869  9.269  14.354  -19.245 0.1250000000
123447  16.950  11.009  -23.792 0.1250000000
125727  21.898  -12.203  -11.406 0.2500000000
126057  8.316  14.789  -18.462 0.1250000000
127494  23.475  -7.106  -16.294 0.6250000000
127658  20.984  0.765  -20.356 1.0000000000
127725  20.146  2.052  -15.846 0.6250000000
127890  17.755  2.483  -23.764 1.0000000000
128135  8.632  13.822  -22.054 0.7500000000
128590  20.271  1.477  -15.879 0.6250000000
129058  23.419  -5.536  -19.169 0.8750000000
129936  18.414  7.257  -18.382 0.3750000000
