#!ascii label  , from subject sub-v1s23x0050559_ses-1 vox2ras=TkReg
1874
19081  30.227  -57.757  5.091 0.6000000238
19079  31.889  -57.553  5.669 0.5000000000
108890  30.387  -56.313  4.254 0.6999999881
20813  30.493  -55.536  3.881 0.6000000238
19904  30.093  -56.070  3.425 0.6000000238
127595  30.191  -55.693  2.929 0.6000000238
19886  30.632  -56.976  4.917 0.6999999881
19095  29.987  -57.259  4.414 0.5000000000
129333  29.596  -57.245  3.351 0.5000000000
19118  29.515  -57.638  2.856 0.5000000000
19916  30.114  -56.191  2.511 0.6000000238
20824  30.386  -55.325  2.421 0.6000000238
19885  31.417  -56.905  5.236 0.5000000000
19080  30.971  -57.572  5.492 0.5000000000
18303  29.695  -58.121  4.553 0.6000000238
20836  30.427  -55.883  1.807 0.6000000238
18269  32.864  -58.532  6.276 0.5000000000
124721  33.717  -58.778  6.077 0.5000000000
23762  31.159  -52.427  3.432 0.6000000238
23763  30.751  -53.054  3.029 0.6999999881
121226  31.824  -54.910  4.621 0.6000000238
21718  31.294  -54.585  4.299 0.6999999881
120715  31.183  -53.216  3.735 0.6000000238
22710  30.815  -53.851  3.388 0.6000000238
22718  30.580  -53.751  2.542 0.6000000238
20804  31.786  -55.713  4.842 0.6000000238
19895  31.118  -56.249  4.815 0.6999999881
21746  30.503  -54.490  2.001 0.6000000238
19884  32.212  -56.839  5.349 0.5000000000
19894  32.492  -56.188  5.077 0.5000000000
22727  30.525  -53.675  1.623 0.6000000238
18287  32.690  -57.861  5.815 0.5000000000
21755  30.619  -54.430  1.047 0.6000000238
18286  33.465  -58.120  5.683 0.5000000000
115650  30.635  -54.298  0.122 0.6000000238
22742  30.590  -53.437  -0.223 0.6999999881
116583  30.704  -54.871  -0.389 0.6000000238
112147  30.753  -53.261  -1.118 0.6999999881
120669  30.676  -54.912  -1.068 0.6000000238
128837  30.737  -54.462  -1.267 0.6000000238
21776  31.274  -54.552  -2.506 0.6000000238
21769  30.875  -54.699  -1.739 0.6000000238
23840  34.126  -52.898  -6.153 0.5000000000
23860  35.273  -52.416  -8.141 0.6999999881
22784  34.317  -54.013  -7.182 0.6000000238
24896  35.330  -51.576  -8.184 0.8000000119
23861  34.893  -53.188  -8.654 0.6999999881
24796  31.853  -51.144  3.569 0.6000000238
24797  31.188  -51.558  3.109 0.6999999881
22700  32.319  -53.354  4.468 0.6999999881
126066  31.645  -53.439  4.218 0.6999999881
23750  31.799  -52.663  4.101 0.6000000238
115847  30.780  -52.268  2.647 0.6999999881
24808  30.868  -51.523  2.242 0.6999999881
21717  32.483  -54.549  4.664 0.6000000238
22699  33.145  -53.335  4.589 0.6000000238
109119  30.616  -52.176  1.784 0.8000000119
20802  33.732  -55.257  4.718 0.5000000000
21716  33.234  -54.546  4.701 0.5000000000
24826  30.591  -51.981  0.853 0.8000000119
23782  30.512  -52.848  1.250 0.6000000238
19892  34.242  -56.066  4.602 0.5000000000
19893  33.387  -56.093  4.941 0.5000000000
23792  30.534  -52.745  0.337 0.8000000119
22736  30.549  -53.576  0.699 0.6000000238
19077  33.967  -57.655  5.144 0.5000000000
125053  30.580  -52.082  0.039 0.8000000119
24832  30.673  -51.734  -0.571 0.8000000119
24842  31.110  -51.883  -1.940 0.6999999881
23802  30.795  -52.136  -1.187 0.6999999881
23808  31.517  -52.074  -2.759 0.6999999881
119126  31.296  -52.679  -2.287 0.6999999881
113912  30.852  -54.006  -1.487 0.6999999881
119998  31.986  -52.254  -3.492 0.6000000238
22756  31.436  -53.736  -2.695 0.6000000238
22751  31.106  -53.363  -1.963 0.6000000238
24868  32.816  -51.598  -4.533 0.6999999881
111261  32.234  -53.026  -3.898 0.6999999881
23813  31.681  -52.940  -3.016 0.6000000238
24881  33.599  -51.912  -5.437 0.6999999881
112838  32.850  -53.190  -4.776 0.6000000238
24887  34.937  -51.720  -7.149 0.8000000119
24880  34.382  -52.164  -6.331 0.8000000119
23825  33.617  -53.509  -5.779 0.6000000238
25865  35.139  -50.775  -7.573 0.8999999762
114603  34.416  -52.435  -9.238 0.6999999881
25876  35.281  -50.799  -8.326 0.8000000119
23868  35.062  -52.141  -8.768 0.6999999881
25762  31.678  -50.382  3.075 0.6000000238
24807  31.223  -50.885  2.610 0.6999999881
114984  32.103  -48.930  2.304 0.6999999881
26610  31.637  -49.437  1.841 0.6000000238
114438  34.517  -51.133  3.570 0.4000000060
24778  33.173  -51.912  4.206 0.6000000238
24795  32.782  -51.151  3.873 0.6000000238
25771  31.418  -50.175  2.230 0.6999999881
23748  33.574  -52.658  4.418 0.6000000238
25772  31.014  -50.812  1.691 0.8000000119
21714  34.945  -54.509  4.150 0.4000000060
22697  34.701  -53.640  4.281 0.5000000000
127048  33.471  -53.936  4.639 0.6000000238
111348  30.995  -50.495  0.938 0.8000000119
20801  34.518  -55.262  4.360 0.5000000000
25790  30.856  -50.631  0.231 0.8000000119
19903  34.789  -55.992  4.081 0.4000000060
24835  30.831  -51.343  -1.282 0.8000000119
121670  34.467  -57.453  4.589 0.5000000000
130033  31.023  -51.073  -1.920 0.8000000119
112783  32.031  -50.203  -3.337 0.8000000119
24841  31.366  -51.279  -2.535 0.6999999881
25804  30.923  -50.432  -1.434 0.8000000119
25839  32.839  -50.676  -4.461 0.8000000119
25827  31.689  -50.716  -2.999 0.6999999881
26678  32.958  -49.876  -4.580 0.8999999762
25840  32.278  -50.915  -3.739 0.6999999881
25855  33.396  -50.498  -5.081 0.8999999762
24869  32.274  -51.712  -3.832 0.6999999881
114529  33.229  -52.555  -5.095 0.6000000238
25866  34.512  -50.615  -6.497 0.8999999762
26719  32.955  -49.610  -8.870 0.8000000119
25885  32.793  -50.552  -8.941 0.8000000119
121162  34.046  -50.436  -9.090 0.8000000119
109894  33.656  -51.483  -9.253 0.8000000119
26717  34.655  -49.855  -8.603 0.8000000119
24904  34.670  -51.486  -9.135 0.6999999881
26601  32.423  -49.249  2.983 0.6999999881
28358  32.960  -47.638  2.527 0.6000000238
25761  32.394  -50.421  3.511 0.6000000238
27475  33.162  -49.050  3.214 0.5000000000
27496  32.302  -48.148  2.024 0.6999999881
25759  34.165  -50.507  3.561 0.4000000060
25760  33.285  -50.443  3.654 0.6000000238
26611  31.261  -50.009  1.365 0.6999999881
24792  35.110  -51.479  3.347 0.5000000000
26619  31.396  -49.250  0.968 0.6999999881
24806  35.614  -51.604  2.742 0.5000000000
23747  34.439  -52.699  4.205 0.6000000238
22717  35.576  -53.449  2.815 0.4000000060
23760  35.349  -52.867  3.364 0.4000000060
27527  31.409  -48.182  -1.131 0.8000000119
26631  30.969  -49.949  -0.482 0.8000000119
110096  35.556  -54.177  2.980 0.4000000060
25803  31.152  -49.745  -2.037 0.8000000119
26638  31.024  -49.614  -1.303 0.8000000119
25799  30.756  -50.906  -0.573 0.8000000119
123685  34.757  -56.846  4.150 0.3000000119
26664  32.070  -49.397  -3.332 0.8000000119
27552  31.884  -48.632  -3.007 0.8000000119
27551  32.441  -48.540  -3.697 0.8000000119
117893  31.601  -49.945  -2.760 0.8000000119
27582  33.138  -49.041  -4.760 0.8999999762
26663  32.620  -49.274  -4.083 0.8999999762
127450  33.598  -48.429  -5.158 0.8999999762
26697  33.521  -49.756  -5.246 0.8999999762
119142  34.242  -48.307  -5.955 0.8999999762
26696  34.168  -49.775  -6.049 0.8999999762
113560  34.533  -49.052  -6.560 0.8999999762
25886  31.962  -49.858  -8.567 0.8000000119
26706  34.830  -49.890  -7.076 0.8999999762
110918  35.202  -50.026  -7.944 0.8999999762
26718  33.948  -49.295  -8.818 0.8000000119
121007  34.974  -49.257  -8.218 0.8000000119
27486  33.479  -48.326  3.044 0.6000000238
27487  32.693  -48.524  2.742 0.6000000238
29251  32.934  -46.783  2.154 0.6000000238
28356  34.850  -47.567  2.844 0.6000000238
110863  35.764  -49.057  2.492 0.4000000060
26600  35.163  -48.984  2.976 0.4000000060
26588  34.556  -49.296  3.237 0.4000000060
27474  33.893  -48.930  3.296 0.5000000000
28370  31.991  -47.853  1.213 0.6999999881
25758  34.878  -50.609  3.259 0.4000000060
27507  31.543  -48.391  0.512 0.6999999881
24805  35.883  -50.982  2.125 0.5000000000
25770  35.441  -50.742  2.827 0.4000000060
26630  31.195  -49.160  0.063 0.6999999881
24816  36.095  -51.349  1.261 0.5000000000
28394  31.664  -47.335  -0.849 0.8000000119
118735  31.327  -48.516  -0.330 0.8000000119
28425  32.063  -47.917  -3.083 0.8000000119
26637  31.253  -48.977  -1.687 0.8000000119
28424  32.655  -47.638  -3.751 0.8000000119
28438  33.207  -47.367  -4.381 0.8999999762
127573  32.788  -48.757  -4.244 0.8999999762
27565  33.827  -47.545  -5.269 0.8999999762
27589  34.982  -48.202  -7.192 1.0000000000
27599  33.085  -48.614  -8.850 0.8000000119
27593  35.168  -48.463  -8.013 1.0000000000
27597  34.902  -48.121  -8.469 1.0000000000
120909  34.605  -48.951  -8.540 0.8000000119
27598  34.164  -48.315  -8.851 0.8000000119
119587  33.481  -46.972  2.559 0.6000000238
30086  34.193  -45.268  2.422 0.6000000238
29248  35.232  -46.774  2.675 0.6000000238
29262  32.937  -46.093  1.721 0.6999999881
111469  36.378  -47.962  1.860 0.4000000060
27483  35.953  -48.162  2.336 0.4000000060
27484  35.376  -48.298  2.758 0.4000000060
26599  36.240  -49.392  1.842 0.4000000060
28380  31.817  -47.530  0.440 0.6999999881
25789  36.385  -50.040  0.450 0.5000000000
27506  36.654  -48.331  0.371 0.4000000060
29276  32.049  -46.813  0.298 0.8000000119
28406  31.739  -47.431  -1.715 0.8000000119
29288  31.957  -46.691  -0.488 0.8000000119
30127  32.514  -45.921  -2.345 0.8000000119
28418  31.943  -47.475  -2.487 0.8000000119
29330  32.950  -46.721  -3.841 0.8000000119
28417  32.352  -47.126  -3.082 0.8000000119
127459  34.334  -47.134  -5.862 0.8999999762
114824  34.047  -45.948  -5.215 0.8999999762
29349  34.768  -46.774  -6.492 1.0000000000
28458  35.174  -47.221  -7.370 1.0000000000
121872  35.355  -46.893  -8.231 1.0000000000
28468  33.427  -47.553  -9.067 0.8000000119
27600  32.064  -48.965  -8.588 0.8000000119
28466  35.098  -47.115  -8.699 1.0000000000
128443  34.094  -46.994  -9.223 0.8000000119
118392  35.585  -46.003  2.570 0.6000000238
29249  34.272  -46.828  2.721 0.6000000238
114003  35.109  -45.292  2.555 0.6000000238
30094  33.398  -45.219  1.835 0.6999999881
30905  33.562  -44.282  1.507 0.6999999881
28368  36.630  -47.038  1.832 0.4000000060
28354  36.181  -47.466  2.255 0.5000000000
121304  36.090  -46.690  2.420 0.5000000000
29275  32.465  -46.258  0.924 0.8000000119
30906  33.060  -44.862  0.954 0.8000000119
117168  36.227  -48.659  2.028 0.4000000060
30105  32.652  -45.505  0.480 0.8000000119
28393  37.226  -47.395  -0.678 0.4000000060
28377  36.931  -47.533  0.227 0.4000000060
110171  32.255  -46.166  -1.697 0.8000000119
29294  32.250  -45.957  -0.899 0.8000000119
29302  32.157  -46.731  -2.245 0.8000000119
29313  32.604  -46.342  -3.014 0.8000000119
29329  33.579  -46.711  -4.753 0.8999999762
124032  33.451  -45.383  -4.036 0.8000000119
29345  34.210  -46.668  -5.600 1.0000000000
30177  34.774  -45.857  -6.362 1.0000000000
30173  34.522  -45.152  -5.697 1.0000000000
29348  35.397  -46.244  -7.708 1.0000000000
30181  34.594  -44.832  -8.841 1.0000000000
29356  33.637  -46.532  -9.238 0.8999999762
27594  32.210  -48.015  -8.687 0.8000000119
28463  32.409  -47.040  -8.782 0.8999999762
126640  34.329  -46.086  -9.334 1.0000000000
30185  33.899  -45.648  -9.245 1.0000000000
29352  32.614  -46.034  -8.866 1.0000000000
31871  33.979  -43.340  -8.301 1.0000000000
32872  33.262  -42.190  -8.371 1.0000000000
128326  33.328  -42.870  -8.408 1.0000000000
110350  32.329  -42.819  -8.714 1.0000000000
33797  32.912  -41.402  -8.094 1.0000000000
125839  32.403  -42.024  -8.816 1.0000000000
30891  35.530  -44.582  2.514 0.6999999881
30892  34.692  -44.576  2.446 0.6999999881
31776  35.364  -43.058  2.284 0.6999999881
118409  35.940  -45.289  2.515 0.6000000238
30890  36.335  -44.597  2.340 0.6000000238
30893  33.979  -44.484  2.151 0.6999999881
29261  36.626  -46.119  2.062 0.6000000238
108604  37.323  -46.087  0.796 0.5000000000
31790  33.744  -43.455  1.250 0.8000000119
29274  37.311  -46.740  0.078 0.4000000060
30111  32.603  -45.085  -0.871 0.8000000119
30119  32.518  -45.487  -1.655 0.8000000119
30936  32.862  -45.090  -2.478 0.8000000119
30928  32.800  -44.666  -1.609 0.8000000119
108926  33.226  -45.178  -3.372 0.6999999881
124710  32.830  -45.688  -2.955 0.8000000119
30157  33.914  -45.254  -4.759 0.8999999762
30951  33.795  -43.883  -3.830 0.8000000119
30966  34.394  -44.438  -5.235 0.8999999762
31847  34.242  -43.599  -4.776 1.0000000000
30980  34.852  -44.379  -6.327 1.0000000000
31857  34.733  -43.667  -5.983 1.0000000000
127911  34.134  -42.453  -5.524 1.0000000000
30172  35.085  -44.422  -7.431 1.0000000000
32858  34.112  -42.284  -6.178 1.0000000000
129963  34.673  -43.238  -6.712 1.0000000000
32865  33.764  -41.964  -7.237 1.0000000000
32871  33.930  -42.711  -7.861 1.0000000000
30182  33.034  -44.946  -8.731 1.0000000000
31872  33.006  -43.456  -8.538 1.0000000000
123764  32.689  -44.158  -8.538 1.0000000000
32873  31.372  -42.347  -8.730 1.0000000000
34603  32.463  -40.886  -8.319 1.0000000000
33798  31.844  -41.586  -8.821 1.0000000000
114289  35.929  -43.837  2.421 0.6999999881
31777  34.573  -43.374  2.163 0.6999999881
30904  37.499  -43.839  1.546 0.5000000000
31775  36.761  -43.852  2.114 0.6999999881
31789  34.233  -42.993  1.691 0.6999999881
30085  36.567  -45.333  2.188 0.6000000238
30104  37.635  -45.201  0.718 0.5000000000
30093  37.136  -45.476  1.576 0.5000000000
30914  33.313  -43.987  0.597 0.8000000119
31801  33.124  -44.004  -0.194 0.8000000119
30920  32.914  -44.303  -0.831 0.6999999881
31809  33.212  -43.586  -0.728 0.8000000119
130354  33.059  -44.319  -2.258 0.8000000119
31818  33.135  -43.808  -1.612 0.8000000119
122778  33.589  -43.651  -3.281 0.6999999881
30952  33.362  -44.355  -3.128 0.6999999881
31837  33.896  -43.203  -3.872 0.8999999762
33768  33.624  -41.696  -3.251 0.8000000119
34557  33.245  -40.174  -3.156 0.8000000119
36423  32.946  -38.779  -3.089 0.8000000119
32852  34.041  -42.615  -4.741 0.8999999762
33769  33.510  -41.095  -3.731 0.8000000119
35527  32.808  -39.440  -3.534 0.8000000119
33780  33.756  -41.809  -4.224 0.8999999762
35539  32.401  -39.047  -4.087 0.8999999762
36432  32.570  -38.576  -3.626 0.8000000119
33781  33.537  -41.139  -4.646 0.8999999762
34582  33.139  -40.456  -5.032 1.0000000000
109274  34.368  -42.701  -6.931 1.0000000000
31865  34.519  -43.276  -7.564 1.0000000000
34595  32.798  -40.668  -7.226 1.0000000000
33799  30.368  -41.892  -8.586 1.0000000000
35555  32.273  -39.191  -6.949 1.0000000000
34596  32.500  -40.038  -7.925 1.0000000000
36470  32.007  -38.535  -7.365 1.0000000000
36484  31.618  -38.573  -8.449 1.0000000000
118730  30.896  -38.688  -8.870 1.0000000000
31787  37.651  -43.046  1.477 0.6999999881
32796  37.482  -42.383  1.646 0.6999999881
32797  36.754  -42.339  1.998 0.6999999881
33707  35.872  -42.296  2.159 0.6999999881
32786  35.133  -42.333  2.107 0.6999999881
124923  37.959  -43.344  1.120 0.6000000238
32798  34.580  -42.131  1.654 0.6999999881
30912  38.031  -44.164  0.613 0.5000000000
32799  33.939  -42.608  0.995 0.6999999881
129390  33.917  -42.195  0.516 0.8000000119
110351  33.632  -42.624  0.132 0.6999999881
125351  33.354  -43.011  -1.254 0.6999999881
31808  33.423  -42.981  -0.520 0.6999999881
32821  33.474  -42.332  -1.775 0.6999999881
31817  33.393  -43.057  -2.140 0.6999999881
31824  33.588  -43.071  -3.030 0.6999999881
32829  33.574  -42.368  -2.687 0.6999999881
35519  33.257  -39.460  -2.801 0.8000000119
36422  33.562  -38.666  -2.593 0.8000000119
37310  33.720  -37.857  -2.847 0.8000000119
37324  33.208  -37.549  -3.561 0.8000000119
117254  32.713  -39.712  -4.453 1.0000000000
36445  32.260  -38.427  -4.338 0.8999999762
37342  32.799  -37.271  -4.347 0.8000000119
37343  32.247  -37.743  -4.800 1.0000000000
38216  32.548  -37.085  -5.221 0.8000000119
33787  33.442  -41.185  -5.651 1.0000000000
35547  32.661  -39.782  -5.433 1.0000000000
34590  33.000  -40.526  -6.078 1.0000000000
35554  32.621  -39.850  -6.504 1.0000000000
37370  31.883  -37.493  -7.628 1.0000000000
34604  29.928  -41.031  -8.584 1.0000000000
32874  30.351  -42.640  -8.253 1.0000000000
38253  31.695  -37.065  -8.385 1.0000000000
37378  31.316  -37.861  -8.451 1.0000000000
37383  31.129  -37.288  -8.727 1.0000000000
34611  30.759  -40.101  -9.124 1.0000000000
39108  31.018  -35.931  -9.537 1.0000000000
33717  37.895  -41.524  1.477 0.6999999881
33718  37.160  -41.743  1.787 0.6999999881
109845  35.669  -40.954  1.718 0.6000000238
125302  34.888  -41.101  1.364 0.6000000238
120553  34.408  -41.007  0.461 0.6999999881
108947  34.110  -40.977  -0.431 0.6999999881
32809  33.899  -41.756  0.017 0.6999999881
126326  33.776  -41.526  -0.794 0.6999999881
33748  33.618  -41.627  -1.495 0.6999999881
36414  34.191  -38.949  -1.888 0.8000000119
33756  33.560  -41.646  -2.337 0.6999999881
34556  33.526  -40.234  -2.461 0.8000000119
37323  34.134  -37.355  -3.355 0.8000000119
38208  33.694  -37.005  -4.133 0.8000000119
38227  33.764  -36.399  -5.734 0.8000000119
38228  32.897  -36.633  -5.873 0.8000000119
38240  33.373  -36.190  -6.595 0.8000000119
36457  32.062  -38.514  -6.189 1.0000000000
38241  32.561  -36.599  -6.894 1.0000000000
39094  33.628  -35.523  -8.134 0.6999999881
38230  32.153  -37.118  -6.908 1.0000000000
38251  33.064  -36.024  -7.530 0.8999999762
38252  32.368  -36.524  -8.003 1.0000000000
38268  32.040  -36.436  -8.853 1.0000000000
39119  32.114  -35.310  -10.064 1.0000000000
33800  29.285  -41.598  -7.865 1.0000000000
39107  31.676  -35.952  -9.435 1.0000000000
39120  31.134  -35.162  -10.054 1.0000000000
115615  30.199  -38.420  -8.693 1.0000000000
35574  30.165  -39.749  -8.868 1.0000000000
34612  29.655  -40.340  -8.571 1.0000000000
37384  30.605  -37.713  -8.714 1.0000000000
33719  36.341  -41.465  1.930 0.6999999881
35484  34.990  -39.747  0.173 0.6000000238
34532  34.535  -40.294  -0.073 0.6999999881
34546  33.840  -40.960  -1.243 0.6999999881
34533  34.202  -40.297  -0.928 0.6999999881
118223  33.851  -40.293  -1.719 0.6999999881
35509  34.211  -39.639  -1.438 0.8000000119
36421  34.274  -38.203  -2.191 0.6999999881
38207  34.704  -36.991  -3.997 0.6999999881
124390  34.588  -36.331  -5.784 0.6999999881
39075  34.760  -35.629  -7.061 0.6999999881
39093  34.377  -35.422  -7.765 0.6999999881
39974  34.170  -34.582  -10.053 0.8000000119
39104  34.473  -34.986  -8.749 0.6999999881
39105  33.178  -35.301  -9.395 0.8999999762
39106  32.320  -35.852  -9.260 1.0000000000
39988  32.943  -34.528  -10.828 1.0000000000
34605  28.839  -40.391  -7.914 1.0000000000
39989  31.441  -34.120  -10.980 1.0000000000
37385  29.668  -37.749  -8.536 1.0000000000
38270  30.353  -36.210  -9.263 1.0000000000
34511  37.371  -40.189  1.518 0.6000000238
35470  36.841  -39.656  1.327 0.6000000238
35471  36.129  -39.774  1.283 0.6000000238
35482  36.399  -39.174  0.918 0.6000000238
35483  35.576  -39.553  0.740 0.6000000238
36389  35.986  -38.765  0.288 0.6000000238
35493  35.281  -39.118  -0.086 0.6000000238
36398  35.010  -38.795  -0.846 0.6000000238
35508  34.543  -39.089  -1.259 0.6000000238
37291  35.053  -37.882  -1.870 0.6999999881
108512  35.082  -37.239  -3.159 0.6999999881
37341  35.416  -36.824  -4.678 0.6999999881
38226  35.288  -36.512  -5.507 0.6999999881
39074  35.635  -35.784  -7.110 0.6999999881
39092  35.271  -35.368  -7.972 0.6999999881
39943  42.502  -34.650  -6.208 0.3000000119
39973  35.269  -34.576  -9.898 0.6999999881
40990  43.206  -33.183  -5.866 0.3000000119
39987  35.075  -34.173  -11.077 0.8000000119
32854  29.655  -42.369  -4.467 0.8999999762
40001  33.394  -33.695  -12.007 1.0000000000
33788  29.363  -41.698  -5.682 1.0000000000
34597  28.695  -40.987  -7.267 1.0000000000
41058  31.692  -33.031  -11.841 1.0000000000
39991  29.871  -33.805  -9.576 1.0000000000
39990  30.302  -34.021  -10.243 1.0000000000
109787  29.970  -36.914  -8.782 1.0000000000
36497  29.386  -38.670  -8.327 1.0000000000
38282  29.726  -35.333  -9.325 1.0000000000
35469  37.626  -39.458  1.196 0.6000000238
36380  37.115  -39.038  1.004 0.6000000238
37260  37.596  -37.933  0.127 0.6000000238
37261  36.996  -37.904  -0.131 0.6000000238
37288  37.896  -37.423  -1.057 0.6000000238
37307  37.352  -37.368  -1.732 0.6999999881
37289  36.477  -37.513  -1.532 0.6999999881
37271  36.030  -37.868  -0.922 0.6000000238
37290  35.717  -37.717  -1.544 0.6999999881
36467  40.272  -38.352  -6.943 0.3000000119
36482  39.381  -38.733  -7.607 0.3000000119
37308  35.656  -37.473  -2.295 0.6999999881
37322  35.616  -37.112  -3.809 0.6999999881
123116  35.853  -36.493  -6.039 0.6999999881
39070  42.095  -35.261  -6.773 0.3000000119
39944  41.717  -34.898  -6.138 0.4000000060
40991  42.825  -33.522  -5.378 0.4000000060
39927  42.345  -34.171  -5.395 0.4000000060
117817  29.825  -43.068  -4.336 0.6999999881
121372  29.287  -42.515  -3.792 0.6999999881
44676  41.419  -29.969  -4.271 0.3000000119
42010  42.923  -32.814  -5.206 0.3000000119
39999  35.922  -33.725  -11.929 0.6999999881
34583  29.125  -41.052  -4.883 0.8999999762
44693  41.191  -29.852  -5.243 0.3000000119
114203  42.839  -32.018  -5.208 0.3000000119
40000  34.679  -33.702  -12.138 0.8000000119
34591  28.856  -41.027  -6.057 0.8999999762
42918  42.396  -31.508  -4.592 0.3000000119
41997  42.544  -32.434  -4.523 0.3000000119
41056  33.790  -33.009  -12.589 0.8000000119
42047  32.232  -31.886  -12.279 1.0000000000
35562  28.541  -39.721  -7.666 1.0000000000
41047  31.201  -32.540  -10.906 1.0000000000
109378  28.939  -36.778  -8.414 1.0000000000
37386  28.826  -37.842  -8.055 1.0000000000
38271  29.366  -35.954  -8.951 1.0000000000
41038  29.859  -33.677  -9.303 1.0000000000
39109  29.100  -34.893  -8.921 1.0000000000
39975  29.645  -33.752  -8.980 1.0000000000
125575  38.385  -37.225  -2.393 0.6999999881
37306  37.679  -37.279  -2.427 0.6999999881
37367  40.240  -37.886  -6.185 0.3000000119
37368  39.653  -37.807  -5.978 0.4000000060
110468  36.682  -37.314  -2.512 0.6999999881
37321  36.464  -37.247  -3.546 0.6999999881
37340  36.260  -37.137  -4.477 0.6999999881
36469  38.704  -38.354  -7.111 0.4000000060
38225  36.182  -36.884  -5.436 0.6999999881
36495  38.314  -38.777  -9.433 0.3000000119
36483  38.416  -38.585  -8.229 0.5000000000
38237  36.507  -36.769  -6.492 0.6999999881
39073  36.326  -36.155  -7.305 0.6999999881
116653  37.976  -38.057  -8.939 0.5000000000
39091  36.051  -35.652  -7.848 0.6999999881
38264  39.540  -36.102  -9.509 0.4000000060
39115  38.679  -35.924  -9.992 0.6000000238
39100  39.374  -35.485  -9.008 0.5000000000
110276  36.180  -35.220  -8.762 0.6999999881
39099  40.153  -35.747  -8.513 0.3000000119
39103  35.515  -34.847  -8.976 0.6999999881
42901  40.721  -31.861  -1.942 0.4000000060
39945  40.817  -34.906  -6.099 0.4000000060
129826  36.018  -34.178  -10.955 0.6999999881
120974  28.531  -41.038  -3.634 0.6999999881
43778  41.382  -30.658  -2.603 0.4000000060
128011  42.047  -34.593  -5.751 0.4000000060
39928  41.490  -34.563  -5.411 0.4000000060
33771  28.750  -41.784  -3.589 0.6000000238
44677  40.765  -29.279  -4.734 0.3000000119
43789  41.756  -30.656  -3.538 0.3000000119
44662  41.333  -29.897  -3.252 0.4000000060
40971  42.362  -33.426  -4.704 0.4000000060
39913  41.029  -34.311  -4.666 0.4000000060
41054  35.962  -33.103  -12.121 0.6999999881
39998  36.446  -33.489  -11.429 0.6999999881
34571  29.131  -41.271  -4.031 0.6999999881
42910  41.723  -31.571  -3.081 0.4000000060
40972  41.546  -33.737  -4.215 0.4000000060
40973  40.681  -33.956  -3.997 0.4000000060
41063  35.247  -32.577  -12.252 0.8000000119
43798  41.949  -30.754  -4.384 0.3000000119
41986  42.161  -32.049  -3.805 0.3000000119
122894  41.218  -33.363  -3.528 0.4000000060
42045  34.353  -31.884  -12.133 0.8000000119
34606  28.443  -40.245  -7.254 1.0000000000
42036  33.384  -31.672  -11.587 0.8999999762
116898  31.858  -31.918  -11.115 1.0000000000
41037  30.036  -33.507  -9.257 1.0000000000
41048  30.448  -33.380  -9.951 1.0000000000
41036  30.729  -33.098  -9.755 1.0000000000
39977  29.078  -34.587  -8.481 1.0000000000
109148  28.602  -35.650  -8.458 1.0000000000
39965  29.325  -34.221  -8.390 1.0000000000
39966  28.531  -34.717  -7.802 1.0000000000
126137  38.181  -37.278  -1.792 0.6000000238
108836  38.915  -37.190  -2.838 0.6000000238
37320  38.117  -37.255  -3.031 0.6000000238
108832  37.833  -37.357  -3.752 0.6999999881
37356  39.350  -37.633  -5.306 0.5000000000
37338  38.958  -37.461  -4.511 0.6000000238
108931  37.160  -37.355  -4.270 0.6999999881
113530  38.973  -37.954  -6.192 0.5000000000
109110  36.788  -37.297  -5.078 0.6999999881
37369  38.185  -37.990  -6.578 0.6000000238
37359  36.942  -37.348  -5.881 0.6999999881
124043  37.939  -38.059  -7.684 0.6000000238
38265  37.821  -37.191  -9.607 0.6000000238
38250  36.760  -35.908  -8.484 0.6999999881
39102  36.911  -35.285  -9.521 0.6999999881
38280  38.131  -36.709  -10.334 0.5000000000
39101  38.640  -35.223  -9.559 0.6000000238
39117  37.787  -35.303  -10.076 0.6000000238
41956  40.041  -32.195  -1.556 0.4000000060
39072  40.327  -34.995  -6.969 0.4000000060
39090  39.855  -35.235  -7.896 0.4000000060
39960  39.152  -34.847  -8.391 0.5000000000
39983  38.067  -34.916  -9.881 0.6000000238
39972  36.510  -34.601  -10.130 0.6999999881
42885  40.295  -31.417  -1.374 0.4000000060
39946  39.524  -34.621  -7.316 0.5000000000
39985  37.053  -33.974  -10.563 0.6999999881
42900  41.229  -31.495  -2.386 0.4000000060
41973  39.616  -32.806  -1.993 0.5000000000
109359  39.795  -34.535  -6.266 0.4000000060
39929  40.443  -34.542  -5.381 0.4000000060
34584  28.792  -40.570  -4.157 0.8999999762
43788  42.059  -31.296  -3.851 0.4000000060
42044  35.446  -32.263  -11.714 0.6999999881
122885  35.869  -32.672  -12.023 0.6999999881
40954  41.567  -32.548  -3.256 0.4000000060
34598  28.431  -40.273  -6.396 0.8999999762
41046  32.531  -31.882  -10.820 0.8999999762
35556  28.172  -39.490  -6.759 0.8999999762
36471  28.389  -38.990  -7.387 1.0000000000
41035  31.772  -32.546  -9.932 1.0000000000
36486  28.688  -38.574  -7.825 1.0000000000
41022  30.597  -33.514  -8.650 1.0000000000
38254  28.223  -36.221  -8.059 1.0000000000
37379  28.215  -37.068  -7.752 1.0000000000
108174  30.390  -33.959  -7.872 1.0000000000
39052  30.261  -35.110  -4.609 0.8999999762
39078  30.270  -35.001  -6.195 1.0000000000
39952  29.803  -34.379  -7.465 1.0000000000
39080  28.340  -34.917  -6.755 1.0000000000
38272  28.062  -35.595  -7.926 1.0000000000
39063  29.790  -35.259  -5.407 1.0000000000
39064  28.826  -35.121  -5.549 1.0000000000
39053  29.378  -35.103  -4.750 1.0000000000
39054  28.514  -34.974  -4.851 0.8999999762
37357  38.371  -37.676  -5.493 0.6000000238
37358  37.473  -37.489  -5.259 0.6999999881
113577  37.675  -37.759  -6.958 0.6999999881
121219  37.216  -37.339  -6.767 0.6999999881
123759  37.640  -37.552  -8.539 0.6000000238
37377  37.446  -37.443  -7.685 0.6000000238
111660  36.956  -36.752  -7.560 0.6999999881
38266  37.348  -36.703  -8.843 0.6999999881
38267  37.434  -35.708  -9.627 0.6000000238
39118  37.397  -34.828  -9.941 0.6000000238
43752  39.863  -30.968  -0.816 0.3000000119
38281  37.807  -36.203  -10.002 0.6000000238
39116  38.102  -35.674  -10.204 0.6000000238
39984  37.574  -34.543  -9.961 0.6000000238
41957  39.219  -32.348  -1.341 0.4000000060
41949  38.820  -31.927  -0.747 0.4000000060
39970  38.482  -34.548  -8.907 0.6000000238
39971  37.947  -34.187  -9.371 0.6000000238
39961  38.729  -34.138  -7.737 0.5000000000
39930  38.966  -33.926  -6.112 0.4000000060
41044  37.413  -33.665  -9.747 0.6000000238
40944  39.075  -33.268  -2.571 0.5000000000
118568  39.227  -33.927  -4.740 0.4000000060
121948  39.540  -34.209  -5.410 0.4000000060
41045  36.965  -33.200  -10.664 0.6000000238
121523  39.428  -33.592  -3.287 0.5000000000
126959  40.358  -33.600  -3.317 0.4000000060
42028  35.768  -32.473  -9.439 0.6000000238
112583  38.843  -33.695  -4.092 0.4000000060
34592  28.735  -40.277  -5.102 0.8999999762
42030  33.729  -32.091  -10.304 0.8999999762
42035  34.600  -31.912  -11.120 0.8000000119
35550  27.734  -38.744  -6.089 0.8999999762
36472  27.561  -38.050  -6.621 0.8999999762
37380  27.547  -37.206  -7.115 0.8999999762
35557  27.968  -38.694  -6.861 0.8999999762
114500  31.278  -33.182  -9.039 1.0000000000
39951  30.894  -34.498  -6.910 1.0000000000
39096  28.075  -35.199  -7.612 1.0000000000
39967  27.890  -35.017  -7.130 0.8999999762
110332  29.020  -34.601  -4.325 1.0000000000
39921  28.339  -34.475  -4.467 1.0000000000
39935  27.828  -35.033  -5.722 0.8999999762
40965  28.862  -33.301  -3.650 1.0000000000
40966  27.996  -33.259  -3.860 0.8999999762
130282  40.192  -29.449  -0.725 0.3000000119
43753  39.418  -30.589  -0.337 0.3000000119
41950  38.008  -32.005  -0.606 0.3000000119
41958  38.354  -32.421  -1.201 0.5000000000
41975  37.791  -32.832  -1.812 0.4000000060
41015  38.001  -33.607  -7.675 0.5000000000
41006  38.419  -33.674  -6.839 0.5000000000
111252  37.216  -33.302  -8.716 0.5000000000
41974  38.710  -32.867  -1.874 0.5000000000
40993  38.112  -33.468  -5.928 0.5000000000
41007  37.606  -33.386  -6.825 0.5000000000
40945  38.101  -33.222  -2.561 0.5000000000
114796  38.382  -33.588  -4.962 0.5000000000
42027  36.487  -32.655  -10.222 0.6000000238
40957  38.453  -33.478  -3.359 0.5000000000
40975  37.031  -33.339  -4.527 0.5000000000
40995  36.747  -33.299  -5.370 0.5000000000
41033  34.969  -32.678  -8.462 0.6000000238
128282  33.001  -32.422  -9.662 0.8999999762
125015  32.081  -33.247  -8.603 0.8999999762
41021  31.593  -33.643  -8.088 0.8999999762
39062  30.691  -35.230  -5.302 0.8999999762
39077  31.084  -35.021  -5.995 0.8999999762
39081  27.546  -35.372  -7.048 0.8999999762
38255  27.642  -36.227  -7.512 0.8999999762
128450  27.791  -35.060  -6.612 0.8999999762
39920  29.848  -34.707  -4.116 0.8000000119
40964  29.639  -33.451  -3.515 0.6999999881
39954  27.291  -35.156  -6.404 0.8999999762
108990  27.716  -34.651  -4.827 0.8999999762
39936  26.983  -34.749  -5.415 0.8999999762
44623  39.834  -29.250  -0.279 0.3000000119
43754  38.856  -30.788  -0.056 0.3000000119
43745  38.129  -30.750  0.202 0.4000000060
112655  38.117  -29.981  0.459 0.3000000119
42875  37.679  -31.418  -0.202 0.3000000119
42869  37.410  -30.898  0.087 0.4000000060
41959  37.488  -32.384  -1.153 0.4000000060
41030  37.706  -33.624  -8.623 0.6000000238
40946  37.192  -33.129  -2.477 0.5000000000
130378  36.639  -33.330  -3.011 0.4000000060
40994  37.192  -33.282  -6.039 0.5000000000
41031  36.853  -32.953  -9.407 0.5000000000
40976  36.249  -33.369  -4.735 0.5000000000
114305  37.531  -33.356  -5.217 0.5000000000
41017  36.546  -33.097  -7.996 0.5000000000
127666  36.531  -33.277  -6.030 0.5000000000
41032  36.042  -32.729  -8.651 0.5000000000
40996  36.051  -33.342  -5.550 0.5000000000
41018  35.586  -32.988  -7.666 0.5000000000
40997  35.280  -33.492  -5.819 0.5000000000
41019  34.627  -33.177  -7.349 0.6000000238
109433  34.078  -32.967  -8.107 0.6000000238
39948  33.874  -33.917  -6.161 0.6999999881
41020  33.668  -33.383  -7.502 0.6999999881
108327  33.050  -33.024  -8.577 0.6999999881
39949  33.364  -33.880  -6.789 0.6999999881
39950  32.565  -34.306  -6.582 0.8000000119
39962  32.623  -33.707  -7.578 0.8000000119
38256  27.156  -35.811  -7.007 0.8999999762
39934  31.768  -34.678  -6.259 0.8999999762
113714  31.798  -34.237  -7.187 0.8999999762
39919  30.726  -34.785  -3.935 0.6999999881
39922  26.986  -34.076  -4.672 0.8999999762
41990  28.292  -32.573  -3.637 1.0000000000
44615  37.615  -29.323  0.554 0.3000000119
43747  36.846  -30.583  0.101 0.4000000060
45498  36.843  -28.911  0.451 0.3000000119
41960  36.678  -32.256  -1.183 0.4000000060
43755  36.334  -30.844  -0.251 0.3000000119
40947  36.341  -33.088  -2.382 0.4000000060
42886  36.547  -31.777  -0.771 0.4000000060
42877  36.084  -31.342  -0.634 0.4000000060
126825  36.468  -33.386  -3.829 0.4000000060
41977  36.067  -32.659  -1.754 0.4000000060
41961  35.220  -32.554  -1.780 0.4000000060
121016  35.674  -33.531  -3.999 0.4000000060
123163  35.103  -33.650  -3.391 0.4000000060
123216  34.858  -33.773  -5.017 0.5000000000
40977  35.513  -33.546  -4.891 0.5000000000
39916  33.291  -34.549  -4.219 0.6000000238
39933  32.497  -34.688  -5.534 0.8000000119
39051  31.132  -35.086  -4.514 0.6999999881
40963  30.369  -33.288  -3.352 0.6999999881
40979  27.788  -33.941  -4.324 0.8999999762
40980  27.054  -33.179  -4.165 0.8999999762
42914  28.564  -31.833  -3.597 0.8999999762
123231  27.931  -31.929  -3.676 0.8000000119
41991  27.519  -32.466  -3.788 0.8000000119
42919  28.086  -31.224  -3.902 0.6999999881
44682  28.626  -29.943  -4.734 0.8000000119
108294  36.366  -28.393  0.379 0.3000000119
113567  36.062  -29.284  0.099 0.3000000119
43756  35.705  -30.641  -0.532 0.3000000119
44624  35.550  -29.860  -0.434 0.4000000060
122174  34.999  -31.955  -1.419 0.4000000060
42878  35.237  -31.211  -1.042 0.4000000060
41962  34.352  -32.282  -1.859 0.5000000000
40948  34.927  -33.498  -2.799 0.5000000000
40949  34.139  -33.535  -2.732 0.5000000000
41979  33.869  -32.929  -2.312 0.5000000000
40960  34.395  -33.854  -3.273 0.5000000000
40950  33.350  -33.445  -2.708 0.5000000000
39903  33.027  -34.376  -3.572 0.6000000238
39050  32.002  -34.946  -4.556 0.6999999881
39904  32.159  -34.349  -3.513 0.6999999881
130474  30.969  -33.778  -3.325 0.6999999881
41988  30.549  -32.414  -3.329 0.6999999881
41989  29.732  -32.602  -3.413 0.6999999881
42912  30.878  -31.577  -3.417 0.6999999881
119846  29.301  -31.750  -3.561 0.8000000119
43793  29.689  -30.925  -3.843 0.6999999881
125207  36.869  -28.353  0.515 0.3000000119
118325  35.920  -27.556  0.337 0.3000000119
46362  35.645  -28.535  -0.094 0.4000000060
44625  35.049  -29.522  -0.871 0.4000000060
43765  34.642  -30.681  -1.272 0.4000000060
42888  34.481  -31.396  -1.490 0.4000000060
43766  34.043  -30.639  -1.639 0.3000000119
42902  33.746  -31.470  -1.884 0.5000000000
114958  33.123  -32.659  -2.425 0.6000000238
109975  33.344  -30.582  -2.233 0.3000000119
42903  32.975  -31.675  -2.365 0.5000000000
43779  32.552  -30.874  -2.745 0.4000000060
40962  32.765  -33.938  -3.093 0.6999999881
41980  32.552  -33.165  -2.758 0.6999999881
41981  31.819  -32.564  -2.943 0.6000000238
41987  31.804  -33.681  -3.133 0.6999999881
39905  31.259  -34.320  -3.522 0.6999999881
123180  31.105  -33.035  -3.193 0.6999999881
42911  31.547  -31.630  -3.159 0.6000000238
46363  35.135  -27.882  -0.617 0.3000000119
115169  34.716  -29.139  -1.287 0.3000000119
44635  33.875  -29.949  -1.851 0.3000000119
45512  34.701  -28.469  -1.437 0.3000000119
44647  34.240  -29.135  -1.911 0.3000000119
45521  33.963  -28.802  -2.804 0.3000000119
44648  33.594  -29.616  -2.462 0.3000000119
43780  31.963  -31.051  -3.120 0.5000000000
44649  32.920  -30.045  -2.916 0.5000000000
44664  33.357  -29.272  -3.269 0.5000000000
43790  32.231  -30.404  -3.341 0.6000000238
43791  31.426  -30.786  -3.554 0.6000000238
111646  35.839  -25.510  0.553 0.4000000060
47253  35.158  -26.090  0.222 0.3000000119
46356  35.267  -26.926  -0.013 0.3000000119
47257  34.850  -26.438  -0.374 0.3000000119
113608  34.861  -27.055  -0.930 0.3000000119
121051  34.681  -27.006  -1.717 0.3000000119
46371  34.713  -27.693  -1.620 0.3000000119
46381  34.489  -27.425  -2.530 0.3000000119
46397  34.196  -27.500  -3.430 0.3000000119
45541  33.727  -28.483  -3.618 0.4000000060
129486  34.012  -27.981  -3.578 0.4000000060
44666  31.902  -29.986  -3.990 0.6000000238
45542  33.113  -28.996  -4.026 0.4000000060
45559  33.383  -28.385  -4.281 0.4000000060
44678  32.384  -29.306  -4.360 0.5000000000
43800  31.063  -30.171  -4.194 0.6000000238
44697  29.351  -29.190  -5.333 0.6999999881
44683  27.941  -29.982  -4.813 0.8000000119
49085  35.363  -24.650  0.510 0.4000000060
48142  34.946  -25.281  0.271 0.3000000119
48154  34.418  -24.995  -0.253 0.3000000119
48176  34.437  -25.718  -1.806 0.3000000119
47274  34.546  -26.522  -2.186 0.3000000119
47286  34.413  -26.730  -3.112 0.4000000060
47287  34.108  -26.879  -4.041 0.4000000060
46415  33.283  -27.915  -4.885 0.4000000060
45561  32.037  -28.887  -4.986 0.4000000060
44679  31.562  -29.496  -4.587 0.5000000000
45569  32.485  -28.235  -5.302 0.4000000060
43801  30.169  -30.226  -4.305 0.6000000238
44695  31.181  -28.990  -5.136 0.4000000060
116046  29.799  -29.627  -4.826 0.6999999881
44696  30.301  -28.965  -5.357 0.4000000060
45571  30.600  -28.168  -6.060 0.4000000060
45572  29.576  -28.568  -5.855 0.5000000000
45573  28.854  -28.839  -5.714 0.6000000238
44698  28.501  -29.403  -5.269 0.6999999881
45574  28.068  -28.767  -5.954 0.6999999881
126922  35.330  -23.266  0.517 0.3000000119
49105  34.234  -24.353  -0.225 0.3000000119
48155  34.108  -24.573  -0.932 0.3000000119
48164  34.309  -25.053  -1.569 0.3000000119
48189  34.475  -25.906  -2.724 0.3000000119
48190  34.365  -26.050  -3.598 0.4000000060
47300  33.842  -26.644  -4.866 0.3000000119
109996  33.900  -25.921  -5.157 0.3000000119
46429  33.445  -27.173  -5.282 0.3000000119
47318  33.146  -27.003  -5.965 0.3000000119
45570  31.557  -28.389  -5.599 0.4000000060
46431  32.149  -27.821  -5.892 0.3000000119
47330  32.847  -26.850  -6.525 0.3000000119
45584  31.474  -27.849  -6.151 0.3000000119
110910  31.175  -27.388  -6.826 0.3000000119
46439  30.266  -27.630  -6.740 0.3000000119
46445  30.385  -27.249  -7.239 0.4000000060
45585  29.594  -27.970  -6.494 0.5000000000
45586  28.825  -28.350  -6.263 0.5000000000
110994  28.153  -28.185  -6.585 0.5000000000
49962  34.026  -23.137  -0.192 0.3000000119
49972  33.967  -23.825  -0.531 0.3000000119
49973  33.903  -23.845  -1.376 0.3000000119
112097  34.336  -24.492  -2.833 0.3000000119
127040  34.407  -25.263  -3.232 0.3000000119
115050  33.678  -25.836  -5.965 0.3000000119
47329  33.298  -26.412  -6.336 0.3000000119
48224  32.898  -26.436  -7.032 0.3000000119
47339  31.609  -26.824  -7.444 0.3000000119
46446  29.648  -27.423  -7.151 0.4000000060
119930  28.735  -27.721  -6.982 0.5000000000
46447  28.271  -27.323  -7.617 0.5000000000
46440  27.696  -27.763  -7.246 0.5000000000
50836  33.744  -22.347  -0.600 0.3000000119
123467  33.768  -23.159  -0.916 0.3000000119
116287  34.096  -23.802  -2.320 0.3000000119
114358  34.237  -23.756  -3.265 0.3000000119
116482  34.294  -24.602  -3.854 0.3000000119
126783  34.084  -25.264  -4.594 0.3000000119
112668  33.558  -25.062  -6.251 0.3000000119
48223  33.359  -25.808  -6.775 0.3000000119
115331  30.877  -26.891  -7.609 0.4000000060
47341  29.016  -27.136  -7.699 0.4000000060
47349  28.317  -26.862  -8.235 0.4000000060
47361  28.387  -26.385  -8.997 0.4000000060
46459  27.591  -27.193  -8.022 0.4000000060
117550  35.156  -21.043  0.306 0.3000000119
50825  34.186  -22.433  0.093 0.3000000119
117693  34.010  -23.078  -2.688 0.3000000119
117083  34.115  -23.682  -4.189 0.3000000119
49161  33.727  -24.304  -5.651 0.3000000119
49166  33.439  -24.213  -6.473 0.3000000119
47338  32.277  -26.394  -7.732 0.3000000119
125960  32.491  -25.869  -8.192 0.3000000119
111878  31.416  -26.493  -8.089 0.3000000119
123417  30.670  -26.557  -8.207 0.4000000060
47348  29.178  -26.619  -8.440 0.3000000119
51658  34.005  -21.053  -0.072 0.3000000119
51659  33.607  -21.452  -0.669 0.3000000119
110292  33.364  -20.858  -1.365 0.3000000119
51665  33.479  -21.852  -1.460 0.3000000119
50890  33.853  -22.337  -2.967 0.3000000119
115740  34.019  -22.967  -3.588 0.3000000119
114580  33.658  -22.195  -4.679 0.3000000119
50031  33.826  -23.569  -5.065 0.3000000119
50910  33.560  -22.701  -5.353 0.3000000119
48234  32.965  -25.880  -7.581 0.3000000119
118518  33.598  -20.752  -0.635 0.3000000119
116750  33.572  -21.903  -2.360 0.3000000119
112051  33.233  -20.583  -2.148 0.3000000119
51699  33.593  -21.555  -3.112 0.3000000119
50903  33.773  -22.124  -3.871 0.3000000119
50036  33.525  -23.497  -5.892 0.3000000119
49167  33.202  -24.070  -7.156 0.3000000119
112232  32.796  -25.262  -8.041 0.3000000119
53678  33.413  -19.316  -1.182 0.3000000119
53679  33.171  -19.185  -1.835 0.3000000119
52620  33.446  -21.022  -3.704 0.3000000119
52609  33.140  -20.054  -2.681 0.4000000060
51719  33.525  -21.476  -4.416 0.3000000119
51727  33.472  -21.825  -5.235 0.3000000119
50918  33.325  -22.840  -6.143 0.3000000119
118652  33.310  -20.597  -4.413 0.4000000060
53707  33.003  -19.420  -3.316 0.4000000060
51720  33.336  -21.055  -5.157 0.4000000060
53697  33.045  -19.330  -2.464 0.3000000119
54712  32.882  -18.590  -3.879 0.4000000060
30180  35.241  -45.484  -8.515 1.0000000000
30995  34.823  -43.941  -8.182 1.0000000000
29355  34.669  -46.572  -9.210 0.8999999762
129351  29.283  -32.995  -3.469 0.6999999881
43794  28.861  -31.034  -3.879 0.8000000119
43802  29.229  -30.265  -4.411 0.8000000119
21719  30.772  -54.703  3.803 0.6000000238
124660  30.400  -55.299  3.271 0.6000000238
23774  30.571  -52.953  2.163 0.6000000238
19883  33.097  -56.854  5.227 0.5000000000
19094  33.971  -56.880  4.885 0.5000000000
23749  32.709  -52.612  4.393 0.6000000238
25854  34.013  -51.198  -5.798 0.8999999762
24794  33.779  -51.270  3.871 0.5000000000
125504  35.284  -53.764  3.668 0.4000000060
23746  35.016  -53.055  3.921 0.5000000000
20800  35.054  -55.386  3.783 0.4000000060
26679  32.454  -50.054  -3.914 0.8999999762
28369  32.450  -47.354  1.784 0.6999999881
23772  35.914  -51.871  1.957 0.5000000000
122102  31.767  -47.237  -0.173 0.8000000119
20823  35.477  -55.540  2.976 0.4000000060
27542  31.624  -48.234  -2.251 0.8000000119
110793  32.577  -46.705  1.553 0.6999999881
26609  36.421  -49.533  1.104 0.4000000060
30158  33.453  -45.987  -4.355 0.8000000119
118394  34.663  -46.041  2.602 0.6000000238
28378  36.723  -47.752  1.129 0.4000000060
26618  36.481  -49.168  0.389 0.4000000060
30915  32.828  -44.724  -0.011 0.8000000119
30176  35.212  -45.235  -7.534 1.0000000000
29260  36.995  -46.913  0.935 0.5000000000
30996  33.819  -44.036  -8.627 1.0000000000
115490  31.412  -40.885  -9.064 1.0000000000
120008  31.770  -39.907  -8.992 1.0000000000
37361  32.018  -37.748  -6.596 1.0000000000
37344  32.032  -37.977  -5.618 1.0000000000
35548  32.245  -39.145  -5.790 1.0000000000
40002  32.319  -33.657  -11.676 1.0000000000
40003  31.000  -33.010  -10.970 1.0000000000
41065  32.832  -32.260  -12.525 1.0000000000
36396  36.367  -38.145  -0.222 0.6000000238
36412  35.350  -38.157  -1.188 0.6999999881
129854  39.739  -36.632  -9.806 0.4000000060
32860  29.696  -42.334  -5.320 1.0000000000
39089  40.676  -35.512  -7.579 0.4000000060
39964  29.841  -33.787  -8.561 1.0000000000
37394  38.148  -37.990  -10.112 0.4000000060
38279  38.869  -36.651  -10.226 0.5000000000
41972  40.433  -32.607  -2.227 0.4000000060
40955  40.852  -33.019  -2.846 0.4000000060
39953  28.977  -34.601  -7.500 1.0000000000
39947  39.112  -34.124  -6.837 0.5000000000
40958  37.396  -33.365  -3.441 0.5000000000
41008  36.731  -33.238  -6.850 0.5000000000
41009  35.364  -33.265  -6.769 0.5000000000
41011  34.052  -33.551  -6.829 0.6000000238
39915  34.141  -34.188  -4.616 0.5000000000
39932  33.459  -34.388  -5.221 0.5000000000
41978  34.668  -33.039  -2.291 0.5000000000
42913  30.112  -31.676  -3.543 0.6999999881
43792  30.540  -30.856  -3.758 0.6999999881
44680  30.684  -29.573  -4.742 0.6000000238
127795  34.304  -25.446  -3.949 0.3000000119
21775  31.707  -54.401  -3.291 0.5000000000
22755  31.911  -53.706  -3.593 0.5000000000
23826  32.524  -52.367  -4.253 0.5000000000
19162  31.881  -57.257  -2.302 0.5000000000
20868  31.595  -55.103  -3.055 0.5000000000
19155  31.661  -57.491  -1.390 0.5000000000
19958  31.179  -56.039  -2.095 0.5000000000
20864  31.539  -55.833  -2.911 0.5000000000
19148  31.365  -57.366  -0.554 0.5000000000
109143  31.099  -57.132  0.194 0.4000000060
20851  30.875  -55.664  -0.588 0.5000000000
19937  30.758  -56.878  0.932 0.4000000060
114484  30.950  -56.254  0.258 0.5000000000
19930  30.388  -56.603  1.675 0.5000000000
124573  30.758  -55.261  0.417 0.5000000000
29346  30.292  -46.374  -5.730 0.6999999881
115627  29.728  -46.853  -5.142 0.6999999881
29351  30.522  -46.784  -6.478 0.8000000119
29350  30.905  -46.428  -7.294 0.8000000119
28460  30.791  -47.302  -7.314 0.8000000119
29353  31.534  -46.649  -8.123 0.8999999762
29331  29.970  -46.031  -4.945 0.6999999881
30174  30.666  -45.175  -6.358 0.8999999762
30178  30.943  -45.182  -7.156 0.8999999762
30997  31.675  -44.742  -8.050 0.8999999762
30159  30.252  -45.184  -4.881 0.6000000238
31873  31.557  -43.897  -8.375 0.8999999762
35479  39.901  -38.859  0.035 0.5000000000
116758  38.700  -39.890  0.951 0.5000000000
35481  38.395  -39.291  0.930 0.5000000000
33731  39.167  -41.079  0.549 0.6000000238
34523  38.531  -40.706  1.116 0.5000000000
35468  38.124  -40.018  1.314 0.5000000000
33732  38.606  -41.656  0.898 0.6000000238
31849  29.966  -43.884  -4.277 0.6000000238
30967  30.364  -44.371  -4.949 0.8999999762
30982  30.521  -44.823  -5.705 0.8999999762
30981  30.676  -44.488  -6.957 0.8999999762
31866  30.582  -43.733  -7.548 0.8999999762
37267  39.372  -37.622  -0.688 0.5000000000
37268  38.671  -37.633  -0.431 0.5000000000
37266  40.167  -37.647  -0.968 0.5000000000
36386  38.732  -38.542  0.509 0.5000000000
37259  38.351  -37.946  0.181 0.5000000000
36411  40.938  -37.835  -1.311 0.5000000000
32853  29.930  -42.845  -5.005 0.8999999762
113669  30.425  -44.193  -5.802 0.8999999762
31858  30.301  -43.712  -6.452 0.8999999762
32866  29.981  -43.140  -7.327 0.8999999762
32875  29.620  -42.337  -7.629 0.8999999762
37286  39.634  -37.337  -1.506 0.5000000000
130151  38.343  -37.506  -0.753 0.5000000000
37285  40.521  -37.394  -1.816 0.5000000000
37284  41.356  -37.576  -2.008 0.5000000000
32859  29.976  -43.014  -5.926 0.8999999762
32867  29.554  -42.445  -6.458 0.8999999762
33794  29.005  -41.798  -6.889 0.8999999762
108838  38.984  -37.153  -1.999 0.5000000000
108837  39.892  -37.159  -2.521 0.5000000000
108834  39.465  -37.252  -3.580 0.5000000000
108835  40.457  -37.225  -3.545 0.5000000000
37337  39.909  -37.368  -4.457 0.4000000060
34572  28.277  -40.400  -3.693 0.6000000238
36433  27.121  -39.207  -3.807 0.6000000238
35541  28.372  -39.829  -4.242 0.8000000119
36447  26.988  -38.698  -4.324 0.6999999881
36448  26.209  -38.323  -4.341 0.6999999881
36449  25.357  -37.853  -4.375 0.6999999881
38217  24.872  -37.115  -4.720 0.6999999881
118865  27.462  -38.683  -5.131 0.8000000119
35549  28.159  -39.428  -5.381 0.8000000119
36458  26.734  -38.119  -5.117 0.6999999881
37346  25.630  -37.161  -5.112 0.6999999881
38232  25.133  -36.458  -5.301 0.6999999881
38233  24.591  -35.814  -5.413 0.6999999881
124992  26.488  -36.668  -6.231 0.8000000119
38231  25.862  -36.511  -5.791 0.8000000119
37371  26.968  -37.370  -6.319 0.8000000119
39065  24.823  -35.132  -5.603 0.6999999881
38245  25.412  -35.746  -5.747 0.6999999881
39083  25.770  -35.199  -5.802 0.8000000119
38243  27.002  -36.451  -6.818 0.8000000119
39938  25.031  -34.542  -5.470 0.6999999881
39956  25.713  -34.577  -5.462 0.8000000119
111087  25.591  -33.119  -4.570 0.6000000238
39082  26.818  -35.462  -6.397 0.8000000119
39955  26.392  -34.930  -5.821 0.8000000119
42000  26.142  -32.726  -4.277 0.6000000238
42001  25.246  -32.343  -4.395 0.6000000238
42921  25.470  -31.469  -4.321 0.6000000238
40981  26.256  -33.544  -4.595 0.8000000119
121147  25.956  -32.060  -4.074 0.6000000238
39937  26.252  -34.337  -5.083 0.8000000119
43805  25.945  -30.618  -4.640 0.6000000238
41999  26.686  -32.248  -3.938 0.6999999881
122833  26.794  -30.837  -4.270 0.6000000238
44699  27.579  -29.429  -5.422 0.6999999881
43822  26.095  -29.762  -5.411 0.6000000238
43821  26.968  -30.100  -4.917 0.6000000238
44715  27.147  -28.937  -6.034 0.6000000238
42915  27.255  -31.517  -3.873 0.6999999881
43804  27.569  -30.654  -4.301 0.6999999881
19133  29.771  -57.920  2.030 0.4000000060
19132  30.304  -57.442  1.502 0.5000000000
111498  30.667  -56.026  1.072 0.5000000000
19954  31.116  -56.233  -1.271 0.5000000000
20857  30.900  -55.487  -1.515 0.5000000000
109022  40.963  -37.329  -4.521 0.3000000119
124200  27.208  -38.133  -5.830 0.8000000119
19953  31.450  -56.729  -1.794 0.5000000000
19944  31.162  -56.583  -0.504 0.5000000000
34521  39.860  -39.762  0.186 0.5000000000
37362  26.361  -37.346  -5.610 0.8000000119
38244  26.358  -35.894  -6.325 0.8000000119
40999  24.533  -33.878  -5.280 0.6999999881
40998  25.451  -33.874  -5.005 0.6999999881
30110  37.673  -45.833  -0.131 0.4000000060
30118  38.379  -45.490  -1.574 0.4000000060
30919  38.359  -44.432  -0.460 0.4000000060
30927  38.565  -44.677  -1.340 0.4000000060
31807  38.557  -43.615  -0.230 0.5000000000
30926  39.016  -44.134  -1.956 0.4000000060
30934  39.283  -44.416  -2.828 0.4000000060
32812  39.211  -42.325  -0.410 0.5000000000
130402  39.071  -41.794  0.264 0.5000000000
32820  39.534  -42.633  -1.321 0.5000000000
31815  39.256  -43.370  -1.676 0.4000000060
31816  38.753  -43.873  -1.114 0.4000000060
31836  39.839  -43.853  -3.038 0.4000000060
31823  39.556  -43.643  -2.439 0.4000000060
30950  39.847  -44.376  -3.518 0.4000000060
32813  38.765  -42.923  -0.119 0.5000000000
32827  40.518  -42.553  -2.413 0.4000000060
32841  40.863  -42.901  -3.050 0.4000000060
31832  43.830  -43.861  -3.675 0.4000000060
31833  42.193  -43.593  -3.598 0.4000000060
129295  40.927  -43.850  -3.658 0.4000000060
30946  43.411  -44.469  -3.706 0.4000000060
30947  42.368  -44.434  -3.855 0.4000000060
33738  39.569  -41.490  -0.167 0.5000000000
33747  39.867  -41.876  -0.933 0.5000000000
32819  40.192  -42.218  -1.695 0.4000000060
32878  46.754  -43.312  -9.069 0.3000000119
32869  46.618  -43.256  -8.209 0.3000000119
32840  41.679  -42.577  -3.161 0.4000000060
31869  46.903  -43.719  -7.851 0.3000000119
31863  46.321  -43.510  -6.481 0.3000000119
31864  45.723  -43.314  -5.894 0.3000000119
31855  45.217  -43.269  -5.100 0.3000000119
111781  44.063  -43.234  -3.870 0.4000000060
116333  42.864  -42.991  -3.526 0.4000000060
119460  42.112  -42.961  -3.417 0.4000000060
31854  46.461  -43.880  -5.612 0.3000000119
31846  45.248  -43.858  -4.329 0.3000000119
30963  44.553  -43.879  -3.867 0.4000000060
33737  40.195  -41.097  -0.578 0.4000000060
33746  40.572  -41.467  -1.266 0.4000000060
33755  40.932  -41.828  -1.970 0.4000000060
32879  46.723  -42.201  -8.404 0.3000000119
34594  46.435  -40.373  -6.533 0.3000000119
32870  46.396  -42.656  -7.720 0.3000000119
32863  46.096  -42.323  -7.042 0.3000000119
32856  45.266  -42.038  -5.682 0.3000000119
33778  44.414  -41.965  -4.629 0.4000000060
32851  43.563  -42.594  -3.755 0.4000000060
129646  43.054  -42.455  -3.539 0.4000000060
120395  45.885  -43.102  -6.690 0.3000000119
125716  45.246  -42.794  -5.683 0.3000000119
32857  44.809  -42.524  -5.028 0.3000000119
34530  40.376  -40.276  -0.354 0.4000000060
35537  45.418  -39.236  -4.950 0.3000000119
35525  44.545  -39.186  -3.922 0.3000000119
34567  43.647  -40.104  -3.275 0.4000000060
35526  44.028  -39.101  -3.318 0.4000000060
34553  43.164  -39.860  -2.706 0.4000000060
34555  42.023  -40.553  -1.879 0.4000000060
35545  46.294  -39.763  -6.151 0.3000000119
35546  45.905  -39.515  -5.596 0.3000000119
34580  44.909  -39.758  -4.465 0.3000000119
34581  44.026  -40.779  -3.916 0.4000000060
34568  43.019  -40.634  -2.904 0.4000000060
33753  42.397  -41.028  -2.539 0.4000000060
34587  46.018  -40.322  -5.816 0.3000000119
34589  44.966  -40.705  -4.814 0.3000000119
113928  44.442  -41.248  -4.468 0.4000000060
113820  43.426  -41.135  -3.487 0.4000000060
33767  42.048  -41.823  -2.890 0.4000000060
33791  45.904  -41.394  -6.294 0.3000000119
114732  45.450  -41.028  -5.459 0.3000000119
33779  43.891  -41.763  -4.033 0.4000000060
32839  42.526  -42.306  -3.349 0.4000000060
37304  41.763  -37.540  -2.615 0.4000000060
37283  42.118  -37.866  -2.163 0.4000000060
124572  41.221  -38.520  -1.132 0.4000000060
35491  41.103  -39.231  -0.869 0.4000000060
37317  43.665  -37.913  -3.759 0.3000000119
36420  42.766  -38.250  -2.498 0.4000000060
34543  42.256  -39.558  -1.755 0.4000000060
34529  40.905  -39.940  -0.714 0.4000000060
36429  44.284  -38.476  -3.901 0.4000000060
36419  43.409  -38.648  -2.857 0.4000000060
35517  42.919  -39.156  -2.336 0.4000000060
34544  41.521  -40.016  -1.219 0.4000000060
39939  24.283  -34.559  -5.480 0.6000000238
110603  23.857  -34.004  -5.423 0.6000000238
40982  24.814  -33.127  -4.809 0.5000000000
42922  24.530  -31.559  -4.558 0.5000000000
43806  24.876  -30.819  -4.794 0.5000000000
43823  25.187  -30.088  -5.362 0.5000000000
44716  26.223  -29.061  -6.161 0.5000000000
111091  26.701  -28.579  -6.595 0.4000000060
50049  32.774  -23.897  -8.440 0.3000000119
50057  32.530  -23.546  -9.214 0.3000000119
49202  32.289  -24.224  -9.940 0.3000000119
51728  33.281  -21.443  -5.762 0.3000000119
50919  33.035  -22.498  -6.839 0.3000000119
50041  32.954  -23.383  -7.567 0.3000000119
118722  32.692  -22.967  -8.405 0.3000000119
121980  32.466  -22.473  -9.315 0.3000000119
50062  32.373  -23.333  -10.133 0.3000000119
50945  32.370  -22.434  -10.537 0.3000000119
110105  33.180  -20.230  -5.205 0.3000000119
51736  33.066  -21.452  -6.523 0.3000000119
111064  32.841  -21.768  -7.411 0.3000000119
51746  32.888  -21.015  -7.197 0.3000000119
50934  32.654  -22.042  -8.278 0.3000000119
51752  32.516  -21.471  -8.935 0.3000000119
119544  32.403  -21.611  -9.901 0.3000000119
126677  32.393  -21.513  -11.047 0.3000000119
51769  32.523  -21.633  -12.035 0.3000000119
53712  33.070  -19.592  -4.382 0.3000000119
114107  33.124  -19.983  -5.998 0.3000000119
52661  33.027  -20.530  -6.623 0.3000000119
52671  32.900  -20.231  -7.465 0.3000000119
117742  32.733  -21.081  -8.039 0.3000000119
119922  32.751  -20.257  -8.338 0.3000000119
51760  32.499  -20.878  -9.489 0.3000000119
116436  32.540  -20.630  -11.014 0.3000000119
127519  32.794  -18.057  -4.463 0.3000000119
54728  32.862  -18.513  -5.845 0.3000000119
122702  32.964  -19.291  -6.131 0.3000000119
109231  32.880  -19.323  -7.410 0.3000000119
53754  32.819  -19.583  -8.716 0.3000000119
52686  32.634  -20.210  -9.158 0.3000000119
53763  32.808  -19.590  -9.658 0.3000000119
117932  32.824  -18.875  -6.710 0.3000000119
54743  32.774  -18.010  -6.720 0.3000000119
54768  33.003  -18.859  -9.060 0.3000000119
55737  32.673  -17.146  -5.293 0.3000000119
55751  32.773  -17.509  -5.982 0.3000000119
56710  32.755  -17.013  -6.970 0.3000000119
55767  32.783  -17.743  -7.368 0.3000000119
56701  32.633  -16.487  -5.921 0.3000000119
116082  32.377  -15.711  -5.297 0.3000000119
30948  41.447  -44.041  -3.802 0.4000000060
29285  37.899  -46.040  -1.041 0.4000000060
30126  38.525  -45.682  -2.420 0.4000000060
30949  40.596  -44.359  -3.929 0.4000000060
30125  39.268  -45.042  -3.474 0.4000000060
30137  43.812  -45.188  -3.754 0.4000000060
30138  43.002  -45.023  -3.961 0.4000000060
30964  41.362  -44.729  -4.249 0.4000000060
31005  47.468  -44.470  -9.550 0.3000000119
31001  47.470  -44.197  -8.386 0.3000000119
31862  46.898  -43.749  -6.936 0.3000000119
31845  45.897  -43.844  -4.948 0.3000000119
30962  45.086  -44.529  -3.840 0.3000000119
31877  46.846  -43.909  -8.840 0.3000000119
34610  46.860  -41.001  -7.877 0.3000000119
36454  46.108  -39.177  -6.232 0.3000000119
34602  46.786  -40.232  -7.301 0.3000000119
37319  41.905  -37.386  -3.286 0.4000000060
37318  42.815  -37.540  -3.718 0.4000000060
37302  43.195  -37.937  -3.124 0.4000000060
37351  44.194  -37.805  -4.937 0.3000000119
124427  45.094  -38.679  -4.924 0.3000000119
123405  41.287  -37.272  -3.616 0.4000000060
39066  24.048  -35.227  -5.440 0.6000000238
55728  32.702  -17.822  -3.929 0.3000000119
56685  32.371  -16.485  -3.984 0.3000000119
56695  32.472  -16.485  -4.897 0.3000000119
58477  32.044  -14.948  -3.944 0.3000000119
126792  47.155  -42.171  -9.480 0.3000000119
31799  38.379  -43.155  0.542 0.5000000000
32826  41.282  -42.190  -2.649 0.4000000060
112978  46.510  -41.153  -7.088 0.3000000119
35507  41.736  -38.997  -1.344 0.4000000060
53724  32.985  -19.387  -5.402 0.3000000119
117303  32.566  -20.304  -10.067 0.3000000119
54755  32.825  -18.429  -7.487 0.3000000119
127415  32.844  -17.916  -7.773 0.3000000119
58478  31.791  -14.296  -4.463 0.3000000119
29286  37.652  -46.824  -1.311 0.3000000119
29293  38.145  -46.286  -1.825 0.3000000119
117116  33.243  -52.396  -9.104 0.6000000238
24905  32.398  -51.358  -8.787 0.6999999881
24897  31.765  -52.089  -8.346 0.6999999881
30140  38.714  -45.805  -3.340 0.3000000119
21736  35.610  -54.846  2.538 0.3000000119
22726  35.749  -53.269  1.933 0.3000000119
25867  30.165  -50.884  -7.125 0.6999999881
28405  37.430  -47.622  -1.582 0.3000000119
113822  30.777  -51.400  -7.665 0.6999999881
23864  30.850  -52.163  -7.652 0.6999999881
28416  37.598  -47.673  -2.269 0.3000000119
121093  38.237  -46.473  -2.680 0.3000000119
128812  31.890  -50.584  -8.534 0.6999999881
29312  38.441  -46.830  -3.542 0.3000000119
29326  40.702  -46.156  -5.162 0.3000000119
29327  39.381  -46.577  -4.650 0.3000000119
124560  39.229  -45.571  -3.935 0.3000000119
29325  41.581  -46.117  -5.045 0.3000000119
30154  41.097  -45.443  -4.732 0.3000000119
30155  40.269  -45.627  -4.692 0.3000000119
115682  36.031  -52.213  1.144 0.3000000119
26629  36.509  -49.694  -0.404 0.4000000060
27596  30.632  -48.829  -7.440 0.6999999881
27526  37.247  -48.377  -2.084 0.3000000119
27515  36.645  -48.787  -0.354 0.3000000119
25878  30.678  -50.565  -7.646 0.6999999881
25877  31.387  -51.021  -8.182 0.6999999881
27541  37.555  -48.006  -2.800 0.3000000119
29328  38.873  -46.880  -4.269 0.3000000119
126923  39.725  -46.888  -5.132 0.3000000119
30139  39.861  -45.083  -4.115 0.3000000119
29342  42.029  -46.799  -5.429 0.3000000119
112940  36.236  -50.909  0.497 0.4000000060
26707  30.147  -49.537  -6.920 0.6999999881
26649  37.099  -49.218  -2.407 0.3000000119
26635  36.872  -49.136  -1.642 0.3000000119
27540  38.029  -47.741  -3.419 0.3000000119
120765  37.364  -48.648  -2.747 0.3000000119
26714  31.230  -49.326  -8.128 0.6999999881
28436  39.182  -47.345  -4.842 0.3000000119
30153  42.156  -45.370  -4.405 0.3000000119
30965  40.603  -45.006  -4.395 0.3000000119
29341  42.960  -46.947  -5.119 0.3000000119
29324  42.558  -46.241  -4.748 0.3000000119
27550  37.672  -48.496  -3.308 0.3000000119
28465  30.888  -48.035  -7.647 0.6999999881
27581  38.897  -48.860  -5.139 0.3000000119
27564  38.719  -48.180  -4.671 0.3000000119
27595  31.339  -48.442  -8.165 0.6999999881
30151  44.231  -45.999  -3.959 0.3000000119
26661  37.784  -49.123  -3.769 0.3000000119
28464  31.431  -47.560  -8.194 0.6999999881
30152  43.206  -45.722  -4.172 0.3000000119
37335  42.734  -37.422  -4.714 0.3000000119
22797  34.236  -54.019  -8.395 0.5000000000
23863  31.514  -53.035  -7.978 0.6999999881
122981  33.642  -53.978  -8.538 0.6000000238
22798  32.734  -54.242  -8.312 0.6000000238
23869  34.041  -53.334  -9.006 0.6000000238
24889  29.757  -51.174  -6.483 0.6999999881
23791  36.077  -52.648  0.376 0.3000000119
26708  29.750  -49.521  -6.204 0.6999999881
24825  36.273  -51.370  -0.226 0.4000000060
27590  30.070  -48.698  -6.481 0.6999999881
25802  36.592  -50.558  -1.482 0.4000000060
25798  36.509  -50.350  -0.847 0.4000000060
28454  30.235  -47.688  -6.297 0.6999999881
26662  37.409  -49.211  -3.098 0.3000000119
127333  37.527  -49.771  -3.490 0.3000000119
25825  37.904  -49.957  -4.180 0.3000000119
28404  37.876  -47.051  -2.057 0.3000000119
28461  30.528  -48.106  -7.015 0.6999999881
23862  32.843  -53.247  -8.683 0.6000000238
26695  38.485  -49.731  -4.923 0.3000000119
24840  36.775  -50.895  -2.275 0.3000000119
20867  31.969  -55.595  -3.746 0.5000000000
117804  33.379  -55.630  -6.194 0.5000000000
21785  32.199  -54.455  -4.160 0.4000000060
17640  29.818  -59.448  -5.515 0.4000000060
16906  29.357  -60.471  -4.086 0.5000000000
22765  33.191  -54.081  -5.495 0.4000000060
22766  32.484  -53.820  -4.496 0.5000000000
22773  33.868  -54.387  -6.495 0.5000000000
16897  28.410  -60.320  -2.752 0.4000000060
127680  28.642  -60.613  -2.195 0.4000000060
17634  29.319  -59.905  -4.760 0.5000000000
22796  34.553  -53.884  -8.092 0.4000000060
16888  28.186  -60.348  -1.834 0.4000000060
16880  28.297  -60.902  -0.911 0.4000000060
17629  28.172  -59.876  -3.639 0.4000000060
17641  28.994  -59.169  -5.133 0.5000000000
17635  28.530  -59.543  -4.452 0.4000000060
113018  29.548  -58.687  -5.753 0.5000000000
19976  30.088  -56.415  -6.590 0.4000000060
112510  33.866  -54.724  -8.227 0.5000000000
119803  31.973  -55.437  -7.556 0.4000000060
20883  30.892  -55.668  -7.121 0.4000000060
21801  33.446  -55.076  -8.137 0.4000000060
121402  27.786  -60.320  -1.082 0.4000000060
19157  24.123  -57.709  -0.996 0.4000000060
123560  27.489  -59.456  -3.557 0.4000000060
19163  24.319  -57.600  -2.578 0.4000000060
18389  28.249  -58.869  -4.775 0.5000000000
17636  27.800  -59.264  -4.173 0.4000000060
19169  24.592  -57.319  -3.276 0.4000000060
18394  28.749  -58.395  -5.359 0.5000000000
20869  25.927  -55.458  -3.780 0.4000000060
20870  25.088  -56.011  -3.672 0.4000000060
19177  29.318  -57.866  -5.931 0.5000000000
19971  29.117  -56.989  -6.048 0.5000000000
21777  26.405  -54.156  -3.576 0.4000000060
22760  25.591  -53.807  -3.489 0.4000000060
21797  30.889  -54.799  -7.363 0.6000000238
18365  24.960  -58.339  -0.852 0.4000000060
18376  24.640  -58.014  -1.738 0.4000000060
17626  26.838  -59.376  -2.338 0.4000000060
18383  25.104  -58.196  -2.488 0.4000000060
18395  28.028  -58.106  -4.981 0.5000000000
18390  27.527  -58.594  -4.465 0.4000000060
19168  25.349  -57.674  -3.553 0.4000000060
19178  28.537  -57.564  -5.492 0.5000000000
19969  25.897  -56.360  -3.942 0.4000000060
19962  25.146  -56.908  -3.709 0.4000000060
20879  28.979  -56.038  -5.802 0.5000000000
20884  29.576  -55.438  -6.383 0.5000000000
22759  26.574  -53.389  -3.549 0.4000000060
21798  29.999  -54.908  -6.867 0.6000000238
22786  30.951  -53.829  -7.539 0.6000000238
18375  25.417  -58.485  -1.639 0.4000000060
18391  26.805  -58.330  -4.179 0.4000000060
18382  25.778  -58.675  -2.351 0.4000000060
18387  25.655  -58.361  -3.173 0.4000000060
19968  26.618  -56.688  -4.299 0.4000000060
19972  28.377  -56.696  -5.411 0.5000000000
20877  26.723  -55.791  -4.067 0.4000000060
21788  26.797  -54.843  -3.766 0.4000000060
128941  27.076  -54.073  -3.662 0.4000000060
23853  30.368  -52.662  -7.279 0.6000000238
22787  29.956  -54.113  -6.797 0.6000000238
17618  26.600  -59.369  -1.373 0.4000000060
118776  26.288  -59.063  -2.130 0.4000000060
19167  26.063  -58.048  -3.879 0.4000000060
19174  25.910  -57.252  -4.009 0.4000000060
19179  27.866  -57.296  -5.058 0.5000000000
124837  27.244  -57.015  -4.690 0.5000000000
124207  27.381  -56.176  -4.511 0.5000000000
19967  27.808  -56.575  -4.932 0.5000000000
20876  27.582  -55.310  -4.233 0.5000000000
20880  28.890  -55.123  -5.478 0.5000000000
19966  28.220  -55.802  -4.944 0.5000000000
20875  28.381  -54.815  -4.583 0.5000000000
21787  27.728  -54.428  -3.954 0.4000000060
21792  29.411  -54.550  -6.094 0.6000000238
22758  27.713  -53.484  -3.740 0.5000000000
22757  28.001  -52.701  -3.737 0.4000000060
111733  29.848  -53.169  -6.692 0.6000000238
22774  29.397  -53.580  -5.831 0.6000000238
21786  29.006  -54.242  -5.111 0.5000000000
115661  28.511  -53.936  -4.270 0.5000000000
113945  29.254  -52.886  -5.322 0.6000000238
22767  29.017  -53.392  -4.821 0.5000000000
23854  29.717  -52.149  -6.415 0.6000000238
24888  30.169  -51.732  -7.133 0.6000000238
27566  29.212  -48.782  -5.124 0.5000000000
26698  29.347  -49.660  -5.491 0.6000000238
26680  28.823  -49.495  -4.793 0.5000000000
130099  29.581  -50.005  -5.994 0.6000000238
25841  29.014  -50.298  -4.931 0.6000000238
24871  28.321  -51.576  -3.926 0.5000000000
117228  29.462  -52.773  -5.956 0.6000000238
23827  28.992  -52.588  -4.621 0.5000000000
22768  28.564  -53.077  -4.070 0.5000000000
23828  28.508  -52.286  -3.972 0.5000000000
24854  27.764  -52.000  -3.702 0.5000000000
121510  29.317  -48.068  -5.125 0.5000000000
28439  28.994  -47.473  -4.830 0.5000000000
27583  29.710  -48.295  -5.688 0.6000000238
119250  29.614  -48.985  -5.790 0.6000000238
24870  29.170  -51.172  -5.071 0.6000000238
112567  28.882  -51.761  -4.470 0.5000000000
25868  29.823  -50.268  -6.541 0.6000000238
25856  29.436  -50.576  -5.761 0.6000000238
22785  34.105  -55.024  -7.500 0.4000000060
127768  33.952  -55.256  -8.020 0.4000000060
23852  34.923  -53.009  -7.459 0.5000000000
24882  29.464  -51.439  -5.832 0.6000000238
20874  32.558  -55.341  -4.695 0.5000000000
19970  33.517  -56.936  -6.332 0.5000000000
21784  32.897  -54.705  -5.230 0.5000000000
21791  33.691  -55.047  -6.509 0.5000000000
17625  27.614  -59.784  -2.731 0.4000000060
17631  26.909  -59.257  -3.197 0.4000000060
19963  24.355  -56.545  -3.404 0.4000000060
114464  25.129  -55.138  -3.580 0.4000000060
18386  26.439  -58.680  -3.556 0.4000000060
19173  26.632  -57.556  -4.331 0.4000000060
18374  25.990  -58.909  -1.652 0.4000000060
23841  29.310  -52.110  -5.365 0.6000000238
111566  23.950  -57.561  -1.805 0.3000000119
20871  24.246  -55.556  -3.413 0.3000000119
19170  23.813  -56.970  -2.946 0.3000000119
130335  25.123  -54.443  -3.511 0.3000000119
19964  23.661  -56.201  -3.085 0.3000000119
21779  24.556  -54.748  -3.429 0.3000000119
21780  23.907  -54.699  -3.213 0.3000000119
16896  29.060  -60.853  -2.534 0.4000000060
17617  27.408  -59.809  -1.671 0.4000000060
17630  27.106  -58.987  -3.902 0.4000000060
18285  34.210  -58.418  5.392 0.5000000000
18288  31.308  -58.219  5.983 0.5000000000
18289  30.529  -58.313  5.669 0.5000000000
19078  33.275  -57.487  5.453 0.5000000000
19117  29.947  -57.108  2.259 0.4000000060
19156  31.343  -56.878  -1.105 0.5000000000
19172  27.321  -57.837  -4.665 0.5000000000
19917  29.703  -56.807  3.034 0.6000000238
19957  31.663  -56.548  -2.657 0.5000000000
20803  32.705  -55.304  4.826 0.5000000000
20805  31.011  -55.387  4.394 0.6999999881
20865  31.143  -55.301  -2.295 0.5000000000
20872  23.515  -55.465  -3.012 0.3000000119
21715  34.143  -54.361  4.562 0.5000000000
21737  30.532  -54.549  2.933 0.6000000238
21745  35.723  -54.086  2.193 0.3000000119
21778  25.848  -54.638  -3.603 0.4000000060
21795  34.205  -54.674  -8.064 0.4000000060
22698  33.957  -53.444  4.539 0.6000000238
22701  31.212  -53.953  4.046 0.6999999881
23761  35.016  -52.335  3.698 0.6000000238
23773  35.653  -52.527  2.572 0.4000000060
23781  35.946  -53.026  1.123 0.3000000119
23797  30.643  -52.573  -0.554 0.8000000119
24777  33.919  -52.046  4.175 0.6000000238
24779  32.289  -51.865  4.083 0.6000000238
24793  34.510  -51.815  3.846 0.5000000000
24817  30.739  -51.521  1.496 0.8000000119
24853  31.826  -51.483  -3.230 0.6999999881
24903  35.128  -51.382  -8.695 0.6999999881
25769  35.860  -50.047  2.347 0.4000000060
25780  36.227  -50.328  1.415 0.5000000000
25801  36.784  -49.930  -1.995 0.4000000060
25811  37.163  -50.065  -2.825 0.3000000119
25812  31.224  -50.517  -2.306 0.8000000119
25842  28.573  -50.838  -4.260 0.5000000000
25884  34.886  -50.749  -8.756 0.8000000119
26587  35.230  -49.814  2.960 0.4000000060
26589  33.784  -49.685  3.455 0.6000000238
26590  32.834  -49.747  3.396 0.6000000238
26591  32.184  -49.843  3.190 0.6000000238
26602  31.872  -49.640  2.655 0.6999999881
26620  31.116  -49.912  0.520 0.6999999881
26636  36.652  -49.803  -1.223 0.4000000060
26650  31.545  -49.143  -2.530 0.8000000119
26677  38.305  -49.028  -4.448 0.3000000119
26705  35.020  -49.140  -7.617 0.8999999762
26713  35.034  -50.205  -8.349 0.8000000119
26715  30.628  -49.761  -7.596 0.6999999881
27485  34.479  -48.415  3.080 0.6000000238
27495  36.486  -48.691  1.289 0.4000000060
27497  31.794  -48.655  1.484 0.6999999881
27505  36.832  -48.073  -0.332 0.4000000060
27516  31.539  -47.852  -0.256 0.8000000119
28355  35.661  -47.498  2.564 0.5000000000
28357  33.890  -47.596  2.880 0.6000000238
28379  32.197  -47.078  1.045 0.6999999881
28415  37.895  -47.276  -2.817 0.3000000119
28437  38.555  -47.544  -4.122 0.3000000119
28455  29.741  -47.586  -5.415 0.6999999881
28459  34.577  -47.534  -6.316 1.0000000000
28462  35.234  -47.663  -8.093 1.0000000000
28467  34.508  -47.418  -9.012 0.8000000119
29250  33.618  -46.133  2.373 0.6000000238
29287  32.274  -46.111  0.016 0.8000000119
29295  31.957  -46.713  -1.317 0.8000000119
29311  38.954  -46.207  -4.092 0.3000000119
29323  43.483  -46.482  -4.455 0.3000000119
29344  40.331  -46.897  -5.493 0.3000000119
29347  30.153  -47.071  -5.778 0.6999999881
29354  35.303  -46.328  -8.762 1.0000000000
30095  32.874  -45.581  1.205 0.8000000119
30103  38.140  -45.242  -0.753 0.4000000060
30141  33.767  -44.589  -4.147 0.8000000119
30142  33.035  -45.881  -3.598 0.8000000119
30156  39.587  -45.883  -4.448 0.3000000119
30175  30.452  -45.577  -5.660 0.8000000119
30179  30.671  -45.857  -6.619 0.8999999762
30183  31.506  -45.659  -7.928 0.8999999762
30184  34.790  -45.790  -9.151 0.8999999762
30889  37.020  -44.631  1.920 0.6000000238
30913  37.502  -44.663  1.318 0.5000000000
30935  38.779  -44.919  -2.174 0.4000000060
30945  44.261  -44.539  -3.669 0.4000000060
30988  34.886  -43.765  -7.103 1.0000000000
30993  47.579  -44.057  -7.295 0.3000000119
30994  35.100  -44.716  -8.202 1.0000000000
31778  34.006  -43.734  1.921 0.6999999881
31788  36.337  -43.077  2.197 0.6999999881
31800  33.369  -43.398  -0.006 0.8000000119
31806  38.976  -43.111  -0.856 0.5000000000
31822  40.157  -43.255  -2.777 0.4000000060
31825  33.330  -43.713  -2.555 0.6999999881
31834  41.354  -43.360  -3.459 0.4000000060
31835  40.481  -43.700  -3.373 0.4000000060
31848  30.217  -43.557  -5.201 0.8999999762
31853  46.904  -43.912  -6.175 0.3000000119
31856  44.651  -43.240  -4.422 0.3000000119
31870  46.355  -43.237  -7.323 0.3000000119
31874  30.879  -43.183  -8.316 0.8999999762
32787  34.714  -42.736  2.055 0.6999999881
32795  38.137  -42.507  1.167 0.6999999881
32808  34.250  -41.783  0.880 0.8000000119
32828  39.799  -42.900  -2.132 0.4000000060
32842  33.789  -42.442  -3.638 0.8999999762
32850  44.241  -42.551  -4.284 0.4000000060
32864  45.598  -42.556  -6.290 0.3000000119
33720  35.354  -41.662  1.936 0.6000000238
33745  41.327  -41.039  -1.517 0.4000000060
33754  41.686  -41.424  -2.235 0.4000000060
33765  43.198  -41.955  -3.580 0.4000000060
33766  42.765  -41.484  -3.152 0.4000000060
33770  29.379  -41.878  -3.983 0.6999999881
33782  29.445  -41.739  -4.660 0.8999999762
33785  44.865  -41.603  -5.053 0.3000000119
33786  33.827  -41.916  -5.300 1.0000000000
33792  33.710  -41.724  -6.205 1.0000000000
33793  33.252  -41.243  -6.731 1.0000000000
33796  46.518  -41.868  -7.615 0.3000000119
34512  36.433  -40.436  1.628 0.6000000238
34513  35.562  -40.297  1.335 0.6000000238
34522  39.220  -40.208  0.640 0.5000000000
34524  34.954  -40.290  0.743 0.6000000238
34531  39.756  -40.649  0.096 0.4000000060
34545  40.842  -40.658  -0.928 0.4000000060
34554  42.667  -40.132  -2.311 0.4000000060
34566  44.315  -39.883  -3.831 0.4000000060
34569  33.478  -40.914  -2.891 0.8000000119
34570  33.168  -40.399  -3.974 0.8000000119
34588  45.546  -40.065  -5.128 0.3000000119
35480  39.203  -39.263  0.583 0.5000000000
35492  40.475  -39.404  -0.342 0.4000000060
35494  34.664  -39.559  -0.619 0.6999999881
35516  43.471  -39.332  -2.854 0.4000000060
35518  33.767  -39.547  -2.158 0.8000000119
35538  44.885  -38.899  -4.401 0.3000000119
35540  32.307  -39.090  -4.840 1.0000000000
35542  27.712  -39.186  -4.320 0.8000000119
35553  46.515  -39.630  -6.770 0.3000000119
35560  32.074  -39.224  -8.292 1.0000000000
35561  29.320  -39.636  -8.365 1.0000000000
35572  31.369  -39.333  -8.993 1.0000000000
35573  30.730  -39.429  -9.045 1.0000000000
36385  39.348  -38.500  0.208 0.5000000000
36387  37.833  -38.612  0.715 0.6000000238
36388  36.885  -38.452  0.454 0.6000000238
36394  40.542  -38.438  -0.631 0.5000000000
36395  39.756  -38.094  -0.283 0.5000000000
36397  35.651  -38.450  -0.479 0.6000000238
36409  42.293  -38.607  -1.887 0.4000000060
36410  41.656  -38.161  -1.589 0.4000000060
36413  34.719  -38.498  -1.538 0.8000000119
36430  43.743  -38.378  -3.365 0.3000000119
36431  32.974  -38.137  -3.206 0.8000000119
36444  44.585  -38.312  -4.597 0.3000000119
36446  32.109  -38.471  -5.210 1.0000000000
36455  45.525  -38.783  -5.574 0.3000000119
36468  39.545  -38.205  -6.658 0.4000000060
36485  28.834  -39.158  -7.926 1.0000000000
36487  28.135  -38.083  -7.395 1.0000000000
36496  30.145  -39.132  -8.763 1.0000000000
37258  39.081  -37.953  0.012 0.5000000000
37269  37.413  -37.640  -0.530 0.6000000238
37270  36.740  -37.706  -0.729 0.6000000238
37287  38.745  -37.387  -1.167 0.5000000000
37303  42.437  -37.682  -2.898 0.4000000060
37305  41.044  -37.332  -2.742 0.4000000060
37309  34.642  -37.628  -2.600 0.6999999881
37325  32.538  -37.878  -3.876 0.8000000119
37333  44.084  -37.954  -4.300 0.3000000119
37339  38.050  -37.465  -4.499 0.6000000238
37345  26.092  -37.739  -4.880 0.6999999881
37353  42.596  -37.523  -5.750 0.3000000119
37355  40.185  -37.564  -5.337 0.4000000060
37360  32.226  -37.493  -5.614 1.0000000000
37393  38.497  -37.578  -10.584 0.4000000060
38214  34.376  -36.605  -4.927 0.8000000119
38215  33.260  -36.728  -4.969 0.8000000119
38218  24.367  -36.497  -4.924 0.6999999881
38229  32.337  -37.035  -6.119 1.0000000000
38238  35.195  -36.124  -6.332 0.6999999881
38239  34.256  -36.022  -6.426 0.6999999881
38242  32.126  -36.950  -7.565 1.0000000000
38269  31.285  -36.639  -9.049 1.0000000000
39061  31.565  -35.068  -5.352 0.8999999762
39071  41.219  -35.258  -6.782 0.4000000060
39076  33.882  -35.695  -7.196 0.8000000119
39079  29.277  -34.922  -6.475 1.0000000000
39095  32.743  -35.944  -8.536 0.8999999762
39110  28.490  -35.028  -8.251 1.0000000000
39121  30.355  -35.192  -9.688 1.0000000000
39122  29.703  -34.430  -9.495 1.0000000000
39902  33.887  -34.269  -3.749 0.5000000000
39906  30.308  -34.143  -3.595 0.6999999881
39907  29.357  -34.106  -3.782 0.6999999881
39908  28.565  -33.970  -4.036 1.0000000000
39912  41.791  -34.110  -4.814 0.4000000060
39914  40.108  -34.233  -4.651 0.4000000060
39917  32.462  -34.706  -3.966 0.6999999881
39918  31.606  -34.756  -3.907 0.6999999881
39926  43.021  -33.969  -5.941 0.3000000119
39931  34.402  -33.871  -5.568 0.6999999881
39963  31.069  -33.976  -7.717 1.0000000000
39976  29.474  -34.050  -9.056 1.0000000000
39986  36.492  -33.897  -11.148 0.6999999881
40943  40.012  -33.265  -2.624 0.4000000060
40956  39.767  -33.907  -3.980 0.4000000060
40959  35.809  -33.436  -3.053 0.4000000060
40961  33.601  -33.985  -3.160 0.5000000000
40974  37.923  -33.449  -4.288 0.5000000000
40978  34.804  -33.907  -4.067 0.5000000000
40992  38.825  -33.804  -5.427 0.4000000060
41010  34.621  -33.534  -6.421 0.6000000238
41016  37.296  -33.347  -7.754 0.5000000000
41029  38.204  -33.940  -8.450 0.5000000000
41034  33.952  -32.548  -9.031 0.6000000238
41055  35.091  -33.122  -12.469 0.8000000119
41057  32.533  -32.886  -12.421 1.0000000000
41059  31.523  -32.398  -11.623 1.0000000000
41064  34.075  -32.393  -12.470 0.8000000119
41951  37.211  -31.894  -0.652 0.4000000060
41971  41.152  -32.230  -2.569 0.4000000060
41976  36.915  -32.757  -1.768 0.4000000060
41998  41.991  -32.953  -3.930 0.4000000060
42029  34.810  -32.292  -9.765 0.8000000119
42034  35.666  -32.295  -10.618 0.6999999881
42037  32.292  -31.677  -11.851 1.0000000000
42038  31.724  -32.000  -11.827 1.0000000000
42043  36.332  -32.753  -11.438 0.6999999881
42046  33.098  -31.821  -12.310 0.8999999762
42873  39.595  -31.730  -1.005 0.4000000060
42874  38.453  -31.399  -0.277 0.3000000119
42876  36.872  -31.299  -0.275 0.4000000060
42884  40.903  -31.040  -1.867 0.4000000060
42887  35.834  -32.008  -1.187 0.4000000060
42904  32.205  -31.681  -2.821 0.6000000238
42920  26.329  -31.452  -4.080 0.6000000238
42928  43.075  -32.444  -5.869 0.3000000119
43744  38.776  -30.095  0.225 0.4000000060
43746  37.494  -30.253  0.361 0.3000000119
43757  35.071  -30.296  -0.904 0.4000000060
43799  41.655  -30.368  -4.954 0.3000000119
43803  28.385  -30.496  -4.331 0.6999999881
44616  36.817  -29.782  0.341 0.3000000119
44617  36.175  -30.184  -0.070 0.3000000119
44622  40.027  -30.061  -0.631 0.3000000119
44634  34.491  -29.884  -1.371 0.3000000119
44665  32.669  -29.676  -3.678 0.6000000238
44681  29.094  -29.668  -4.900 0.6999999881
45502  40.232  -28.913  -0.819 0.3000000119
45504  35.472  -29.206  -0.421 0.3000000119
45505  35.105  -28.799  -0.788 0.4000000060
45520  34.412  -28.269  -2.275 0.3000000119
45540  34.191  -28.096  -3.084 0.4000000060
45560  32.813  -28.640  -4.661 0.4000000060
45587  27.435  -28.397  -6.599 0.4000000060
46355  36.899  -27.764  0.597 0.3000000119
46398  33.814  -27.796  -4.095 0.4000000060
46430  32.852  -27.573  -5.590 0.3000000119
46437  32.531  -27.288  -6.225 0.3000000119
46438  31.918  -27.482  -6.416 0.3000000119
47263  34.580  -26.282  -1.157 0.3000000119
47317  33.584  -26.499  -5.608 0.3000000119
47331  32.206  -26.977  -6.915 0.3000000119
47340  29.962  -26.839  -7.817 0.4000000060
47345  31.928  -26.069  -8.599 0.3000000119
48163  34.362  -25.403  -0.958 0.3000000119
48177  34.385  -25.141  -2.347 0.3000000119
48201  34.138  -26.042  -4.385 0.3000000119
48214  33.808  -25.139  -5.396 0.3000000119
48233  33.249  -24.985  -7.194 0.3000000119
49120  34.184  -24.479  -1.897 0.3000000119
49152  34.007  -24.415  -4.796 0.3000000119
49961  34.308  -23.838  0.104 0.3000000119
50075  32.299  -23.342  -11.273 0.3000000119
50826  33.912  -21.795  -0.152 0.3000000119
50866  33.703  -22.495  -2.102 0.3000000119
50911  33.293  -22.122  -5.977 0.3000000119
50925  32.815  -22.526  -7.685 0.3000000119
51643  34.556  -21.643  0.241 0.3000000119
51677  33.363  -21.256  -2.180 0.3000000119
52583  33.455  -20.102  -0.909 0.3000000119
52596  33.204  -19.933  -1.782 0.3000000119
52608  33.335  -20.777  -2.889 0.3000000119
52621  33.217  -20.241  -3.568 0.4000000060
52651  33.181  -20.784  -5.879 0.3000000119
53736  32.966  -19.704  -6.719 0.3000000119
53746  32.884  -19.681  -8.001 0.3000000119
55731  32.615  -17.305  -4.472 0.3000000119
57593  32.274  -15.724  -4.411 0.3000000119
57594  32.204  -14.995  -4.834 0.3000000119
57606  32.292  -15.040  -5.536 0.3000000119
108404  33.619  -40.958  -2.024 0.6999999881
108833  38.558  -37.324  -3.702 0.6000000238
108981  37.318  -37.291  -3.231 0.6999999881
109986  35.999  -33.257  -6.344 0.5000000000
110017  31.620  -51.909  3.719 0.6000000238
110051  32.738  -34.712  -4.635 0.6000000238
110418  37.619  -37.661  -6.169 0.6999999881
110508  31.118  -49.044  -0.818 0.8000000119
110531  33.545  -42.263  -0.801 0.6999999881
110624  32.869  -18.676  -4.858 0.3000000119
110645  34.416  -43.998  2.283 0.6999999881
110692  39.179  -31.275  -0.496 0.3000000119
110932  32.989  -18.148  -8.350 0.3000000119
111092  26.814  -29.450  -5.582 0.6000000238
111163  36.041  -33.140  -7.096 0.5000000000
111244  30.773  -51.130  0.893 0.8000000119
111608  37.175  -37.500  -1.116 0.6999999881
112290  26.275  -58.948  -2.839 0.4000000060
112308  35.062  -43.885  2.464 0.6999999881
112338  30.970  -52.658  -1.602 0.6999999881
112624  36.996  -48.368  -1.093 0.3000000119
113527  34.053  -34.165  -11.237 0.8000000119
113813  33.076  -48.189  -4.443 0.8999999762
113901  33.585  -43.212  0.605 0.8000000119
114185  36.195  -45.888  2.395 0.6000000238
114335  30.659  -54.182  -0.785 0.6000000238
114469  31.775  -38.023  -7.708 1.0000000000
114823  38.174  -48.351  -3.951 0.3000000119
114854  39.426  -29.958  -0.100 0.3000000119
115174  43.037  -43.782  -3.570 0.4000000060
115684  39.974  -46.308  -4.996 0.3000000119
115793  35.328  -54.706  3.400 0.4000000060
116096  34.475  -42.887  -5.835 1.0000000000
116098  32.939  -19.003  -8.155 0.3000000119
116515  36.162  -51.782  0.426 0.4000000060
116856  33.817  -49.053  -5.584 0.8999999762
116991  39.523  -48.729  -5.765 0.3000000119
117195  37.203  -40.987  1.703 0.6999999881
117231  38.053  -37.619  -0.372 0.5000000000
117415  37.136  -43.099  1.877 0.6999999881
117586  32.762  -53.969  4.635 0.6000000238
117618  33.848  -22.869  -4.469 0.3000000119
118059  33.719  -27.295  -4.649 0.4000000060
118492  27.701  -35.604  -7.456 0.8999999762
118504  30.580  -55.241  1.438 0.6000000238
118833  34.560  -49.979  3.321 0.5000000000
118876  31.169  -32.250  -3.210 0.6999999881
119070  32.904  -17.366  -7.928 0.3000000119
119177  32.518  -32.352  -2.636 0.5000000000
119241  36.358  -50.577  -0.247 0.4000000060
119451  30.663  -51.401  0.148 0.8000000119
119634  31.102  -54.069  -2.065 0.6000000238
119738  31.212  -50.175  -8.149 0.6999999881
119807  31.896  -54.090  4.499 0.6999999881
119914  33.594  -32.221  -2.133 0.5000000000
119954  35.401  -52.137  3.226 0.5000000000
120707  30.715  -36.955  -8.841 1.0000000000
121272  34.627  -25.769  -0.292 0.3000000119
121320  44.833  -38.258  -5.283 0.3000000119
121544  31.957  -54.960  -3.778 0.5000000000
121846  33.856  -23.160  -1.783 0.3000000119
122150  35.493  -33.082  -2.325 0.4000000060
122706  32.789  -17.873  -5.156 0.3000000119
122921  32.603  -20.776  -8.767 0.3000000119
123133  29.827  -56.878  3.732 0.5000000000
123426  33.887  -50.359  -5.673 0.8999999762
123478  35.945  -36.241  -6.614 0.6999999881
123534  28.984  -32.525  -3.506 0.6999999881
123783  28.820  -60.056  -4.096 0.5000000000
124274  24.955  -57.884  -3.070 0.4000000060
124310  36.965  -46.320  1.492 0.5000000000
124345  38.864  -45.139  -2.893 0.4000000060
124714  28.243  -41.402  -3.447 0.6999999881
124735  36.744  -49.162  -0.944 0.3000000119
124742  32.451  -55.996  -4.485 0.5000000000
125043  30.232  -50.195  -7.178 0.6999999881
125134  34.926  -44.992  -6.652 1.0000000000
125367  32.212  -54.882  -7.832 0.4000000060
125622  32.506  -45.464  -0.257 0.8000000119
126069  39.116  -30.376  -0.039 0.3000000119
126145  32.438  -20.962  -10.276 0.3000000119
126612  37.535  -46.570  -0.633 0.4000000060
126683  36.351  -32.662  -9.400 0.6000000238
126724  33.363  -40.638  -3.423 0.8000000119
127126  31.901  -32.212  -12.293 1.0000000000
127135  29.160  -40.937  -8.067 1.0000000000
127168  43.489  -43.286  -3.652 0.4000000060
128074  31.783  -56.358  5.103 0.5000000000
128269  31.389  -53.176  -2.481 0.6000000238
128422  33.169  -59.104  6.681 0.5000000000
128459  33.652  -22.603  -1.327 0.3000000119
128529  35.888  -37.262  -3.020 0.6999999881
128618  31.435  -50.967  3.133 0.6999999881
128724  26.818  -37.758  -5.720 0.8000000119
128783  33.316  -51.166  -5.006 0.8999999762
128850  44.538  -40.488  -4.291 0.4000000060
128863  34.573  -21.038  0.199 0.3000000119
129043  30.774  -52.652  -1.121 0.6999999881
129438  30.907  -28.624  -5.532 0.4000000060
129444  37.843  -40.676  1.468 0.5000000000
129487  37.980  -44.978  0.006 0.4000000060
129544  35.847  -52.582  1.739 0.3000000119
129600  32.635  -57.302  5.521 0.5000000000
129698  38.692  -42.386  0.423 0.5000000000
129879  33.179  -34.282  -6.070 0.6999999881
129966  33.602  -21.541  -3.789 0.3000000119
130025  33.601  -57.215  5.184 0.5000000000
