#!ascii label  , from subject sub-v1s23x0050577_ses-1 vox2ras=TkReg
1363
43448  -37.577  -31.515  22.352 0.0000000000
52654  -48.775  -20.531  18.252 0.0000000000
47691  -42.677  -26.788  18.032 0.0000000000
28358  -13.032  -47.815  38.274 0.0000000000
41638  -35.343  -32.971  26.719 0.0000000000
25393  -29.713  -51.365  36.616 0.0000000000
29402  -37.776  -47.636  33.489 0.0000000000
35404  -38.529  -40.487  31.089 0.0000000000
38827  -39.098  -36.975  30.802 0.0000000000
113553  -20.849  -45.702  34.070 0.0000000000
26293  -25.955  -50.449  38.916 0.0000000000
29415  -24.424  -47.361  32.624 0.0000000000
31180  -32.966  -45.646  30.127 0.0000000000
106934  -37.378  -44.427  29.387 0.0000000000
44258  -39.948  -30.617  29.734 0.0000000000
44313  -43.448  -30.190  26.468 0.0000000000
50156  -44.958  -22.991  17.649 0.0000000000
45219  -40.898  -29.784  19.855 0.0000000000
52716  -48.468  -20.532  14.719 0.0000000000
25368  -9.976  -51.634  38.300 0.0000000000
42466  -38.765  -32.937  31.302 0.0000000000
44341  -35.573  -30.648  25.334 0.0000000000
29437  -29.108  -47.609  31.497 0.0000000000
27408  -33.753  -49.279  34.645 0.0000000000
45191  -45.543  -29.117  23.714 0.0000000000
98464  -55.152  -20.087  12.174 0.0000000000
35449  -37.203  -40.118  28.660 0.0000000000
37123  -38.362  -38.440  28.437 0.0000000000
30317  -22.956  -46.738  33.651 0.0000000000
32895  -34.420  -43.435  27.481 0.0000000000
107711  -36.322  -42.287  27.471 0.0000000000
33709  -38.279  -42.617  29.653 0.0000000000
109165  -39.453  -31.239  25.500 0.0000000000
44296  -41.277  -30.889  27.761 0.0000000000
44328  -40.771  -30.999  24.772 0.0000000000
50994  -46.052  -21.746  17.695 0.0000000000
49342  -46.675  -23.900  19.336 0.0000000000
53510  -50.892  -19.165  19.181 0.0000000000
27374  -12.655  -49.558  34.815 0.0000000000
98570  -11.555  -49.559  38.539 0.0000000000
40692  -37.163  -34.720  27.870 0.0000000000
40667  -38.244  -34.714  30.806 0.0000000000
41602  -37.069  -33.099  29.077 0.0000000000
43387  -36.684  -31.031  27.941 0.0000000000
43394  -35.119  -31.450  26.571 0.0000000000
25373  -27.939  -51.252  37.992 0.0000000000
25331  -28.520  -51.756  40.587 0.0000000000
24512  -30.099  -52.208  40.253 0.0000000000
25360  -32.532  -51.775  38.581 0.0000000000
30393  -26.064  -46.453  29.362 0.0000000000
31213  -28.463  -45.515  28.479 0.0000000000
30348  -35.890  -46.842  32.306 0.0000000000
29419  -33.228  -47.465  32.417 0.0000000000
28412  -35.596  -48.304  33.936 0.0000000000
26325  -35.902  -50.410  36.820 0.0000000000
99726  -17.374  -46.788  35.794 0.0000000000
29314  -19.183  -47.597  39.341 0.0000000000
28280  -19.530  -48.373  43.575 0.0000000000
46017  -41.825  -28.673  19.195 0.0000000000
45201  -42.731  -29.713  22.088 0.0000000000
45987  -44.417  -28.412  21.569 0.0000000000
53560  -56.966  -19.885  11.588 0.0000000000
29268  -12.556  -47.344  42.412 0.0000000000
34488  -40.690  -40.665  33.799 0.0000000000
37085  -40.817  -38.683  33.372 0.0000000000
37106  -39.809  -38.467  31.164 0.0000000000
38841  -38.480  -36.725  28.462 0.0000000000
29357  -21.421  -47.397  36.799 0.0000000000
27313  -24.056  -49.818  39.915 0.0000000000
96627  -23.948  -48.498  37.080 0.0000000000
103140  -25.344  -48.883  35.581 0.0000000000
26339  -27.273  -49.945  35.339 0.0000000000
32020  -29.793  -44.817  27.978 0.0000000000
32042  -32.132  -44.101  27.894 0.0000000000
31200  -35.167  -45.069  29.819 0.0000000000
30370  -38.517  -46.217  31.672 0.0000000000
31996  -40.242  -44.867  31.894 0.0000000000
32830  -39.517  -43.159  32.493 0.0000000000
31130  -18.982  -45.664  33.202 0.0000000000
43340  -40.945  -30.593  32.312 0.0000000000
44179  -43.869  -30.526  34.642 0.0000000000
108157  -42.479  -30.197  31.054 0.0000000000
44261  -44.473  -30.341  29.411 0.0000000000
48510  -43.765  -25.102  17.713 0.0000000000
47664  -44.680  -26.566  20.349 0.0000000000
108930  -45.402  -25.267  19.713 0.0000000000
21090  -5.361  -56.122  41.059 0.0000000000
44383  -39.443  -31.057  21.215 0.0000000000
46056  -39.753  -28.388  17.617 0.0000000000
103892  -41.678  -24.214  17.173 0.0000000000
50990  -42.564  -22.607  17.195 0.0000000000
51869  -44.333  -21.261  16.765 0.0000000000
52668  -46.471  -21.073  16.878 0.0000000000
51871  -47.839  -21.161  16.136 0.0000000000
53538  -46.316  -19.958  14.628 0.0000000000
27267  -10.379  -49.399  42.500 0.0000000000
26244  -8.178  -51.030  42.003 0.0000000000
23578  -5.911  -53.318  41.119 0.0000000000
41476  -40.828  -33.730  37.362 0.0000000000
37901  -39.464  -37.116  34.177 0.0000000000
40630  -39.658  -34.597  34.089 0.0000000000
42446  -40.061  -32.726  33.148 0.0000000000
43363  -39.331  -30.838  30.548 0.0000000000
44309  -37.930  -30.835  27.011 0.0000000000
105121  -36.695  -31.104  23.825 0.0000000000
25318  -26.871  -51.333  41.679 0.0000000000
28452  -26.912  -48.147  32.035 0.0000000000
27425  -29.087  -49.561  33.745 0.0000000000
30383  -30.581  -46.598  30.495 0.0000000000
28424  -31.250  -48.484  32.943 0.0000000000
25417  -32.100  -50.709  35.724 0.0000000000
25398  -34.208  -50.916  37.450 0.0000000000
28406  -13.706  -48.489  34.669 0.0000000000
97498  -15.116  -47.161  35.063 0.0000000000
30244  -15.218  -46.817  38.719 0.0000000000
111232  -41.696  -30.467  22.775 0.0000000000
45173  -44.391  -29.634  25.526 0.0000000000
45167  -47.215  -29.136  26.770 0.0000000000
45981  -46.152  -28.016  22.739 0.0000000000
51874  -50.734  -21.391  16.563 0.0000000000
51862  -52.929  -20.902  17.343 0.0000000000
51878  -54.836  -20.895  15.908 0.0000000000
52731  -53.446  -20.553  13.394 0.0000000000
52723  -56.863  -20.369  14.635 0.0000000000
35467  -36.303  -39.925  26.665 0.0000000000
36326  -36.725  -39.181  26.754 0.0000000000
36338  -35.654  -39.402  25.305 0.0000000000
34566  -34.851  -41.872  26.126 0.0000000000
114419  -35.773  -41.235  26.447 0.0000000000
34560  -36.555  -41.385  27.512 0.0000000000
43438  -38.311  -31.422  23.603 0.0000000000
43408  -39.844  -31.247  24.844 0.0000000000
43439  -39.036  -31.415  23.496 0.0000000000
51859  -47.306  -21.077  17.762 0.0000000000
50978  -47.341  -22.177  18.678 0.0000000000
51831  -48.789  -21.699  19.555 0.0000000000
111702  -49.065  -20.670  19.050 0.0000000000
52655  -49.605  -20.100  18.603 0.0000000000
28393  -12.851  -48.894  35.918 0.0000000000
27361  -11.917  -49.918  36.102 0.0000000000
27338  -12.096  -49.020  38.159 0.0000000000
40691  -36.581  -34.166  27.458 0.0000000000
41624  -36.781  -33.732  28.271 0.0000000000
41623  -36.201  -33.105  27.848 0.0000000000
42507  -36.096  -31.970  28.015 0.0000000000
107744  -35.114  -32.207  26.971 0.0000000000
27275  -22.564  -49.692  42.592 0.0000000000
100149  -28.753  -51.448  37.707 0.0000000000
25343  -29.359  -51.823  39.376 0.0000000000
25357  -29.486  -51.710  38.401 0.0000000000
24525  -31.253  -52.093  39.345 0.0000000000
101194  -31.077  -51.662  37.554 0.0000000000
29422  -36.357  -47.267  32.864 0.0000000000
102194  -35.960  -47.728  33.392 0.0000000000
28429  -37.163  -48.225  34.051 0.0000000000
27386  -37.036  -49.457  35.450 0.0000000000
105080  -20.136  -47.600  38.165 0.0000000000
28330  -20.532  -48.477  40.590 0.0000000000
28300  -21.080  -48.899  42.010 0.0000000000
42408  -42.479  -31.789  37.689 0.0000000000
46890  -42.386  -27.491  18.369 0.0000000000
45998  -42.712  -28.686  20.191 0.0000000000
46876  -43.433  -27.442  19.457 0.0000000000
35393  -39.567  -40.763  32.442 0.0000000000
35394  -40.306  -40.078  32.668 0.0000000000
35418  -39.210  -39.749  31.092 0.0000000000
37943  -38.543  -37.556  28.297 0.0000000000
38859  -37.455  -36.585  26.382 0.0000000000
39792  -37.391  -35.801  26.630 0.0000000000
30295  -21.348  -46.651  35.374 0.0000000000
28375  -22.746  -48.154  37.637 0.0000000000
30296  -22.088  -46.937  35.266 0.0000000000
29398  -23.757  -47.205  33.316 0.0000000000
29387  -24.109  -47.882  35.008 0.0000000000
28409  -25.608  -48.727  34.702 0.0000000000
26338  -26.915  -49.998  36.089 0.0000000000
28410  -25.908  -48.633  34.012 0.0000000000
32891  -30.880  -43.771  27.130 0.0000000000
32881  -35.707  -43.688  28.129 0.0000000000
32026  -35.270  -44.251  28.632 0.0000000000
32014  -36.610  -44.531  29.250 0.0000000000
31184  -36.590  -45.484  30.418 0.0000000000
31185  -37.691  -45.400  30.412 0.0000000000
31172  -39.393  -45.677  31.461 0.0000000000
32006  -39.291  -44.531  30.510 0.0000000000
107262  -38.261  -41.686  30.724 0.0000000000
33685  -39.062  -42.643  31.772 0.0000000000
34509  -38.826  -41.606  32.104 0.0000000000
34487  -39.874  -41.730  33.383 0.0000000000
31113  -20.274  -45.874  34.294 0.0000000000
96196  -40.758  -30.478  31.167 0.0000000000
44231  -42.101  -30.198  31.794 0.0000000000
44245  -41.225  -30.380  30.505 0.0000000000
44297  -42.748  -30.601  27.130 0.0000000000
44280  -43.203  -30.502  28.754 0.0000000000
97179  -43.811  -30.399  28.155 0.0000000000
44262  -45.384  -30.245  29.092 0.0000000000
44299  -44.516  -30.103  27.617 0.0000000000
49353  -44.375  -24.624  17.829 0.0000000000
48498  -44.496  -25.318  18.284 0.0000000000
49340  -45.077  -24.499  18.196 0.0000000000
100455  -46.990  -24.225  20.426 0.0000000000
50153  -42.444  -23.628  17.214 0.0000000000
50989  -41.705  -22.322  17.218 0.0000000000
51868  -43.512  -21.220  16.706 0.0000000000
52686  -43.912  -20.874  16.182 0.0000000000
51870  -45.121  -21.251  16.903 0.0000000000
52704  -45.307  -20.781  15.630 0.0000000000
52705  -46.276  -21.001  15.769 0.0000000000
25385  -10.557  -51.222  36.905 0.0000000000
24519  -9.425  -52.238  38.387 0.0000000000
29219  -11.875  -46.779  44.988 0.0000000000
28295  -11.458  -48.475  42.477 0.0000000000
29234  -10.912  -47.600  44.722 0.0000000000
26227  -8.194  -50.209  43.613 0.0000000000
26226  -6.975  -50.975  43.826 0.0000000000
24484  -6.714  -52.219  41.667 0.0000000000
105437  -6.441  -52.269  43.083 0.0000000000
23552  -5.906  -53.634  42.341 0.0000000000
37919  -40.005  -37.787  32.548 0.0000000000
107050  -40.036  -37.584  33.837 0.0000000000
38811  -38.951  -36.621  32.663 0.0000000000
41562  -38.436  -33.796  31.022 0.0000000000
40648  -39.023  -34.940  32.862 0.0000000000
114973  -39.168  -33.717  32.297 0.0000000000
41523  -39.819  -33.728  33.482 0.0000000000
42453  -39.696  -32.379  32.397 0.0000000000
43339  -39.857  -31.383  32.087 0.0000000000
42479  -38.413  -31.666  30.410 0.0000000000
44307  -36.099  -30.837  26.693 0.0000000000
44292  -37.218  -30.811  27.843 0.0000000000
44325  -36.853  -30.766  26.074 0.0000000000
43405  -36.838  -30.819  25.263 0.0000000000
43418  -36.233  -30.755  24.783 0.0000000000
26281  -25.342  -50.313  39.513 0.0000000000
26267  -25.354  -50.541  40.522 0.0000000000
25328  -26.211  -50.914  40.876 0.0000000000
30380  -27.281  -47.093  30.294 0.0000000000
29450  -26.831  -47.423  30.820 0.0000000000
28453  -27.709  -48.194  32.029 0.0000000000
27440  -27.794  -49.041  33.171 0.0000000000
28442  -28.994  -48.576  32.591 0.0000000000
31196  -31.443  -45.583  29.480 0.0000000000
31195  -30.593  -45.699  29.308 0.0000000000
30385  -32.141  -46.292  30.604 0.0000000000
27429  -33.346  -48.857  34.045 0.0000000000
28443  -31.974  -48.045  32.685 0.0000000000
27428  -32.503  -48.951  33.877 0.0000000000
111609  -31.588  -50.006  34.658 0.0000000000
26364  -32.342  -50.092  35.026 0.0000000000
26322  -32.689  -50.951  36.402 0.0000000000
26344  -34.012  -50.345  35.843 0.0000000000
95737  -40.787  -45.734  33.228 0.0000000000
30290  -15.929  -46.826  35.845 0.0000000000
30271  -15.930  -46.803  36.751 0.0000000000
29339  -15.091  -46.819  37.166 0.0000000000
112344  -20.066  -48.800  44.858 0.0000000000
44384  -40.392  -30.665  21.070 0.0000000000
96541  -40.817  -30.752  21.952 0.0000000000
44385  -41.279  -30.312  21.411 0.0000000000
45203  -44.341  -29.312  22.766 0.0000000000
112690  -43.629  -29.703  23.446 0.0000000000
45183  -45.213  -29.340  24.375 0.0000000000
45165  -45.519  -29.414  26.189 0.0000000000
45175  -46.171  -29.188  25.532 0.0000000000
46861  -45.016  -26.925  21.073 0.0000000000
46840  -45.364  -27.365  21.670 0.0000000000
112796  -46.224  -27.340  22.458 0.0000000000
52707  -48.089  -20.952  15.377 0.0000000000
52690  -49.200  -20.971  16.892 0.0000000000
52708  -48.876  -21.043  15.265 0.0000000000
51904  -51.385  -21.378  15.228 0.0000000000
51905  -52.422  -21.211  14.915 0.0000000000
110436  -54.342  -20.947  16.486 0.0000000000
51906  -53.503  -21.102  14.966 0.0000000000
53557  -53.372  -19.239  11.427 0.0000000000
53552  -53.185  -19.760  12.099 0.0000000000
52738  -53.808  -20.245  12.687 0.0000000000
52732  -54.474  -20.590  13.477 0.0000000000
52740  -56.024  -20.347  12.916 0.0000000000
52741  -57.025  -20.323  12.965 0.0000000000
52746  -58.340  -20.195  12.261 0.0000000000
35434  -37.733  -40.635  29.968 0.0000000000
36284  -38.645  -39.268  29.786 0.0000000000
36298  -37.650  -39.275  28.376 0.0000000000
37149  -36.983  -38.548  26.526 0.0000000000
30333  -22.197  -46.260  33.945 0.0000000000
33740  -34.456  -42.459  26.453 0.0000000000
33728  -35.594  -42.677  27.203 0.0000000000
32883  -37.230  -43.056  28.481 0.0000000000
32872  -38.278  -43.410  29.475 0.0000000000
33719  -37.427  -42.290  28.606 0.0000000000
34542  -37.572  -41.263  29.353 0.0000000000
44294  -39.248  -30.926  27.926 0.0000000000
44277  -40.625  -30.675  28.906 0.0000000000
107246  -40.148  -31.213  26.302 0.0000000000
95792  -41.474  -30.928  26.335 0.0000000000
110088  -41.847  -30.768  25.700 0.0000000000
50976  -45.742  -22.696  17.997 0.0000000000
49341  -45.897  -24.255  18.697 0.0000000000
50977  -46.575  -22.442  18.288 0.0000000000
50132  -47.435  -23.592  19.897 0.0000000000
53511  -51.626  -18.726  19.199 0.0000000000
26314  -11.412  -50.306  36.536 0.0000000000
26287  -10.701  -50.645  38.532 0.0000000000
39765  -38.168  -35.728  29.734 0.0000000000
38819  -38.485  -36.200  31.196 0.0000000000
40675  -37.961  -34.859  30.025 0.0000000000
40666  -38.010  -33.894  30.281 0.0000000000
41583  -37.690  -33.013  29.797 0.0000000000
42490  -37.815  -31.941  29.928 0.0000000000
42498  -36.819  -31.846  28.761 0.0000000000
43386  -36.166  -31.330  27.622 0.0000000000
44306  -35.353  -31.013  26.363 0.0000000000
26295  -27.164  -50.906  38.375 0.0000000000
25340  -27.043  -51.150  39.857 0.0000000000
25355  -27.854  -51.354  38.861 0.0000000000
25332  -29.320  -51.969  40.400 0.0000000000
103095  -32.558  -52.644  39.895 0.0000000000
30408  -26.959  -46.158  28.983 0.0000000000
30395  -28.403  -46.459  29.622 0.0000000000
30366  -34.460  -46.487  31.548 0.0000000000
29440  -32.977  -46.979  31.789 0.0000000000
112335  -34.785  -47.475  32.889 0.0000000000
28427  -34.644  -48.306  33.746 0.0000000000
27409  -34.637  -49.154  34.699 0.0000000000
26345  -34.760  -50.043  35.678 0.0000000000
27385  -36.152  -49.593  35.447 0.0000000000
112536  -18.138  -46.458  34.225 0.0000000000
30292  -17.991  -46.769  35.893 0.0000000000
29313  -18.404  -47.428  39.796 0.0000000000
29287  -18.408  -47.636  41.553 0.0000000000
28314  -19.867  -48.292  41.905 0.0000000000
45233  -41.299  -29.230  19.349 0.0000000000
45211  -41.796  -29.788  20.965 0.0000000000
45221  -42.289  -29.262  20.555 0.0000000000
45214  -44.037  -29.029  21.962 0.0000000000
45980  -44.785  -28.765  22.243 0.0000000000
54327  -47.725  -18.997  14.219 0.0000000000
52717  -49.299  -20.607  14.574 0.0000000000
53543  -48.542  -19.152  13.996 0.0000000000
53558  -54.153  -19.216  11.124 0.0000000000
53554  -56.116  -20.063  12.055 0.0000000000
53572  -54.942  -19.096  10.816 0.0000000000
53573  -55.682  -19.023  10.593 0.0000000000
29298  -13.553  -47.013  40.567 0.0000000000
112774  -12.708  -47.768  39.986 0.0000000000
109923  -41.340  -39.986  35.115 0.0000000000
35384  -40.986  -39.933  33.789 0.0000000000
36263  -40.147  -38.646  31.809 0.0000000000
37925  -39.615  -37.763  30.925 0.0000000000
37118  -38.746  -38.598  29.335 0.0000000000
37937  -38.969  -37.425  29.505 0.0000000000
38834  -38.625  -36.599  29.373 0.0000000000
39771  -38.126  -35.917  28.838 0.0000000000
40702  -37.040  -35.018  27.013 0.0000000000
110674  -21.519  -48.175  38.543 0.0000000000
27329  -22.714  -49.318  40.122 0.0000000000
28346  -23.078  -49.022  39.055 0.0000000000
28361  -23.728  -48.960  38.381 0.0000000000
101376  -24.761  -49.296  37.824 0.0000000000
29372  -23.261  -47.599  35.484 0.0000000000
28389  -24.566  -48.672  36.441 0.0000000000
27357  -25.689  -49.663  37.307 0.0000000000
26319  -26.832  -50.262  37.007 0.0000000000
26320  -27.556  -50.541  36.637 0.0000000000
26321  -28.355  -50.816  36.317 0.0000000000
32041  -31.257  -44.209  27.740 0.0000000000
31218  -32.848  -44.992  29.226 0.0000000000
32894  -33.538  -43.529  27.419 0.0000000000
32024  -33.419  -44.493  28.724 0.0000000000
31181  -33.778  -45.589  30.272 0.0000000000
30388  -35.032  -45.953  31.045 0.0000000000
30368  -36.427  -46.402  31.665 0.0000000000
103488  -38.023  -47.159  32.827 0.0000000000
29404  -39.551  -47.292  33.530 0.0000000000
30351  -39.546  -46.777  32.818 0.0000000000
103985  -40.319  -46.148  32.707 0.0000000000
110228  -40.760  -45.161  33.078 0.0000000000
32865  -39.350  -43.815  30.553 0.0000000000
32831  -40.090  -44.097  32.023 0.0000000000
31962  -40.571  -44.599  33.514 0.0000000000
32792  -39.632  -43.080  34.384 0.0000000000
97739  -19.408  -46.508  35.265 0.0000000000
43317  -41.919  -31.190  34.382 0.0000000000
109803  -42.007  -30.481  33.207 0.0000000000
44217  -43.562  -30.168  32.824 0.0000000000
44232  -43.750  -30.108  31.830 0.0000000000
96292  -41.917  -30.417  29.753 0.0000000000
96769  -43.901  -30.301  30.189 0.0000000000
47692  -43.416  -26.482  18.322 0.0000000000
47678  -43.780  -26.779  19.066 0.0000000000
47693  -44.104  -26.079  18.695 0.0000000000
47680  -45.014  -25.794  20.097 0.0000000000
47665  -45.309  -26.102  20.880 0.0000000000
48491  -46.125  -24.673  19.800 0.0000000000
48482  -45.713  -25.216  20.703 0.0000000000
43463  -37.018  -31.441  20.954 0.0000000000
43464  -38.584  -31.334  21.401 0.0000000000
44400  -38.078  -30.928  19.942 0.0000000000
96720  -38.894  -30.602  19.806 0.0000000000
44431  -39.333  -29.794  18.746 0.0000000000
45247  -39.803  -29.198  18.241 0.0000000000
46036  -40.444  -28.692  18.135 0.0000000000
46904  -41.217  -27.350  17.599 0.0000000000
46905  -41.903  -27.066  17.782 0.0000000000
48509  -42.523  -25.609  17.414 0.0000000000
49352  -42.975  -24.866  17.402 0.0000000000
103000  -43.744  -24.179  17.480 0.0000000000
50155  -44.112  -23.207  17.428 0.0000000000
51867  -42.651  -21.165  16.713 0.0000000000
51855  -43.946  -21.718  17.050 0.0000000000
50992  -44.423  -22.326  17.354 0.0000000000
109317  -45.428  -21.553  17.268 0.0000000000
51858  -46.683  -21.231  17.457 0.0000000000
52669  -47.256  -20.951  17.369 0.0000000000
52670  -48.415  -20.567  17.768 0.0000000000
52688  -47.084  -20.995  16.612 0.0000000000
52706  -47.247  -20.917  15.556 0.0000000000
53539  -47.115  -19.742  14.489 0.0000000000
106701  -47.020  -18.807  14.326 0.0000000000
28328  -12.176  -48.348  40.393 0.0000000000
27307  -11.210  -49.407  40.589 0.0000000000
26259  -10.280  -50.491  40.183 0.0000000000
27244  -9.749  -48.967  44.139 0.0000000000
26236  -9.228  -50.275  42.262 0.0000000000
25334  -9.170  -51.650  39.952 0.0000000000
114029  -8.652  -52.124  39.874 0.0000000000
23590  -7.426  -53.269  39.754 0.0000000000
22726  -5.723  -54.465  39.848 0.0000000000
22691  -5.336  -54.580  41.329 0.0000000000
42417  -41.527  -32.254  36.514 0.0000000000
38786  -39.923  -36.757  35.875 0.0000000000
39745  -38.832  -35.836  32.857 0.0000000000
112280  -39.149  -35.968  34.141 0.0000000000
40620  -40.283  -34.578  35.844 0.0000000000
42423  -40.649  -33.058  34.775 0.0000000000
42437  -41.436  -31.856  34.747 0.0000000000
43327  -40.909  -31.098  33.127 0.0000000000
43354  -40.242  -30.743  31.778 0.0000000000
44257  -39.273  -30.801  29.668 0.0000000000
42491  -38.254  -31.159  29.762 0.0000000000
44274  -37.781  -30.885  28.457 0.0000000000
44275  -38.527  -30.846  28.678 0.0000000000
43396  -38.622  -31.089  25.991 0.0000000000
43420  -38.085  -31.299  24.329 0.0000000000
95925  -37.017  -31.422  22.929 0.0000000000
42528  -34.239  -31.898  25.744 0.0000000000
43404  -34.267  -31.480  25.413 0.0000000000
43417  -34.015  -31.132  24.954 0.0000000000
44339  -34.339  -30.771  24.635 0.0000000000
43436  -35.112  -30.658  23.879 0.0000000000
43447  -35.027  -30.975  22.772 0.0000000000
96073  -35.962  -31.350  22.230 0.0000000000
43462  -36.012  -31.406  21.192 0.0000000000
25319  -27.740  -51.710  41.811 0.0000000000
30362  -24.405  -46.813  31.210 0.0000000000
29448  -25.176  -47.169  31.000 0.0000000000
28438  -25.893  -48.137  32.708 0.0000000000
108646  -27.435  -49.359  33.821 0.0000000000
27403  -28.668  -50.014  34.469 0.0000000000
109975  -29.416  -50.807  35.532 0.0000000000
31214  -29.332  -45.405  28.539 0.0000000000
30396  -29.293  -46.315  29.688 0.0000000000
29453  -30.077  -47.183  31.133 0.0000000000
29418  -32.312  -47.488  32.185 0.0000000000
29438  -30.786  -47.487  31.765 0.0000000000
100424  -29.790  -48.386  32.504 0.0000000000
27426  -30.601  -49.195  33.533 0.0000000000
26341  -30.754  -50.651  35.209 0.0000000000
25394  -30.444  -51.337  36.388 0.0000000000
97705  -31.920  -51.561  37.465 0.0000000000
25376  -32.895  -51.451  37.828 0.0000000000
27375  -13.116  -48.938  35.134 0.0000000000
97807  -13.261  -48.188  36.559 0.0000000000
29383  -15.572  -47.148  34.378 0.0000000000
100255  -14.663  -47.773  33.907 0.0000000000
28394  -14.419  -47.745  34.993 0.0000000000
28386  -14.051  -47.612  36.120 0.0000000000
29338  -13.686  -47.349  37.917 0.0000000000
105783  -14.901  -46.895  40.279 0.0000000000
29256  -18.370  -47.732  43.376 0.0000000000
114848  -39.768  -31.272  22.513 0.0000000000
44343  -41.533  -30.708  24.221 0.0000000000
44344  -42.396  -30.387  24.486 0.0000000000
44370  -42.164  -30.134  22.479 0.0000000000
44345  -43.245  -29.954  24.328 0.0000000000
44332  -43.781  -29.869  25.796 0.0000000000
44315  -44.884  -29.717  26.788 0.0000000000
46860  -44.390  -27.348  20.603 0.0000000000
45988  -45.107  -28.115  21.873 0.0000000000
45972  -45.876  -28.678  23.130 0.0000000000
52671  -49.083  -20.383  17.833 0.0000000000
110982  -50.629  -19.720  18.337 0.0000000000
52657  -51.821  -19.007  18.704 0.0000000000
51889  -50.651  -21.570  15.843 0.0000000000
51875  -51.573  -21.339  16.658 0.0000000000
52675  -53.460  -20.303  17.926 0.0000000000
52676  -54.589  -20.376  17.751 0.0000000000
106325  -55.736  -20.409  17.376 0.0000000000
52730  -52.471  -20.412  13.289 0.0000000000
52722  -54.034  -20.853  14.207 0.0000000000
108204  -56.050  -20.573  15.061 0.0000000000
52745  -57.321  -20.205  12.443 0.0000000000
35480  -35.901  -39.873  25.956 0.0000000000
34582  -35.270  -41.167  25.898 0.0000000000
35466  -35.823  -40.593  26.208 0.0000000000
107227  -36.182  -40.887  26.842 0.0000000000
95924  -37.903  -31.498  22.983 0.0000000000
96991  -38.562  -31.474  23.030 0.0000000000
52653  -47.926  -20.735  17.903 0.0000000000
51843  -47.638  -21.277  18.311 0.0000000000
51844  -48.349  -20.978  18.662 0.0000000000
110051  -49.702  -20.493  19.419 0.0000000000
28372  -12.767  -48.446  37.134 0.0000000000
27350  -12.262  -49.043  37.246 0.0000000000
28357  -12.619  -48.426  37.808 0.0000000000
41639  -35.971  -33.592  27.069 0.0000000000
41622  -35.665  -32.538  27.349 0.0000000000
42529  -34.744  -32.297  26.363 0.0000000000
27294  -22.464  -49.544  41.726 0.0000000000
27312  -22.037  -49.200  40.817 0.0000000000
25392  -28.927  -51.268  36.862 0.0000000000
25374  -29.604  -51.565  37.450 0.0000000000
25358  -30.498  -51.776  38.188 0.0000000000
25375  -30.390  -51.577  37.133 0.0000000000
29401  -36.794  -47.678  33.428 0.0000000000
28430  -38.005  -48.185  34.199 0.0000000000
28316  -21.188  -48.850  41.128 0.0000000000
46875  -42.763  -27.800  19.099 0.0000000000
46891  -43.098  -27.152  18.702 0.0000000000
35405  -39.021  -40.605  31.700 0.0000000000
36248  -39.759  -39.907  31.945 0.0000000000
38867  -37.082  -36.808  25.734 0.0000000000
37948  -37.714  -37.280  26.890 0.0000000000
30315  -21.753  -46.409  34.684 0.0000000000
29399  -24.685  -47.759  33.513 0.0000000000
28408  -24.596  -47.971  34.328 0.0000000000
102790  -25.218  -48.274  34.134 0.0000000000
27401  -26.143  -49.005  34.501 0.0000000000
28422  -25.534  -48.188  33.395 0.0000000000
32028  -37.106  -43.877  28.889 0.0000000000
32027  -36.178  -44.114  28.672 0.0000000000
31202  -37.086  -44.960  29.826 0.0000000000
32004  -37.998  -44.712  29.807 0.0000000000
32005  -38.683  -45.050  30.366 0.0000000000
34508  -38.372  -41.237  31.342 0.0000000000
34497  -39.481  -41.612  32.818 0.0000000000
44244  -40.325  -30.534  30.475 0.0000000000
97187  -40.884  -30.485  29.771 0.0000000000
95793  -42.949  -30.575  27.991 0.0000000000
44298  -43.605  -30.325  27.366 0.0000000000
49354  -44.646  -23.885  17.737 0.0000000000
49335  -47.448  -24.548  21.027 0.0000000000
52687  -44.756  -20.993  16.275 0.0000000000
52703  -44.433  -20.524  15.484 0.0000000000
52712  -45.041  -20.261  14.991 0.0000000000
25369  -10.295  -51.458  37.628 0.0000000000
100330  -9.820  -52.065  37.616 0.0000000000
99112  -9.777  -52.507  36.717 0.0000000000
29235  -11.484  -47.208  44.482 0.0000000000
29217  -10.494  -47.679  45.205 0.0000000000
25294  -6.788  -51.609  43.308 0.0000000000
24468  -6.917  -52.181  43.659 0.0000000000
106643  -39.463  -37.353  31.454 0.0000000000
37918  -39.457  -37.286  32.232 0.0000000000
38820  -38.944  -36.733  31.748 0.0000000000
41545  -38.817  -33.749  31.744 0.0000000000
41546  -39.189  -33.025  32.013 0.0000000000
42467  -39.186  -31.988  31.607 0.0000000000
111206  -38.657  -32.110  30.987 0.0000000000
44324  -35.937  -30.669  25.818 0.0000000000
26268  -26.187  -50.765  39.899 0.0000000000
29451  -27.656  -47.408  30.853 0.0000000000
29436  -28.120  -47.751  31.464 0.0000000000
28454  -28.550  -48.130  32.063 0.0000000000
31197  -32.329  -45.499  29.691 0.0000000000
30399  -31.785  -45.966  30.098 0.0000000000
111222  -32.380  -45.889  30.226 0.0000000000
27407  -32.881  -49.438  34.505 0.0000000000
26365  -33.355  -49.877  35.173 0.0000000000
26343  -33.004  -50.507  35.739 0.0000000000
30336  -41.377  -45.956  34.048 0.0000000000
30227  -17.143  -47.180  40.279 0.0000000000
44402  -40.351  -30.262  20.159 0.0000000000
44403  -41.047  -30.058  20.613 0.0000000000
45190  -44.656  -29.429  23.730 0.0000000000
45184  -46.024  -29.117  24.493 0.0000000000
47649  -45.719  -26.490  21.634 0.0000000000
46841  -45.876  -27.083  22.071 0.0000000000
52715  -47.605  -20.503  14.849 0.0000000000
51887  -48.500  -21.261  15.834 0.0000000000
52720  -52.240  -20.824  14.055 0.0000000000
53553  -54.153  -19.851  11.896 0.0000000000
52739  -54.831  -20.358  12.750 0.0000000000
35450  -37.475  -40.398  29.285 0.0000000000
113666  -37.706  -39.736  29.012 0.0000000000
97692  -36.997  -39.847  27.971 0.0000000000
36339  -36.285  -39.058  26.084 0.0000000000
37165  -36.702  -38.194  25.837 0.0000000000
33757  -34.074  -42.019  25.878 0.0000000000
33742  -35.753  -42.153  26.914 0.0000000000
33741  -35.200  -42.323  26.656 0.0000000000
32897  -36.052  -43.072  27.716 0.0000000000
32898  -36.625  -42.854  27.990 0.0000000000
33729  -36.907  -42.364  28.082 0.0000000000
35461  -36.882  -40.727  28.117 0.0000000000
107909  -37.461  -41.672  28.796 0.0000000000
34554  -37.212  -40.980  28.774 0.0000000000
44310  -39.595  -31.187  26.234 0.0000000000
95951  -40.007  -31.141  26.984 0.0000000000
44327  -40.244  -31.201  25.645 0.0000000000
96059  -41.116  -30.980  25.644 0.0000000000
50964  -47.729  -22.825  19.550 0.0000000000
50133  -47.943  -23.278  20.444 0.0000000000
53499  -51.509  -19.033  19.882 0.0000000000
53500  -52.354  -18.460  19.970 0.0000000000
27349  -11.780  -49.711  36.880 0.0000000000
107314  -11.539  -50.419  35.854 0.0000000000
26300  -11.305  -50.212  37.311 0.0000000000
26313  -10.975  -50.669  36.909 0.0000000000
26288  -11.200  -50.166  38.128 0.0000000000
39764  -37.796  -35.049  29.185 0.0000000000
40674  -37.639  -34.058  29.509 0.0000000000
101160  -37.350  -32.196  29.392 0.0000000000
42506  -35.504  -31.709  27.190 0.0000000000
43395  -35.728  -31.192  26.993 0.0000000000
44305  -34.757  -31.226  25.991 0.0000000000
111178  -27.277  -51.146  39.150 0.0000000000
24526  -32.209  -52.180  39.427 0.0000000000
24514  -31.860  -52.684  40.227 0.0000000000
30409  -27.954  -46.084  29.004 0.0000000000
29442  -34.857  -46.978  32.302 0.0000000000
29400  -35.137  -47.814  33.355 0.0000000000
28411  -34.942  -48.681  34.250 0.0000000000
27384  -35.172  -49.586  35.243 0.0000000000
27410  -35.635  -48.977  34.683 0.0000000000
30293  -18.640  -46.693  35.580 0.0000000000
96397  -17.834  -46.720  35.063 0.0000000000
30274  -18.530  -46.865  36.402 0.0000000000
29300  -19.093  -47.737  40.304 0.0000000000
29288  -18.961  -47.786  41.079 0.0000000000
28329  -19.708  -48.131  41.032 0.0000000000
27274  -21.790  -49.345  42.523 0.0000000000
27273  -20.961  -48.965  42.921 0.0000000000
45234  -42.030  -28.974  19.826 0.0000000000
45999  -43.383  -28.364  20.553 0.0000000000
45222  -42.990  -28.964  20.916 0.0000000000
45986  -43.698  -28.679  21.258 0.0000000000
54341  -53.508  -18.607  10.879 0.0000000000
54342  -54.188  -18.566  10.540 0.0000000000
30218  -13.625  -46.959  41.373 0.0000000000
102168  -13.058  -46.676  45.478 0.0000000000
113711  -40.644  -41.084  34.346 0.0000000000
35371  -41.037  -40.447  34.564 0.0000000000
35383  -40.646  -40.211  33.277 0.0000000000
36262  -39.910  -39.147  31.456 0.0000000000
36249  -40.401  -39.211  32.280 0.0000000000
37107  -39.953  -37.958  31.753 0.0000000000
36299  -38.243  -39.185  29.066 0.0000000000
38849  -38.215  -36.995  27.672 0.0000000000
103807  -38.768  -37.253  28.886 0.0000000000
39781  -38.029  -36.127  27.958 0.0000000000
96965  -22.293  -48.565  38.809 0.0000000000
28374  -22.191  -48.095  38.056 0.0000000000
28387  -23.075  -47.985  37.002 0.0000000000
28376  -23.461  -48.504  37.673 0.0000000000
27345  -24.558  -49.430  38.414 0.0000000000
28377  -24.290  -48.945  37.688 0.0000000000
30316  -22.601  -46.882  34.515 0.0000000000
29386  -23.335  -47.399  34.726 0.0000000000
28396  -24.579  -48.391  35.554 0.0000000000
27366  -25.483  -49.297  36.522 0.0000000000
109826  -26.272  -50.047  37.368 0.0000000000
27367  -26.228  -49.776  36.701 0.0000000000
27381  -26.668  -49.607  35.280 0.0000000000
105452  -27.765  -50.340  35.788 0.0000000000
32892  -31.765  -43.689  27.224 0.0000000000
32022  -31.611  -44.633  28.383 0.0000000000
32023  -32.499  -44.545  28.556 0.0000000000
32911  -34.019  -43.008  26.890 0.0000000000
32910  -33.165  -43.133  26.755 0.0000000000
32012  -34.777  -44.703  29.224 0.0000000000
32025  -34.358  -44.341  28.661 0.0000000000
32011  -33.932  -44.771  29.230 0.0000000000
31199  -34.278  -45.149  29.767 0.0000000000
31182  -34.642  -45.534  30.387 0.0000000000
31183  -35.577  -45.497  30.426 0.0000000000
31169  -37.020  -45.939  31.025 0.0000000000
30369  -37.422  -46.368  31.637 0.0000000000
30349  -37.776  -46.768  32.281 0.0000000000
30350  -38.686  -46.753  32.454 0.0000000000
99672  -39.867  -45.150  31.410 0.0000000000
31152  -40.052  -45.576  31.973 0.0000000000
31153  -40.486  -45.377  32.539 0.0000000000
32864  -38.795  -43.234  30.074 0.0000000000
32852  -39.569  -43.533  31.397 0.0000000000
32809  -40.016  -43.918  33.069 0.0000000000
32793  -39.996  -43.833  34.229 0.0000000000
32808  -39.596  -43.156  33.562 0.0000000000
102327  -40.312  -41.413  33.842 0.0000000000
33638  -39.803  -42.301  33.971 0.0000000000
103294  -40.293  -41.756  34.589 0.0000000000
30332  -18.835  -46.108  33.968 0.0000000000
101967  -20.645  -47.185  36.658 0.0000000000
43341  -41.456  -30.574  32.954 0.0000000000
43329  -42.489  -30.582  33.921 0.0000000000
101671  -42.771  -30.176  32.304 0.0000000000
112597  -42.887  -30.130  31.605 0.0000000000
44278  -41.439  -30.748  28.442 0.0000000000
111444  -41.422  -30.574  29.132 0.0000000000
44279  -42.252  -30.611  28.758 0.0000000000
44260  -43.530  -30.392  29.457 0.0000000000
101666  -44.308  -30.176  30.937 0.0000000000
44246  -44.783  -30.280  30.171 0.0000000000
114800  -45.085  -30.295  29.661 0.0000000000
44263  -46.377  -30.178  29.389 0.0000000000
48497  -43.681  -25.806  18.017 0.0000000000
48490  -44.807  -25.658  19.165 0.0000000000
50142  -46.290  -23.397  18.477 0.0000000000
113703  -4.807  -55.715  39.805 0.0000000000
21096  -4.960  -56.268  40.379 0.0000000000
44430  -38.511  -29.959  18.593 0.0000000000
102271  -38.945  -30.227  19.172 0.0000000000
46903  -40.475  -27.198  17.327 0.0000000000
47701  -41.275  -26.592  17.346 0.0000000000
48508  -41.631  -25.713  17.221 0.0000000000
49351  -42.126  -24.986  17.207 0.0000000000
103891  -42.990  -24.089  17.259 0.0000000000
50154  -43.247  -23.361  17.267 0.0000000000
50991  -43.562  -22.470  17.223 0.0000000000
51856  -44.744  -21.638  17.169 0.0000000000
50993  -45.221  -22.115  17.547 0.0000000000
52667  -45.599  -21.111  16.451 0.0000000000
51857  -45.901  -21.273  17.118 0.0000000000
52713  -45.842  -20.470  15.000 0.0000000000
52714  -46.719  -20.520  14.979 0.0000000000
23611  -8.716  -53.504  37.667 0.0000000000
29284  -12.610  -47.571  41.581 0.0000000000
28313  -12.128  -48.236  41.243 0.0000000000
28294  -10.801  -48.830  42.869 0.0000000000
28312  -11.587  -48.707  41.697 0.0000000000
27288  -11.097  -49.273  41.328 0.0000000000
101869  -10.550  -49.872  40.881 0.0000000000
27287  -10.505  -49.593  41.762 0.0000000000
28263  -9.304  -48.699  45.044 0.0000000000
100248  -8.246  -50.519  42.891 0.0000000000
26228  -8.960  -50.081  43.035 0.0000000000
112979  -9.402  -50.801  40.884 0.0000000000
25321  -8.877  -51.224  40.899 0.0000000000
24497  -8.301  -51.932  40.469 0.0000000000
23565  -6.316  -52.723  41.413 0.0000000000
114621  -6.966  -52.424  41.021 0.0000000000
23579  -6.842  -52.926  40.593 0.0000000000
22727  -6.880  -54.075  39.391 0.0000000000
23589  -6.296  -53.653  40.270 0.0000000000
22707  -5.468  -53.979  40.769 0.0000000000
22667  -6.710  -53.690  43.024 0.0000000000
41477  -41.261  -33.101  37.732 0.0000000000
42407  -41.694  -32.346  37.596 0.0000000000
41489  -41.088  -32.964  36.891 0.0000000000
36226  -41.261  -39.611  34.430 0.0000000000
102592  -41.434  -39.350  35.218 0.0000000000
37082  -41.223  -38.779  34.405 0.0000000000
37902  -40.164  -37.536  34.575 0.0000000000
37895  -40.284  -37.443  35.485 0.0000000000
38793  -39.651  -36.963  35.014 0.0000000000
39752  -38.404  -35.446  31.401 0.0000000000
38810  -38.566  -36.056  32.042 0.0000000000
39744  -38.664  -35.263  32.162 0.0000000000
40638  -39.427  -34.559  33.383 0.0000000000
39736  -39.190  -35.416  33.671 0.0000000000
39728  -39.503  -35.525  34.600 0.0000000000
39719  -39.883  -35.380  35.497 0.0000000000
40631  -39.961  -34.603  34.958 0.0000000000
41524  -40.406  -32.995  33.914 0.0000000000
110324  -41.064  -32.460  35.027 0.0000000000
42436  -40.897  -32.352  34.320 0.0000000000
43316  -41.245  -31.563  33.963 0.0000000000
42447  -40.630  -32.100  33.551 0.0000000000
43353  -39.588  -31.019  31.319 0.0000000000
44228  -40.006  -30.630  31.054 0.0000000000
43362  -38.897  -30.903  29.807 0.0000000000
43370  -37.579  -31.374  29.230 0.0000000000
43379  -37.236  -31.064  28.470 0.0000000000
44293  -38.226  -30.816  27.876 0.0000000000
96211  -38.955  -30.986  27.004 0.0000000000
43419  -37.228  -31.080  24.497 0.0000000000
43406  -37.759  -31.058  25.293 0.0000000000
43437  -37.551  -31.324  23.682 0.0000000000
43416  -33.594  -31.371  24.700 0.0000000000
44338  -33.676  -30.978  24.432 0.0000000000
44355  -33.335  -30.764  23.677 0.0000000000
43446  -33.938  -30.710  22.827 0.0000000000
27330  -23.346  -49.425  39.690 0.0000000000
26251  -23.741  -50.008  41.061 0.0000000000
26266  -24.408  -50.199  40.606 0.0000000000
25317  -25.851  -50.871  41.688 0.0000000000
25330  -27.661  -51.508  40.781 0.0000000000
29434  -26.463  -47.734  31.461 0.0000000000
29449  -25.984  -47.360  30.807 0.0000000000
28451  -26.191  -47.982  32.089 0.0000000000
28439  -26.599  -48.401  32.654 0.0000000000
28423  -26.263  -48.563  33.326 0.0000000000
27423  -26.992  -48.894  33.233 0.0000000000
27424  -28.240  -49.505  33.752 0.0000000000
26361  -29.419  -50.436  34.950 0.0000000000
30397  -30.153  -46.204  29.810 0.0000000000
30382  -29.709  -46.684  30.351 0.0000000000
102465  -32.290  -46.994  31.575 0.0000000000
28425  -32.175  -48.482  33.239 0.0000000000
27443  -30.590  -48.097  32.381 0.0000000000
109296  -30.361  -48.656  32.893 0.0000000000
26342  -31.500  -50.460  35.145 0.0000000000
26363  -30.932  -50.188  34.668 0.0000000000
25416  -31.296  -50.920  35.722 0.0000000000
25415  -30.574  -51.043  35.772 0.0000000000
110161  -31.044  -51.247  36.196 0.0000000000
25395  -31.106  -51.477  36.821 0.0000000000
25396  -31.803  -51.200  36.443 0.0000000000
25397  -33.255  -51.137  37.170 0.0000000000
103612  -33.750  -51.264  38.114 0.0000000000
26346  -35.552  -50.043  35.899 0.0000000000
26324  -34.909  -50.389  36.310 0.0000000000
97069  -13.574  -48.312  35.589 0.0000000000
110490  -16.313  -46.908  34.327 0.0000000000
30291  -16.737  -46.854  35.195 0.0000000000
29370  -15.324  -46.948  35.593 0.0000000000
30311  -15.802  -46.944  35.073 0.0000000000
29397  -15.263  -47.360  33.556 0.0000000000
109024  -15.020  -47.414  34.429 0.0000000000
29369  -14.742  -47.156  35.784 0.0000000000
30256  -14.928  -46.809  37.947 0.0000000000
97790  -14.485  -47.064  36.644 0.0000000000
96365  -14.341  -46.980  37.523 0.0000000000
29354  -13.816  -47.459  37.034 0.0000000000
29325  -14.296  -46.923  38.493 0.0000000000
112044  -13.970  -46.963  39.269 0.0000000000
30235  -14.649  -46.875  39.391 0.0000000000
114968  -19.087  -47.981  42.564 0.0000000000
29272  -18.538  -47.734  42.503 0.0000000000
44180  -44.623  -30.614  34.909 0.0000000000
43465  -39.246  -31.361  21.999 0.0000000000
44368  -40.027  -31.077  21.880 0.0000000000
44369  -41.122  -30.726  22.671 0.0000000000
44356  -40.749  -30.931  23.172 0.0000000000
44357  -41.450  -30.659  23.384 0.0000000000
44358  -42.056  -30.432  23.801 0.0000000000
45212  -42.532  -29.510  21.309 0.0000000000
44386  -42.009  -29.986  21.738 0.0000000000
112258  -43.970  -29.689  24.255 0.0000000000
44346  -43.724  -29.828  25.042 0.0000000000
44314  -44.237  -29.774  26.261 0.0000000000
108391  -44.842  -29.543  26.021 0.0000000000
45166  -46.346  -29.271  26.450 0.0000000000
45155  -45.738  -29.545  27.001 0.0000000000
45156  -46.566  -29.447  27.296 0.0000000000
46877  -44.079  -27.043  19.857 0.0000000000
108270  -45.703  -27.748  22.205 0.0000000000
108300  -45.485  -28.437  22.496 0.0000000000
45973  -46.569  -28.306  23.346 0.0000000000
52689  -47.869  -20.761  17.218 0.0000000000
107912  -48.521  -20.642  17.334 0.0000000000
52691  -50.002  -20.932  17.120 0.0000000000
51860  -50.859  -20.668  17.486 0.0000000000
52673  -51.349  -19.797  18.176 0.0000000000
51902  -49.668  -21.156  15.168 0.0000000000
51903  -50.478  -21.257  15.122 0.0000000000
51891  -52.041  -21.544  15.874 0.0000000000
51890  -51.292  -21.609  16.043 0.0000000000
52674  -52.373  -20.063  18.048 0.0000000000
52659  -54.223  -19.649  18.519 0.0000000000
51863  -53.872  -20.813  17.189 0.0000000000
111015  -54.750  -20.697  17.061 0.0000000000
52692  -55.579  -20.625  16.524 0.0000000000
111439  -56.832  -20.324  16.912 0.0000000000
52709  -55.965  -20.589  15.723 0.0000000000
52737  -53.024  -20.167  12.737 0.0000000000
52733  -55.798  -20.512  13.678 0.0000000000
97809  -55.257  -20.686  14.339 0.0000000000
52710  -57.769  -20.170  15.577 0.0000000000
52724  -58.140  -20.148  14.956 0.0000000000
53559  -55.831  -19.529  11.179 0.0000000000
35460  -36.579  -40.390  27.416 0.0000000000
36313  -36.846  -39.562  27.279 0.0000000000
34581  -34.479  -41.412  25.529 0.0000000000
34567  -35.493  -41.749  26.475 0.0000000000
34568  -36.027  -41.642  26.918 0.0000000000
113284  -36.744  -41.944  27.783 0.0000000000
43407  -38.861  -31.299  24.874 0.0000000000
98250  -38.749  -31.378  24.087 0.0000000000
43421  -39.451  -31.353  24.138 0.0000000000
43422  -40.174  -31.212  24.189 0.0000000000
51842  -46.906  -21.540  18.037 0.0000000000
51830  -48.048  -21.932  19.152 0.0000000000
51832  -49.470  -21.371  19.947 0.0000000000
52641  -50.172  -20.890  20.385 0.0000000000
52647  -50.208  -19.831  19.319 0.0000000000
113306  -12.748  -49.234  35.398 0.0000000000
103421  -12.411  -49.522  35.656 0.0000000000
27362  -12.302  -49.311  36.409 0.0000000000
40683  -37.336  -34.358  28.713 0.0000000000
41601  -36.564  -32.696  28.442 0.0000000000
42518  -34.955  -31.819  26.713 0.0000000000
27260  -22.302  -49.691  43.352 0.0000000000
26308  -28.131  -51.049  37.149 0.0000000000
25356  -28.620  -51.562  38.602 0.0000000000
25344  -30.269  -51.964  39.311 0.0000000000
24513  -30.939  -52.409  40.253 0.0000000000
25359  -31.569  -51.826  38.404 0.0000000000
29421  -35.499  -47.339  32.861 0.0000000000
28428  -36.381  -48.104  33.817 0.0000000000
28413  -36.414  -48.571  34.359 0.0000000000
27411  -36.503  -49.105  34.906 0.0000000000
27412  -37.257  -48.859  34.773 0.0000000000
29315  -20.142  -47.874  38.984 0.0000000000
29301  -19.884  -48.030  39.976 0.0000000000
28315  -20.449  -48.558  41.501 0.0000000000
46038  -42.066  -28.144  18.774 0.0000000000
46018  -42.426  -28.405  19.485 0.0000000000
46019  -43.078  -28.072  19.838 0.0000000000
35382  -40.184  -40.931  33.156 0.0000000000
36275  -39.521  -38.953  30.724 0.0000000000
110583  -37.517  -38.156  27.043 0.0000000000
37133  -38.089  -37.846  27.644 0.0000000000
38848  -37.805  -36.378  27.126 0.0000000000
30277  -21.003  -46.944  36.073 0.0000000000
29342  -22.196  -47.769  37.289 0.0000000000
29371  -21.766  -47.136  35.968 0.0000000000
29358  -22.335  -47.530  36.515 0.0000000000
103074  -22.518  -47.362  35.781 0.0000000000
30347  -23.239  -46.652  32.957 0.0000000000
100195  -23.323  -47.189  34.051 0.0000000000
95430  -23.981  -47.576  34.143 0.0000000000
96506  -24.917  -48.367  34.879 0.0000000000
95462  -26.120  -49.463  35.880 0.0000000000
27380  -26.061  -49.191  35.100 0.0000000000
102304  -26.525  -49.321  34.695 0.0000000000
32880  -34.837  -43.842  28.072 0.0000000000
32013  -35.694  -44.638  29.204 0.0000000000
31201  -36.120  -45.039  29.803 0.0000000000
31170  -37.964  -45.857  31.043 0.0000000000
31171  -38.748  -45.596  30.974 0.0000000000
31186  -39.405  -45.127  30.882 0.0000000000
33699  -38.519  -42.415  30.377 0.0000000000
33700  -38.985  -42.990  30.871 0.0000000000
33684  -38.560  -42.130  31.235 0.0000000000
100128  -39.181  -42.303  32.507 0.0000000000
33666  -39.484  -42.394  33.143 0.0000000000
30313  -19.517  -46.162  34.511 0.0000000000
99057  -20.141  -46.264  35.002 0.0000000000
30294  -20.611  -46.550  35.496 0.0000000000
44229  -40.594  -30.591  31.624 0.0000000000
101339  -41.250  -30.392  31.803 0.0000000000
44230  -41.617  -30.313  31.180 0.0000000000
107615  -42.026  -30.302  30.538 0.0000000000
95919  -42.092  -30.771  27.845 0.0000000000
108905  -43.940  -30.391  28.829 0.0000000000
44281  -44.585  -30.276  28.521 0.0000000000
44282  -45.309  -30.061  28.162 0.0000000000
48499  -45.364  -25.023  18.878 0.0000000000
53515  -56.828  -19.269  19.488 0.0000000000
46902  -39.656  -27.520  17.292 0.0000000000
50152  -41.672  -23.162  17.221 0.0000000000
99547  -9.310  -52.748  37.619 0.0000000000
24518  -8.844  -52.896  38.422 0.0000000000
29236  -12.141  -46.898  44.134 0.0000000000
29252  -11.695  -47.426  43.664 0.0000000000
28265  -11.055  -47.876  44.058 0.0000000000
28277  -10.567  -48.572  43.681 0.0000000000
27242  -7.650  -49.657  45.385 0.0000000000
113999  -7.532  -50.625  43.516 0.0000000000
26235  -7.294  -50.981  43.037 0.0000000000
25310  -7.296  -51.694  41.838 0.0000000000
25301  -7.100  -51.464  42.572 0.0000000000
24476  -6.482  -52.071  42.516 0.0000000000
24483  -6.156  -52.555  42.076 0.0000000000
23564  -5.839  -53.084  41.900 0.0000000000
24475  -6.138  -52.816  42.619 0.0000000000
24467  -6.627  -52.802  43.162 0.0000000000
37911  -40.319  -37.970  33.220 0.0000000000
37081  -40.664  -38.079  34.022 0.0000000000
37910  -39.500  -37.291  33.225 0.0000000000
40657  -38.566  -34.574  31.563 0.0000000000
40647  -38.906  -34.396  32.245 0.0000000000
98429  -39.350  -34.108  32.813 0.0000000000
41532  -39.594  -33.306  32.671 0.0000000000
42454  -40.246  -31.753  32.816 0.0000000000
42480  -38.940  -31.313  30.881 0.0000000000
108947  -38.778  -31.055  30.246 0.0000000000
44291  -36.423  -30.999  27.417 0.0000000000
44308  -36.966  -30.812  26.950 0.0000000000
44326  -37.650  -30.881  26.237 0.0000000000
26280  -24.741  -50.181  39.941 0.0000000000
24502  -29.290  -52.278  41.374 0.0000000000
25320  -28.530  -51.977  41.648 0.0000000000
114620  -26.739  -46.565  29.503 0.0000000000
30379  -26.502  -46.975  30.057 0.0000000000
29435  -27.261  -47.794  31.449 0.0000000000
28440  -27.352  -48.570  32.610 0.0000000000
28441  -28.162  -48.627  32.590 0.0000000000
27441  -28.637  -49.093  33.145 0.0000000000
31216  -31.078  -45.194  28.822 0.0000000000
31215  -30.202  -45.303  28.647 0.0000000000
30398  -31.006  -46.113  29.951 0.0000000000
30384  -31.414  -46.453  30.567 0.0000000000
28445  -33.507  -47.909  33.039 0.0000000000
28444  -32.696  -47.959  32.837 0.0000000000
28426  -33.003  -48.418  33.438 0.0000000000
27427  -31.619  -49.048  33.679 0.0000000000
106439  -31.184  -49.641  34.177 0.0000000000
27406  -32.016  -49.545  34.312 0.0000000000
26323  -33.565  -50.777  36.498 0.0000000000
30272  -16.722  -46.804  36.221 0.0000000000
30258  -16.775  -46.842  37.161 0.0000000000
29355  -15.212  -46.864  36.280 0.0000000000
30236  -15.506  -46.890  39.630 0.0000000000
104447  -20.730  -49.166  44.907 0.0000000000
28267  -20.013  -48.727  44.199 0.0000000000
44401  -39.605  -30.676  20.386 0.0000000000
96893  -41.535  -30.437  22.162 0.0000000000
45202  -43.504  -29.507  22.453 0.0000000000
95546  -44.538  -29.548  24.705 0.0000000000
45174  -45.241  -29.399  25.270 0.0000000000
51872  -48.486  -21.126  16.453 0.0000000000
51888  -49.217  -21.442  15.942 0.0000000000
51873  -49.963  -21.441  16.311 0.0000000000
51892  -52.978  -21.349  15.762 0.0000000000
51877  -53.420  -21.184  16.535 0.0000000000
102320  -53.946  -21.168  15.784 0.0000000000
52734  -57.606  -20.328  14.066 0.0000000000
53574  -56.617  -19.327  10.769 0.0000000000
102822  -57.845  -19.736  11.110 0.0000000000
35417  -38.377  -39.974  30.423 0.0000000000
101099  -38.007  -39.830  29.605 0.0000000000
106551  -37.728  -38.620  27.715 0.0000000000
36314  -37.290  -39.210  27.705 0.0000000000
36327  -37.204  -38.872  27.167 0.0000000000
37957  -37.236  -37.802  26.352 0.0000000000
31114  -21.438  -45.899  34.078 0.0000000000
30334  -22.606  -46.193  33.134 0.0000000000
29414  -23.742  -46.870  32.453 0.0000000000
33755  -32.386  -42.181  25.555 0.0000000000
33739  -33.637  -42.577  26.289 0.0000000000
32896  -35.271  -43.300  27.557 0.0000000000
32882  -36.514  -43.451  28.283 0.0000000000
32015  -37.941  -44.041  29.377 0.0000000000
32871  -37.689  -43.456  29.052 0.0000000000
33720  -37.833  -42.828  29.049 0.0000000000
34561  -37.038  -41.644  28.225 0.0000000000
33708  -37.809  -42.075  29.206 0.0000000000
34543  -38.036  -41.681  29.967 0.0000000000
44295  -40.361  -30.904  27.974 0.0000000000
95918  -40.947  -31.028  27.068 0.0000000000
44311  -40.666  -31.133  26.334 0.0000000000
95917  -41.836  -30.859  27.046 0.0000000000
44312  -42.436  -30.602  26.220 0.0000000000
50141  -45.460  -23.648  18.091 0.0000000000
50143  -47.054  -23.104  18.959 0.0000000000
49336  -47.761  -23.897  20.667 0.0000000000
107151  -50.937  -20.896  21.313 0.0000000000
54289  -53.206  -18.294  20.667 0.0000000000
53501  -53.282  -18.146  19.873 0.0000000000
26333  -12.010  -50.175  35.202 0.0000000000
25408  -11.382  -50.786  35.227 0.0000000000
25386  -10.979  -50.927  36.110 0.0000000000
103970  -10.406  -51.145  38.205 0.0000000000
38826  -38.543  -36.341  30.294 0.0000000000
39758  -38.233  -35.574  30.599 0.0000000000
41561  -38.257  -32.785  30.531 0.0000000000
43378  -36.583  -31.372  28.154 0.0000000000
44323  -35.096  -30.803  25.711 0.0000000000
26294  -26.668  -50.827  39.080 0.0000000000
25341  -27.789  -51.421  39.754 0.0000000000
25342  -28.545  -51.641  39.550 0.0000000000
30394  -27.408  -46.625  29.649 0.0000000000
107770  -28.020  -46.961  30.219 0.0000000000
107662  -28.502  -47.281  30.861 0.0000000000
30386  -33.295  -46.067  30.718 0.0000000000
114721  -32.692  -46.088  30.556 0.0000000000
30365  -33.555  -46.514  31.345 0.0000000000
29441  -33.856  -47.009  31.988 0.0000000000
29420  -34.078  -47.453  32.646 0.0000000000
28446  -34.308  -47.874  33.226 0.0000000000
98829  -33.817  -48.358  33.605 0.0000000000
27430  -34.171  -48.757  34.173 0.0000000000
27383  -34.253  -49.695  35.224 0.0000000000
26347  -36.289  -50.055  36.168 0.0000000000
113683  -36.800  -49.874  35.976 0.0000000000
26326  -36.917  -50.261  36.704 0.0000000000
30260  -18.340  -46.970  37.271 0.0000000000
30273  -17.609  -46.841  36.619 0.0000000000
30238  -17.697  -47.219  39.743 0.0000000000
29312  -17.858  -47.352  40.309 0.0000000000
29299  -18.392  -47.555  40.671 0.0000000000
29273  -19.176  -47.964  41.906 0.0000000000
28298  -19.609  -48.265  42.681 0.0000000000
28299  -20.362  -48.599  42.383 0.0000000000
27258  -20.773  -49.066  43.834 0.0000000000
45220  -41.574  -29.534  20.186 0.0000000000
45213  -43.280  -29.264  21.644 0.0000000000
45204  -45.162  -29.040  22.968 0.0000000000
53540  -48.057  -19.870  14.354 0.0000000000
53541  -48.911  -19.953  14.170 0.0000000000
52727  -49.754  -20.068  13.941 0.0000000000
100906  -54.995  -19.679  11.482 0.0000000000
54350  -55.031  -18.405  10.163 0.0000000000
29310  -13.387  -47.252  39.728 0.0000000000
28342  -12.836  -47.728  39.132 0.0000000000
114764  -13.057  -47.341  40.422 0.0000000000
29285  -13.066  -47.176  41.089 0.0000000000
30169  -12.602  -46.739  44.729 0.0000000000
36237  -41.096  -39.266  33.782 0.0000000000
36236  -40.776  -39.453  33.107 0.0000000000
113066  -40.685  -38.926  32.784 0.0000000000
37096  -40.388  -38.454  32.514 0.0000000000
112049  -39.050  -39.326  30.386 0.0000000000
36285  -39.118  -38.739  30.064 0.0000000000
37936  -38.829  -37.927  28.982 0.0000000000
37119  -39.144  -38.106  29.718 0.0000000000
37112  -39.472  -38.277  30.441 0.0000000000
37929  -39.288  -37.590  30.197 0.0000000000
38835  -38.976  -36.964  30.007 0.0000000000
39770  -37.677  -35.293  28.326 0.0000000000
39780  -37.577  -35.542  27.456 0.0000000000
41652  -35.776  -33.954  26.252 0.0000000000
28332  -22.023  -48.947  40.028 0.0000000000
112784  -22.890  -49.191  39.595 0.0000000000
28360  -22.923  -48.547  38.267 0.0000000000
27344  -23.911  -49.418  39.121 0.0000000000
27331  -24.652  -49.849  39.260 0.0000000000
27346  -25.276  -49.957  38.675 0.0000000000
29385  -22.728  -47.242  35.170 0.0000000000
28388  -23.727  -48.192  36.523 0.0000000000
28395  -23.898  -48.085  35.874 0.0000000000
114503  -24.456  -48.827  37.120 0.0000000000
27356  -24.932  -49.199  37.259 0.0000000000
95421  -25.212  -49.590  37.929 0.0000000000
26305  -25.931  -50.105  38.051 0.0000000000
112268  -26.467  -50.550  38.425 0.0000000000
26306  -26.666  -50.442  37.777 0.0000000000
26307  -27.375  -50.744  37.483 0.0000000000
25413  -29.139  -51.047  36.086 0.0000000000
32040  -30.400  -44.308  27.607 0.0000000000
32021  -30.710  -44.746  28.203 0.0000000000
31217  -31.973  -45.073  29.023 0.0000000000
114222  -32.895  -45.333  29.672 0.0000000000
32893  -32.651  -43.614  27.329 0.0000000000
32043  -33.016  -43.990  28.043 0.0000000000
32044  -33.927  -43.931  28.078 0.0000000000
113580  -33.399  -44.854  29.218 0.0000000000
31198  -33.437  -45.197  29.645 0.0000000000
30387  -34.117  -46.023  30.894 0.0000000000
30367  -35.438  -46.433  31.672 0.0000000000
31168  -36.006  -45.939  31.069 0.0000000000
100758  -36.836  -46.809  32.280 0.0000000000
29423  -37.238  -47.226  32.865 0.0000000000
29403  -38.704  -47.751  33.866 0.0000000000
29424  -38.708  -47.255  33.144 0.0000000000
30371  -39.497  -46.213  32.131 0.0000000000
31139  -40.998  -45.283  33.788 0.0000000000
32016  -38.772  -44.139  29.893 0.0000000000
31995  -39.799  -44.430  31.174 0.0000000000
31980  -40.458  -44.682  32.628 0.0000000000
31944  -40.703  -44.629  34.533 0.0000000000
33639  -39.880  -42.608  34.920 0.0000000000
30312  -18.726  -46.475  34.763 0.0000000000
30275  -19.392  -46.811  36.080 0.0000000000
29328  -20.778  -47.857  38.305 0.0000000000
43318  -42.622  -30.967  34.814 0.0000000000
101250  -41.840  -30.348  32.515 0.0000000000
44216  -42.661  -30.323  33.108 0.0000000000
44196  -43.481  -30.292  33.789 0.0000000000
108673  -44.230  -30.143  33.319 0.0000000000
44259  -42.755  -30.452  29.379 0.0000000000
96770  -42.864  -30.287  30.187 0.0000000000
101667  -43.374  -30.154  30.964 0.0000000000
44233  -44.785  -30.113  31.634 0.0000000000
44247  -45.668  -30.312  30.016 0.0000000000
47679  -44.400  -26.314  19.537 0.0000000000
21902  -5.946  -55.430  38.539 0.0000000000
96064  -37.722  -31.475  21.610 0.0000000000
43449  -38.400  -31.485  22.298 0.0000000000
43484  -37.903  -31.288  20.747 0.0000000000
44382  -38.753  -30.992  20.587 0.0000000000
44417  -39.675  -30.198  19.541 0.0000000000
44418  -40.353  -29.916  19.570 0.0000000000
45246  -38.882  -29.370  18.026 0.0000000000
45231  -40.097  -29.675  19.005 0.0000000000
45232  -40.675  -29.587  19.290 0.0000000000
45248  -40.618  -29.191  18.734 0.0000000000
46037  -41.258  -28.573  18.529 0.0000000000
114377  -40.161  -27.790  17.444 0.0000000000
46057  -40.728  -28.004  17.739 0.0000000000
46889  -41.619  -27.801  18.074 0.0000000000
47702  -42.182  -26.329  17.520 0.0000000000
47703  -42.977  -26.121  17.747 0.0000000000
108207  -43.197  -25.531  17.622 0.0000000000
106830  -42.454  -24.361  17.224 0.0000000000
51853  -42.185  -21.722  17.050 0.0000000000
51854  -43.081  -21.760  17.027 0.0000000000
104021  -12.425  -48.354  38.633 0.0000000000
27324  -11.871  -48.952  38.999 0.0000000000
28327  -11.640  -48.850  40.869 0.0000000000
27323  -11.440  -49.517  39.271 0.0000000000
109928  -11.085  -50.070  38.960 0.0000000000
26274  -10.540  -50.558  39.349 0.0000000000
25350  -10.202  -51.133  38.854 0.0000000000
28256  -9.763  -48.071  45.534 0.0000000000
28264  -10.318  -48.240  44.603 0.0000000000
27253  -10.104  -49.227  43.278 0.0000000000
27243  -8.709  -49.341  44.688 0.0000000000
27266  -9.664  -49.725  42.803 0.0000000000
26237  -9.972  -49.814  42.173 0.0000000000
26246  -9.923  -50.110  41.565 0.0000000000
25322  -9.598  -50.948  40.398 0.0000000000
25349  -9.620  -51.694  39.071 0.0000000000
24507  -8.906  -52.340  39.252 0.0000000000
24485  -7.502  -52.026  41.097 0.0000000000
24506  -8.118  -52.562  39.861 0.0000000000
21894  -5.517  -55.085  39.249 0.0000000000
22725  -5.159  -54.731  40.516 0.0000000000
108416  -5.068  -55.000  40.922 0.0000000000
22692  -5.573  -53.769  41.583 0.0000000000
42397  -42.295  -32.371  38.451 0.0000000000
102045  -41.503  -39.273  36.249 0.0000000000
37074  -40.830  -38.084  34.960 0.0000000000
38802  -39.068  -36.438  33.642 0.0000000000
38792  -39.336  -36.417  34.490 0.0000000000
38785  -39.621  -36.208  35.278 0.0000000000
39720  -39.925  -36.019  36.105 0.0000000000
40608  -40.502  -34.700  36.891 0.0000000000
41488  -40.623  -33.729  36.342 0.0000000000
41514  -40.154  -33.791  34.410 0.0000000000
41501  -40.433  -33.777  35.332 0.0000000000
41502  -40.901  -32.864  35.783 0.0000000000
42424  -41.483  -32.082  35.579 0.0000000000
109711  -40.446  -31.037  32.411 0.0000000000
98621  -39.568  -30.747  30.260 0.0000000000
43371  -38.142  -30.952  29.097 0.0000000000
44256  -38.798  -30.875  29.324 0.0000000000
44276  -39.485  -30.759  28.940 0.0000000000
41651  -35.141  -33.330  25.887 0.0000000000
42517  -34.656  -31.677  26.176 0.0000000000
44322  -34.492  -30.991  25.341 0.0000000000
44340  -35.192  -30.650  24.870 0.0000000000
43435  -34.166  -30.645  23.797 0.0000000000
114034  -35.897  -30.772  24.068 0.0000000000
95926  -36.046  -31.147  23.162 0.0000000000
43461  -35.322  -31.258  21.783 0.0000000000
114372  -36.479  -31.390  22.560 0.0000000000
95923  -36.831  -31.510  21.967 0.0000000000
106349  -22.914  -49.621  40.915 0.0000000000
112135  -23.609  -50.063  41.804 0.0000000000
103954  -24.865  -50.500  41.299 0.0000000000
25329  -26.845  -51.186  40.691 0.0000000000
29431  -24.244  -47.030  31.960 0.0000000000
29416  -25.192  -47.760  32.714 0.0000000000
27402  -26.619  -49.100  34.005 0.0000000000
27382  -27.171  -49.621  34.615 0.0000000000
102655  -27.871  -49.754  34.299 0.0000000000
26360  -27.883  -50.091  34.960 0.0000000000
109585  -28.655  -50.542  35.424 0.0000000000
31194  -29.740  -45.819  29.159 0.0000000000
31193  -28.870  -45.952  29.058 0.0000000000
29452  -29.262  -47.105  30.829 0.0000000000
30364  -32.685  -46.526  31.103 0.0000000000
30363  -31.870  -46.748  31.108 0.0000000000
29439  -31.622  -47.234  31.679 0.0000000000
29454  -31.059  -46.931  31.143 0.0000000000
28456  -29.942  -47.797  31.906 0.0000000000
28455  -29.273  -48.073  32.132 0.0000000000
27442  -29.607  -49.033  33.152 0.0000000000
102151  -29.846  -49.547  33.767 0.0000000000
27405  -30.384  -49.826  34.195 0.0000000000
26362  -30.185  -50.331  34.759 0.0000000000
26340  -30.035  -50.761  35.338 0.0000000000
25414  -29.876  -51.108  35.931 0.0000000000
112353  -32.507  -51.304  37.008 0.0000000000
114482  -34.327  -50.653  36.616 0.0000000000
28373  -13.171  -47.911  37.445 0.0000000000
28407  -14.172  -48.168  34.126 0.0000000000
29324  -13.531  -47.290  38.791 0.0000000000
29311  -14.098  -46.922  40.005 0.0000000000
113782  -19.464  -48.422  44.168 0.0000000000
43450  -39.167  -31.410  22.774 0.0000000000
109505  -39.959  -31.268  23.341 0.0000000000
43451  -40.414  -31.019  22.589 0.0000000000
44342  -40.776  -30.964  23.850 0.0000000000
44329  -41.697  -30.744  25.022 0.0000000000
44330  -42.434  -30.489  25.333 0.0000000000
102676  -42.162  -30.294  23.179 0.0000000000
44371  -42.824  -29.889  22.901 0.0000000000
44359  -42.726  -30.102  23.701 0.0000000000
109316  -42.997  -30.155  24.971 0.0000000000
44331  -43.142  -30.172  25.638 0.0000000000
96337  -44.123  -29.968  26.910 0.0000000000
112818  -45.275  -29.835  27.468 0.0000000000
46859  -43.734  -27.721  20.207 0.0000000000
46000  -44.054  -28.040  20.914 0.0000000000
46839  -44.721  -27.708  21.280 0.0000000000
45192  -46.186  -28.844  23.715 0.0000000000
45953  -46.905  -28.885  24.910 0.0000000000
52656  -50.385  -19.577  18.701 0.0000000000
111828  -49.479  -20.524  17.537 0.0000000000
52672  -49.931  -20.075  17.979 0.0000000000
100559  -51.025  -19.152  18.779 0.0000000000
53512  -52.471  -18.474  19.248 0.0000000000
106803  -50.001  -21.471  15.706 0.0000000000
51861  -51.935  -20.803  17.412 0.0000000000
52658  -52.927  -19.281  18.609 0.0000000000
53513  -53.644  -18.588  19.252 0.0000000000
53514  -55.176  -18.958  19.222 0.0000000000
52660  -55.851  -19.917  18.406 0.0000000000
52677  -57.142  -20.304  17.631 0.0000000000
52721  -53.012  -20.874  14.116 0.0000000000
51893  -54.735  -20.893  15.121 0.0000000000
21886  -4.974  -55.431  40.524 0.0000000000
24496  -7.570  -52.439  40.511 0.0000000000
24534  -10.171  -51.824  37.006 0.0000000000
25311  -8.068  -51.586  41.250 0.0000000000
25335  -9.932  -51.100  39.645 0.0000000000
26245  -9.266  -50.640  41.408 0.0000000000
26258  -9.841  -50.456  40.877 0.0000000000
26260  -11.006  -49.888  39.895 0.0000000000
26265  -23.443  -49.691  40.356 0.0000000000
26299  -10.765  -50.781  37.665 0.0000000000
27251  -7.875  -49.953  44.465 0.0000000000
27252  -9.083  -49.633  43.692 0.0000000000
27268  -11.015  -49.099  42.122 0.0000000000
27293  -21.706  -49.178  41.626 0.0000000000
27397  -13.211  -49.106  34.256 0.0000000000
27404  -29.592  -49.975  34.299 0.0000000000
28278  -11.259  -48.178  43.261 0.0000000000
28281  -20.207  -48.660  43.264 0.0000000000
28297  -19.015  -48.017  43.129 0.0000000000
28340  -11.700  -49.091  39.946 0.0000000000
28341  -12.269  -48.360  39.509 0.0000000000
28359  -20.919  -48.192  38.972 0.0000000000
28385  -12.668  -48.772  36.649 0.0000000000
29253  -12.374  -47.087  43.261 0.0000000000
29269  -13.094  -47.068  41.890 0.0000000000
29359  -23.118  -47.753  36.211 0.0000000000
29417  -31.419  -47.786  32.284 0.0000000000
29433  -25.712  -47.600  31.557 0.0000000000
30361  -23.737  -46.561  31.682 0.0000000000
30381  -28.866  -46.782  30.252 0.0000000000
33727  -34.845  -42.878  27.017 0.0000000000
34526  -38.022  -40.937  30.678 0.0000000000
40599  -41.151  -33.670  38.293 0.0000000000
43328  -41.686  -30.863  33.584 0.0000000000
51876  -52.491  -21.306  16.612 0.0000000000
101286  -7.354  -50.533  44.202 0.0000000000
102402  -11.688  -49.617  37.709 0.0000000000
103937  -5.737  -54.308  42.034 0.0000000000
108698  -39.335  -28.950  17.813 0.0000000000
109427  -12.618  -47.713  40.782 0.0000000000
112511  -38.299  -45.496  30.669 0.0000000000
113424  -27.257  -51.423  41.226 0.0000000000
113794  -40.936  -30.829  28.263 0.0000000000
113935  -23.909  -49.929  40.476 0.0000000000
114458  -37.344  -37.183  26.185 0.0000000000
114563  -7.513  -52.789  40.153 0.0000000000
