#!ascii label  , from subject sub-v1s23x0050577_ses-1 vox2ras=TkReg
924
35479  -35.418  -40.309  25.573 0.0000000000
33689  -20.126  -42.497  30.205 0.0000000000
32904  -27.795  -43.552  26.486 0.0000000000
98696  -42.063  -17.223  18.126 0.0000000000
56784  -48.398  -15.436  14.511 0.0000000000
32801  -13.994  -42.737  33.117 0.0000000000
53486  -37.976  -19.838  20.179 0.0000000000
103904  -36.641  -36.384  25.262 0.0000000000
33754  -31.450  -42.179  25.430 0.0000000000
111205  -16.978  -41.822  30.954 0.0000000000
30345  -17.115  -46.430  32.997 0.0000000000
37208  -29.792  -37.562  21.840 0.0000000000
101256  -32.019  -35.309  22.628 0.0000000000
111037  -23.626  -44.588  28.212 0.0000000000
36356  -26.777  -38.700  24.121 0.0000000000
46035  -35.355  -28.300  18.056 0.0000000000
48504  -38.023  -25.068  17.643 0.0000000000
103282  -40.373  -21.704  17.331 0.0000000000
111244  -11.274  -49.774  31.737 0.0000000000
23682  -7.858  -52.535  32.628 0.0000000000
41670  -30.547  -33.193  23.688 0.0000000000
44365  -30.468  -30.029  22.460 0.0000000000
44410  -32.830  -29.921  19.860 0.0000000000
28437  -14.091  -47.940  32.524 0.0000000000
31993  -20.782  -44.120  31.781 0.0000000000
113821  -22.260  -45.080  31.400 0.0000000000
34580  -33.678  -41.570  25.294 0.0000000000
36256  -19.004  -38.792  31.643 0.0000000000
34514  -18.450  -41.470  30.614 0.0000000000
31991  -18.667  -44.767  31.416 0.0000000000
97737  -30.156  -37.457  24.267 0.0000000000
37183  -27.980  -38.443  23.326 0.0000000000
47677  -36.053  -26.205  19.504 0.0000000000
107598  -37.328  -27.111  17.489 0.0000000000
49338  -36.705  -24.414  18.876 0.0000000000
52664  -38.756  -20.389  17.806 0.0000000000
53525  -40.390  -19.241  16.529 0.0000000000
52684  -42.226  -20.577  16.224 0.0000000000
55113  -42.545  -17.736  15.655 0.0000000000
55118  -43.924  -18.046  14.891 0.0000000000
108755  -30.850  -34.748  25.743 0.0000000000
97873  -32.062  -34.391  23.383 0.0000000000
40699  -28.526  -34.043  26.184 0.0000000000
45182  -29.113  -29.266  24.587 0.0000000000
46802  -29.878  -27.928  22.856 0.0000000000
45210  -30.787  -29.028  21.466 0.0000000000
47641  -31.277  -26.434  21.337 0.0000000000
47643  -33.517  -26.241  21.084 0.0000000000
103657  -25.857  -44.390  27.358 0.0000000000
30341  -11.799  -46.184  32.172 0.0000000000
31160  -13.932  -45.586  31.500 0.0000000000
22795  -8.949  -55.087  34.929 0.0000000000
20328  -7.234  -57.171  35.337 0.0000000000
50950  -37.579  -22.655  21.437 0.0000000000
40711  -36.227  -34.794  25.790 0.0000000000
32926  -29.813  -42.907  26.096 0.0000000000
33658  -15.217  -42.141  32.232 0.0000000000
31162  -15.394  -45.267  31.081 0.0000000000
31989  -16.893  -44.360  30.724 0.0000000000
56787  -49.575  -15.900  13.642 0.0000000000
36359  -32.699  -39.612  22.994 0.0000000000
37185  -34.300  -38.263  22.779 0.0000000000
38908  -30.692  -36.591  21.802 0.0000000000
35424  -20.194  -40.254  29.535 0.0000000000
32009  -22.171  -44.102  29.056 0.0000000000
33724  -21.823  -41.939  27.959 0.0000000000
33726  -23.163  -42.078  26.992 0.0000000000
33749  -25.152  -41.870  25.775 0.0000000000
36319  -25.393  -38.944  26.082 0.0000000000
34591  -27.280  -41.815  25.007 0.0000000000
34603  -28.882  -40.708  23.876 0.0000000000
35504  -31.396  -40.511  23.557 0.0000000000
43500  -36.567  -30.922  19.460 0.0000000000
96007  -37.195  -21.926  18.876 0.0000000000
105034  -39.014  -22.997  17.619 0.0000000000
97688  -46.482  -18.059  14.385 0.0000000000
26379  -9.017  -50.847  31.950 0.0000000000
24567  -10.115  -53.135  34.371 0.0000000000
38897  -34.995  -36.083  22.640 0.0000000000
40727  -34.547  -34.344  23.210 0.0000000000
41661  -33.671  -32.737  24.096 0.0000000000
43403  -27.623  -31.599  25.440 0.0000000000
43431  -29.557  -31.446  22.891 0.0000000000
42539  -32.874  -31.511  24.216 0.0000000000
44355  -33.335  -30.764  23.677 0.0000000000
43459  -33.592  -30.783  21.771 0.0000000000
113663  -35.011  -31.161  20.323 0.0000000000
46015  -33.688  -28.926  18.966 0.0000000000
98323  -34.968  -26.958  19.635 0.0000000000
109634  -24.235  -46.455  30.529 0.0000000000
104982  -10.380  -46.886  33.559 0.0000000000
27448  -12.441  -48.810  31.819 0.0000000000
109228  -15.681  -47.095  32.926 0.0000000000
20334  -5.185  -57.745  34.734 0.0000000000
32842  -20.443  -43.834  31.271 0.0000000000
31994  -21.630  -44.491  31.445 0.0000000000
102240  -21.228  -43.669  30.166 0.0000000000
35478  -34.791  -40.717  25.218 0.0000000000
34515  -19.151  -41.014  30.371 0.0000000000
35411  -18.414  -40.500  30.724 0.0000000000
33688  -19.286  -42.127  30.468 0.0000000000
32841  -20.028  -43.618  31.036 0.0000000000
47663  -36.859  -25.741  21.124 0.0000000000
48489  -36.431  -25.403  18.949 0.0000000000
49331  -36.801  -24.629  20.208 0.0000000000
55093  -41.465  -17.541  18.491 0.0000000000
54311  -40.024  -18.245  17.392 0.0000000000
55106  -40.687  -17.878  17.000 0.0000000000
54318  -40.962  -18.478  16.248 0.0000000000
55108  -42.188  -17.343  16.300 0.0000000000
55109  -42.896  -16.934  15.983 0.0000000000
97395  -29.946  -34.543  25.624 0.0000000000
46777  -30.586  -27.421  25.067 0.0000000000
47623  -30.599  -26.272  22.891 0.0000000000
48453  -31.789  -25.290  23.111 0.0000000000
48461  -32.552  -25.288  22.486 0.0000000000
32049  -26.387  -43.778  26.799 0.0000000000
31226  -27.206  -45.067  27.865 0.0000000000
32037  -27.709  -44.558  27.405 0.0000000000
31967  -12.429  -44.581  32.687 0.0000000000
31968  -13.127  -44.173  32.319 0.0000000000
55941  -47.671  -16.793  14.218 0.0000000000
21930  -8.411  -55.951  35.105 0.0000000000
114458  -37.344  -37.183  26.185 0.0000000000
39799  -36.511  -35.597  25.468 0.0000000000
33753  -30.262  -42.441  25.624 0.0000000000
32909  -32.280  -43.198  26.659 0.0000000000
35397  -16.654  -40.811  31.994 0.0000000000
34493  -16.151  -41.266  32.414 0.0000000000
33647  -16.045  -41.382  33.620 0.0000000000
34500  -15.831  -41.815  31.811 0.0000000000
95432  -16.091  -43.887  30.829 0.0000000000
32839  -16.903  -43.337  30.732 0.0000000000
31148  -19.809  -45.115  32.995 0.0000000000
104285  -19.081  -45.226  32.604 0.0000000000
36375  -32.028  -39.321  22.474 0.0000000000
37211  -32.272  -38.145  21.764 0.0000000000
38017  -30.321  -37.185  21.700 0.0000000000
112226  -21.134  -39.210  29.179 0.0000000000
34533  -21.335  -41.238  28.445 0.0000000000
35438  -21.873  -40.258  28.408 0.0000000000
35440  -23.601  -40.186  27.907 0.0000000000
34564  -23.643  -41.545  26.789 0.0000000000
34565  -24.235  -41.516  26.339 0.0000000000
103430  -24.521  -40.931  26.060 0.0000000000
37142  -26.937  -38.112  26.346 0.0000000000
37171  -25.814  -38.824  25.002 0.0000000000
35477  -25.397  -40.111  25.163 0.0000000000
112170  -26.844  -40.201  24.325 0.0000000000
106489  -27.763  -41.293  24.557 0.0000000000
35500  -27.307  -39.763  23.900 0.0000000000
37194  -28.622  -37.764  22.728 0.0000000000
35515  -29.064  -39.484  22.761 0.0000000000
36373  -30.390  -39.236  22.218 0.0000000000
36358  -31.761  -39.857  22.928 0.0000000000
44427  -35.675  -30.180  18.503 0.0000000000
44429  -37.653  -30.179  18.550 0.0000000000
45259  -36.761  -29.028  17.578 0.0000000000
47697  -37.740  -26.482  17.476 0.0000000000
46901  -38.121  -27.365  17.290 0.0000000000
51820  -37.951  -21.030  21.231 0.0000000000
51818  -36.528  -22.263  20.171 0.0000000000
52646  -37.282  -20.686  19.629 0.0000000000
51851  -39.948  -21.028  17.290 0.0000000000
50986  -38.806  -21.993  17.768 0.0000000000
50987  -39.750  -22.372  17.499 0.0000000000
50151  -40.818  -23.683  17.239 0.0000000000
55120  -45.569  -17.611  14.613 0.0000000000
55937  -45.710  -16.785  14.860 0.0000000000
55934  -46.339  -16.342  14.967 0.0000000000
28418  -9.585  -48.437  33.022 0.0000000000
27417  -9.095  -49.199  32.972 0.0000000000
27434  -10.374  -50.027  31.743 0.0000000000
24557  -10.427  -52.225  34.898 0.0000000000
23612  -9.265  -53.289  36.843 0.0000000000
38911  -32.874  -36.146  21.573 0.0000000000
38896  -34.393  -36.481  22.142 0.0000000000
39820  -33.021  -35.409  21.857 0.0000000000
41671  -31.539  -33.581  23.603 0.0000000000
40726  -33.360  -34.151  22.888 0.0000000000
41672  -32.773  -33.653  23.277 0.0000000000
41674  -34.205  -33.613  23.654 0.0000000000
42556  -32.819  -32.736  23.759 0.0000000000
44304  -29.103  -30.402  26.676 0.0000000000
45189  -28.899  -29.896  23.230 0.0000000000
44350  -28.170  -30.639  23.256 0.0000000000
44352  -30.028  -30.660  22.717 0.0000000000
42554  -31.370  -31.782  23.520 0.0000000000
97169  -31.607  -31.110  23.166 0.0000000000
43434  -32.993  -31.094  24.138 0.0000000000
100657  -31.665  -30.711  22.687 0.0000000000
44396  -31.654  -29.419  20.872 0.0000000000
44380  -32.118  -30.214  21.402 0.0000000000
43479  -33.696  -30.795  20.694 0.0000000000
107157  -34.262  -31.026  21.078 0.0000000000
44399  -33.807  -30.707  19.999 0.0000000000
44412  -34.378  -30.593  19.453 0.0000000000
45229  -33.268  -29.543  19.398 0.0000000000
47627  -34.410  -26.042  22.003 0.0000000000
47660  -33.805  -26.683  20.468 0.0000000000
46836  -35.437  -26.481  21.186 0.0000000000
32033  -22.466  -43.764  28.337 0.0000000000
31190  -22.984  -45.142  29.385 0.0000000000
104056  -23.428  -45.122  28.821 0.0000000000
30343  -13.176  -47.123  31.687 0.0000000000
95643  -12.271  -47.151  31.719 0.0000000000
29411  -13.610  -47.833  31.940 0.0000000000
31163  -16.272  -45.768  31.235 0.0000000000
30358  -15.319  -46.169  31.473 0.0000000000
30331  -16.287  -46.714  32.742 0.0000000000
31149  -20.738  -44.956  33.007 0.0000000000
31150  -21.543  -45.162  32.852 0.0000000000
30346  -23.053  -46.241  32.264 0.0000000000
29414  -23.742  -46.870  32.453 0.0000000000
34579  -32.855  -41.668  25.114 0.0000000000
33738  -32.780  -42.659  26.156 0.0000000000
36255  -18.135  -39.275  31.928 0.0000000000
34502  -17.735  -40.874  30.940 0.0000000000
34513  -17.653  -41.718  30.779 0.0000000000
32858  -17.940  -43.241  30.664 0.0000000000
32859  -18.895  -43.074  30.693 0.0000000000
31992  -20.006  -44.045  31.609 0.0000000000
37991  -29.130  -37.138  23.161 0.0000000000
38879  -29.868  -36.767  22.689 0.0000000000
98297  -27.714  -38.029  25.961 0.0000000000
37182  -27.233  -38.423  23.901 0.0000000000
37978  -29.129  -37.450  24.045 0.0000000000
46887  -35.482  -27.484  18.348 0.0000000000
46899  -36.001  -27.872  17.776 0.0000000000
47690  -36.316  -26.314  18.578 0.0000000000
109713  -36.809  -25.781  18.336 0.0000000000
108280  -37.467  -24.871  18.007 0.0000000000
53508  -38.091  -19.633  18.816 0.0000000000
53509  -38.736  -19.116  18.284 0.0000000000
53518  -39.170  -19.605  17.519 0.0000000000
52682  -40.579  -20.054  16.562 0.0000000000
51866  -41.753  -21.059  16.775 0.0000000000
53526  -41.112  -19.503  16.133 0.0000000000
53531  -42.468  -19.235  15.475 0.0000000000
53532  -43.257  -19.551  15.217 0.0000000000
55114  -43.339  -17.436  15.357 0.0000000000
55931  -43.738  -16.719  15.811 0.0000000000
26383  -12.060  -50.332  32.337 0.0000000000
26382  -11.602  -50.941  32.459 0.0000000000
26354  -11.747  -50.654  34.511 0.0000000000
40709  -31.955  -34.647  23.973 0.0000000000
39812  -32.278  -34.890  22.883 0.0000000000
40717  -30.813  -34.240  24.393 0.0000000000
40716  -29.798  -34.199  24.827 0.0000000000
41659  -28.825  -33.691  24.667 0.0000000000
45172  -29.121  -29.524  25.356 0.0000000000
45952  -30.218  -28.276  25.433 0.0000000000
45961  -29.414  -28.721  24.096 0.0000000000
45978  -29.858  -28.667  22.621 0.0000000000
110844  -30.769  -29.654  22.001 0.0000000000
45979  -30.184  -28.246  21.969 0.0000000000
45984  -30.591  -28.135  21.196 0.0000000000
46855  -31.647  -27.849  20.431 0.0000000000
46856  -32.251  -27.617  20.154 0.0000000000
47642  -32.412  -26.204  21.084 0.0000000000
32035  -24.137  -44.116  27.614 0.0000000000
100206  -24.937  -45.448  28.452 0.0000000000
31210  -25.789  -45.514  28.343 0.0000000000
31144  -12.433  -45.427  32.121 0.0000000000
29430  -14.014  -46.993  31.749 0.0000000000
23667  -8.295  -54.125  33.003 0.0000000000
23650  -7.020  -53.287  33.694 0.0000000000
22830  -7.839  -54.743  33.456 0.0000000000
21942  -7.540  -55.987  34.250 0.0000000000
21139  -6.624  -56.527  34.522 0.0000000000
41652  -35.776  -33.954  26.252 0.0000000000
32924  -28.170  -43.011  26.003 0.0000000000
32039  -29.232  -44.489  27.506 0.0000000000
33631  -15.397  -41.885  34.155 0.0000000000
33657  -14.636  -42.474  32.690 0.0000000000
32837  -14.562  -43.779  31.487 0.0000000000
32838  -15.363  -43.388  31.175 0.0000000000
95398  -16.136  -44.846  30.834 0.0000000000
31164  -17.245  -45.622  31.441 0.0000000000
31990  -17.742  -44.847  30.915 0.0000000000
31165  -18.081  -45.359  31.754 0.0000000000
31129  -18.059  -46.153  33.317 0.0000000000
56785  -49.206  -15.290  14.207 0.0000000000
35507  -34.046  -39.920  23.891 0.0000000000
36362  -35.240  -38.956  24.013 0.0000000000
37184  -33.827  -38.916  22.971 0.0000000000
38020  -32.858  -37.548  21.703 0.0000000000
38909  -31.443  -36.137  21.795 0.0000000000
38880  -30.851  -36.329  22.857 0.0000000000
38881  -31.912  -35.879  23.299 0.0000000000
39804  -32.361  -35.422  23.893 0.0000000000
106758  -32.284  -35.084  24.578 0.0000000000
34516  -19.967  -41.374  29.944 0.0000000000
32869  -20.807  -42.997  29.764 0.0000000000
33716  -20.947  -41.901  28.784 0.0000000000
33718  -21.743  -42.657  28.242 0.0000000000
33725  -22.283  -42.586  27.741 0.0000000000
35439  -22.719  -40.348  28.116 0.0000000000
34558  -22.542  -41.847  27.459 0.0000000000
32888  -23.409  -42.704  27.047 0.0000000000
32901  -24.259  -42.773  26.664 0.0000000000
32902  -25.068  -43.073  26.500 0.0000000000
32903  -26.471  -43.076  26.190 0.0000000000
103773  -24.641  -39.983  26.789 0.0000000000
35476  -24.942  -40.609  25.637 0.0000000000
97287  -25.892  -41.772  25.399 0.0000000000
34577  -26.680  -42.351  25.553 0.0000000000
33751  -28.569  -42.454  25.502 0.0000000000
33767  -28.983  -41.948  24.952 0.0000000000
34594  -30.241  -41.417  24.500 0.0000000000
100520  -28.608  -39.893  23.283 0.0000000000
34604  -29.851  -40.856  23.892 0.0000000000
34595  -31.580  -41.202  24.355 0.0000000000
35491  -32.131  -40.803  24.022 0.0000000000
35493  -33.655  -40.559  24.304 0.0000000000
95469  -19.755  -39.428  30.037 0.0000000000
46054  -37.238  -28.538  17.447 0.0000000000
50955  -36.651  -23.006  20.468 0.0000000000
50973  -36.781  -23.119  19.168 0.0000000000
50148  -37.585  -23.586  18.202 0.0000000000
51840  -37.472  -21.063  18.754 0.0000000000
50985  -38.105  -22.814  17.974 0.0000000000
49348  -38.586  -24.500  17.547 0.0000000000
103895  -40.161  -25.067  17.139 0.0000000000
54326  -47.383  -18.120  14.187 0.0000000000
55938  -47.168  -16.353  14.611 0.0000000000
56783  -47.628  -15.598  14.825 0.0000000000
27416  -8.599  -50.015  32.818 0.0000000000
103736  -8.661  -51.706  32.009 0.0000000000
25449  -10.861  -51.636  32.334 0.0000000000
24594  -10.088  -52.419  32.314 0.0000000000
24581  -9.662  -53.368  32.761 0.0000000000
22796  -9.415  -54.336  35.038 0.0000000000
37186  -35.180  -38.242  23.446 0.0000000000
37993  -35.425  -37.374  23.321 0.0000000000
38883  -35.791  -36.233  24.013 0.0000000000
40733  -33.203  -34.790  22.381 0.0000000000
39813  -34.718  -35.159  22.716 0.0000000000
39805  -35.658  -35.395  24.186 0.0000000000
40719  -35.433  -34.544  24.468 0.0000000000
41663  -35.077  -33.627  24.884 0.0000000000
41650  -34.541  -32.647  25.491 0.0000000000
98111  -27.643  -32.920  26.220 0.0000000000
42538  -28.650  -32.971  23.866 0.0000000000
44337  -27.823  -30.638  24.198 0.0000000000
43429  -27.698  -31.481  23.586 0.0000000000
42553  -30.302  -32.244  23.334 0.0000000000
42555  -32.136  -32.023  23.934 0.0000000000
42540  -33.184  -31.831  24.502 0.0000000000
44366  -31.866  -30.496  22.229 0.0000000000
44367  -33.163  -30.623  22.793 0.0000000000
43499  -35.791  -31.029  19.636 0.0000000000
44426  -34.793  -30.053  18.701 0.0000000000
113097  -34.791  -28.580  18.368 0.0000000000
46872  -33.601  -27.962  19.245 0.0000000000
46873  -34.370  -27.418  19.242 0.0000000000
46886  -34.855  -27.849  18.588 0.0000000000
47676  -35.499  -26.694  19.586 0.0000000000
47661  -35.994  -26.347  20.471 0.0000000000
108806  -21.787  -44.062  29.720 0.0000000000
31179  -23.296  -45.799  30.563 0.0000000000
30378  -25.417  -46.823  30.133 0.0000000000
103741  -11.090  -48.772  31.725 0.0000000000
30340  -11.103  -46.450  32.628 0.0000000000
28436  -11.805  -48.127  31.714 0.0000000000
27435  -11.783  -49.084  31.740 0.0000000000
27437  -12.877  -49.169  32.282 0.0000000000
97859  -14.186  -45.003  31.421 0.0000000000
30357  -14.404  -46.257  31.535 0.0000000000
29413  -15.109  -47.250  32.562 0.0000000000
20319  -6.485  -57.832  36.112 0.0000000000
20335  -6.470  -57.343  34.927 0.0000000000
21138  -5.559  -57.013  34.524 0.0000000000
36338  -35.654  -39.402  25.305 0.0000000000
32861  -20.458  -43.365  30.643 0.0000000000
32862  -21.069  -43.876  31.053 0.0000000000
32860  -19.730  -43.048  30.644 0.0000000000
49332  -37.064  -25.320  20.867 0.0000000000
48481  -36.480  -25.497  20.005 0.0000000000
111621  -37.242  -24.634  20.781 0.0000000000
55092  -40.687  -17.773  17.947 0.0000000000
55100  -41.386  -17.498  17.567 0.0000000000
55107  -41.439  -17.649  16.630 0.0000000000
55101  -42.069  -17.208  17.214 0.0000000000
47605  -31.107  -25.805  23.566 0.0000000000
32050  -27.344  -44.032  26.887 0.0000000000
32800  -13.336  -43.063  33.542 0.0000000000
32815  -12.799  -43.724  33.043 0.0000000000
32816  -13.468  -43.403  32.636 0.0000000000
55939  -47.994  -16.179  14.342 0.0000000000
55942  -48.332  -16.802  13.896 0.0000000000
56786  -48.765  -16.053  13.974 0.0000000000
38867  -37.082  -36.808  25.734 0.0000000000
39800  -37.062  -36.078  25.909 0.0000000000
115001  -30.834  -42.330  25.523 0.0000000000
33736  -30.933  -42.711  25.979 0.0000000000
33737  -31.874  -42.688  26.064 0.0000000000
34501  -16.473  -41.487  31.501 0.0000000000
33673  -16.418  -42.332  31.056 0.0000000000
36384  -30.869  -38.663  21.800 0.0000000000
37209  -30.516  -37.857  21.583 0.0000000000
36289  -21.734  -39.338  28.927 0.0000000000
35441  -24.490  -39.481  28.287 0.0000000000
35455  -24.176  -40.235  27.434 0.0000000000
35464  -24.158  -40.814  26.645 0.0000000000
37158  -26.889  -38.036  25.367 0.0000000000
108390  -26.354  -38.290  25.751 0.0000000000
37157  -26.246  -38.365  25.054 0.0000000000
36346  -26.615  -39.398  24.291 0.0000000000
37195  -29.214  -38.076  22.139 0.0000000000
36372  -29.495  -38.989  22.260 0.0000000000
37196  -29.994  -38.434  21.846 0.0000000000
36374  -31.272  -39.333  22.314 0.0000000000
98796  -35.287  -29.293  18.157 0.0000000000
45243  -36.214  -29.613  17.949 0.0000000000
45258  -35.999  -28.751  17.707 0.0000000000
99593  -38.233  -25.824  17.414 0.0000000000
47698  -38.611  -26.562  17.244 0.0000000000
48505  -38.775  -25.281  17.345 0.0000000000
52640  -38.173  -20.341  20.823 0.0000000000
102669  -37.459  -20.634  20.475 0.0000000000
112891  -37.531  -20.213  19.947 0.0000000000
105976  -39.610  -21.641  17.512 0.0000000000
50988  -40.782  -22.601  17.303 0.0000000000
55933  -45.494  -16.220  15.465 0.0000000000
113118  -10.541  -49.243  31.795 0.0000000000
28434  -9.821  -49.191  32.200 0.0000000000
39830  -32.202  -35.753  21.808 0.0000000000
39819  -32.422  -35.182  22.347 0.0000000000
110336  -32.082  -33.091  23.517 0.0000000000
45199  -29.675  -29.950  22.847 0.0000000000
44353  -30.969  -30.695  22.654 0.0000000000
45218  -32.278  -29.342  20.186 0.0000000000
44397  -32.456  -30.049  20.536 0.0000000000
44398  -33.181  -30.430  20.227 0.0000000000
44411  -33.535  -30.254  19.615 0.0000000000
110731  -32.721  -29.237  19.727 0.0000000000
32034  -23.035  -44.038  28.111 0.0000000000
32019  -22.851  -44.541  28.687 0.0000000000
111243  -13.579  -48.543  32.596 0.0000000000
31145  -16.799  -46.224  32.031 0.0000000000
30359  -16.071  -46.396  31.884 0.0000000000
25432  -7.834  -51.811  32.681 0.0000000000
106094  -7.428  -51.627  33.701 0.0000000000
37971  -36.954  -37.477  25.712 0.0000000000
31970  -20.337  -44.516  32.369 0.0000000000
31971  -21.191  -44.606  32.328 0.0000000000
31166  -21.931  -45.061  32.082 0.0000000000
98827  -22.594  -45.583  31.774 0.0000000000
30360  -23.206  -46.008  31.347 0.0000000000
33756  -33.253  -42.143  25.681 0.0000000000
36268  -18.495  -39.551  31.029 0.0000000000
33687  -18.292  -42.380  30.654 0.0000000000
37964  -27.686  -37.872  24.875 0.0000000000
37966  -29.735  -37.954  24.809 0.0000000000
47689  -35.711  -26.820  18.790 0.0000000000
46888  -36.154  -27.059  18.129 0.0000000000
48496  -36.986  -25.054  18.395 0.0000000000
54295  -38.607  -18.974  19.188 0.0000000000
54304  -39.308  -18.590  18.766 0.0000000000
53524  -39.717  -19.004  16.963 0.0000000000
53519  -39.874  -19.792  16.896 0.0000000000
55112  -41.747  -18.032  15.867 0.0000000000
54320  -41.694  -18.920  15.741 0.0000000000
54321  -42.283  -18.468  15.558 0.0000000000
54322  -43.077  -18.477  15.214 0.0000000000
55926  -43.478  -16.542  16.630 0.0000000000
39797  -31.690  -34.863  25.267 0.0000000000
40708  -30.741  -34.539  25.051 0.0000000000
40707  -28.989  -34.206  25.466 0.0000000000
41660  -29.853  -33.617  24.127 0.0000000000
46792  -30.285  -27.288  24.202 0.0000000000
45962  -29.915  -28.016  24.598 0.0000000000
46791  -29.857  -27.940  23.729 0.0000000000
45971  -29.611  -28.606  23.280 0.0000000000
47640  -30.583  -26.470  22.008 0.0000000000
46833  -30.432  -27.251  21.500 0.0000000000
46834  -31.037  -27.452  20.821 0.0000000000
46835  -31.833  -26.938  20.556 0.0000000000
47625  -32.040  -25.680  21.833 0.0000000000
47626  -33.139  -25.682  21.791 0.0000000000
100139  -24.963  -44.275  27.468 0.0000000000
31224  -25.359  -44.950  27.875 0.0000000000
31212  -27.575  -45.584  28.428 0.0000000000
31211  -26.678  -45.570  28.362 0.0000000000
31985  -12.900  -44.861  32.039 0.0000000000
31159  -13.181  -45.542  31.724 0.0000000000
30356  -13.589  -46.323  31.610 0.0000000000
22831  -8.623  -54.791  33.528 0.0000000000
22814  -8.670  -55.342  34.279 0.0000000000
21133  -7.818  -56.637  35.224 0.0000000000
21141  -7.998  -56.316  34.704 0.0000000000
21140  -7.379  -56.692  34.804 0.0000000000
21941  -6.673  -55.590  34.240 0.0000000000
39791  -36.830  -35.301  26.208 0.0000000000
40702  -37.040  -35.018  27.013 0.0000000000
40701  -36.429  -34.499  26.616 0.0000000000
32925  -29.002  -42.974  26.071 0.0000000000
32906  -29.462  -43.575  26.642 0.0000000000
34492  -15.668  -41.683  32.663 0.0000000000
33646  -15.271  -41.978  33.204 0.0000000000
33630  -14.717  -42.313  33.675 0.0000000000
33671  -14.840  -42.860  31.798 0.0000000000
103051  -16.867  -45.177  30.886 0.0000000000
32001  -18.528  -44.006  30.838 0.0000000000
32000  -17.609  -43.984  30.675 0.0000000000
31130  -18.982  -45.664  33.202 0.0000000000
31147  -18.426  -45.596  32.545 0.0000000000
36360  -33.601  -39.497  23.293 0.0000000000
109108  -33.260  -39.117  22.794 0.0000000000
38018  -30.998  -37.257  21.524 0.0000000000
111536  -31.387  -36.705  21.590 0.0000000000
38910  -32.063  -36.433  21.572 0.0000000000
37979  -31.151  -37.169  24.185 0.0000000000
38872  -31.461  -36.540  23.612 0.0000000000
38874  -32.733  -35.754  24.560 0.0000000000
33703  -20.548  -42.133  29.417 0.0000000000
34532  -20.636  -41.180  29.145 0.0000000000
33717  -21.368  -42.107  28.412 0.0000000000
113111  -22.195  -43.155  28.075 0.0000000000
34559  -23.142  -41.542  27.197 0.0000000000
35453  -22.912  -41.032  27.586 0.0000000000
96328  -22.811  -42.516  27.337 0.0000000000
97139  -23.763  -43.408  27.267 0.0000000000
33733  -23.827  -42.134  26.618 0.0000000000
33734  -24.503  -42.037  26.205 0.0000000000
97906  -24.895  -42.463  26.186 0.0000000000
100738  -25.785  -43.244  26.464 0.0000000000
33735  -25.675  -42.559  25.971 0.0000000000
36320  -26.097  -38.495  26.508 0.0000000000
36306  -26.390  -38.475  27.582 0.0000000000
36305  -25.339  -39.113  26.993 0.0000000000
36318  -24.947  -39.547  26.088 0.0000000000
36336  -25.020  -39.944  25.618 0.0000000000
35488  -26.123  -40.323  24.763 0.0000000000
34590  -26.121  -41.162  24.991 0.0000000000
111550  -26.548  -41.634  25.091 0.0000000000
33750  -27.696  -42.438  25.492 0.0000000000
35490  -28.169  -40.855  24.171 0.0000000000
34592  -28.567  -41.368  24.482 0.0000000000
34593  -29.396  -41.379  24.442 0.0000000000
33768  -29.828  -41.911  25.039 0.0000000000
99669  -27.885  -39.376  23.439 0.0000000000
114649  -28.395  -39.170  22.989 0.0000000000
35503  -30.367  -40.393  23.341 0.0000000000
35502  -29.450  -40.220  23.258 0.0000000000
34605  -30.729  -40.954  24.043 0.0000000000
35505  -32.350  -40.311  23.532 0.0000000000
35506  -33.220  -40.147  23.668 0.0000000000
108594  -20.580  -39.264  29.508 0.0000000000
114863  -19.725  -38.907  30.410 0.0000000000
35413  -19.607  -40.416  30.046 0.0000000000
43483  -37.232  -31.191  20.079 0.0000000000
44416  -38.251  -30.461  19.214 0.0000000000
109703  -36.691  -27.430  17.633 0.0000000000
46053  -36.637  -28.255  17.521 0.0000000000
46900  -37.315  -27.853  17.385 0.0000000000
50124  -37.209  -23.205  21.078 0.0000000000
50129  -37.025  -23.867  20.552 0.0000000000
50963  -36.784  -22.432  19.338 0.0000000000
50962  -36.518  -23.035  19.793 0.0000000000
50140  -36.957  -23.642  18.767 0.0000000000
50974  -37.285  -22.770  18.622 0.0000000000
52652  -38.046  -20.334  18.366 0.0000000000
52651  -37.622  -20.265  18.972 0.0000000000
50149  -38.367  -23.678  17.756 0.0000000000
103760  -39.216  -23.900  17.464 0.0000000000
49349  -39.382  -24.756  17.287 0.0000000000
108567  -40.052  -24.217  17.255 0.0000000000
103893  -40.834  -24.602  17.163 0.0000000000
54324  -44.564  -18.584  14.673 0.0000000000
97508  -45.711  -18.588  14.486 0.0000000000
114949  -46.693  -16.727  14.594 0.0000000000
56782  -46.908  -15.723  15.179 0.0000000000
27433  -9.433  -49.988  32.091 0.0000000000
26370  -8.218  -50.907  32.672 0.0000000000
25448  -9.610  -51.685  31.822 0.0000000000
25434  -11.295  -51.556  33.221 0.0000000000
24568  -10.518  -52.544  33.865 0.0000000000
24582  -10.245  -53.052  33.109 0.0000000000
23651  -9.773  -53.825  33.490 0.0000000000
102250  -9.742  -53.982  34.348 0.0000000000
23624  -8.814  -54.013  36.764 0.0000000000
38006  -35.011  -36.922  22.688 0.0000000000
38882  -35.464  -36.560  23.283 0.0000000000
37994  -35.857  -37.034  23.923 0.0000000000
40725  -32.625  -34.420  22.892 0.0000000000
112842  -33.969  -34.004  23.070 0.0000000000
40734  -33.994  -34.529  22.593 0.0000000000
39814  -35.369  -35.700  23.359 0.0000000000
40728  -35.182  -34.834  23.595 0.0000000000
40718  -34.886  -33.995  23.981 0.0000000000
41662  -34.432  -33.084  24.477 0.0000000000
43392  -27.812  -31.995  26.389 0.0000000000
42526  -27.513  -32.505  25.240 0.0000000000
41658  -27.956  -33.127  24.601 0.0000000000
42537  -27.688  -32.375  24.111 0.0000000000
45181  -28.541  -29.827  24.500 0.0000000000
43430  -28.473  -31.458  22.989 0.0000000000
42552  -29.093  -32.277  23.199 0.0000000000
42541  -33.858  -32.148  25.089 0.0000000000
42527  -33.895  -31.709  25.114 0.0000000000
44338  -33.676  -30.978  24.432 0.0000000000
44379  -31.350  -29.865  21.672 0.0000000000
96988  -32.663  -30.586  22.125 0.0000000000
43446  -33.938  -30.710  22.827 0.0000000000
109335  -35.016  -31.239  20.953 0.0000000000
43461  -35.322  -31.258  21.783 0.0000000000
43462  -36.012  -31.406  21.192 0.0000000000
43482  -36.365  -31.290  20.249 0.0000000000
43481  -35.541  -31.244  20.335 0.0000000000
45230  -33.958  -29.853  19.019 0.0000000000
44413  -35.267  -30.639  19.146 0.0000000000
46034  -34.419  -29.214  18.568 0.0000000000
47659  -32.860  -26.856  20.334 0.0000000000
46871  -32.923  -27.710  19.741 0.0000000000
46857  -33.658  -27.205  19.824 0.0000000000
108428  -34.593  -26.758  20.177 0.0000000000
46874  -35.087  -27.183  18.972 0.0000000000
32870  -21.485  -43.508  29.318 0.0000000000
31191  -23.328  -45.629  29.915 0.0000000000
30377  -23.792  -46.083  30.163 0.0000000000
99793  -23.780  -46.293  30.904 0.0000000000
30362  -24.405  -46.813  31.210 0.0000000000
30406  -25.434  -45.980  28.884 0.0000000000
31192  -24.617  -45.905  29.085 0.0000000000
30392  -25.177  -46.333  29.453 0.0000000000
31228  -28.906  -44.963  27.987 0.0000000000
28419  -10.099  -47.608  33.082 0.0000000000
95351  -10.814  -47.810  32.086 0.0000000000
30329  -11.235  -45.802  33.030 0.0000000000
29410  -12.748  -47.962  31.755 0.0000000000
27436  -12.147  -49.700  31.955 0.0000000000
95642  -14.689  -44.715  31.239 0.0000000000
31987  -14.146  -44.417  31.548 0.0000000000
30330  -15.589  -46.803  32.191 0.0000000000
30344  -14.840  -46.872  31.832 0.0000000000
20326  -5.788  -58.109  35.322 0.0000000000
19548  -5.891  -58.299  35.852 0.0000000000
32002  -21.737  -44.262  30.474 0.0000000000
34598  -34.069  -40.986  24.909 0.0000000000
35412  -19.053  -39.986  30.422 0.0000000000
37967  -30.856  -37.892  24.730 0.0000000000
47662  -36.308  -26.028  20.525 0.0000000000
49334  -36.545  -24.546  19.462 0.0000000000
54305  -39.999  -18.144  18.378 0.0000000000
54317  -40.288  -18.543  16.735 0.0000000000
55925  -42.740  -16.845  16.873 0.0000000000
40689  -29.488  -34.469  27.204 0.0000000000
40700  -29.254  -34.448  26.324 0.0000000000
40688  -28.665  -34.078  27.002 0.0000000000
46803  -30.165  -27.145  23.325 0.0000000000
46820  -30.122  -27.134  22.382 0.0000000000
47624  -31.160  -25.844  22.194 0.0000000000
32048  -25.428  -43.720  26.941 0.0000000000
32036  -26.816  -44.491  27.349 0.0000000000
31227  -28.081  -45.055  27.921 0.0000000000
31986  -13.576  -44.769  31.710 0.0000000000
55124  -47.871  -17.456  14.032 0.0000000000
55125  -48.645  -17.597  13.676 0.0000000000
110116  -8.628  -55.283  35.746 0.0000000000
21919  -8.184  -55.799  36.189 0.0000000000
21129  -7.961  -56.437  35.760 0.0000000000
21128  -7.540  -57.003  35.840 0.0000000000
39792  -37.391  -35.801  26.630 0.0000000000
113945  -30.351  -42.824  26.068 0.0000000000
32907  -30.410  -43.283  26.513 0.0000000000
32908  -31.364  -43.238  26.583 0.0000000000
32893  -32.651  -43.614  27.329 0.0000000000
35388  -16.998  -40.315  32.576 0.0000000000
35387  -16.565  -40.805  32.996 0.0000000000
34484  -16.691  -40.753  33.919 0.0000000000
33672  -15.576  -42.556  31.446 0.0000000000
107568  -16.043  -43.072  30.949 0.0000000000
31969  -19.432  -44.681  32.098 0.0000000000
31131  -19.648  -45.710  33.778 0.0000000000
37198  -32.644  -38.844  22.336 0.0000000000
37197  -31.745  -38.761  21.983 0.0000000000
37210  -31.381  -38.025  21.557 0.0000000000
35425  -20.995  -40.069  28.911 0.0000000000
35454  -23.565  -40.944  27.228 0.0000000000
34575  -24.790  -41.349  25.860 0.0000000000
37128  -26.959  -38.246  27.144 0.0000000000
37141  -25.817  -38.660  25.600 0.0000000000
36337  -25.381  -39.315  25.401 0.0000000000
36345  -25.901  -39.444  24.806 0.0000000000
98546  -26.869  -41.020  24.670 0.0000000000
35489  -27.504  -40.570  24.221 0.0000000000
35501  -28.049  -40.225  23.762 0.0000000000
36371  -28.730  -38.633  22.618 0.0000000000
35516  -29.927  -39.755  22.710 0.0000000000
35517  -30.848  -39.887  22.805 0.0000000000
44428  -36.647  -30.360  18.590 0.0000000000
45244  -37.125  -29.714  17.935 0.0000000000
51809  -37.688  -21.883  21.451 0.0000000000
50956  -36.846  -22.226  21.011 0.0000000000
114446  -37.192  -21.393  21.008 0.0000000000
51819  -36.861  -21.424  20.366 0.0000000000
51829  -36.926  -21.603  19.541 0.0000000000
51850  -39.154  -21.094  17.638 0.0000000000
50150  -39.934  -23.291  17.404 0.0000000000
55115  -44.156  -17.140  15.114 0.0000000000
55119  -44.714  -17.747  14.774 0.0000000000
55936  -44.988  -16.925  14.967 0.0000000000
55121  -46.285  -17.085  14.570 0.0000000000
26380  -10.010  -50.881  31.723 0.0000000000
23635  -9.697  -53.496  35.276 0.0000000000
38895  -33.545  -36.872  21.723 0.0000000000
38005  -34.342  -37.352  22.341 0.0000000000
100788  -33.721  -35.922  21.774 0.0000000000
111823  -34.391  -35.738  22.182 0.0000000000
40724  -31.127  -33.965  23.866 0.0000000000
114543  -32.256  -33.866  23.335 0.0000000000
41673  -33.487  -33.500  23.426 0.0000000000
44303  -28.327  -30.916  25.972 0.0000000000
109247  -28.909  -29.504  23.940 0.0000000000
45188  -28.343  -30.070  23.759 0.0000000000
44351  -29.032  -30.667  22.883 0.0000000000
43432  -30.667  -31.335  23.009 0.0000000000
43433  -32.258  -31.384  23.769 0.0000000000
43416  -33.594  -31.371  24.700 0.0000000000
44354  -32.439  -30.836  23.182 0.0000000000
44381  -32.931  -30.528  21.079 0.0000000000
43460  -34.535  -31.048  21.846 0.0000000000
43480  -34.445  -31.009  20.293 0.0000000000
43498  -35.057  -31.019  19.820 0.0000000000
47644  -34.530  -26.433  21.123 0.0000000000
46858  -35.468  -26.572  20.387 0.0000000000
32879  -21.831  -43.346  28.601 0.0000000000
96351  -23.787  -45.701  29.383 0.0000000000
30342  -12.737  -46.303  31.737 0.0000000000
110361  -13.084  -48.511  31.969 0.0000000000
38866  -36.662  -37.117  25.134 0.0000000000
31132  -21.139  -45.411  33.533 0.0000000000
31133  -21.871  -45.711  33.371 0.0000000000
30334  -22.606  -46.193  33.134 0.0000000000
31151  -22.280  -45.632  32.591 0.0000000000
33755  -32.386  -42.181  25.555 0.0000000000
36242  -17.926  -39.180  32.956 0.0000000000
35399  -17.841  -40.032  31.349 0.0000000000
36241  -17.492  -39.795  32.243 0.0000000000
35398  -17.243  -40.453  31.648 0.0000000000
96283  -17.082  -41.158  31.199 0.0000000000
32840  -17.370  -42.488  30.755 0.0000000000
97520  -19.457  -43.666  30.943 0.0000000000
111564  -19.267  -44.238  31.326 0.0000000000
38003  -29.302  -37.240  22.377 0.0000000000
37992  -30.180  -36.957  23.519 0.0000000000
37173  -26.857  -38.219  24.439 0.0000000000
37976  -27.605  -37.959  23.951 0.0000000000
37977  -28.236  -37.733  24.229 0.0000000000
37990  -28.354  -37.631  23.539 0.0000000000
47696  -36.881  -26.513  17.870 0.0000000000
48503  -37.419  -25.642  17.852 0.0000000000
53497  -38.144  -19.440  19.569 0.0000000000
53517  -38.491  -19.783  18.084 0.0000000000
54310  -39.392  -18.712  17.798 0.0000000000
52665  -39.502  -20.397  17.327 0.0000000000
52666  -40.126  -20.447  16.958 0.0000000000
51852  -40.793  -20.889  16.949 0.0000000000
98566  -41.279  -21.690  17.154 0.0000000000
52683  -41.371  -20.338  16.368 0.0000000000
52700  -41.894  -19.824  15.834 0.0000000000
100932  -11.633  -50.338  31.962 0.0000000000
110278  -12.149  -50.542  32.981 0.0000000000
26371  -11.773  -50.893  33.574 0.0000000000
39811  -32.154  -35.167  23.214 0.0000000000
45939  -29.916  -29.015  25.789 0.0000000000
45951  -29.591  -28.785  24.988 0.0000000000
100163  -29.292  -29.219  23.504 0.0000000000
104245  -29.558  -29.271  22.939 0.0000000000
110817  -31.188  -30.266  22.243 0.0000000000
45200  -30.162  -29.242  22.292 0.0000000000
45985  -31.194  -28.449  20.801 0.0000000000
45996  -31.834  -28.636  20.388 0.0000000000
113168  -32.022  -28.151  20.224 0.0000000000
45997  -32.403  -28.482  19.947 0.0000000000
47606  -35.051  -26.149  22.624 0.0000000000
31223  -24.499  -44.816  28.020 0.0000000000
30407  -26.198  -45.969  28.769 0.0000000000
31225  -26.265  -45.030  27.825 0.0000000000
31143  -11.822  -45.281  32.778 0.0000000000
112536  -18.138  -46.458  34.225 0.0000000000
23666  -7.878  -53.249  32.800 0.0000000000
98417  -7.502  -54.085  33.330 0.0000000000
22829  -7.144  -54.799  33.755 0.0000000000
21943  -8.219  -55.853  34.415 0.0000000000
21951  -7.463  -55.286  33.824 0.0000000000
114556  -6.505  -54.932  34.223 0.0000000000
22813  -5.690  -55.294  34.740 0.0000000000
50951  -38.383  -22.567  21.846 0.0000000000
51810  -38.660  -21.640  21.769 0.0000000000
52631  -38.970  -20.648  21.430 0.0000000000
99196  -38.767  -19.813  20.748 0.0000000000
41651  -35.141  -33.330  25.887 0.0000000000
32051  -28.161  -44.102  26.944 0.0000000000
32905  -28.592  -43.575  26.531 0.0000000000
99986  -29.483  -44.096  27.150 0.0000000000
32817  -14.154  -43.146  32.217 0.0000000000
31988  -15.342  -44.314  31.009 0.0000000000
31146  -17.628  -45.937  32.321 0.0000000000
113698  -18.736  -45.134  32.081 0.0000000000
35495  -35.051  -39.972  24.906 0.0000000000
36348  -35.269  -39.351  24.612 0.0000000000
36347  -34.764  -39.628  24.223 0.0000000000
36361  -34.469  -39.100  23.477 0.0000000000
111426  -32.985  -38.209  22.048 0.0000000000
38004  -33.608  -37.823  22.143 0.0000000000
104616  -32.666  -36.842  21.526 0.0000000000
39818  -31.753  -35.692  22.202 0.0000000000
38892  -29.927  -36.844  22.029 0.0000000000
38893  -30.392  -36.510  22.297 0.0000000000
38894  -31.049  -36.130  22.234 0.0000000000
101168  -31.644  -35.758  22.683 0.0000000000
39789  -31.596  -35.066  26.228 0.0000000000
33704  -21.213  -42.690  28.885 0.0000000000
32887  -22.874  -43.296  27.639 0.0000000000
36290  -22.599  -39.594  28.647 0.0000000000
34550  -22.131  -41.108  27.909 0.0000000000
114608  -23.475  -43.902  27.759 0.0000000000
32889  -24.586  -43.569  27.063 0.0000000000
103656  -27.060  -43.496  26.458 0.0000000000
35465  -24.650  -40.288  26.075 0.0000000000
34576  -25.446  -41.029  25.328 0.0000000000
32923  -27.315  -42.997  26.016 0.0000000000
33766  -28.146  -41.922  24.959 0.0000000000
33752  -29.408  -42.435  25.548 0.0000000000
33769  -30.697  -41.900  25.098 0.0000000000
36357  -27.225  -38.932  23.765 0.0000000000
111844  -30.924  -41.437  24.565 0.0000000000
99309  -31.343  -41.682  24.883 0.0000000000
34578  -32.024  -41.699  24.968 0.0000000000
34596  -32.466  -41.233  24.526 0.0000000000
34597  -33.276  -41.147  24.694 0.0000000000
35492  -32.855  -40.717  24.124 0.0000000000
35494  -34.408  -40.324  24.560 0.0000000000
36257  -19.766  -38.666  30.922 0.0000000000
36269  -19.221  -39.130  30.667 0.0000000000
44415  -37.405  -30.713  19.291 0.0000000000
45260  -37.561  -29.109  17.582 0.0000000000
46055  -38.028  -28.399  17.379 0.0000000000
50128  -36.622  -23.751  19.961 0.0000000000
50139  -36.630  -23.715  19.324 0.0000000000
49339  -37.213  -24.305  18.355 0.0000000000
49347  -37.833  -24.328  17.888 0.0000000000
53507  -37.706  -19.970  19.502 0.0000000000
51841  -38.292  -21.123  18.040 0.0000000000
50975  -37.814  -21.934  18.280 0.0000000000
48506  -39.530  -25.575  17.158 0.0000000000
55122  -47.058  -17.207  14.330 0.0000000000
56779  -47.361  -15.128  15.408 0.0000000000
26353  -8.054  -50.293  33.692 0.0000000000
26369  -7.717  -51.036  33.395 0.0000000000
24592  -8.497  -52.582  32.325 0.0000000000
26381  -10.929  -50.799  31.836 0.0000000000
102326  -10.354  -51.536  31.924 0.0000000000
25433  -10.756  -52.303  32.990 0.0000000000
105249  -9.267  -52.326  31.977 0.0000000000
24593  -9.317  -52.878  32.306 0.0000000000
23683  -8.836  -53.446  32.615 0.0000000000
23668  -9.205  -54.163  33.098 0.0000000000
22815  -9.314  -54.609  34.009 0.0000000000
23625  -9.313  -53.810  36.015 0.0000000000
22777  -8.962  -54.581  35.882 0.0000000000
110026  -34.897  -37.641  22.884 0.0000000000
37982  -35.816  -37.796  23.916 0.0000000000
38875  -36.259  -36.702  24.582 0.0000000000
39821  -33.880  -35.185  22.098 0.0000000000
39806  -36.150  -35.911  24.745 0.0000000000
40720  -35.973  -35.085  24.978 0.0000000000
40710  -35.624  -34.256  25.358 0.0000000000
41637  -28.066  -33.512  26.628 0.0000000000
43384  -28.387  -31.950  27.455 0.0000000000
41649  -28.065  -33.528  25.536 0.0000000000
41669  -29.667  -32.915  23.603 0.0000000000
44320  -28.362  -30.287  25.182 0.0000000000
106411  -27.731  -30.974  25.057 0.0000000000
43415  -27.503  -31.594  24.569 0.0000000000
42551  -28.171  -32.175  23.395 0.0000000000
107295  -31.230  -32.641  23.588 0.0000000000
42529  -34.744  -32.297  26.363 0.0000000000
44414  -35.978  -30.684  19.017 0.0000000000
46014  -33.055  -28.638  19.444 0.0000000000
46016  -34.226  -28.278  18.743 0.0000000000
32003  -22.294  -44.853  30.711 0.0000000000
32010  -22.338  -44.651  29.792 0.0000000000
31178  -22.831  -45.287  30.192 0.0000000000
31167  -22.773  -45.435  30.988 0.0000000000
31209  -24.112  -45.319  28.630 0.0000000000
106280  -24.498  -46.338  29.876 0.0000000000
112940  -24.735  -46.731  30.542 0.0000000000
29432  -24.947  -47.403  31.874 0.0000000000
32038  -28.512  -44.553  27.461 0.0000000000
28435  -10.268  -48.478  32.225 0.0000000000
29408  -10.678  -46.990  32.748 0.0000000000
29409  -11.360  -47.094  32.025 0.0000000000
26372  -12.576  -49.907  32.852 0.0000000000
27418  -13.191  -49.233  33.212 0.0000000000
32836  -13.782  -43.898  31.922 0.0000000000
31161  -14.651  -45.513  31.324 0.0000000000
29412  -14.407  -47.452  32.170 0.0000000000
112218  -16.596  -46.763  33.553 0.0000000000
29397  -15.263  -47.360  33.556 0.0000000000
29396  -14.665  -47.691  32.954 0.0000000000
21127  -6.886  -57.213  36.425 0.0000000000
20320  -7.051  -57.423  35.827 0.0000000000
20318  -5.628  -58.331  36.481 0.0000000000
20327  -6.591  -57.679  35.565 0.0000000000
96004  -5.595  -56.162  34.543 0.0000000000
19560  -4.749  -58.450  34.986 0.0000000000
21137  -4.348  -57.223  34.290 0.0000000000
21940  -4.656  -56.371  34.438 0.0000000000
20313  -5.933  -57.549  36.923 0.0000000000
21952  -8.102  -55.401  33.848 0.0000000000
24580  -7.454  -52.465  33.158 0.0000000000
32052  -28.912  -44.100  27.022 0.0000000000
37172  -26.308  -38.777  24.551 0.0000000000
37199  -33.455  -38.551  22.492 0.0000000000
38019  -31.940  -37.279  21.505 0.0000000000
108498  -31.741  -25.453  22.488 0.0000000000
108540  -31.564  -34.655  24.628 0.0000000000
111014  -35.663  -38.397  24.056 0.0000000000
112309  -22.577  -44.642  29.201 0.0000000000
114635  -31.216  -25.633  22.863 0.0000000000
