#!ascii label  , from subject sub-v1s23x0050577_ses-1 vox2ras=TkReg
789
50606  -23.136  -23.475  -27.588 0.4285714328
51425  -23.710  -22.100  -28.213 0.2857142985
52281  -24.916  -21.924  -27.580 0.4285714328
52282  -25.591  -21.705  -27.287 0.4285714328
112649  -24.478  -21.297  -28.334 0.2857142985
52300  -25.037  -21.261  -28.018 0.4285714328
53124  -25.934  -20.903  -27.686 0.4285714328
110378  -24.953  -19.375  -29.272 0.4285714328
53948  -25.669  -19.532  -28.838 0.4285714328
53958  -25.390  -18.778  -29.299 0.4285714328
54770  -25.903  -18.116  -29.334 0.4285714328
55521  -25.155  -17.232  -30.096 0.5714285970
95443  -25.683  -17.514  -29.658 0.5714285970
55522  -26.343  -17.430  -29.369 0.4285714328
55523  -27.165  -17.230  -29.051 0.2857142985
56394  -25.895  -16.778  -29.829 0.7142857313
111626  -26.600  -16.783  -29.424 0.7142857313
57210  -26.990  -15.489  -29.458 0.7142857313
57211  -27.663  -15.813  -28.958 0.4285714328
56374  -26.461  -16.141  -29.666 0.7142857313
56375  -27.110  -16.347  -29.231 0.5714285970
58038  -27.901  -14.500  -29.067 0.5714285970
57209  -26.539  -14.864  -29.917 0.5714285970
107208  -27.241  -14.651  -29.515 0.5714285970
58854  -27.576  -13.844  -29.535 0.5714285970
58855  -28.136  -13.882  -28.995 0.5714285970
58025  -28.469  -14.303  -28.538 0.4285714328
103293  -27.632  -13.136  -29.702 0.5714285970
59733  -28.520  -12.586  -28.703 0.5714285970
59754  -26.703  -12.821  -30.593 0.7142857313
59744  -27.996  -12.582  -29.519 0.7142857313
97703  -28.360  -12.005  -29.302 0.7142857313
60579  -28.753  -11.653  -28.714 0.5714285970
59753  -25.910  -13.028  -30.980 0.5714285970
59755  -27.193  -12.140  -30.753 0.8571428657
60595  -28.552  -11.326  -29.517 0.7142857313
60596  -29.033  -10.859  -28.936 0.5714285970
59766  -26.338  -12.289  -31.290 0.5714285970
61382  -28.880  -10.565  -29.763 0.7142857313
60603  -27.597  -11.370  -30.847 0.7142857313
60604  -28.273  -10.983  -30.315 0.7142857313
61397  -29.164  -9.916  -29.910 0.5714285970
62145  -29.446  -9.316  -29.463 0.5714285970
61395  -27.960  -10.595  -31.092 0.7142857313
61396  -28.641  -10.117  -30.586 0.7142857313
62881  -29.196  -8.765  -29.997 0.7142857313
62168  -28.171  -9.395  -31.851 0.7142857313
62158  -28.603  -9.364  -31.122 0.7142857313
62880  -28.800  -8.600  -30.746 0.7142857313
99066  -28.599  -7.795  -30.574 0.7142857313
62867  -28.983  -8.050  -29.950 0.5714285970
62891  -28.443  -8.745  -31.640 0.7142857313
61406  -27.609  -10.138  -31.875 0.5714285970
63661  -28.695  -7.116  -29.891 0.5714285970
64490  -28.647  -6.279  -29.469 0.5714285970
106240  -28.085  -8.807  -32.190 0.8571428657
64499  -28.465  -6.257  -30.280 0.7142857313
63673  -28.303  -7.122  -31.000 0.7142857313
62879  -28.381  -8.026  -31.323 0.8571428657
65323  -28.047  -5.224  -31.534 0.8571428657
65310  -28.185  -5.428  -30.482 0.5714285970
109536  -28.196  -6.135  -31.265 0.8571428657
65322  -27.843  -5.878  -32.225 0.8571428657
63684  -28.114  -7.571  -31.817 0.8571428657
64509  -27.933  -6.829  -31.917 0.8571428657
66130  -28.396  -4.051  -32.508 0.8571428657
109229  -28.309  -3.769  -31.853 0.8571428657
67635  -28.483  -2.530  -32.145 0.8571428657
66895  -28.500  -3.328  -32.485 0.8571428657
66894  -28.526  -3.548  -33.123 1.0000000000
65333  -27.986  -4.728  -32.258 0.8571428657
67646  -28.598  -2.720  -32.958 1.0000000000
68355  -28.217  -1.461  -33.138 1.0000000000
69042  -27.036  -0.538  -33.639 0.7142857313
102475  -28.396  -2.115  -33.215 1.0000000000
68363  -27.869  -1.776  -33.548 1.0000000000
97720  -27.647  -1.007  -33.420 1.0000000000
112029  -27.589  2.705  -33.153 1.0000000000
108505  -27.073  2.565  -33.642 0.8571428657
94758  -27.403  4.383  -33.659 0.8571428657
101142  -27.551  3.685  -33.472 1.0000000000
73502  -26.308  6.341  -32.189 0.8571428657
94760  -26.965  5.014  -33.293 0.8571428657
74251  -26.863  6.898  -31.846 0.8571428657
74914  -27.002  8.036  -32.092 0.7142857313
74250  -26.427  7.619  -32.960 0.5714285970
74913  -26.274  8.901  -32.833 0.7142857313
100054  -27.277  8.306  -31.772 0.5714285970
75549  -24.175  10.790  -32.139 0.5714285970
75559  -24.882  9.013  -33.396 0.5714285970
75543  -25.208  10.556  -31.029 0.4285714328
76207  -25.808  10.565  -31.056 0.4285714328
96331  -24.454  10.546  -29.955 0.2857142985
75542  -24.085  10.773  -30.667 0.2857142985
99945  -24.414  9.502  -28.775 0.2857142985
52299  -23.947  -21.365  -28.566 0.2857142985
65296  -28.262  -5.511  -29.485 0.5714285970
66112  -28.043  -4.601  -30.676 0.8571428657
66121  -28.064  -3.785  -30.932 0.8571428657
110961  -27.419  -0.100  -33.218 0.8571428657
112404  -25.545  9.589  -27.539 0.1428571492
53139  -23.927  -20.410  -29.252 0.2857142985
53140  -24.500  -20.812  -28.637 0.2857142985
53141  -25.381  -20.445  -28.421 0.4285714328
53949  -26.650  -19.134  -28.476 0.4285714328
53957  -24.248  -19.608  -29.526 0.2857142985
54769  -25.090  -18.054  -29.773 0.4285714328
53947  -24.795  -20.046  -29.011 0.4285714328
56393  -25.105  -16.431  -30.392 0.2857142985
57226  -25.797  -15.925  -30.160 0.7142857313
111708  -26.333  -15.513  -29.911 0.7142857313
102693  -27.628  -15.131  -29.135 0.4285714328
58048  -26.069  -14.337  -30.395 0.5714285970
59734  -28.897  -13.074  -27.887 0.4285714328
58864  -26.360  -13.564  -30.482 0.7142857313
107284  -28.060  -13.249  -29.168 0.7142857313
60594  -27.900  -11.859  -30.041 0.7142857313
59765  -25.536  -12.622  -31.508 0.5714285970
60614  -26.937  -11.633  -31.353 0.5714285970
61367  -29.446  -10.342  -28.295 0.5714285970
61407  -28.248  -9.938  -31.350 0.7142857313
62868  -29.353  -8.419  -29.290 0.5714285970
60615  -27.278  -10.942  -31.514 0.8571428657
68356  -28.535  -1.911  -32.638 1.0000000000
66903  -27.823  -3.691  -33.573 1.0000000000
69738  -26.378  0.797  -33.639 0.7142857313
69739  -26.959  0.903  -33.333 1.0000000000
69733  -27.530  0.860  -32.824 1.0000000000
94755  -27.264  1.804  -33.263 0.7142857313
94756  -27.210  3.269  -33.717 0.8571428657
72660  -26.199  5.792  -32.888 0.8571428657
94753  -27.704  3.877  -32.747 1.0000000000
74924  -25.730  8.499  -33.384 0.5714285970
75551  -26.478  9.242  -31.737 0.7142857313
103467  -23.118  10.931  -32.446 0.4285714328
76205  -24.674  10.546  -29.222 0.2857142985
104780  -24.896  11.038  -30.440 0.4285714328
100694  -25.840  -15.125  -30.314 0.4285714328
58047  -25.247  -14.587  -30.791 0.4285714328
99725  -25.158  9.747  -31.743 0.7142857313
51412  -23.432  -22.820  -27.834 0.4285714328
51413  -24.326  -22.513  -27.515 0.4285714328
52298  -23.161  -21.693  -28.746 0.2857142985
101204  -22.906  -22.392  -28.406 0.2857142985
52311  -23.422  -21.035  -29.076 0.2857142985
101562  -24.603  -18.856  -29.671 0.2857142985
53959  -26.099  -18.760  -29.009 0.4285714328
112315  -24.566  -17.627  -30.264 0.4285714328
58037  -26.828  -14.105  -30.013 0.5714285970
58853  -27.092  -13.352  -30.087 0.5714285970
58842  -28.519  -13.507  -28.547 0.4285714328
59743  -27.441  -12.660  -30.147 0.7142857313
100094  -29.022  -12.069  -27.788 0.5714285970
58863  -25.549  -13.787  -30.876 0.7142857313
61383  -29.409  -10.136  -29.210 0.5714285970
62159  -29.038  -9.354  -30.339 0.7142857313
114258  -27.860  -5.258  -32.157 0.8571428657
66120  -28.142  -4.388  -31.650 0.8571428657
66129  -28.104  -4.409  -33.020 1.0000000000
98461  -26.836  0.176  -33.510 0.8571428657
75550  -25.180  9.527  -32.957 0.5714285970
75541  -22.803  11.084  -31.133 0.4285714328
112719  -24.066  8.945  -28.747 0.2857142985
76188  -25.162  9.615  -28.283 0.1428571492
57225  -24.980  -15.507  -30.721 0.2857142985
77415  -26.691  12.020  -31.103 0.2857142985
78081  -26.088  12.678  -30.759 0.1428571492
77412  -26.091  11.332  -30.899 0.2857142985
78085  -27.411  12.482  -31.340 0.2857142985
78080  -25.739  12.055  -30.678 0.1428571492
78654  -25.856  13.248  -30.354 0.1428571492
101925  -25.181  11.292  -30.439 0.1428571492
76836  -25.868  10.892  -30.948 0.2857142985
77411  -25.336  11.650  -30.384 0.1428571492
76840  -28.155  10.895  -31.403 0.2857142985
77413  -27.235  11.098  -31.143 0.2857142985
76214  -29.959  9.465  -31.873 0.2857142985
96668  -28.609  10.137  -31.524 0.2857142985
78646  -25.776  12.956  -29.677 0.1428571492
76208  -26.722  10.220  -31.164 0.2857142985
75553  -28.111  8.785  -31.409 0.2857142985
76839  -27.658  10.242  -31.260 0.2857142985
76837  -26.764  10.691  -31.081 0.2857142985
74917  -29.175  7.403  -31.235 0.1428571492
97882  -28.972  8.767  -31.405 0.2857142985
76212  -28.351  9.458  -31.403 0.2857142985
76211  -27.481  9.534  -31.339 0.2857142985
74256  -31.408  6.647  -31.351 0.1428571492
74919  -30.883  7.500  -31.417 0.1428571492
105429  -29.566  8.112  -31.348 0.4285714328
75552  -27.329  8.955  -31.561 0.2857142985
73496  -28.690  5.373  -30.778 0.2857142985
74252  -27.671  6.652  -31.431 0.4285714328
101867  -27.826  8.104  -31.544 0.2857142985
75544  -26.499  9.801  -31.308 0.2857142985
72654  -29.398  4.490  -30.018 0.1428571492
74246  -29.184  6.018  -30.851 0.2857142985
74916  -28.213  7.366  -31.401 0.4285714328
73504  -28.136  5.845  -31.239 0.5714285970
74915  -27.415  7.479  -31.641 0.7142857313
94750  -28.543  3.177  -30.630 0.1428571492
72653  -28.551  4.599  -30.511 0.1428571492
73495  -27.966  5.058  -31.176 0.4285714328
95178  -28.848  2.525  -30.194 0.2857142985
73503  -26.966  5.882  -31.617 0.7142857313
97161  -28.043  3.321  -31.640 0.8571428657
72661  -27.120  5.010  -31.808 0.5714285970
95236  -29.017  1.697  -30.087 0.2857142985
107812  -27.740  4.204  -31.503 0.7142857313
106535  -25.730  5.905  -33.194 0.5714285970
95089  -27.407  4.494  -32.612 0.8571428657
94739  -29.487  1.160  -29.299 0.1428571492
99499  -28.348  2.528  -31.312 0.7142857313
69711  -29.654  0.140  -29.444 0.1428571492
66151  -24.842  -4.360  -34.391 0.5714285970
67651  -27.138  -2.992  -34.013 0.8571428657
67652  -27.277  -2.086  -34.006 0.8571428657
67661  -26.236  -2.305  -34.286 0.4285714328
67662  -26.640  -1.557  -34.117 0.5714285970
69734  -27.930  -0.161  -32.386 0.8571428657
94748  -28.001  2.495  -32.240 0.8571428657
95153  -29.453  -0.713  -29.897 0.2857142985
95167  -28.011  0.940  -31.813 0.8571428657
69013  -29.950  -0.636  -29.134 0.4285714328
94947  -28.584  0.767  -30.846 0.7142857313
110752  -28.440  2.014  -31.296 0.7142857313
65352  -24.717  -5.150  -34.391 0.2857142985
66902  -26.852  -3.835  -33.889 0.5714285970
66901  -26.077  -4.021  -34.051 0.5714285970
108756  -28.073  -2.709  -33.541 0.8571428657
113587  -27.942  -0.801  -33.019 0.8571428657
69026  -28.509  -0.860  -30.647 0.4285714328
69025  -28.283  -0.754  -31.755 0.8571428657
68333  -29.366  -1.147  -29.787 0.4285714328
62914  -25.803  -8.924  -33.335 0.7142857313
62913  -25.331  -8.466  -33.973 0.4285714328
62900  -26.679  -8.659  -32.823 0.7142857313
107112  -26.961  -7.157  -32.779 0.8571428657
63691  -26.195  -7.329  -33.352 0.5714285970
114628  -25.506  -5.752  -34.127 0.5714285970
101898  -24.561  -6.105  -34.414 0.4285714328
64513  -26.722  -6.532  -33.152 0.8571428657
64522  -26.397  -5.801  -33.518 0.5714285970
66140  -25.570  -4.686  -34.164 0.5714285970
65332  -27.709  -5.153  -32.605 0.8571428657
65343  -27.454  -4.958  -33.055 0.7142857313
66141  -26.438  -4.526  -33.776 0.5714285970
66885  -28.164  -3.094  -31.448 0.7142857313
68345  -28.372  -1.394  -31.741 0.7142857313
69035  -28.284  -1.126  -32.563 0.8571428657
67600  -29.440  -2.605  -28.627 0.2857142985
67618  -29.267  -1.794  -29.752 0.4285714328
106072  -26.705  -11.224  -31.821 0.4285714328
61419  -26.213  -10.298  -32.669 0.4285714328
62189  -24.991  -9.081  -33.874 0.4285714328
62890  -28.170  -8.196  -32.090 0.7142857313
62901  -27.564  -8.382  -32.469 0.7142857313
63683  -27.646  -7.531  -32.383 0.7142857313
65321  -27.294  -5.741  -33.008 0.8571428657
66878  -28.898  -3.355  -29.394 0.2857142985
66886  -28.444  -3.192  -30.382 0.5714285970
103460  -26.346  -11.672  -31.766 0.4285714328
60630  -25.140  -11.444  -32.716 0.5714285970
62166  -26.959  -9.994  -32.428 0.5714285970
62177  -26.425  -9.478  -32.794 0.5714285970
66113  -27.972  -3.823  -29.877 0.4285714328
62132  -29.669  -9.606  -28.556 0.4285714328
63649  -28.895  -6.672  -28.903 0.4285714328
63662  -29.111  -7.548  -29.120 0.4285714328
64477  -28.814  -6.209  -27.915 0.4285714328
64491  -28.513  -5.862  -28.682 0.4285714328
54760  -27.284  -18.549  -28.403 0.1428571492
62146  -29.620  -8.822  -28.612 0.4285714328
62857  -29.350  -7.968  -28.417 0.4285714328
63650  -29.077  -7.089  -28.187 0.4285714328
55524  -27.777  -17.239  -28.607 0.1428571492
55514  -28.180  -16.855  -28.286 0.1428571492
58026  -28.849  -14.797  -27.971 0.2857142985
60567  -29.618  -11.080  -26.445 0.2857142985
61360  -30.316  -9.755  -25.881 0.2857142985
61359  -29.984  -10.188  -26.638 0.2857142985
62127  -30.152  -9.347  -26.613 0.2857142985
62126  -29.862  -9.748  -27.558 0.2857142985
60566  -29.277  -11.338  -27.284 0.2857142985
62134  -29.941  -8.842  -27.242 0.2857142985
62133  -29.767  -9.106  -27.963 0.4285714328
97826  -28.165  -17.592  -28.184 0.1428571492
54759  -26.759  -18.180  -28.953 0.1428571492
56367  -28.562  -16.414  -27.831 0.2857142985
57198  -28.641  -15.639  -27.895 0.2857142985
58818  -29.238  -13.695  -25.515 0.2857142985
58800  -29.239  -12.852  -25.566 0.2857142985
59708  -29.332  -12.567  -26.332 0.2857142985
58833  -29.137  -13.589  -27.173 0.2857142985
104369  -29.354  -11.970  -26.789 0.2857142985
55515  -28.609  -17.143  -27.767 0.1428571492
57168  -29.537  -15.495  -25.849 0.2857142985
111780  -28.915  -16.718  -27.385 0.2857142985
57167  -29.379  -14.940  -26.564 0.2857142985
57187  -29.266  -15.761  -26.637 0.2857142985
56366  -28.136  -16.080  -28.368 0.2857142985
53936  -26.953  -19.705  -27.841 0.1428571492
53142  -26.267  -20.057  -28.144 0.2857142985
111551  -28.027  -19.125  -27.550 0.1428571492
105955  -23.873  -23.351  -27.230 0.2857142985
49818  -24.250  -24.050  -26.568 0.2857142985
53125  -26.846  -20.504  -27.291 0.2857142985
50599  -24.703  -23.177  -26.673 0.1428571492
49827  -23.358  -24.066  -27.166 0.2857142985
49816  -22.928  -24.722  -27.199 0.1428571492
111260  -29.486  -16.174  -26.103 0.2857142985
58000  -29.472  -14.622  -25.660 0.2857142985
59695  -29.579  -11.975  -25.790 0.2857142985
58817  -29.243  -13.257  -26.353 0.2857142985
60580  -29.072  -11.105  -28.040 0.4285714328
62850  -29.815  -7.953  -26.999 0.2857142985
63702  -26.003  -8.155  -33.306 0.7142857313
63651  -29.388  -7.507  -27.558 0.4285714328
65342  -26.803  -5.088  -33.374 0.5714285970
65311  -27.877  -4.717  -29.592 0.4285714328
66095  -28.458  -4.045  -28.782 0.2857142985
103371  -29.145  -2.750  -29.743 0.5714285970
94757  -27.017  4.731  -34.055 0.7142857313
68346  -28.737  -1.563  -30.766 0.7142857313
94749  -27.850  3.185  -32.593 0.8571428657
74259  -25.633  7.404  -33.384 0.4285714328
103583  -25.991  6.715  -33.042 0.5714285970
106890  -26.478  5.547  -32.115 0.7142857313
114602  -28.078  2.856  -31.950 0.8571428657
94743  -28.626  1.975  -30.807 0.5714285970
78069  -25.501  11.826  -29.015 0.1428571492
74254  -29.694  6.793  -30.912 0.1428571492
52283  -26.439  -21.462  -26.805 0.1428571492
54761  -28.005  -18.446  -28.005 0.1428571492
54753  -29.155  -18.192  -26.810 0.1428571492
55508  -29.476  -17.437  -26.475 0.1428571492
57197  -28.216  -15.182  -28.585 0.2857142985
57186  -29.106  -15.272  -27.300 0.2857142985
57999  -29.304  -14.092  -26.451 0.2857142985
59696  -29.287  -12.413  -24.945 0.2857142985
58843  -28.973  -13.961  -27.973 0.2857142985
60549  -29.804  -11.159  -25.455 0.2857142985
61404  -26.071  -11.164  -32.335 0.5714285970
59723  -29.155  -12.753  -27.057 0.2857142985
61432  -24.577  -9.686  -33.704 0.2857142985
62851  -30.130  -8.450  -26.381 0.2857142985
63640  -30.080  -7.548  -26.142 0.2857142985
64531  -24.304  -7.119  -34.377 0.4285714328
63701  -25.550  -7.855  -34.010 0.5714285970
66911  -25.419  -3.822  -34.292 0.2857142985
65265  -29.150  -5.799  -27.175 0.1428571492
65281  -28.798  -5.213  -27.723 0.4285714328
65297  -28.023  -4.963  -28.589 0.4285714328
65298  -28.696  -4.456  -28.021 0.1428571492
66096  -29.075  -3.787  -27.688 0.1428571492
99916  -29.682  -1.904  -28.772 0.2857142985
107945  -29.065  -0.056  -30.513 0.7142857313
69003  -30.106  0.082  -28.322 0.2857142985
95214  -29.949  0.957  -28.594 0.1428571492
95173  -29.042  0.807  -30.069 0.4285714328
71929  -28.270  3.771  -30.817 0.5714285970
95237  -29.419  1.982  -29.486 0.1428571492
94745  -29.241  3.278  -29.974 0.1428571492
72651  -29.787  3.914  -29.889 0.1428571492
77406  -25.159  11.505  -29.608 0.1428571492
73497  -29.543  5.322  -30.222 0.1428571492
104693  -28.653  8.067  -31.404 0.2857142985
74253  -28.696  6.658  -31.204 0.2857142985
74247  -30.167  6.157  -30.489 0.1428571492
74248  -31.038  6.147  -30.571 0.1428571492
74255  -30.615  6.880  -30.819 0.1428571492
96678  -29.830  8.800  -31.555 0.2857142985
75560  -30.582  8.859  -31.903 0.2857142985
105342  -30.394  8.171  -31.510 0.1428571492
75554  -31.006  8.160  -32.028 0.1428571492
52264  -26.576  -22.044  -25.999 0.1428571492
54752  -28.574  -18.729  -27.307 0.1428571492
61340  -30.058  -10.490  -25.751 0.2857142985
112783  -31.371  7.281  -32.311 0.1428571492
76216  -30.551  9.454  -32.301 0.2857142985
51411  -22.625  -23.116  -28.054 0.2857142985
51414  -25.194  -22.432  -26.967 0.1428571492
51415  -25.924  -22.221  -26.469 0.1428571492
54771  -27.547  -17.878  -28.565 0.1428571492
56376  -27.704  -16.606  -28.790 0.2857142985
61405  -26.823  -10.637  -32.112 0.4285714328
62167  -27.422  -9.271  -32.396 0.7142857313
64508  -27.451  -6.615  -32.604 0.7142857313
103113  -28.421  -1.944  -31.699 0.7142857313
53950  -27.456  -19.146  -27.981 0.1428571492
66142  -27.283  -4.421  -33.441 0.5714285970
97932  -27.787  1.795  -32.571 0.8571428657
108952  -25.712  12.587  -30.271 0.1428571492
77416  -27.759  11.722  -31.350 0.2857142985
76213  -29.193  9.443  -31.568 0.2857142985
78074  -25.416  12.177  -29.762 0.1428571492
74918  -30.104  7.508  -31.132 0.1428571492
72655  -30.248  4.706  -29.889 0.1428571492
95189  -28.914  3.847  -30.187 0.1428571492
114873  -27.532  5.395  -31.421 0.5714285970
114864  -28.668  1.322  -30.593 0.5714285970
95135  -28.188  1.908  -31.763 0.8571428657
66912  -26.173  -3.317  -34.180 0.4285714328
94952  -28.451  -0.075  -31.285 0.8571428657
94740  -28.444  1.522  -31.209 0.8571428657
62176  -25.485  -9.796  -33.323 0.5714285970
63692  -26.853  -7.858  -32.817 0.7142857313
103532  -25.608  -7.236  -34.024 0.4285714328
64521  -25.935  -6.572  -33.753 0.5714285970
111943  -26.123  -5.164  -33.780 0.5714285970
64532  -25.185  -6.741  -34.273 0.4285714328
100608  -23.780  -6.340  -34.370 0.2857142985
67636  -28.664  -2.371  -30.863 0.5714285970
61418  -25.418  -10.683  -33.026 0.5714285970
66858  -29.133  -3.248  -28.268 0.2857142985
61358  -29.510  -10.622  -27.374 0.2857142985
63638  -29.213  -6.593  -27.306 0.4285714328
62858  -29.611  -8.385  -27.790 0.4285714328
58017  -29.179  -14.443  -27.272 0.2857142985
54762  -28.639  -17.919  -27.591 0.1428571492
56355  -28.946  -16.068  -27.295 0.2857142985
55507  -29.076  -17.345  -27.183 0.1428571492
105136  -25.201  -23.748  -25.943 0.1428571492
50600  -25.548  -22.985  -26.114 0.1428571492
95403  -26.454  4.923  -33.810 0.5714285970
95045  -26.480  3.770  -34.011 0.4285714328
95155  -26.600  4.392  -34.080 0.4285714328
95042  -26.638  3.065  -33.885 0.4285714328
94754  -27.116  4.054  -34.098 0.5714285970
70442  -26.583  1.882  -33.695 0.4285714328
70441  -25.848  1.456  -33.792 0.4285714328
94765  -26.063  2.349  -33.847 0.5714285970
69051  -26.530  -0.885  -33.928 0.5714285970
62113  -30.714  -9.406  -25.225 0.1428571492
101448  -30.419  -8.967  -25.770 0.1428571492
55540  -24.427  -16.983  -30.624 0.2857142985
61323  -32.057  -9.524  -23.691 0.1428571492
61342  -30.847  -9.704  -24.719 0.1428571492
62092  -32.706  -9.054  -23.453 0.1428571492
62101  -31.177  -9.288  -24.801 0.1428571492
62812  -33.390  -8.477  -22.977 0.1428571492
114208  -30.056  -11.945  -24.059 0.1428571492
60529  -31.101  -11.071  -24.086 0.1428571492
60550  -30.158  -10.771  -24.799 0.1428571492
61330  -30.785  -10.315  -24.311 0.1428571492
62077  -33.355  -9.946  -21.941 0.1428571492
61322  -32.037  -10.344  -23.991 0.1428571492
101251  -35.873  -9.586  -24.168 0.1428571492
62068  -34.350  -9.366  -22.295 0.1428571492
62080  -35.557  -8.994  -23.438 0.1428571492
54768  -24.216  -18.265  -30.197 0.2857142985
54780  -23.373  -18.319  -30.682 0.2857142985
57980  -30.016  -14.677  -24.117 0.1428571492
58802  -29.807  -13.578  -24.098 0.1428571492
59697  -29.593  -12.549  -24.330 0.1428571492
100866  -31.614  -11.974  -23.142 0.1428571492
59682  -30.960  -12.895  -23.162 0.1428571492
104912  -32.656  -10.929  -22.310 0.1428571492
59681  -30.957  -11.792  -23.763 0.1428571492
61298  -33.838  -10.735  -21.797 0.1428571492
61300  -35.253  -10.627  -22.830 0.1428571492
96479  -35.997  -10.548  -24.258 0.1428571492
61312  -34.964  -9.861  -22.640 0.1428571492
53956  -23.714  -19.076  -30.149 0.2857142985
96213  -22.788  -18.985  -30.690 0.2857142985
114195  -23.159  -19.463  -30.281 0.2857142985
56324  -30.253  -16.335  -24.397 0.1428571492
57149  -30.268  -15.497  -24.103 0.1428571492
57956  -30.553  -14.196  -23.614 0.1428571492
59666  -31.986  -12.489  -22.445 0.1428571492
58787  -30.452  -13.443  -23.557 0.1428571492
60476  -33.465  -12.127  -21.317 0.1428571492
60502  -34.809  -11.317  -22.329 0.1428571492
60486  -33.744  -11.610  -21.560 0.1428571492
110736  -35.606  -10.048  -25.004 0.1428571492
57131  -31.898  -16.029  -23.317 0.1428571492
56319  -31.896  -16.772  -23.113 0.1428571492
57922  -34.035  -14.087  -21.510 0.1428571492
58759  -33.580  -13.367  -21.294 0.1428571492
57958  -31.822  -14.001  -22.808 0.1428571492
58758  -33.550  -12.817  -21.514 0.1428571492
60519  -36.165  -11.423  -23.898 0.1428571492
59650  -34.913  -12.373  -22.162 0.1428571492
60531  -35.934  -11.421  -24.825 0.1428571492
56317  -30.441  -17.184  -24.473 0.1428571492
56356  -29.277  -16.619  -26.742 0.1428571492
56312  -32.882  -16.752  -22.915 0.1428571492
56318  -31.007  -17.018  -23.986 0.1428571492
57117  -32.721  -15.914  -22.949 0.1428571492
113753  -32.157  -16.279  -23.116 0.1428571492
56325  -30.993  -16.007  -23.966 0.1428571492
57923  -34.292  -14.262  -21.194 0.1428571492
57915  -34.836  -14.813  -21.308 0.1428571492
110993  -34.764  -13.949  -21.684 0.1428571492
58760  -35.238  -13.303  -22.274 0.1428571492
60503  -35.634  -11.616  -23.029 0.1428571492
58749  -33.493  -12.722  -21.234 0.1428571492
55457  -34.388  -17.209  -22.568 0.1428571492
55468  -32.363  -17.321  -23.069 0.1428571492
114474  -31.721  -17.159  -23.306 0.1428571492
56277  -35.520  -16.084  -21.104 0.1428571492
55447  -35.204  -17.096  -22.228 0.1428571492
57083  -35.280  -15.261  -21.103 0.1428571492
57081  -35.128  -15.543  -21.289 0.1428571492
59651  -35.859  -12.646  -22.988 0.1428571492
57939  -35.976  -14.721  -22.666 0.1428571492
57118  -34.154  -15.822  -22.354 0.1428571492
57130  -30.803  -15.139  -23.617 0.1428571492
110857  -32.978  -13.905  -21.858 0.1428571492
58772  -31.758  -13.545  -22.730 0.1428571492
58801  -29.124  -13.194  -24.751 0.1428571492
97524  -35.670  -10.740  -25.386 0.1428571492
61332  -35.443  -10.068  -25.913 0.1428571492
101892  -35.814  -10.824  -23.460 0.1428571492
61297  -33.517  -10.751  -21.934 0.1428571492
61341  -30.489  -10.080  -25.134 0.1428571492
62820  -31.077  -8.707  -24.953 0.1428571492
96029  -23.461  -19.840  -29.874 0.2857142985
99050  -36.168  -12.151  -23.650 0.1428571492
95965  -36.172  -12.141  -24.421 0.1428571492
96169  -35.528  -10.826  -26.239 0.1428571492
105945  -35.580  -9.800  -26.586 0.1428571492
69041  -26.410  -0.105  -33.709 0.4285714328
62103  -35.680  -9.264  -25.098 0.1428571492
61313  -35.583  -9.931  -23.316 0.1428571492
62794  -34.266  -8.558  -22.466 0.1428571492
62093  -35.822  -8.840  -24.135 0.1428571492
62834  -30.499  -8.075  -25.397 0.1428571492
76217  -31.129  8.932  -32.608 0.1428571492
94766  -26.544  5.160  -33.633 0.4285714328
57979  -29.410  -14.193  -24.681 0.1428571492
97276  -29.824  -16.174  -25.359 0.1428571492
56336  -29.698  -16.822  -25.978 0.1428571492
57148  -29.817  -15.280  -24.756 0.1428571492
60537  -29.711  -11.647  -24.680 0.1428571492
63639  -29.623  -7.016  -26.692 0.1428571492
61331  -31.496  -9.734  -24.411 0.1428571492
62102  -32.025  -9.089  -24.517 0.1428571492
62091  -32.756  -9.733  -22.868 0.1428571492
61311  -32.772  -10.351  -22.649 0.1428571492
62078  -33.525  -9.199  -22.346 0.1428571492
62822  -32.573  -8.368  -23.609 0.1428571492
100552  -33.997  -9.042  -22.192 0.1428571492
98814  -30.213  -12.720  -23.830 0.1428571492
60538  -30.347  -11.149  -24.157 0.1428571492
60530  -31.905  -10.980  -23.473 0.1428571492
62067  -33.829  -9.804  -21.959 0.1428571492
61299  -34.427  -10.338  -22.209 0.1428571492
62079  -35.007  -9.117  -22.756 0.1428571492
60518  -32.486  -11.742  -22.491 0.1428571492
61288  -33.561  -11.149  -21.674 0.1428571492
60500  -33.349  -11.598  -21.865 0.1428571492
60501  -34.229  -11.176  -21.910 0.1428571492
58788  -30.972  -13.853  -23.138 0.1428571492
57957  -31.232  -14.746  -23.187 0.1428571492
59649  -32.982  -12.237  -22.050 0.1428571492
57938  -32.982  -13.449  -21.832 0.1428571492
59638  -34.148  -12.539  -21.606 0.1428571492
56323  -30.129  -16.967  -25.204 0.1428571492
57937  -32.141  -14.848  -22.892 0.1428571492
55461  -34.117  -16.609  -22.057 0.1428571492
57092  -33.783  -14.896  -22.206 0.1428571492
57924  -35.157  -14.662  -21.589 0.1428571492
58773  -36.068  -13.520  -23.091 0.1428571492
57093  -34.528  -15.269  -21.774 0.1428571492
56295  -34.785  -15.981  -21.859 0.1428571492
105703  -21.508  -24.715  -27.718 0.1428571492
50605  -22.379  -24.048  -27.653 0.1428571492
49826  -20.780  -24.479  -27.982 0.1428571492
50614  -21.358  -23.947  -28.067 0.1428571492
50615  -21.892  -23.387  -28.210 0.1428571492
107896  -21.986  -22.617  -28.628 0.1428571492
109408  -22.466  -21.971  -28.855 0.1428571492
51435  -21.791  -21.908  -29.235 0.1428571492
53153  -22.144  -20.631  -30.031 0.1428571492
52310  -22.533  -21.326  -29.382 0.1428571492
53154  -23.043  -20.554  -29.703 0.1428571492
110145  -21.126  -21.819  -29.532 0.1428571492
53152  -21.158  -20.550  -30.289 0.1428571492
53967  -22.609  -19.836  -30.307 0.1428571492
53167  -21.073  -19.737  -30.697 0.1428571492
53966  -21.831  -19.223  -30.905 0.1428571492
54786  -22.671  -18.280  -31.130 0.1428571492
54779  -22.167  -18.568  -31.219 0.1428571492
55558  -23.026  -17.663  -31.273 0.2857142985
95496  -23.845  -17.605  -30.695 0.1428571492
55539  -23.506  -16.812  -31.302 0.1428571492
97475  -22.600  -16.969  -31.716 0.2857142985
59764  -24.791  -12.630  -31.990 0.4285714328
60613  -25.591  -11.994  -32.017 0.4285714328
68369  -25.844  -1.302  -34.218 0.2857142985
101760  -25.976  -0.506  -33.919 0.2857142985
71157  -24.890  2.800  -33.721 0.2857142985
71949  -25.680  3.765  -33.857 0.2857142985
94752  -25.880  4.602  -33.863 0.4285714328
56392  -24.264  -16.177  -30.961 0.1428571492
51434  -21.130  -22.359  -29.047 0.1428571492
52309  -21.588  -21.290  -29.765 0.1428571492
96562  -21.541  -18.420  -31.393 0.1428571492
55557  -22.155  -17.818  -31.557 0.1428571492
56408  -22.915  -16.311  -31.858 0.2857142985
56409  -23.505  -15.909  -31.624 0.2857142985
57224  -24.127  -15.485  -31.289 0.2857142985
58862  -24.667  -14.009  -31.311 0.4285714328
59778  -24.064  -12.641  -32.845 0.2857142985
105223  -25.312  -2.960  -34.343 0.2857142985
68368  -24.945  -1.335  -34.185 0.2857142985
69049  -24.597  -0.665  -33.803 0.2857142985
69040  -25.708  0.351  -33.763 0.2857142985
70440  -25.378  2.087  -33.834 0.2857142985
70439  -24.432  1.638  -33.698 0.2857142985
67660  -25.195  -2.078  -34.385 0.2857142985
105848  -24.521  -1.962  -34.240 0.2857142985
69745  -24.909  0.156  -33.729 0.2857142985
69737  -24.358  0.683  -33.635 0.2857142985
102672  -25.096  1.091  -33.794 0.2857142985
69048  -23.882  -0.699  -33.542 0.2857142985
69744  -24.283  -0.070  -33.595 0.2857142985
58873  -25.051  -13.226  -31.406 0.4285714328
71158  -25.902  3.022  -33.875 0.2857142985
51424  -21.064  -23.188  -28.575 0.1428571492
114611  -21.759  -19.999  -30.460 0.1428571492
58872  -24.044  -13.487  -32.131 0.4285714328
98585  -23.973  -14.326  -31.766 0.4285714328
69736  -23.634  0.111  -33.415 0.2857142985
61417  -24.641  -10.992  -33.341 0.2857142985
111125  -24.778  -12.081  -32.523 0.2857142985
110177  -24.868  -10.327  -33.474 0.2857142985
77424  -29.640  12.138  -33.405 0.1428571492
77421  -29.409  11.676  -32.619 0.1428571492
76844  -29.546  10.829  -32.363 0.1428571492
76842  -30.060  10.062  -32.345 0.1428571492
78091  -29.448  13.064  -33.607 0.1428571492
77417  -28.552  11.549  -31.675 0.1428571492
78661  -27.803  13.976  -32.028 0.1428571492
76220  -30.704  9.908  -33.009 0.1428571492
77425  -30.097  11.715  -34.008 0.1428571492
76845  -30.130  10.568  -32.873 0.1428571492
76841  -29.376  10.118  -31.870 0.1428571492
77420  -28.949  12.079  -32.104 0.1428571492
78659  -28.216  13.277  -31.941 0.1428571492
78086  -28.225  12.478  -31.671 0.1428571492
78084  -26.716  12.914  -31.176 0.1428571492
77418  -28.892  10.802  -31.782 0.1428571492
78663  -29.142  13.424  -32.888 0.1428571492
77422  -29.886  11.268  -33.136 0.1428571492
114306  -29.082  11.373  -32.072 0.1428571492
104992  -23.427  -2.045  -33.736 0.1428571492
68367  -24.120  -1.472  -33.857 0.1428571492
102041  -23.827  0.956  -33.488 0.1428571492
105146  -22.451  0.641  -32.616 0.1428571492
70433  -23.587  1.507  -33.326 0.1428571492
67659  -24.394  -2.735  -34.299 0.1428571492
71146  -23.254  2.100  -32.925 0.1428571492
71147  -23.769  2.839  -33.191 0.1428571492
94781  -23.335  3.560  -32.849 0.2857142985
63714  -25.010  -7.556  -34.316 0.2857142985
63713  -24.384  -7.980  -34.321 0.1428571492
66149  -23.379  -4.198  -34.189 0.1428571492
66910  -24.595  -3.648  -34.368 0.1428571492
67658  -23.565  -2.808  -34.032 0.1428571492
67619  -29.804  -1.213  -28.920 0.1428571492
68362  -23.448  -1.324  -33.541 0.1428571492
95186  -25.073  4.289  -33.694 0.1428571492
94759  -24.575  3.567  -33.488 0.1428571492
94769  -23.922  4.434  -33.183 0.2857142985
94784  -23.853  5.536  -33.400 0.2857142985
75556  -21.664  9.842  -32.463 0.2857142985
74912  -21.043  8.451  -31.246 0.2857142985
75548  -21.895  10.821  -32.080 0.2857142985
76828  -24.877  11.056  -29.492 0.1428571492
110150  -23.995  8.535  -28.095 0.1428571492
94775  -25.684  5.193  -33.551 0.2857142985
95513  -24.896  5.811  -33.426 0.2857142985
74258  -23.043  7.427  -33.757 0.2857142985
102454  -22.161  7.206  -33.100 0.2857142985
74928  -24.418  8.522  -33.554 0.2857142985
74923  -22.173  8.560  -33.024 0.2857142985
74921  -21.311  7.730  -32.129 0.2857142985
75558  -24.103  10.012  -33.030 0.2857142985
74908  -23.320  9.769  -29.942 0.1428571492
75538  -21.321  9.511  -30.487 0.2857142985
76812  -25.241  10.498  -28.574 0.1428571492
94785  -20.913  7.732  -31.261 0.1428571492
95329  -20.526  6.117  -30.923 0.1428571492
74906  -20.954  8.703  -30.416 0.2857142985
74907  -22.068  9.639  -30.105 0.1428571492
74242  -23.474  8.841  -29.237 0.1428571492
74245  -22.995  8.781  -29.440 0.1428571492
71940  -22.996  2.780  -32.537 0.2857142985
94778  -20.385  7.940  -29.811 0.1428571492
74241  -23.394  8.199  -29.138 0.1428571492
95071  -21.745  2.124  -31.691 0.1428571492
66843  -29.601  -2.571  -27.780 0.1428571492
66150  -24.015  -4.490  -34.373 0.1428571492
66900  -23.161  -3.566  -33.988 0.1428571492
68322  -30.158  -0.794  -28.047 0.1428571492
67650  -22.784  -2.761  -33.635 0.1428571492
68353  -21.780  -1.625  -32.901 0.1428571492
69033  -22.321  -0.878  -33.058 0.1428571492
105419  -22.894  -0.177  -33.153 0.1428571492
71145  -22.598  1.758  -32.457 0.1428571492
108065  -22.764  6.320  -33.469 0.1428571492
73509  -21.554  6.312  -32.263 0.1428571492
74240  -22.061  8.469  -29.560 0.1428571492
74903  -20.950  8.750  -29.961 0.2857142985
111045  -30.031  -1.477  -28.161 0.1428571492
74929  -25.088  8.123  -33.568 0.2857142985
75562  -24.003  9.248  -33.333 0.2857142985
74909  -23.894  9.667  -29.451 0.1428571492
75557  -22.760  10.023  -33.113 0.2857142985
74895  -23.776  8.547  -28.790 0.1428571492
65351  -23.895  -5.487  -34.401 0.1428571492
94771  -25.125  3.365  -33.740 0.1428571492
69034  -23.138  -0.756  -33.314 0.1428571492
68354  -22.674  -1.657  -33.359 0.1428571492
67645  -21.950  -2.369  -33.206 0.1428571492
69732  -23.107  0.653  -33.132 0.1428571492
71156  -23.959  2.177  -33.483 0.1428571492
66909  -23.800  -3.568  -34.260 0.1428571492
95256  -24.954  4.968  -33.532 0.2857142985
75547  -21.190  9.735  -31.378 0.2857142985
94783  -20.624  7.796  -30.527 0.1428571492
75540  -21.657  10.445  -30.954 0.2857142985
110350  -24.663  8.909  -28.034 0.1428571492
94782  -23.906  6.563  -33.718 0.2857142985
109978  -24.942  6.809  -33.489 0.2857142985
74263  -24.279  7.628  -33.688 0.2857142985
74927  -23.452  8.586  -33.538 0.2857142985
95047  -22.589  5.127  -32.654 0.1428571492
56406  -21.576  -16.186  -32.295 0.1428571492
57235  -22.820  -15.627  -32.279 0.1428571492
57243  -21.722  -15.409  -32.596 0.1428571492
112004  -21.835  -14.813  -32.753 0.1428571492
58880  -21.567  -14.077  -32.754 0.1428571492
57244  -22.397  -15.080  -32.670 0.1428571492
58881  -22.456  -13.696  -33.036 0.1428571492
58068  -22.799  -14.414  -32.777 0.1428571492
58059  -23.560  -15.058  -31.886 0.1428571492
59776  -22.387  -12.859  -33.259 0.1428571492
58882  -23.247  -13.722  -32.804 0.1428571492
112326  -23.610  -13.218  -32.816 0.1428571492
59775  -21.534  -13.051  -32.956 0.1428571492
59784  -22.784  -12.222  -33.387 0.1428571492
60641  -23.869  -11.213  -33.558 0.1428571492
107958  -22.794  4.205  -32.583 0.1428571492
58058  -22.993  -14.947  -32.530 0.1428571492
58046  -24.410  -14.819  -31.274 0.1428571492
98955  -21.137  -16.952  -31.886 0.1428571492
57234  -21.074  -15.636  -32.398 0.1428571492
95114  -20.419  7.751  -29.860 0.1428571492
62925  -24.583  -8.517  -34.149 0.1428571492
110061  -22.183  -15.727  -32.486 0.1428571492
56407  -22.303  -16.282  -32.149 0.1428571492
60629  -24.340  -11.756  -33.119 0.1428571492
58057  -21.044  -14.826  -32.477 0.1428571492
58067  -22.247  -14.456  -32.844 0.1428571492
58871  -23.387  -14.341  -32.381 0.1428571492
59777  -23.196  -12.971  -33.187 0.1428571492
60628  -23.564  -12.068  -33.339 0.1428571492
51426  -24.415  -21.752  -28.065 0.4285714328
56248  -35.593  -16.798  -20.893 0.1428571492
56276  -35.129  -16.229  -21.761 0.1428571492
57063  -35.057  -15.185  -20.987 0.1428571492
57916  -35.034  -14.958  -21.129 0.1428571492
58743  -33.507  -12.364  -21.246 0.1428571492
58748  -33.260  -12.377  -21.247 0.1428571492
58750  -34.222  -13.263  -21.540 0.1428571492
59637  -33.842  -12.242  -21.451 0.1428571492
60485  -33.363  -11.907  -21.459 0.1428571492
60487  -34.299  -11.889  -21.785 0.1428571492
62059  -33.799  -10.521  -21.908 0.1428571492
62802  -33.849  -8.454  -22.321 0.1428571492
62804  -35.361  -8.269  -23.674 0.1428571492
63576  -34.090  -8.115  -22.566 0.1428571492
65350  -23.355  -5.828  -34.293 0.1428571492
68370  -27.209  -1.298  -33.814 0.5714285970
69050  -25.352  -0.554  -33.922 0.2857142985
74922  -21.286  8.979  -32.127 0.2857142985
95229  -20.771  7.072  -31.179 0.1428571492
96308  -35.525  -14.063  -22.420 0.1428571492
101317  -32.928  -12.940  -22.047 0.1428571492
104783  -26.812  -21.592  -26.220 0.1428571492
106597  -23.985  -2.206  -34.068 0.1428571492
111274  -20.632  -20.112  -30.537 0.1428571492
112585  -25.028  7.489  -33.561 0.2857142985
112637  -35.039  -16.648  -22.190 0.1428571492
113888  -23.945  -20.898  -28.872 0.2857142985
114089  -24.964  -8.124  -34.268 0.4285714328
