#!ascii label  , from subject sub-v1s23x0050578_ses-1 vox2ras=TkReg
1348
5039  20.515  -78.636  -15.247 0.5000000000
14125  20.026  -64.755  -15.849 0.6000000238
13411  19.240  -65.800  -15.706 0.6000000238
13412  18.338  -66.161  -15.694 0.6000000238
12615  18.983  -67.029  -15.420 0.6999999881
12616  18.131  -67.164  -15.440 0.6000000238
117635  19.125  -68.581  -14.661 0.6999999881
12611  18.677  -67.904  -15.136 0.6000000238
8668  21.282  -72.484  -19.505 0.5000000000
8671  24.432  -72.175  -21.531 0.6000000238
8672  23.005  -72.002  -21.282 0.6000000238
113982  22.007  -72.025  -20.353 0.5000000000
7968  25.317  -73.094  -21.011 0.5000000000
7974  24.987  -73.106  -21.503 0.4000000060
8675  22.691  -72.755  -21.813 0.5000000000
135050  22.039  -72.382  -21.172 0.6000000238
122526  19.655  -67.049  -17.704 0.5000000000
6789  22.731  -75.264  -17.493 0.4000000060
13440  19.252  -66.138  -17.758 0.5000000000
12647  19.008  -67.155  -17.891 0.5000000000
14153  19.531  -64.294  -17.699 0.6000000238
14781  20.056  -63.438  -16.944 0.6000000238
13410  21.112  -65.816  -15.155 0.6999999881
14775  19.460  -63.846  -16.673 0.6000000238
126181  20.202  -66.071  -15.421 0.6999999881
12608  21.037  -67.381  -14.546 0.6000000238
13404  20.703  -66.804  -14.999 0.6999999881
11786  21.678  -68.322  -13.687 0.6000000238
11793  20.906  -68.206  -14.199 0.6000000238
11794  19.974  -68.456  -14.469 0.6999999881
113708  21.091  -68.974  -13.639 0.6999999881
11807  17.929  -67.925  -15.190 0.6000000238
8659  21.808  -71.947  -17.795 0.5000000000
8667  22.113  -71.874  -19.068 0.5000000000
8670  25.387  -72.372  -21.152 0.6000000238
9441  24.792  -71.570  -21.094 0.6999999881
9439  22.762  -71.442  -20.290 0.6000000238
7964  24.790  -72.871  -19.772 0.4000000060
131409  21.218  -64.716  -17.746 0.5000000000
13439  20.172  -66.293  -17.670 0.5000000000
5607  21.392  -77.389  -15.912 0.5000000000
14152  20.301  -65.044  -17.803 0.5000000000
15457  22.471  -62.451  -17.155 0.6999999881
126178  20.526  -64.006  -17.787 0.6000000238
15447  21.875  -62.802  -16.636 0.6999999881
15448  20.888  -63.153  -16.765 0.6000000238
14795  20.950  -63.358  -17.551 0.6000000238
117455  21.381  -63.435  -15.971 0.6999999881
14774  20.416  -63.681  -16.325 0.6000000238
14124  21.151  -64.518  -15.496 0.6999999881
132498  21.921  -66.123  -14.527 0.6000000238
11792  21.645  -67.472  -14.125 0.6000000238
11785  22.219  -68.546  -13.347 0.6000000238
11769  21.661  -69.293  -13.137 0.6999999881
10965  18.245  -69.842  -13.683 0.6999999881
11808  17.270  -68.394  -14.916 0.5000000000
11787  20.386  -69.092  -13.895 0.6999999881
10964  19.570  -69.213  -14.103 0.6999999881
10977  17.781  -69.207  -14.337 0.6000000238
10172  23.097  -70.564  -18.449 0.5000000000
9426  22.543  -71.365  -18.122 0.5000000000
9384  22.085  -71.348  -17.213 0.5000000000
10191  24.472  -70.231  -20.154 0.6999999881
131062  22.891  -71.056  -19.362 0.6000000238
9438  26.167  -71.168  -19.804 0.5000000000
10202  25.582  -71.155  -20.484 0.6999999881
10203  24.992  -70.953  -20.713 0.6999999881
10204  24.131  -70.834  -20.612 0.6000000238
131501  23.347  -70.924  -20.280 0.6000000238
8644  25.135  -72.744  -18.150 0.4000000060
8658  25.156  -72.273  -19.223 0.4000000060
115738  25.348  -72.451  -20.567 0.5000000000
132984  21.768  -65.282  -17.525 0.5000000000
14794  22.222  -63.216  -17.882 0.5000000000
13437  22.419  -64.420  -17.713 0.5000000000
14151  21.455  -63.718  -17.835 0.5000000000
15446  22.998  -62.415  -16.584 0.6000000238
127072  21.695  -63.045  -17.672 0.5000000000
120364  22.455  -63.234  -15.762 0.6999999881
14111  23.728  -64.878  -14.247 0.6000000238
14762  23.132  -64.090  -14.897 0.6999999881
14099  23.321  -65.787  -13.958 0.6000000238
14112  22.807  -65.076  -14.394 0.6000000238
14773  22.140  -64.307  -15.173 0.6999999881
12579  23.220  -68.451  -13.231 0.6999999881
13402  22.576  -65.947  -14.186 0.6000000238
14113  21.976  -65.317  -14.745 0.6000000238
121129  22.804  -69.428  -11.339 0.6000000238
12580  22.743  -68.381  -13.269 0.6999999881
12596  22.395  -67.564  -13.656 0.6999999881
13346  22.994  -66.683  -8.759 0.6000000238
12557  22.319  -68.977  -10.481 0.6000000238
10129  16.936  -70.245  -13.123 0.6000000238
11752  22.410  -69.531  -11.523 0.6999999881
116685  19.222  -69.927  -13.523 0.6999999881
10966  17.333  -69.757  -13.765 0.6000000238
132859  22.472  -67.313  -9.213 0.6999999881
112794  22.439  -68.125  -9.718 0.6000000238
11740  21.717  -69.234  -10.720 0.8000000119
10955  21.345  -69.991  -12.473 0.6999999881
10115  20.570  -70.322  -12.411 0.6999999881
10126  19.989  -70.225  -13.016 0.6999999881
10156  22.662  -70.689  -17.397 0.6000000238
129696  25.575  -69.398  -19.715 0.6999999881
11027  24.134  -69.673  -19.395 0.6999999881
131431  23.581  -69.911  -18.788 0.6000000238
10189  26.859  -70.451  -19.694 0.5000000000
123269  26.166  -69.850  -19.856 0.6999999881
133865  26.356  -72.342  -18.223 0.4000000060
9425  25.766  -71.735  -19.299 0.5000000000
13426  22.406  -65.907  -17.147 0.5000000000
12628  21.905  -66.849  -16.906 0.5000000000
15465  24.017  -62.179  -17.783 0.6000000238
15444  25.472  -62.419  -16.363 0.6000000238
132021  24.601  -61.809  -17.451 0.6999999881
15466  22.638  -62.608  -17.600 0.6999999881
14771  24.799  -63.018  -15.584 0.6999999881
15445  24.395  -62.027  -16.655 0.6999999881
14098  24.187  -65.602  -13.950 0.6000000238
14761  24.193  -63.912  -14.783 0.6000000238
14772  23.619  -63.034  -15.622 0.6999999881
12568  23.524  -69.493  -12.059 0.6999999881
134153  23.525  -67.577  -13.468 0.6999999881
13387  23.644  -66.598  -13.656 0.6999999881
10100  16.507  -70.949  -11.313 0.6000000238
11739  23.357  -68.864  -10.103 0.6000000238
14040  23.926  -64.905  -7.446 0.6000000238
13331  23.737  -66.186  -8.094 0.6000000238
12512  23.676  -67.414  -8.771 0.6000000238
12534  23.463  -68.141  -9.400 0.6000000238
12569  23.206  -69.464  -12.207 0.6999999881
10119  17.004  -70.681  -12.302 0.6000000238
14053  23.587  -65.469  -7.742 0.6000000238
113613  23.022  -67.581  -9.340 0.6000000238
10097  19.561  -70.565  -11.573 0.6999999881
10098  18.655  -70.743  -11.457 0.6000000238
10127  18.624  -70.426  -12.994 0.6999999881
10128  17.772  -70.315  -13.128 0.6000000238
14723  23.478  -64.267  -7.389 0.5000000000
14041  23.165  -64.971  -7.612 0.6000000238
13332  22.290  -66.172  -8.494 0.8000000119
12535  21.776  -67.494  -9.356 0.8000000119
11741  20.921  -68.950  -10.300 0.8000000119
10924  21.055  -69.734  -10.970 0.8000000119
10096  20.262  -70.462  -11.775 0.6999999881
132041  19.356  -70.432  -12.827 0.6999999881
12558  21.542  -68.369  -9.901 0.8000000119
11008  23.920  -69.283  -18.443 0.6999999881
11001  23.762  -68.996  -17.530 0.6999999881
10992  23.246  -69.010  -16.778 0.6999999881
10143  22.617  -69.980  -16.786 0.6000000238
11823  22.803  -68.429  -16.443 0.6000000238
116656  22.395  -67.728  -16.476 0.5000000000
12627  23.062  -66.855  -16.639 0.5000000000
13312  15.495  -66.882  -7.087 0.6000000238
14138  23.404  -65.442  -17.315 0.5000000000
12491  15.829  -67.496  -7.467 0.5000000000
14150  23.951  -64.228  -17.756 0.5000000000
12514  16.732  -67.984  -8.179 0.6000000238
14791  25.949  -63.005  -17.665 0.6999999881
14792  24.676  -62.932  -17.954 0.6000000238
14770  25.906  -63.272  -15.769 0.6999999881
15464  25.259  -62.119  -17.695 0.6999999881
11727  16.815  -69.078  -9.000 0.6000000238
14110  24.763  -64.671  -14.397 0.6999999881
14760  25.171  -63.844  -14.985 0.6000000238
116417  24.044  -69.696  -11.714 0.6999999881
11784  24.325  -68.154  -13.427 0.6999999881
13386  24.478  -66.342  -13.868 0.6999999881
10083  17.269  -70.753  -10.552 0.6000000238
10069  16.881  -70.428  -9.854 0.6000000238
11750  23.648  -69.446  -10.862 0.6000000238
127023  24.046  -67.303  -13.524 0.6999999881
10926  17.792  -70.236  -10.015 0.6000000238
10084  16.342  -70.866  -10.408 0.6000000238
12511  24.340  -67.635  -8.322 0.6000000238
11725  19.004  -68.905  -9.867 0.6999999881
10082  18.245  -70.576  -10.682 0.6000000238
10099  17.647  -70.864  -11.405 0.6000000238
13309  24.234  -65.583  -7.572 0.6000000238
132273  21.123  -65.705  -8.384 0.6000000238
13349  20.235  -66.925  -9.087 0.6000000238
11724  20.048  -68.784  -9.973 0.6999999881
11742  19.627  -69.694  -10.402 0.6000000238
10118  18.040  -70.701  -12.326 0.6000000238
14725  21.803  -64.693  -7.849 0.6000000238
12536  20.935  -67.621  -9.439 0.8000000119
14055  21.884  -65.502  -8.159 0.6000000238
13333  21.553  -66.213  -8.562 0.6999999881
120233  20.400  -69.504  -10.531 0.8000000119
11007  24.559  -68.842  -19.080 0.6999999881
11000  24.309  -68.465  -18.174 0.6999999881
11836  24.032  -68.210  -17.255 0.6999999881
118413  26.289  -68.757  -19.615 0.6999999881
11873  25.437  -68.482  -19.343 0.6999999881
11822  23.636  -67.934  -16.746 0.6000000238
126453  23.210  -67.646  -16.546 0.6000000238
14692  17.075  -64.685  -5.941 0.6000000238
14015  16.586  -65.113  -5.876 0.6000000238
14014  16.967  -65.361  -6.366 0.6000000238
13293  15.934  -66.316  -6.545 0.6000000238
13425  23.963  -66.186  -17.073 0.6000000238
13311  16.328  -66.855  -7.129 0.5000000000
14148  26.464  -63.959  -17.465 0.6999999881
14149  25.402  -64.089  -17.712 0.6999999881
14044  17.566  -66.144  -7.633 0.4000000060
12490  16.605  -67.468  -7.671 0.5000000000
14769  26.722  -63.718  -16.329 0.6999999881
14768  26.714  -63.436  -17.137 0.8000000119
12489  17.402  -67.442  -8.246 0.5000000000
14109  25.965  -64.400  -15.165 0.6000000238
15443  26.302  -62.679  -16.783 0.6999999881
11705  17.178  -68.271  -8.702 0.6000000238
12594  24.703  -67.139  -13.840 0.6999999881
13401  25.136  -65.434  -14.349 0.6999999881
13351  18.594  -67.152  -9.060 0.6999999881
11726  17.635  -68.772  -9.226 0.6000000238
10936  24.277  -69.811  -10.632 0.6999999881
120833  24.589  -70.122  -11.434 0.6999999881
13335  19.220  -66.470  -8.983 0.5000000000
10907  18.139  -69.382  -9.695 0.6000000238
11704  24.758  -68.971  -8.626 0.6000000238
11722  24.266  -69.096  -9.202 0.6000000238
12538  18.772  -67.963  -9.423 0.6999999881
112651  24.831  -68.207  -8.190 0.6000000238
12533  24.144  -68.315  -8.804 0.6000000238
14056  20.313  -65.576  -8.599 0.5000000000
13350  19.379  -67.405  -9.290 0.6000000238
13330  24.174  -66.911  -8.227 0.6000000238
16126  21.438  -63.552  -8.109 0.6000000238
15407  20.892  -64.355  -8.300 0.5000000000
135926  19.460  -68.176  -9.613 0.6999999881
16142  22.251  -62.580  -8.025 0.6000000238
11850  25.033  -67.921  -18.743 0.6999999881
11835  24.806  -67.510  -17.982 0.6999999881
11821  24.644  -67.191  -17.268 0.6000000238
131523  24.222  -66.919  -16.943 0.6000000238
15392  17.559  -64.039  -6.060 0.4000000060
14693  16.431  -64.563  -5.561 0.5000000000
13424  25.420  -65.872  -17.445 0.6000000238
15391  17.850  -63.626  -6.531 0.5000000000
14016  15.946  -65.166  -5.688 0.6000000238
13423  26.590  -65.553  -17.277 0.6999999881
14137  24.731  -65.217  -17.490 0.6000000238
135300  17.258  -66.167  -7.233 0.5000000000
14123  26.832  -64.686  -16.207 0.6999999881
14043  17.931  -65.489  -8.309 0.4000000060
10952  25.147  -70.081  -12.945 0.6999999881
11783  24.996  -68.009  -13.933 0.6999999881
12607  25.330  -67.149  -14.365 0.6999999881
12513  18.028  -67.059  -8.721 0.6000000238
117523  25.515  -70.788  -10.322 0.6999999881
10114  25.098  -70.403  -12.008 0.6999999881
13385  25.282  -66.300  -14.336 0.6999999881
114677  18.505  -65.914  -8.822 0.5000000000
13336  18.311  -66.464  -8.756 0.5000000000
10906  25.104  -70.056  -9.372 0.6000000238
134979  24.718  -70.228  -10.799 0.6999999881
14057  19.404  -65.789  -8.895 0.5000000000
12510  25.561  -68.021  -7.848 0.5000000000
10892  25.313  -69.558  -8.783 0.6000000238
129829  24.746  -69.514  -9.076 0.6000000238
12660  25.786  -66.979  -18.338 0.6999999881
12644  25.529  -66.742  -17.832 0.6999999881
15377  17.958  -63.169  -5.790 0.4000000060
126677  26.647  -66.539  -18.094 0.6999999881
115860  16.892  -63.220  -5.197 0.4000000060
12626  25.757  -66.385  -17.338 0.6999999881
14694  15.618  -64.490  -5.442 0.6000000238
117677  26.339  -66.240  -16.851 0.8000000119
11806  26.150  -68.304  -15.644 0.6000000238
129962  26.643  -65.434  -16.446 0.6000000238
130471  14.555  -63.421  -5.304 0.6000000238
117698  25.405  -68.842  -14.190 0.6999999881
122226  25.822  -68.798  -14.866 0.6999999881
132351  25.963  -66.534  -15.468 0.6000000238
10113  25.676  -70.714  -12.513 0.6000000238
9300  26.088  -71.103  -10.080 0.6000000238
16100  13.188  -62.604  -5.544 0.5000000000
10891  26.148  -69.562  -8.573 0.6000000238
10067  25.599  -70.610  -9.714 0.6999999881
12509  26.488  -68.006  -7.830 0.5000000000
12643  26.482  -66.384  -17.673 0.6999999881
16097  17.608  -62.653  -5.242 0.4000000060
12625  26.678  -66.644  -17.057 0.8000000119
15379  16.133  -63.793  -5.260 0.5000000000
10985  26.599  -68.923  -15.973 0.8000000119
16098  15.042  -62.474  -5.213 0.4000000060
122221  16.030  -62.875  -5.070 0.4000000060
12613  26.243  -67.106  -16.177 0.6999999881
119519  15.420  -63.309  -5.197 0.5000000000
9323  26.316  -71.326  -11.461 0.6000000238
10125  25.837  -70.490  -13.441 0.6000000238
10975  25.778  -69.489  -14.471 0.6999999881
115647  15.112  -61.450  -5.297 0.4000000060
9299  26.880  -71.271  -9.886 0.6000000238
9311  25.863  -71.099  -10.826 0.6000000238
16861  13.461  -61.810  -5.632 0.4000000060
119098  13.676  -63.210  -5.425 0.6000000238
10054  26.726  -70.215  -8.912 0.6000000238
11701  27.303  -68.517  -8.230 0.5000000000
12508  27.472  -67.685  -7.935 0.5000000000
134560  17.306  -61.897  -4.906 0.4000000060
12642  27.070  -66.566  -17.563 0.8000000119
16852  16.592  -61.371  -4.844 0.4000000060
11820  26.742  -67.578  -16.638 0.6999999881
121244  15.780  -61.189  -5.076 0.4000000060
119653  26.498  -70.521  -14.773 0.6000000238
10986  26.154  -69.303  -15.186 0.6999999881
9337  26.278  -71.096  -12.829 0.6000000238
10133  26.233  -70.554  -14.184 0.6000000238
17659  15.270  -60.597  -5.416 0.4000000060
17660  14.458  -60.782  -5.666 0.4000000060
10066  26.372  -70.754  -9.471 0.6000000238
17661  13.677  -60.991  -5.796 0.4000000060
10890  27.185  -69.433  -8.547 0.4000000060
16851  17.486  -61.171  -4.755 0.4000000060
11819  27.165  -68.436  -16.583 0.6999999881
17644  16.922  -60.461  -4.667 0.4000000060
9369  26.928  -70.856  -15.093 0.6999999881
10137  26.612  -70.000  -15.452 0.6000000238
17658  16.069  -60.508  -5.010 0.4000000060
9322  27.087  -71.613  -11.351 0.6000000238
9336  26.953  -71.560  -13.004 0.6000000238
18510  14.692  -59.958  -5.882 0.4000000060
10065  27.260  -70.784  -9.328 0.6000000238
17669  13.812  -60.128  -6.162 0.3000000119
10053  27.648  -70.200  -8.874 0.4000000060
10889  28.027  -68.953  -8.504 0.4000000060
127105  28.710  -69.423  -8.610 0.4000000060
18508  16.460  -59.700  -4.924 0.4000000060
18509  15.557  -59.678  -5.525 0.4000000060
9309  27.431  -71.560  -10.483 0.6000000238
9298  27.791  -71.298  -9.755 0.6000000238
9297  28.728  -71.244  -9.679 0.6000000238
10888  29.368  -69.136  -8.543 0.4000000060
10051  29.515  -69.900  -8.763 0.5000000000
121533  28.808  -68.667  -8.443 0.4000000060
20209  14.172  -57.186  -9.025 0.3000000119
11699  29.701  -68.423  -8.382 0.4000000060
20140  18.925  -58.045  -4.667 0.4000000060
20966  15.574  -56.691  -8.078 0.3000000119
21017  12.606  -56.076  -10.042 0.4000000060
20139  19.916  -57.955  -4.512 0.4000000060
20929  18.804  -56.621  -5.625 0.4000000060
20964  17.156  -56.043  -7.237 0.3000000119
20950  17.539  -56.457  -6.514 0.3000000119
20989  14.726  -56.749  -9.546 0.3000000119
20208  14.899  -57.021  -8.611 0.3000000119
130059  13.803  -56.476  -10.298 0.3000000119
20928  19.697  -56.259  -5.437 0.4000000060
20153  17.966  -56.890  -5.833 0.4000000060
20987  16.111  -56.074  -8.616 0.3000000119
20988  15.421  -56.471  -9.153 0.3000000119
24456  11.301  -51.192  -8.424 0.4000000060
25375  11.185  -50.293  -7.962 0.3000000119
24442  11.359  -50.407  -7.803 0.3000000119
21004  15.257  -56.282  -10.252 0.3000000119
21823  14.018  -55.831  -10.701 0.3000000119
130730  19.691  -55.546  -5.980 0.4000000060
20949  18.358  -56.188  -6.308 0.4000000060
21759  17.946  -55.731  -6.936 0.3000000119
21774  17.600  -55.278  -7.683 0.3000000119
21795  16.644  -55.388  -9.161 0.3000000119
130077  12.872  -53.862  -9.149 0.3000000119
21796  16.009  -55.944  -9.788 0.3000000119
25396  11.640  -50.593  -8.135 0.3000000119
21813  15.804  -55.688  -10.584 0.3000000119
24454  13.123  -51.541  -8.811 0.4000000060
25395  12.562  -50.944  -8.268 0.3000000119
25394  13.669  -51.298  -8.610 0.3000000119
24440  13.044  -50.922  -8.167 0.3000000119
21758  18.732  -55.483  -6.728 0.4000000060
21773  18.401  -55.024  -7.381 0.4000000060
22601  18.086  -54.537  -8.175 0.3000000119
23510  12.821  -52.570  -8.924 0.4000000060
21794  17.381  -54.912  -8.658 0.3000000119
23509  13.565  -53.608  -9.580 0.3000000119
23508  14.228  -52.962  -9.720 0.4000000060
25374  13.993  -51.142  -8.198 0.3000000119
22580  19.680  -54.348  -6.922 0.4000000060
22600  18.871  -54.200  -7.757 0.4000000060
22615  17.942  -54.148  -9.274 0.4000000060
21812  16.459  -55.205  -10.180 0.3000000119
23519  16.450  -53.696  -10.677 0.3000000119
118055  14.996  -53.379  -10.386 0.3000000119
24466  14.851  -52.416  -9.819 0.3000000119
24465  15.400  -52.119  -9.782 0.5000000000
25412  14.013  -51.926  -9.202 0.4000000060
25411  14.697  -51.742  -9.249 0.4000000060
25359  14.479  -51.352  -7.570 0.3000000119
22599  19.442  -53.420  -7.647 0.4000000060
23480  18.832  -53.268  -8.604 0.4000000060
118217  18.381  -53.530  -9.214 0.3000000119
23506  17.906  -52.723  -9.878 0.3000000119
133355  17.640  -52.140  -9.761 0.3000000119
123824  17.803  -51.087  -9.640 0.3000000119
22633  17.552  -54.017  -10.173 0.3000000119
23507  17.515  -53.335  -10.218 0.3000000119
24463  17.115  -52.448  -10.038 0.3000000119
25408  17.311  -51.540  -9.570 0.3000000119
25390  17.244  -50.773  -9.239 0.3000000119
24473  16.538  -52.874  -10.378 0.3000000119
25392  15.886  -51.363  -8.947 0.3000000119
25393  14.863  -51.379  -8.685 0.3000000119
24420  15.082  -51.991  -6.696 0.3000000119
23449  21.257  -53.400  -5.626 0.3000000119
24405  20.895  -52.927  -6.284 0.3000000119
23462  20.226  -53.382  -6.837 0.3000000119
25355  19.965  -51.841  -7.694 0.3000000119
26348  19.541  -50.090  -9.229 0.3000000119
26362  18.759  -49.536  -9.993 0.3000000119
24419  19.770  -52.580  -7.631 0.3000000119
113791  19.335  -51.752  -8.600 0.3000000119
24453  18.136  -51.958  -9.598 0.3000000119
25371  19.060  -50.647  -9.491 0.3000000119
25388  18.258  -50.069  -9.942 0.3000000119
26363  17.091  -50.230  -8.807 0.3000000119
26365  16.172  -51.067  -8.572 0.3000000119
26350  16.521  -50.390  -7.932 0.3000000119
25372  15.516  -51.137  -8.292 0.3000000119
25358  15.324  -51.146  -7.431 0.3000000119
23435  21.833  -53.156  -5.043 0.3000000119
119235  21.066  -52.047  -6.375 0.3000000119
24418  20.448  -52.390  -7.000 0.3000000119
25370  19.768  -51.049  -8.342 0.3000000119
27284  17.935  -48.936  -9.841 0.3000000119
26349  17.000  -49.873  -8.021 0.3000000119
128790  16.084  -52.234  -6.149 0.3000000119
27282  19.552  -48.127  -10.332 0.3000000119
27283  18.612  -48.426  -10.524 0.3000000119
27271  17.476  -49.213  -8.143 0.3000000119
26337  16.943  -49.743  -6.915 0.3000000119
123238  15.741  -51.426  -6.735 0.3000000119
25357  16.405  -51.176  -6.352 0.3000000119
131825  18.597  -47.442  -10.639 0.3000000119
28177  18.078  -47.613  -10.219 0.3000000119
27270  17.726  -48.132  -8.839 0.3000000119
28163  20.396  -47.131  -9.722 0.3000000119
28988  18.449  -46.556  -10.096 0.3000000119
28164  17.948  -46.827  -9.318 0.3000000119
26336  17.530  -49.448  -6.456 0.3000000119
26324  17.432  -50.347  -5.926 0.3000000119
25344  17.244  -51.315  -5.686 0.3000000119
5586  20.900  -77.917  -15.518 0.5000000000
6201  21.382  -76.537  -17.439 0.5000000000
6200  22.046  -75.958  -17.287 0.4000000060
12614  19.846  -66.921  -15.272 0.6999999881
10976  18.710  -69.265  -14.228 0.6999999881
7954  24.005  -73.607  -19.214 0.4000000060
6188  21.653  -76.723  -16.625 0.5000000000
13389  22.197  -66.719  -14.088 0.6000000238
14793  23.271  -63.037  -18.003 0.5000000000
13388  22.890  -66.612  -13.742 0.6000000238
13409  27.038  -64.883  -16.990 0.8000000119
14136  26.334  -64.898  -17.404 0.6999999881
13400  26.040  -65.461  -15.227 0.6000000238
132584  25.988  -68.455  -7.972 0.5000000000
10962  24.734  -69.128  -13.385 0.6999999881
16860  14.288  -61.664  -5.486 0.4000000060
12486  26.825  -67.078  -7.574 0.5000000000
9355  26.709  -71.042  -14.364 0.6000000238
117948  27.596  -71.824  -12.222 0.6000000238
18519  14.913  -59.265  -6.112 0.3000000119
10064  28.180  -70.747  -9.254 0.4000000060
10063  29.120  -70.652  -9.208 0.4000000060
20151  19.303  -57.171  -4.914 0.4000000060
24404  21.473  -52.605  -5.674 0.3000000119
9383  28.037  -70.980  -16.120 0.5000000000
10141  27.988  -69.931  -16.427 0.5000000000
10991  28.007  -68.685  -16.865 0.6999999881
11834  28.574  -67.699  -17.497 0.6999999881
10136  27.316  -70.485  -15.824 0.5000000000
10142  27.189  -69.484  -16.226 0.6000000238
11818  27.650  -67.344  -17.353 0.6000000238
11871  27.433  -67.928  -19.496 0.6000000238
11872  26.395  -67.651  -19.252 0.6000000238
10999  29.140  -68.407  -17.328 0.6999999881
12657  29.006  -67.077  -18.656 0.6000000238
12669  28.371  -67.044  -18.999 0.6000000238
11833  29.500  -67.514  -17.905 0.6999999881
12658  28.022  -66.828  -18.447 0.6000000238
12671  26.499  -66.958  -18.659 0.6000000238
9353  27.873  -71.934  -14.698 0.5000000000
10997  30.962  -67.758  -18.674 0.6999999881
12667  30.292  -67.358  -18.930 0.6999999881
125512  29.327  -68.577  -19.598 0.6000000238
11870  28.797  -67.727  -19.397 0.6000000238
130877  30.384  -68.871  -17.653 0.6000000238
11832  30.288  -67.449  -18.534 0.6999999881
12668  29.502  -67.162  -19.024 0.6000000238
10155  30.112  -69.713  -17.466 0.6000000238
8594  28.270  -72.211  -13.954 0.5000000000
9354  27.255  -71.475  -14.579 0.5000000000
115050  31.055  -68.807  -18.289 0.6999999881
11023  30.363  -68.330  -19.425 0.6000000238
11025  27.084  -69.343  -19.726 0.6000000238
8569  29.108  -72.250  -12.321 0.5000000000
9335  27.774  -72.000  -13.265 0.5000000000
9306  30.690  -71.485  -10.636 0.5000000000
119458  28.322  -72.124  -12.588 0.5000000000
9295  30.630  -71.048  -9.825 0.4000000060
13413  17.503  -66.300  -15.691 0.4000000060
14126  18.867  -64.428  -16.330 0.4000000060
14128  17.670  -65.284  -16.105 0.4000000060
14783  18.250  -64.227  -17.078 0.5000000000
9320  28.990  -71.932  -11.210 0.5000000000
14782  19.304  -63.867  -17.171 0.5000000000
11853  17.065  -68.423  -18.505 0.6000000238
130397  30.036  -71.442  -10.190 0.4000000060
14796  20.126  -63.634  -17.427 0.5000000000
122177  18.889  -65.071  -17.714 0.5000000000
12661  18.237  -67.258  -18.056 0.5000000000
14141  17.137  -64.679  -16.687 0.5000000000
14784  17.457  -64.417  -16.987 0.5000000000
14785  16.911  -64.635  -16.961 0.5000000000
14155  17.750  -64.555  -17.275 0.5000000000
13442  17.132  -65.288  -17.463 0.5000000000
14154  18.595  -64.397  -17.471 0.5000000000
13446  17.707  -66.248  -17.803 0.5000000000
12662  17.364  -67.383  -18.248 0.5000000000
9307  29.280  -71.565  -10.268 0.5000000000
13441  18.108  -65.142  -17.625 0.5000000000
10060  31.889  -70.205  -9.578 0.4000000060
9296  29.652  -71.140  -9.669 0.4000000060
10061  31.038  -70.400  -9.325 0.4000000060
10978  16.833  -69.149  -14.380 0.5000000000
13443  16.142  -65.718  -17.485 0.5000000000
115005  27.978  -71.805  -11.230 0.5000000000
136171  16.494  -70.378  -12.748 0.5000000000
10956  15.232  -69.941  -13.093 0.5000000000
10957  14.336  -69.776  -12.947 0.5000000000
10130  16.096  -70.049  -13.176 0.5000000000
10050  30.578  -69.842  -8.862 0.4000000060
10120  15.931  -70.507  -12.352 0.5000000000
10121  14.840  -70.305  -12.254 0.5000000000
10101  15.364  -70.862  -11.324 0.5000000000
10102  14.338  -70.625  -11.385 0.5000000000
10122  13.891  -70.118  -12.134 0.5000000000
10969  13.837  -69.451  -13.535 0.4000000060
10071  15.168  -70.599  -9.646 0.5000000000
10103  13.488  -70.356  -11.258 0.6000000238
113377  13.443  -69.665  -12.746 0.6000000238
10070  15.973  -70.567  -9.734 0.5000000000
10911  14.498  -70.126  -9.255 0.5000000000
10086  13.909  -70.721  -10.557 0.5000000000
10088  12.892  -70.020  -11.091 0.6000000238
10958  12.576  -69.347  -12.567 0.6000000238
10983  12.411  -69.267  -13.548 0.6000000238
124543  11.522  -69.194  -14.701 0.5000000000
11800  11.011  -68.904  -14.389 0.5000000000
11802  9.640  -68.441  -15.450 0.5000000000
10910  15.512  -70.059  -9.181 0.5000000000
10893  15.954  -69.320  -8.790 0.5000000000
10895  14.320  -69.360  -8.821 0.5000000000
10072  13.669  -70.408  -9.802 0.5000000000
10912  13.604  -69.580  -9.268 0.6000000238
10941  12.460  -69.365  -11.421 0.6000000238
10971  11.792  -68.963  -13.014 0.6000000238
10972  11.685  -69.099  -13.941 0.6000000238
11789  10.691  -68.288  -14.175 0.5000000000
14114  12.575  -63.220  -14.498 0.5000000000
13407  9.711  -66.939  -15.011 0.5000000000
11706  16.390  -68.592  -8.453 0.5000000000
11707  15.553  -68.699  -8.318 0.5000000000
11708  14.660  -68.643  -8.345 0.6000000238
10896  13.954  -68.897  -8.693 0.6000000238
12540  13.450  -68.509  -9.022 0.6000000238
117044  12.531  -68.892  -10.575 0.6000000238
12560  12.675  -67.826  -10.787 0.6000000238
11770  11.989  -68.746  -12.105 0.6000000238
11754  11.936  -68.002  -11.856 0.6000000238
11788  11.232  -68.415  -13.561 0.6000000238
12598  10.841  -67.542  -13.768 0.5000000000
135673  9.711  -67.901  -14.917 0.5000000000
13406  10.430  -66.165  -14.711 0.5000000000
13391  10.807  -66.594  -14.107 0.5000000000
13416  9.982  -65.661  -15.459 0.5000000000
122503  10.799  -65.026  -15.101 0.5000000000
11684  14.610  -67.792  -7.832 0.6000000238
12515  14.026  -68.177  -8.311 0.6000000238
12516  13.691  -67.569  -8.486 0.6000000238
12541  13.386  -67.344  -9.302 0.6000000238
119258  13.161  -67.086  -10.305 0.6000000238
12571  12.354  -67.594  -11.433 0.6000000238
13373  12.825  -66.615  -11.205 0.6000000238
13374  12.249  -66.914  -12.015 0.5000000000
12597  11.256  -67.454  -13.199 0.5000000000
135028  12.400  -66.030  -12.361 0.5000000000
13378  13.005  -65.442  -12.046 0.6000000238
13405  11.455  -65.018  -14.195 0.5000000000
125220  12.159  -65.080  -13.341 0.5000000000
14090  13.305  -63.831  -12.518 0.5000000000
14753  13.660  -62.959  -12.279 0.5000000000
13338  13.643  -66.710  -8.099 0.6000000238
128725  13.384  -66.500  -8.910 0.6000000238
13352  13.218  -66.353  -9.809 0.6000000238
14081  13.411  -64.035  -11.955 0.6000000238
13296  13.608  -65.866  -7.369 0.6000000238
122001  13.246  -65.259  -11.307 0.6000000238
14741  13.186  -63.963  -10.533 0.6000000238
126583  13.473  -63.254  -11.204 0.5000000000
14708  13.388  -64.726  -6.142 0.6000000238
14026  13.890  -65.434  -6.488 0.6000000238
14027  13.285  -65.144  -6.870 0.6000000238
14060  12.838  -65.030  -8.644 0.6000000238
116717  13.192  -65.184  -10.392 0.6000000238
14735  12.484  -64.322  -9.021 0.5000000000
14696  13.736  -64.032  -5.551 0.6000000238
14709  12.634  -64.523  -6.825 0.6000000238
14697  12.815  -64.003  -5.933 0.6000000238
14065  12.928  -64.644  -9.632 0.6000000238
14710  11.918  -63.940  -7.149 0.6000000238
118479  11.345  -63.465  -7.304 0.5000000000
16101  12.442  -62.688  -5.728 0.4000000060
12659  27.245  -66.598  -18.245 0.6000000238
9346  27.100  -71.556  -13.825 0.5000000000
9321  28.407  -72.036  -11.917 0.5000000000
129263  29.860  -72.116  -11.771 0.5000000000
13447  16.759  -66.450  -17.892 0.6000000238
10928  12.764  -69.717  -10.475 0.6000000238
10913  12.949  -69.269  -9.789 0.6000000238
11771  11.581  -67.960  -12.581 0.6000000238
13379  11.840  -66.461  -12.771 0.5000000000
13315  13.268  -65.819  -8.315 0.6000000238
119524  13.105  -65.649  -9.273 0.6000000238
14727  12.282  -64.429  -8.021 0.6000000238
14728  11.628  -63.782  -8.019 0.6000000238
5020  20.999  -78.069  -13.982 0.4000000060
6708  20.976  -75.469  -12.146 0.5000000000
6726  22.073  -75.834  -12.954 0.5000000000
6125  21.374  -76.123  -12.683 0.4000000060
5550  21.447  -77.503  -13.595 0.4000000060
5549  22.195  -77.365  -13.891 0.4000000060
5566  21.640  -77.808  -14.347 0.4000000060
6707  22.302  -74.742  -12.587 0.5000000000
7345  21.446  -74.709  -12.026 0.5000000000
6152  22.983  -77.220  -14.138 0.5000000000
5564  23.304  -77.567  -14.837 0.5000000000
117784  22.095  -77.577  -15.317 0.4000000060
128934  23.444  -75.315  -13.415 0.5000000000
6136  23.408  -76.244  -13.761 0.5000000000
6151  23.723  -77.073  -14.426 0.5000000000
5583  23.725  -77.492  -15.410 0.5000000000
5606  22.203  -77.160  -15.816 0.4000000060
5605  23.221  -77.266  -15.797 0.4000000060
6725  24.100  -75.421  -13.752 0.5000000000
6150  24.425  -76.860  -14.674 0.5000000000
6170  25.621  -77.000  -15.473 0.5000000000
5582  24.583  -77.546  -15.753 0.5000000000
5604  24.443  -77.473  -16.211 0.5000000000
6199  22.938  -75.976  -16.797 0.4000000060
9437  27.813  -70.862  -19.494 0.5000000000
122200  27.021  -71.296  -19.193 0.4000000060
132629  27.018  -72.023  -18.450 0.4000000060
8656  26.918  -72.846  -17.906 0.4000000060
7945  26.256  -73.541  -17.696 0.4000000060
7946  25.405  -73.403  -17.672 0.4000000060
5603  25.198  -77.740  -16.505 0.5000000000
7387  25.728  -74.248  -17.556 0.4000000060
122834  24.211  -74.765  -17.320 0.4000000060
7389  23.282  -74.602  -17.685 0.4000000060
5050  26.169  -78.301  -17.263 0.4000000060
5620  25.439  -77.701  -17.273 0.5000000000
6788  23.638  -75.563  -17.082 0.4000000060
6186  23.719  -76.897  -16.375 0.4000000060
9423  27.819  -71.611  -18.888 0.4000000060
7952  27.025  -73.760  -17.919 0.4000000060
7386  26.564  -74.507  -17.889 0.4000000060
113967  26.811  -78.307  -17.076 0.4000000060
123302  25.260  -75.109  -17.481 0.4000000060
115677  24.842  -76.065  -17.323 0.4000000060
5063  27.014  -78.624  -18.032 0.4000000060
5637  25.994  -78.075  -17.862 0.4000000060
6810  25.896  -76.399  -18.028 0.4000000060
6197  25.519  -77.288  -17.691 0.4000000060
10188  27.893  -69.994  -19.701 0.5000000000
128713  28.499  -71.260  -19.363 0.4000000060
121064  28.651  -71.912  -18.949 0.4000000060
115578  28.751  -72.784  -18.772 0.4000000060
7396  28.293  -74.550  -18.908 0.4000000060
7397  27.511  -74.800  -18.520 0.4000000060
6808  27.684  -75.947  -18.826 0.4000000060
6787  26.047  -75.173  -17.817 0.4000000060
5635  27.361  -78.171  -18.352 0.4000000060
118974  27.408  -76.809  -18.747 0.4000000060
123761  26.660  -76.977  -18.552 0.4000000060
11024  28.794  -69.526  -19.730 0.5000000000
9436  28.908  -70.453  -19.711 0.5000000000
10187  30.013  -69.413  -19.660 0.6000000238
9422  29.397  -71.281  -19.617 0.5000000000
7395  28.820  -73.885  -19.079 0.4000000060
7410  28.964  -75.004  -19.316 0.4000000060
6826  29.061  -76.027  -19.054 0.4000000060
6221  29.398  -76.561  -18.701 0.4000000060
8653  30.537  -71.411  -19.972 0.4000000060
10186  31.066  -69.810  -19.498 0.5000000000
7962  30.635  -72.607  -19.881 0.4000000060
112954  29.624  -74.337  -19.443 0.4000000060
8665  31.545  -71.586  -20.030 0.5000000000
116724  31.761  -72.587  -19.867 0.4000000060
7961  31.068  -73.635  -19.745 0.4000000060
7408  31.294  -74.534  -19.399 0.4000000060
10170  31.371  -70.420  -19.457 0.6000000238
10171  31.388  -69.299  -19.083 0.6000000238
8664  32.285  -71.875  -19.623 0.5000000000
7959  32.953  -73.312  -19.360 0.4000000060
10990  28.714  -69.341  -16.891 0.5000000000
13313  14.660  -66.907  -7.341 0.5000000000
13295  14.296  -66.148  -6.872 0.5000000000
14695  14.751  -64.337  -5.453 0.5000000000
13294  15.077  -66.309  -6.613 0.5000000000
14025  14.667  -65.641  -6.195 0.5000000000
12492  14.069  -67.347  -7.861 0.5000000000
129727  22.808  -75.542  -13.224 0.5000000000
6138  21.810  -76.749  -13.242 0.5000000000
8655  27.825  -72.423  -18.462 0.4000000060
7951  27.890  -73.520  -18.401 0.4000000060
6215  27.010  -77.678  -18.579 0.4000000060
8654  29.586  -72.176  -19.419 0.4000000060
7963  29.590  -73.241  -19.380 0.4000000060
6827  28.309  -75.530  -19.044 0.4000000060
6223  28.248  -76.511  -18.859 0.4000000060
9435  30.300  -70.482  -19.789 0.5000000000
7409  29.748  -75.279  -19.261 0.4000000060
9434  31.271  -70.739  -19.885 0.5000000000
130612  31.669  -71.172  -19.819 0.6000000238
7960  32.087  -73.584  -19.561 0.5000000000
9421  31.562  -70.391  -19.122 0.5000000000
11749  34.399  -68.823  -12.570 0.3000000119
10935  33.732  -69.477  -12.427 0.3000000119
115528  33.974  -68.643  -11.749 0.3000000119
11737  34.408  -67.786  -11.711 0.3000000119
13372  35.410  -65.964  -11.465 0.3000000119
13362  34.924  -65.679  -10.704 0.3000000119
120352  33.754  -69.945  -13.073 0.3000000119
10124  33.119  -71.123  -13.207 0.4000000060
9333  32.390  -71.495  -12.942 0.4000000060
11766  34.966  -67.911  -12.536 0.3000000119
118468  31.049  -72.467  -13.471 0.4000000060
9318  32.174  -71.278  -12.011 0.4000000060
8593  29.114  -72.464  -13.883 0.4000000060
9367  28.236  -71.816  -15.492 0.4000000060
12577  35.535  -67.457  -12.659 0.3000000119
10095  32.645  -70.644  -11.848 0.3000000119
127986  30.556  -72.147  -12.298 0.4000000060
122088  33.768  -67.890  -10.637 0.3000000119
128897  32.507  -70.498  -10.910 0.3000000119
8608  31.413  -72.986  -14.827 0.4000000060
135905  31.070  -72.940  -16.211 0.4000000060
8642  30.249  -72.002  -17.190 0.4000000060
9403  29.802  -71.119  -17.171 0.4000000060
10111  33.530  -70.409  -13.013 0.4000000060
121082  31.894  -72.450  -13.964 0.4000000060
8625  30.745  -72.941  -15.648 0.4000000060
8635  29.582  -72.136  -16.448 0.4000000060
9382  28.817  -71.533  -16.330 0.4000000060
123111  34.630  -69.008  -12.656 0.3000000119
113474  30.973  -72.756  -14.148 0.4000000060
8610  29.483  -72.613  -14.699 0.4000000060
10140  28.962  -70.302  -16.801 0.4000000060
117623  36.453  -66.428  -12.978 0.3000000119
8579  29.551  -72.417  -13.106 0.4000000060
8567  30.665  -71.829  -11.491 0.4000000060
115489  33.356  -72.868  -17.235 0.4000000060
8652  31.950  -71.456  -18.834 0.4000000060
8623  32.282  -73.436  -15.170 0.4000000060
8624  31.707  -73.107  -15.739 0.4000000060
8640  32.417  -72.336  -18.056 0.4000000060
9402  30.912  -71.195  -18.116 0.4000000060
10949  34.815  -69.036  -12.672 0.3000000119
9342  33.133  -71.525  -13.331 0.4000000060
12593  36.899  -66.761  -13.222 0.3000000119
12576  36.080  -67.339  -12.885 0.3000000119
13384  37.051  -65.841  -13.255 0.3000000119
8651  32.889  -72.167  -19.037 0.4000000060
8639  33.785  -72.752  -18.191 0.4000000060
9305  31.401  -71.114  -10.426 0.3000000119
10904  32.327  -69.365  -9.397 0.3000000119
10079  32.026  -70.638  -10.266 0.3000000119
128686  29.645  -69.130  -17.285 0.4000000060
130962  30.651  -70.142  -17.910 0.4000000060
10154  31.215  -69.842  -18.646 0.4000000060
8650  33.844  -72.880  -18.618 0.4000000060
10112  32.894  -70.813  -12.823 0.3000000119
12554  34.306  -66.583  -10.842 0.3000000119
9343  32.631  -71.805  -13.504 0.4000000060
9334  31.447  -71.802  -12.262 0.4000000060
8592  30.115  -72.651  -13.833 0.4000000060
8578  30.365  -72.382  -12.997 0.4000000060
8627  29.007  -72.291  -15.571 0.4000000060
9304  32.100  -71.055  -11.039 0.4000000060
119142  32.207  -72.936  -14.489 0.4000000060
8641  31.100  -72.217  -17.660 0.4000000060
8634  30.497  -72.573  -16.531 0.4000000060
10950  34.031  -69.504  -12.746 0.3000000119
8626  29.866  -72.656  -15.626 0.4000000060
11765  35.341  -68.244  -12.684 0.3000000119
8591  32.729  -72.364  -13.836 0.4000000060
9341  33.557  -71.331  -13.107 0.3000000119
11764  36.021  -68.019  -12.824 0.3000000119
6069  17.601  -76.391  -6.643 0.3000000119
5470  16.546  -77.149  -6.733 0.3000000119
6079  18.210  -75.812  -7.151 0.3000000119
5469  17.109  -76.970  -6.167 0.3000000119
6647  17.898  -75.376  -7.928 0.3000000119
6081  16.654  -76.604  -7.372 0.3000000119
6078  19.302  -75.966  -7.073 0.3000000119
126995  19.302  -76.661  -6.691 0.3000000119
5468  17.979  -76.946  -6.042 0.3000000119
6645  19.880  -75.328  -7.674 0.3000000119
6646  18.876  -75.280  -7.697 0.3000000119
6105  17.340  -75.991  -9.063 0.3000000119
6126  20.642  -76.361  -12.366 0.3000000119
4960  20.308  -78.353  -8.412 0.3000000119
4948  19.637  -78.134  -7.234 0.3000000119
6077  20.223  -76.119  -7.379 0.3000000119
5477  20.301  -76.972  -7.412 0.3000000119
4934  19.215  -78.092  -6.435 0.3000000119
6671  19.154  -74.755  -9.646 0.3000000119
6690  20.726  -74.801  -11.500 0.3000000119
6114  20.162  -75.662  -11.644 0.3000000119
6076  20.813  -75.580  -7.843 0.3000000119
6656  19.477  -74.800  -8.294 0.3000000119
6655  20.526  -74.742  -8.289 0.3000000119
118992  21.276  -73.971  -9.352 0.3000000119
7309  20.540  -74.320  -10.669 0.3000000119
7310  19.696  -74.665  -10.249 0.3000000119
7328  21.369  -74.077  -11.231 0.3000000119
6724  24.893  -75.029  -13.883 0.4000000060
124238  23.058  -74.216  -12.556 0.4000000060
2722  18.970  -82.697  -4.818 0.3000000119
2285  18.770  -84.604  -5.191 0.3000000119
4935  18.407  -77.699  -5.751 0.3000000119
4921  17.165  -78.313  -5.267 0.3000000119
111046  19.514  -79.913  -8.071 0.3000000119
4051  19.663  -79.943  -6.137 0.3000000119
129934  19.705  -81.197  -5.296 0.3000000119
3174  18.712  -81.912  -4.647 0.3000000119
2723  18.327  -84.053  -4.816 0.3000000119
4520  20.121  -79.741  -9.517 0.3000000119
118996  19.588  -79.546  -7.131 0.3000000119
4037  19.369  -80.357  -5.168 0.3000000119
3588  17.739  -81.323  -4.383 0.3000000119
3175  17.936  -82.384  -4.423 0.3000000119
4497  19.524  -78.778  -7.165 0.3000000119
4919  18.751  -78.568  -5.638 0.3000000119
128663  18.639  -79.703  -4.865 0.3000000119
4021  17.038  -80.392  -4.438 0.3000000119
4471  18.337  -78.982  -4.984 0.3000000119
4453  17.593  -79.513  -4.651 0.3000000119
6658  17.901  -75.391  -8.771 0.3000000119
6104  18.053  -75.641  -9.599 0.3000000119
4961  19.759  -78.607  -7.879 0.3000000119
116056  19.643  -74.462  -9.500 0.3000000119
2732  19.879  -83.603  -5.834 0.3000000119
4454  16.564  -79.759  -4.795 0.3000000119
113527  19.502  -79.214  -7.849 0.3000000119
127990  20.179  -81.162  -6.766 0.3000000119
4470  19.097  -79.426  -5.452 0.3000000119
3587  19.021  -81.177  -4.762 0.3000000119
128860  16.553  -81.106  -4.440 0.3000000119
7912  22.655  -73.933  -12.019 0.3000000119
6134  30.859  -76.629  -13.646 0.3000000119
6721  29.862  -76.111  -13.517 0.3000000119
6745  29.144  -75.893  -14.349 0.3000000119
6746  28.097  -75.568  -14.700 0.4000000060
6765  27.738  -76.069  -15.348 0.4000000060
6168  27.304  -76.780  -15.865 0.3000000119
5602  26.096  -77.432  -15.985 0.3000000119
120140  31.200  -76.698  -14.251 0.3000000119
6167  29.803  -76.706  -15.956 0.4000000060
6183  28.852  -77.301  -16.552 0.4000000060
5600  29.026  -77.830  -17.425 0.4000000060
5601  27.512  -78.395  -17.475 0.3000000119
6211  30.215  -76.842  -18.255 0.4000000060
5633  28.927  -77.663  -18.254 0.4000000060
6213  28.774  -77.252  -18.532 0.3000000119
6807  30.407  -76.147  -18.610 0.3000000119
7320  31.220  -74.823  -10.946 0.3000000119
6688  31.047  -75.497  -11.885 0.3000000119
6722  29.023  -75.543  -13.361 0.4000000060
6723  28.288  -75.238  -13.899 0.4000000060
6747  27.110  -75.429  -14.733 0.3000000119
6766  26.964  -76.127  -15.332 0.3000000119
120471  26.305  -75.178  -14.408 0.3000000119
6687  32.117  -75.370  -11.774 0.3000000119
6704  31.814  -76.313  -12.616 0.3000000119
6123  32.417  -77.039  -13.392 0.3000000119
6145  31.791  -76.635  -14.470 0.3000000119
6166  30.492  -76.667  -16.223 0.3000000119
6182  29.815  -77.286  -16.875 0.4000000060
126627  33.292  -77.121  -13.967 0.3000000119
6764  31.526  -76.252  -15.229 0.3000000119
114854  31.098  -76.350  -15.477 0.3000000119
6181  30.469  -77.044  -17.144 0.4000000060
5599  29.770  -77.469  -17.596 0.4000000060
116096  31.998  -75.474  -16.584 0.3000000119
6786  31.662  -75.907  -18.059 0.4000000060
6210  30.887  -76.388  -18.193 0.4000000060
7393  33.997  -73.700  -18.400 0.3000000119
6785  32.522  -75.083  -18.387 0.4000000060
6806  31.531  -75.597  -18.489 0.4000000060
6824  31.404  -75.196  -18.936 0.4000000060
7943  33.781  -73.251  -17.340 0.3000000119
7406  33.178  -73.993  -19.047 0.4000000060
7950  34.144  -73.260  -18.450 0.3000000119
5498  30.387  -77.598  -9.347 0.3000000119
6096  30.619  -76.853  -9.146 0.3000000119
6098  28.935  -76.233  -9.101 0.3000000119
7286  27.987  -74.884  -9.603 0.3000000119
128907  32.863  -74.940  -9.816 0.3000000119
7283  30.863  -74.948  -9.690 0.3000000119
7284  29.842  -74.882  -9.685 0.3000000119
7307  27.585  -74.484  -10.150 0.3000000119
7303  34.200  -74.693  -10.497 0.3000000119
7280  33.518  -74.765  -10.061 0.3000000119
7305  30.577  -74.674  -10.187 0.3000000119
7322  29.555  -74.893  -11.343 0.3000000119
7339  28.461  -74.858  -12.137 0.3000000119
128774  27.842  -74.713  -12.666 0.3000000119
133730  26.937  -74.583  -13.350 0.3000000119
7375  25.948  -74.757  -13.903 0.3000000119
7356  25.337  -74.457  -13.415 0.3000000119
7910  24.324  -73.752  -12.092 0.3000000119
123147  33.480  -74.689  -10.923 0.3000000119
6774  32.416  -75.372  -17.752 0.3000000119
130341  32.285  -74.890  -15.648 0.3000000119
7381  32.963  -74.718  -17.150 0.3000000119
7941  32.814  -73.496  -16.183 0.3000000119
131237  33.543  -73.077  -17.021 0.3000000119
8638  34.215  -73.059  -18.183 0.3000000119
4970  30.857  -78.521  -9.776 0.3000000119
6095  31.801  -76.864  -9.299 0.3000000119
115723  30.894  -76.042  -9.097 0.3000000119
6666  29.399  -75.456  -9.284 0.3000000119
6663  32.927  -75.552  -9.530 0.3000000119
6665  30.318  -75.434  -9.312 0.3000000119
7911  23.464  -73.792  -12.074 0.3000000119
4514  32.500  -79.938  -10.226 0.3000000119
5496  32.779  -78.139  -9.613 0.3000000119
5495  34.037  -77.899  -9.492 0.3000000119
6094  32.914  -76.605  -9.428 0.3000000119
6664  31.852  -75.832  -9.287 0.3000000119
6662  33.905  -75.296  -9.704 0.3000000119
117657  33.179  -79.372  -9.884 0.3000000119
132023  34.355  -78.673  -9.156 0.3000000119
5494  35.302  -77.886  -9.212 0.3000000119
6093  34.497  -76.618  -9.455 0.3000000119
7357  24.433  -74.591  -13.371 0.3000000119
6149  25.197  -76.366  -14.856 0.3000000119
6767  26.163  -75.961  -14.998 0.3000000119
6184  27.693  -77.643  -16.670 0.3000000119
132257  28.363  -78.148  -18.095 0.4000000060
6805  32.421  -74.781  -18.793 0.4000000060
8607  32.739  -73.164  -14.304 0.3000000119
121372  30.920  -76.085  -12.535 0.3000000119
6135  30.261  -76.439  -14.308 0.3000000119
6689  30.130  -75.552  -12.089 0.3000000119
6148  28.773  -76.354  -15.428 0.4000000060
120334  28.091  -76.726  -16.005 0.4000000060
116762  28.285  -78.023  -17.302 0.4000000060
6195  31.081  -76.511  -17.818 0.4000000060
129517  32.605  -74.778  -11.082 0.3000000119
7321  30.352  -74.910  -11.148 0.3000000119
7353  28.369  -75.034  -13.040 0.3000000119
7338  29.265  -75.202  -12.083 0.3000000119
7354  27.568  -74.784  -13.433 0.4000000060
7374  26.822  -74.786  -13.938 0.3000000119
6686  33.317  -75.382  -11.985 0.3000000119
6703  33.130  -76.635  -12.907 0.3000000119
6132  33.221  -77.166  -13.684 0.3000000119
6165  31.018  -76.467  -16.459 0.4000000060
130626  33.185  -74.070  -16.577 0.3000000119
7285  28.906  -74.907  -9.646 0.3000000119
128684  28.993  -74.608  -10.682 0.3000000119
119391  27.639  -74.553  -11.933 0.3000000119
7936  32.754  -74.060  -14.608 0.3000000119
2283  20.237  -83.904  -6.504 0.3000000119
3184  19.616  -81.958  -5.154 0.3000000119
4020  18.305  -80.389  -4.577 0.3000000119
4022  16.200  -80.635  -4.766 0.3000000119
4036  19.953  -80.928  -6.036 0.3000000119
4484  19.366  -79.040  -6.293 0.3000000119
4507  19.814  -79.260  -8.623 0.3000000119
4920  17.944  -78.271  -5.254 0.3000000119
4947  20.076  -77.819  -7.659 0.3000000119
4969  32.112  -78.945  -9.979 0.3000000119
5038  21.020  -78.152  -14.725 0.4000000060
5049  26.839  -78.579  -17.665 0.4000000060
5051  25.642  -78.000  -17.011 0.5000000000
5052  25.200  -77.746  -17.092 0.5000000000
5062  27.705  -78.415  -18.081 0.4000000060
5064  26.421  -78.411  -17.763 0.4000000060
5065  25.872  -78.083  -17.366 0.4000000060
5461  17.493  -77.606  -5.634 0.3000000119
5467  18.920  -77.136  -6.268 0.3000000119
5476  20.898  -76.515  -7.837 0.3000000119
5478  19.664  -77.329  -6.895 0.3000000119
5497  31.356  -77.774  -9.468 0.3000000119
5551  20.754  -77.732  -13.292 0.4000000060
5563  24.070  -77.547  -15.044 0.5000000000
5565  22.433  -77.684  -14.703 0.5000000000
5581  25.255  -77.706  -15.964 0.5000000000
5584  22.841  -77.549  -15.275 0.4000000060
5585  21.631  -77.867  -15.061 0.4000000060
5617  29.002  -77.909  -17.896 0.4000000060
5618  28.151  -78.283  -17.788 0.4000000060
5619  27.385  -78.549  -17.841 0.3000000119
5621  24.805  -77.457  -16.749 0.4000000060
5632  29.701  -77.407  -18.079 0.4000000060
5634  28.148  -77.920  -18.368 0.3000000119
5636  26.609  -78.264  -18.202 0.4000000060
6068  18.577  -76.436  -6.558 0.3000000119
6070  16.925  -76.551  -6.819 0.3000000119
6080  17.178  -76.007  -7.466 0.3000000119
6089  17.307  -75.764  -8.298 0.3000000119
6097  29.953  -76.137  -9.029 0.3000000119
6122  33.816  -76.809  -13.449 0.3000000119
6124  31.369  -76.704  -13.131 0.3000000119
6133  31.959  -77.065  -13.820 0.3000000119
6137  22.565  -76.530  -13.499 0.5000000000
6144  32.733  -77.201  -13.981 0.3000000119
6146  30.697  -76.469  -15.125 0.3000000119
6147  29.771  -76.367  -15.047 0.4000000060
6169  26.458  -76.824  -15.655 0.3000000119
6171  24.803  -77.331  -15.318 0.5000000000
6180  30.919  -76.741  -17.409 0.4000000060
6185  26.730  -77.591  -16.324 0.3000000119
6187  22.498  -76.625  -16.357 0.5000000000
6189  21.016  -77.097  -16.779 0.5000000000
6196  30.465  -76.995  -17.824 0.4000000060
6198  24.536  -76.839  -16.993 0.4000000060
6212  29.575  -77.007  -18.426 0.4000000060
6214  27.946  -77.390  -18.639 0.3000000119
6216  26.257  -77.613  -18.265 0.4000000060
6222  28.709  -76.801  -18.736 0.4000000060
6657  18.600  -74.976  -8.469 0.3000000119
6672  18.565  -75.017  -9.289 0.3000000119
6675  20.084  -74.884  -11.024 0.3000000119
6705  30.423  -76.208  -12.905 0.3000000119
6706  29.592  -75.697  -12.742 0.4000000060
6748  24.688  -75.825  -14.318 0.5000000000
6749  24.083  -76.286  -14.173 0.5000000000
6775  31.517  -76.173  -17.266 0.3000000119
6809  26.800  -75.818  -18.442 0.4000000060
6825  29.835  -75.932  -18.931 0.3000000119
7272  19.944  -74.385  -8.920 0.3000000119
7273  19.180  -74.621  -9.006 0.3000000119
7281  32.483  -74.681  -10.179 0.3000000119
7282  31.885  -75.040  -9.676 0.3000000119
7293  20.376  -74.136  -9.696 0.3000000119
7304  31.479  -74.666  -10.056 0.3000000119
7306  28.466  -74.552  -10.013 0.3000000119
7319  31.937  -74.753  -10.740 0.3000000119
7323  28.181  -74.534  -11.020 0.3000000119
7327  21.937  -74.146  -11.912 0.3000000119
7340  27.093  -74.488  -12.706 0.3000000119
7343  24.763  -74.053  -12.775 0.3000000119
7344  23.833  -74.151  -12.818 0.4000000060
7355  26.299  -74.405  -13.216 0.3000000119
7358  23.777  -74.791  -13.310 0.3000000119
7359  23.167  -74.726  -13.044 0.5000000000
7373  27.582  -75.073  -14.183 0.4000000060
7384  33.865  -73.894  -17.726 0.3000000119
7385  33.390  -74.523  -18.157 0.3000000119
7394  33.382  -74.257  -18.623 0.3000000119
7405  33.873  -73.661  -18.657 0.3000000119
7407  32.210  -74.396  -19.213 0.5000000000
7895  23.090  -73.655  -11.306 0.3000000119
7944  34.194  -73.191  -18.079 0.3000000119
7947  24.691  -73.319  -17.858 0.4000000060
7953  24.488  -73.009  -18.630 0.4000000060
7958  33.750  -73.283  -18.923 0.3000000119
8568  29.892  -72.314  -12.496 0.4000000060
8577  31.052  -72.189  -12.832 0.4000000060
8580  28.694  -72.291  -13.180 0.5000000000
8609  30.388  -72.841  -14.782 0.4000000060
8611  28.628  -72.298  -14.695 0.4000000060
8631  34.045  -73.012  -17.689 0.3000000119
8632  32.768  -73.193  -16.354 0.4000000060
8633  31.731  -72.786  -16.830 0.4000000060
8643  25.942  -72.807  -17.874 0.4000000060
8657  25.720  -72.238  -18.492 0.4000000060
8663  33.130  -72.594  -19.182 0.4000000060
8666  25.584  -71.827  -20.427 0.5000000000
8673  21.265  -72.598  -20.613 0.5000000000
9308  28.362  -71.611  -10.375 0.6000000238
9310  26.583  -71.396  -10.634 0.6000000238
9319  29.921  -71.773  -10.885 0.4000000060
9324  25.682  -70.930  -11.665 0.6000000238
9338  26.106  -71.152  -12.144 0.6000000238
9344  31.760  -72.030  -13.198 0.4000000060
9345  27.633  -71.895  -14.063 0.5000000000
9347  26.483  -71.088  -13.622 0.6000000238
9368  27.538  -71.318  -15.342 0.5000000000
9420  31.851  -71.290  -19.464 0.6000000238
9424  26.308  -71.740  -18.796 0.5000000000
9440  25.363  -71.633  -20.919 0.6000000238
9442  23.677  -71.386  -20.957 0.6000000238
10052  28.535  -70.141  -8.832 0.4000000060
10055  25.840  -70.201  -9.072 0.6999999881
10062  30.098  -70.539  -9.233 0.4000000060
10068  24.908  -70.351  -10.174 0.6999999881
10080  25.182  -70.580  -11.019 0.6999999881
10081  19.204  -70.392  -10.848 0.6000000238
10085  15.409  -70.926  -10.343 0.5000000000
10087  13.196  -70.304  -10.467 0.6000000238
10094  33.297  -70.179  -12.689 0.3000000119
10110  33.793  -69.921  -13.058 0.3000000119
10116  19.825  -70.538  -12.305 0.6999999881
10117  19.037  -70.695  -12.251 0.6999999881
10123  33.644  -70.473  -12.946 0.3000000119
10134  25.838  -70.082  -14.134 0.6999999881
10190  25.366  -70.276  -20.167 0.6999999881
10192  23.588  -70.361  -19.700 0.6000000238
10894  15.062  -69.424  -8.709 0.5000000000
10908  17.298  -69.684  -9.482 0.6000000238
10909  16.418  -69.906  -9.305 0.6000000238
10923  24.492  -69.714  -9.698 0.6000000238
10925  18.711  -69.992  -10.193 0.6000000238
10927  13.076  -69.982  -9.866 0.6000000238
10937  21.794  -69.785  -11.729 0.8000000119
10938  20.937  -70.222  -11.700 0.8000000119
10939  20.195  -70.174  -11.093 0.8000000119
10940  13.075  -69.834  -11.876 0.6000000238
10951  34.131  -69.614  -13.051 0.3000000119
10953  24.512  -69.825  -12.421 0.6999999881
10954  21.865  -69.635  -12.517 0.6999999881
10961  25.425  -69.692  -13.762 0.6999999881
10963  20.758  -69.762  -13.204 0.6999999881
10967  16.438  -69.649  -13.784 0.5000000000
10968  15.558  -69.544  -13.776 0.5000000000
10970  13.062  -69.454  -13.276 0.6000000238
10974  26.128  -70.040  -14.727 0.6000000238
10998  30.382  -68.092  -17.841 0.6000000238
11022  31.089  -68.681  -19.214 0.6000000238
11026  24.877  -69.498  -19.673 0.6999999881
11682  16.066  -68.102  -7.899 0.5000000000
11683  15.296  -68.064  -7.829 0.5000000000
11702  26.437  -68.822  -8.216 0.5000000000
11703  25.541  -68.831  -8.268 0.6000000238
11723  23.796  -68.680  -9.486 0.6000000238
11738  23.928  -69.226  -9.957 0.6000000238
11751  23.236  -69.373  -11.094 0.6000000238
11753  12.261  -68.460  -11.359 0.6000000238
11767  24.023  -69.218  -12.821 0.6999999881
11768  22.353  -69.330  -12.689 0.6999999881
11791  25.675  -67.854  -14.934 0.6999999881
11795  18.263  -68.572  -14.761 0.6000000238
11801  10.266  -68.592  -14.822 0.5000000000
11849  25.760  -67.537  -18.963 0.6999999881
11868  30.903  -67.707  -19.037 0.6000000238
11869  29.965  -67.639  -19.250 0.6000000238
12487  25.876  -67.220  -7.531 0.5000000000
12537  20.129  -67.866  -9.521 0.6000000238
12539  17.982  -67.832  -9.035 0.5000000000
12556  22.871  -68.954  -10.443 0.6000000238
12559  20.717  -68.307  -9.807 0.8000000119
12567  34.847  -66.773  -11.614 0.3000000119
12570  22.868  -69.316  -12.523 0.6000000238
12578  23.653  -68.576  -13.176 0.6999999881
12595  23.080  -67.415  -13.474 0.6999999881
12609  20.346  -67.626  -14.768 0.6999999881
12610  19.504  -67.807  -15.001 0.6999999881
12612  10.246  -67.501  -14.395 0.5000000000
12640  29.509  -67.226  -18.509 0.6000000238
12641  28.558  -67.041  -18.145 0.6000000238
12648  18.526  -66.129  -17.764 0.4000000060
12656  29.962  -67.287  -18.812 0.6000000238
12670  27.320  -66.991  -18.865 0.6000000238
13292  16.805  -66.133  -6.797 0.5000000000
13308  24.565  -66.335  -7.691 0.6000000238
13310  17.160  -66.719  -7.496 0.4000000060
13314  14.023  -66.613  -7.476 0.5000000000
13334  20.750  -66.236  -8.666 0.6000000238
13337  17.774  -66.642  -8.151 0.5000000000
13347  22.051  -66.774  -8.914 0.8000000119
13348  21.216  -66.867  -8.999 0.6999999881
13364  13.090  -66.115  -10.614 0.6000000238
13390  11.308  -66.416  -13.537 0.5000000000
13403  21.467  -66.734  -14.577 0.6000000238
13417  9.228  -66.606  -15.519 0.5000000000
13438  21.228  -65.905  -17.501 0.5000000000
14017  15.112  -65.093  -5.690 0.6000000238
14018  14.226  -64.930  -5.808 0.5000000000
14023  16.312  -65.665  -6.155 0.6000000238
14024  15.506  -65.734  -6.074 0.5000000000
14045  12.968  -65.146  -7.666 0.6000000238
14054  22.892  -65.688  -8.134 0.6000000238
14058  18.435  -65.628  -9.144 0.5000000000
14059  17.894  -66.070  -8.231 0.4000000060
14072  13.401  -64.092  -11.285 0.6000000238
14100  12.997  -63.360  -13.765 0.5000000000
14122  27.080  -64.238  -16.854 0.8000000119
14127  18.393  -65.155  -16.061 0.4000000060
14129  16.881  -65.449  -16.135 0.5000000000
14139  18.690  -64.019  -16.852 0.5000000000
14140  17.985  -64.397  -16.694 0.5000000000
14156  16.409  -65.021  -17.058 0.5000000000
14157  15.703  -65.495  -17.110 0.5000000000
14707  17.390  -64.894  -6.615 0.5000000000
14726  17.646  -65.161  -7.484 0.5000000000
14731  21.026  -65.100  -8.210 0.5000000000
14736  12.039  -63.724  -8.882 0.6000000238
14739  12.647  -63.532  -9.855 0.5000000000
14745  13.705  -63.071  -11.823 0.5000000000
15378  17.021  -64.000  -5.512 0.5000000000
15380  15.299  -63.891  -5.274 0.5000000000
15381  12.989  -63.331  -5.621 0.6000000238
15382  12.255  -63.331  -5.922 0.5000000000
15383  11.630  -63.318  -6.536 0.5000000000
15393  12.231  -63.832  -6.400 0.6000000238
15404  23.744  -63.525  -7.368 0.5000000000
15406  21.948  -63.897  -7.744 0.6000000238
15425  13.083  -63.101  -10.763 0.5000000000
15455  25.519  -61.934  -17.201 0.6999999881
15456  23.544  -62.087  -17.316 0.6999999881
15458  21.536  -62.895  -17.286 0.6999999881
15459  20.003  -63.507  -17.180 0.6000000238
15463  26.075  -62.470  -17.372 0.6999999881
15467  20.554  -63.295  -17.184 0.6000000238
16090  16.739  -62.353  -4.960 0.4000000060
16099  14.024  -62.538  -5.398 0.4000000060
16102  11.721  -62.662  -6.049 0.4000000060
16128  17.935  -63.394  -7.171 0.5000000000
16850  18.303  -61.043  -4.834 0.4000000060
16858  17.987  -61.815  -5.067 0.4000000060
16859  15.880  -61.965  -4.994 0.4000000060
16862  12.680  -61.972  -5.737 0.4000000060
18520  14.234  -59.323  -6.414 0.3000000119
19347  15.487  -58.790  -6.082 0.3000000119
20138  20.828  -57.570  -4.452 0.4000000060
20224  14.086  -56.843  -9.784 0.3000000119
20965  16.344  -56.355  -7.602 0.3000000119
21005  14.513  -56.533  -10.194 0.3000000119
21014  15.301  -55.910  -10.792 0.3000000119
21015  14.661  -56.156  -10.679 0.3000000119
21016  13.292  -56.142  -10.341 0.4000000060
21734  19.125  -55.882  -6.126 0.4000000060
21757  19.411  -55.189  -6.524 0.4000000060
21775  16.802  -55.606  -8.072 0.3000000119
21822  14.947  -55.681  -10.881 0.3000000119
22581  19.066  -54.872  -7.084 0.4000000060
22614  18.458  -53.935  -8.608 0.4000000060
22616  17.183  -54.671  -9.735 0.3000000119
22617  12.154  -53.673  -8.692 0.3000000119
22634  16.856  -54.485  -10.430 0.3000000119
22642  17.087  -53.896  -10.566 0.3000000119
22643  16.566  -54.361  -10.671 0.3000000119
23450  20.750  -53.614  -6.120 0.3000000119
23493  18.014  -53.440  -9.809 0.3000000119
23518  17.019  -53.279  -10.446 0.3000000119
23520  15.696  -53.790  -10.728 0.3000000119
24441  12.050  -50.621  -8.061 0.3000000119
24455  12.240  -51.304  -8.487 0.3000000119
24464  16.138  -52.213  -9.986 0.3000000119
24467  13.558  -52.424  -9.241 0.4000000060
24474  15.737  -52.865  -10.352 0.3000000119
25345  16.762  -51.954  -5.802 0.3000000119
25356  16.842  -50.510  -6.300 0.3000000119
25373  14.811  -51.144  -8.042 0.3000000119
25389  18.557  -51.168  -9.631 0.3000000119
25391  16.657  -51.157  -9.088 0.3000000119
25409  16.464  -51.706  -9.524 0.3000000119
25410  15.561  -51.722  -9.395 0.3000000119
26338  16.465  -50.237  -7.065 0.3000000119
26339  15.990  -50.758  -7.205 0.3000000119
26347  20.276  -50.460  -8.031 0.3000000119
26351  16.030  -50.850  -7.984 0.3000000119
26364  16.644  -50.709  -8.608 0.3000000119
27269  19.293  -49.152  -10.076 0.3000000119
27285  17.525  -49.725  -9.161 0.3000000119
28176  19.114  -46.639  -10.365 0.3000000119
111044  20.089  -81.619  -5.711 0.3000000119
111099  20.789  -77.603  -16.233 0.5000000000
111958  19.886  -80.500  -7.137 0.3000000119
113414  30.523  -75.351  -19.100 0.4000000060
113507  30.415  -74.544  -19.478 0.4000000060
113915  13.061  -68.180  -9.952 0.6000000238
115508  17.708  -50.409  -9.557 0.3000000119
115729  31.117  -75.417  -9.389 0.3000000119
116888  27.687  -66.672  -17.982 0.6000000238
116998  21.559  -63.052  -8.203 0.6000000238
117495  31.438  -71.458  -11.272 0.4000000060
117603  11.966  -52.146  -8.591 0.4000000060
117671  19.794  -76.594  -7.052 0.3000000119
119309  33.794  -78.869  -9.627 0.3000000119
119318  31.408  -75.965  -16.123 0.3000000119
119619  26.709  -71.446  -12.181 0.6000000238
120029  19.169  -85.191  -5.533 0.3000000119
120664  25.518  -75.350  -14.347 0.3000000119
120956  34.179  -70.170  -12.910 0.3000000119
120967  25.698  -77.951  -16.646 0.5000000000
121038  16.194  -58.979  -5.436 0.4000000060
121199  23.297  -69.815  -17.634 0.6999999881
122957  19.563  -65.310  -17.789 0.5000000000
123456  14.677  -70.892  -10.677 0.5000000000
123460  17.378  -65.651  -7.095 0.5000000000
124131  17.115  -64.637  -17.101 0.5000000000
124683  26.024  -70.614  -20.087 0.6999999881
125030  28.065  -75.831  -9.244 0.3000000119
125303  28.158  -68.871  -19.684 0.6000000238
125942  14.493  -70.800  -9.967 0.5000000000
126419  18.227  -83.299  -4.604 0.3000000119
126687  32.516  -72.685  -19.583 0.4000000060
126725  12.611  -65.126  -12.705 0.6000000238
126774  18.311  -68.535  -9.462 0.6999999881
126884  17.468  -63.424  -5.545 0.4000000060
127235  26.190  -78.083  -16.711 0.3000000119
127720  20.954  -77.156  -17.578 0.5000000000
128572  17.558  -78.769  -4.936 0.3000000119
128718  29.739  -74.666  -10.446 0.3000000119
129118  21.616  -75.347  -12.494 0.5000000000
129148  31.922  -73.191  -15.047 0.4000000060
129490  13.677  -51.143  -7.846 0.3000000119
129851  20.686  -74.261  -8.957 0.3000000119
130063  26.955  -64.326  -17.170 0.6999999881
130286  30.548  -67.471  -18.856 0.6999999881
130803  30.260  -73.711  -19.641 0.4000000060
130916  15.597  -55.435  -10.804 0.3000000119
131383  23.177  -66.183  -16.944 0.5000000000
131586  19.991  -69.697  -13.571 0.6999999881
131861  24.747  -73.455  -20.489 0.4000000060
132519  34.212  -75.307  -12.007 0.3000000119
132934  13.562  -67.040  -8.691 0.6000000238
133332  28.537  -75.402  -9.320 0.3000000119
133360  15.164  -67.440  -7.489 0.6000000238
133386  28.893  -74.783  -11.472 0.3000000119
133438  32.829  -77.306  -9.472 0.3000000119
133600  20.010  -66.161  -8.785 0.5000000000
133660  33.331  -70.864  -13.022 0.4000000060
134008  23.009  -68.284  -9.793 0.6000000238
134021  32.686  -77.298  -13.792 0.3000000119
134168  23.052  -69.413  -11.211 0.6000000238
134365  29.185  -74.602  -9.973 0.3000000119
134490  23.653  -66.775  -8.491 0.6000000238
134587  32.629  -73.860  -19.327 0.5000000000
134744  31.312  -68.259  -18.925 0.6000000238
135101  32.537  -74.262  -15.309 0.3000000119
135117  25.426  -74.857  -13.892 0.4000000060
135226  11.160  -63.171  -6.882 0.5000000000
135246  28.955  -75.276  -12.667 0.3000000119
135248  31.406  -70.714  -9.832 0.3000000119
135474  23.608  -76.279  -16.728 0.4000000060
135633  28.020  -69.642  -8.669 0.4000000060
135931  15.907  -71.023  -10.841 0.5000000000
136172  17.444  -70.506  -12.714 0.6000000238
