#!ascii label  , from subject sub-v1s23x0050574_ses-1 vox2ras=TkReg
1590
24646  -29.914  -36.656  -13.999 0.5000000000
24641  -30.124  -36.344  -13.314 0.4000000060
25495  -29.988  -35.526  -12.962 0.6000000238
26377  -29.489  -34.879  -13.519 0.6000000238
26394  -29.918  -34.397  -14.825 0.6000000238
26385  -29.716  -35.147  -14.230 0.5000000000
133273  -30.926  -33.784  -15.375 0.6000000238
126083  -30.495  -35.239  -12.065 0.6999999881
26376  -29.184  -34.349  -14.057 0.6999999881
27260  -29.871  -33.495  -15.102 0.6999999881
28166  -30.946  -32.848  -15.424 0.5000000000
23690  -27.753  -37.666  -3.459 0.5000000000
26371  -29.974  -34.768  -12.619 0.6999999881
27244  -29.156  -34.033  -13.540 0.6999999881
27250  -29.254  -33.807  -14.431 0.6999999881
28147  -29.008  -33.224  -13.476 0.6999999881
28155  -28.326  -32.831  -14.057 0.6999999881
27243  -28.704  -33.506  -13.953 0.6999999881
28146  -28.345  -32.745  -13.851 0.6999999881
127218  -30.517  -32.187  -15.443 0.6000000238
136231  -31.400  -33.918  -8.185 0.6999999881
126432  -31.402  -33.085  -9.020 0.6999999881
27240  -30.211  -34.041  -12.353 0.6999999881
27237  -30.944  -33.763  -11.624 0.6999999881
24582  -27.443  -36.864  -3.832 0.6000000238
22823  -27.550  -38.561  -4.770 0.4000000060
27239  -29.654  -33.633  -12.869 0.6999999881
28164  -28.979  -33.148  -14.500 0.6999999881
29093  -29.648  -31.893  -15.354 0.6999999881
29984  -28.589  -31.440  -15.014 0.6999999881
29986  -31.188  -30.836  -15.390 0.6000000238
124399  -31.234  -32.964  -7.297 0.6999999881
27211  -31.344  -33.719  -7.547 0.6999999881
27226  -31.489  -33.488  -9.777 0.6999999881
120445  -31.274  -33.150  -8.211 0.6999999881
28127  -31.210  -32.272  -7.836 0.6999999881
25415  -27.777  -35.608  -2.884 0.6000000238
28131  -31.454  -32.707  -9.532 0.6999999881
28141  -31.068  -32.405  -11.920 0.6999999881
28138  -31.519  -32.669  -10.425 0.6999999881
124848  -31.462  -32.003  -9.693 0.6999999881
133896  -31.305  -31.523  -9.072 0.6999999881
23723  -27.654  -38.034  -5.373 0.5000000000
23709  -27.556  -37.629  -4.496 0.5000000000
29078  -28.130  -32.040  -13.714 0.6999999881
29079  -28.978  -32.420  -13.346 0.6999999881
29060  -31.447  -31.081  -9.851 0.6999999881
22835  -27.596  -38.633  -5.620 0.4000000060
28144  -30.037  -32.648  -12.716 0.6999999881
29067  -31.542  -31.764  -10.579 0.6999999881
21975  -27.716  -38.961  -6.317 0.4000000060
29958  -31.498  -31.011  -10.858 0.6999999881
139016  -31.382  -30.471  -10.360 0.6999999881
29092  -28.540  -32.345  -14.570 0.6999999881
29085  -27.880  -32.261  -13.966 0.6999999881
29965  -29.810  -30.531  -12.820 0.6999999881
29961  -30.821  -30.295  -12.049 0.6999999881
127125  -30.380  -29.961  -15.408 0.6000000238
128494  -29.018  -30.438  -15.354 0.6999999881
29983  -27.548  -30.802  -14.581 0.6999999881
32542  -30.565  -27.703  -15.027 0.5000000000
31722  -30.981  -28.388  -15.037 0.5000000000
116950  -33.090  -28.330  -14.188 0.4000000060
138005  -32.055  -28.187  -14.711 0.5000000000
29039  -31.294  -31.472  -7.450 0.6999999881
26315  -27.481  -34.212  -3.162 0.6000000238
136053  -31.473  -32.278  -11.190 0.6999999881
29944  -31.218  -30.708  -8.853 0.6999999881
135284  -29.976  -31.855  -12.831 0.6999999881
29976  -27.656  -31.665  -14.182 0.6999999881
30833  -27.803  -30.174  -13.500 0.6999999881
32540  -28.349  -28.175  -15.027 0.6999999881
121077  -29.572  -28.091  -15.088 0.6999999881
31720  -28.916  -28.851  -15.230 0.6999999881
32541  -29.529  -27.299  -15.055 0.6999999881
28067  -30.261  -32.371  -3.112 0.6999999881
28080  -31.025  -31.906  -3.825 0.6999999881
28999  -31.208  -31.150  -3.943 0.8000000119
29915  -31.640  -30.586  -5.190 0.8000000119
28066  -29.457  -32.490  -2.811 0.6000000238
28983  -29.737  -31.678  -2.917 0.6000000238
28998  -30.570  -31.571  -3.349 0.6000000238
29021  -31.575  -31.319  -5.606 0.8000000119
28065  -28.610  -32.599  -2.776 0.6000000238
134947  -28.163  -32.035  -2.896 0.6000000238
29923  -31.393  -30.694  -7.048 0.6999999881
27151  -28.347  -33.332  -2.772 0.6000000238
125067  -26.784  -35.160  -4.047 0.6000000238
26314  -26.935  -34.303  -3.750 0.6000000238
29930  -31.206  -30.727  -7.920 0.6999999881
24581  -27.089  -36.624  -4.611 0.5000000000
129414  -26.620  -35.812  -4.672 0.6000000238
29951  -31.280  -30.211  -9.650 0.6999999881
29077  -27.500  -31.531  -13.959 0.6999999881
29964  -28.224  -31.023  -13.499 0.6999999881
30823  -31.253  -30.327  -11.129 0.6999999881
31719  -27.513  -29.183  -14.896 0.8000000119
30848  -28.183  -29.828  -15.170 0.6999999881
30827  -30.306  -29.611  -12.239 0.6999999881
138671  -27.604  -27.966  -14.801 0.8000000119
137041  -27.089  -31.111  -13.961 0.6999999881
122463  -31.260  -26.970  -15.022 0.5000000000
32534  -32.546  -27.723  -14.571 0.5000000000
33289  -31.702  -26.281  -15.235 0.5000000000
33282  -33.016  -26.914  -14.759 0.4000000060
29887  -30.045  -30.974  -2.954 0.6000000238
29889  -31.203  -30.233  -3.929 0.6999999881
139661  -31.461  -30.603  -4.476 0.8999999762
28982  -28.857  -31.820  -2.783 0.6000000238
29905  -31.532  -29.849  -4.697 0.8000000119
30777  -31.576  -29.915  -5.680 0.8000000119
30784  -31.459  -29.944  -6.619 0.8000000119
28064  -27.783  -32.662  -3.043 0.6000000238
27163  -27.278  -33.006  -3.391 0.6000000238
30793  -31.276  -29.951  -7.509 0.8000000119
24596  -26.604  -36.310  -5.306 0.6000000238
26325  -26.503  -34.330  -4.511 0.6000000238
27175  -26.692  -33.598  -4.134 0.6000000238
136072  -27.406  -37.595  -5.879 0.5000000000
29943  -31.109  -29.912  -9.002 0.6999999881
30805  -30.980  -29.288  -8.744 0.6999999881
23733  -27.366  -37.668  -6.541 0.5000000000
24606  -26.681  -36.797  -6.089 0.5000000000
30812  -30.996  -29.383  -9.578 0.6999999881
30819  -31.176  -29.819  -10.397 0.6999999881
32532  -26.949  -27.747  -14.478 0.8000000119
30847  -27.131  -29.987  -14.516 0.8000000119
29969  -27.090  -30.858  -13.855 0.6999999881
122193  -28.412  -29.200  -13.112 0.6999999881
31702  -29.730  -28.945  -12.377 0.6999999881
31711  -26.601  -29.421  -14.155 0.6999999881
32544  -32.126  -26.954  -14.867 0.5000000000
29886  -29.108  -30.838  -2.796 0.6999999881
30735  -29.909  -29.470  -2.922 0.6999999881
118940  -29.930  -30.200  -2.932 0.6999999881
30736  -30.627  -29.702  -3.388 0.8000000119
132446  -31.208  -29.536  -4.014 0.8000000119
28997  -28.145  -31.279  -2.879 0.6999999881
117157  -30.291  -28.957  -3.160 0.8000000119
30759  -31.350  -28.985  -4.506 0.8000000119
28996  -27.572  -31.796  -3.221 0.6000000238
138960  -31.494  -29.346  -6.181 0.8000000119
120388  -27.163  -32.350  -3.532 0.6000000238
25442  -26.322  -35.058  -4.919 0.6000000238
30792  -31.108  -29.229  -7.978 0.8000000119
31674  -31.125  -28.537  -7.689 0.6999999881
24595  -26.103  -35.896  -5.890 0.6000000238
32501  -30.991  -27.826  -7.880 0.8000000119
23739  -27.228  -37.777  -7.401 0.4000000060
30822  -30.898  -29.613  -11.284 0.6999999881
30818  -30.808  -29.094  -10.451 0.6999999881
30811  -30.774  -28.755  -9.174 0.6999999881
21158  -28.022  -39.967  -8.106 0.4000000060
132639  -30.434  -28.800  -11.378 0.6999999881
129971  -30.709  -28.695  -9.786 0.6999999881
30831  -26.654  -29.697  -14.016 0.8000000119
136939  -29.990  -28.272  -11.806 0.6999999881
32533  -28.220  -27.391  -14.913 0.8000000119
33281  -29.005  -26.550  -14.984 0.6999999881
33287  -30.028  -26.388  -15.157 0.5000000000
34031  -32.054  -25.583  -15.532 0.5000000000
33291  -33.435  -26.299  -15.228 0.4000000060
30734  -28.996  -29.678  -2.766 0.6000000238
118134  -29.532  -28.900  -2.836 0.6999999881
30737  -30.912  -28.963  -3.733 0.8000000119
31635  -31.102  -28.187  -4.078 0.8000000119
117334  -28.073  -30.333  -2.892 0.6999999881
29885  -27.423  -30.918  -3.288 0.6999999881
31655  -31.436  -28.244  -5.162 0.8000000119
28995  -27.021  -31.537  -3.710 0.6000000238
119186  -26.715  -32.175  -4.096 0.6000000238
129612  -31.321  -27.893  -6.047 0.8000000119
31675  -31.241  -28.062  -6.969 0.8000000119
138871  -26.108  -34.287  -5.432 0.6000000238
31687  -30.883  -28.460  -8.492 0.8999999762
32518  -30.274  -27.532  -10.318 0.8000000119
32516  -30.571  -27.925  -9.406 0.8000000119
24605  -25.974  -36.121  -6.709 0.5000000000
33260  -29.589  -26.803  -11.475 0.8000000119
31695  -30.495  -28.331  -10.390 0.6999999881
24613  -26.520  -36.935  -7.080 0.4000000060
33279  -26.583  -26.896  -14.331 0.8000000119
120207  -26.374  -28.577  -13.922 0.8000000119
120544  -26.084  -28.466  -14.008 0.8000000119
31700  -28.001  -28.329  -13.024 0.8000000119
33280  -27.766  -26.745  -14.784 0.8000000119
31706  -27.094  -29.250  -13.622 0.8000000119
31701  -29.220  -28.263  -12.393 0.6999999881
32528  -26.719  -28.404  -13.642 0.8000000119
32527  -26.252  -27.661  -13.760 0.8000000119
34029  -30.421  -25.642  -15.290 0.6000000238
34028  -29.543  -25.735  -15.135 0.6000000238
34030  -31.226  -25.606  -15.412 0.5000000000
123975  -28.616  -28.762  -2.775 0.6000000238
140337  -30.593  -28.443  -3.437 0.6999999881
31620  -30.499  -27.803  -3.416 0.6999999881
32457  -31.261  -27.590  -4.621 0.6999999881
29884  -26.856  -30.656  -3.863 0.6000000238
30733  -27.871  -29.383  -2.917 0.6000000238
31617  -27.599  -28.433  -2.990 0.6000000238
29914  -26.598  -30.519  -4.675 0.6000000238
32477  -31.351  -27.316  -5.433 0.8000000119
28088  -26.375  -32.898  -5.233 0.6000000238
29009  -26.705  -31.354  -4.372 0.6000000238
136034  -31.379  -26.638  -5.234 0.6999999881
26335  -25.739  -34.579  -6.264 0.5000000000
32502  -31.112  -27.242  -7.338 0.8000000119
25457  -25.510  -34.842  -7.057 0.3000000119
119692  -30.558  -27.043  -8.961 0.8000000119
32513  -30.881  -27.002  -8.145 0.8000000119
33255  -30.350  -27.010  -9.727 0.8000000119
130328  -30.466  -26.394  -9.431 0.8000000119
126828  -29.312  -26.111  -11.650 0.8000000119
31698  -29.727  -27.630  -11.683 0.8000000119
116884  -30.163  -27.976  -11.063 0.6999999881
32524  -27.540  -27.528  -13.021 0.8000000119
137893  -27.018  -27.141  -13.214 0.8000000119
34021  -28.527  -25.885  -14.918 0.6999999881
34770  -30.329  -24.411  -15.380 0.6000000238
34777  -32.446  -23.923  -16.083 0.3000000119
31618  -28.575  -27.943  -2.788 0.6000000238
32441  -29.600  -27.580  -2.930 0.6999999881
32442  -30.376  -26.976  -3.384 0.6999999881
33207  -30.943  -26.347  -3.969 0.6999999881
29942  -26.259  -30.688  -8.383 0.5000000000
30732  -27.228  -30.018  -3.340 0.6000000238
30758  -27.010  -29.161  -3.375 0.6000000238
33208  -31.248  -26.894  -4.617 0.6999999881
28098  -26.354  -32.549  -6.059 0.5000000000
29020  -26.570  -31.183  -5.145 0.5000000000
30757  -26.580  -29.711  -4.068 0.6000000238
128826  -31.478  -26.102  -5.572 0.6999999881
127410  -26.119  -33.164  -7.235 0.3000000119
27186  -26.186  -33.409  -5.708 0.5000000000
33225  -31.365  -26.726  -5.858 0.8000000119
33969  -31.454  -25.512  -7.158 0.8000000119
136951  -31.208  -26.826  -6.974 0.8000000119
138769  -30.292  -26.487  -9.927 0.8999999762
33982  -30.615  -25.687  -9.295 0.8999999762
33253  -30.788  -26.275  -8.651 0.8000000119
134979  -31.172  -25.882  -8.021 0.8000000119
122883  -25.621  -35.547  -7.140 0.4000000060
33257  -29.818  -26.015  -11.000 0.8999999762
33258  -30.082  -26.711  -10.475 0.8999999762
34019  -26.144  -26.101  -14.265 0.8000000119
33278  -26.052  -26.810  -14.015 0.8000000119
137526  -28.340  -27.039  -12.508 0.8000000119
131989  -28.847  -27.421  -12.346 0.8000000119
34020  -27.353  -26.028  -14.703 0.8000000119
138922  -28.087  -25.303  -14.908 0.6999999881
123735  -29.954  -24.985  -15.290 0.6000000238
34771  -30.988  -24.250  -15.507 0.6000000238
124302  -31.507  -24.890  -15.625 0.6000000238
32439  -27.765  -27.478  -2.957 0.6000000238
32440  -28.677  -27.086  -2.829 0.6000000238
33192  -29.549  -26.636  -3.024 0.6999999881
33193  -30.255  -26.127  -3.385 0.6999999881
31634  -26.829  -28.507  -3.530 0.6000000238
33928  -31.207  -25.446  -4.333 0.8000000119
29922  -26.550  -30.603  -6.623 0.6000000238
29913  -26.526  -30.540  -5.630 0.5000000000
30756  -26.411  -28.944  -4.631 0.6000000238
33957  -31.638  -25.410  -6.070 0.8000000119
28115  -26.245  -32.486  -7.677 0.4000000060
27210  -25.808  -33.956  -7.000 0.4000000060
33239  -31.367  -26.334  -6.527 0.8000000119
133136  -30.495  -25.194  -9.752 0.8000000119
119472  -31.324  -25.072  -7.961 0.8000000119
126353  -30.243  -25.846  -10.106 0.8000000119
33977  -30.986  -25.421  -8.636 0.8000000119
33991  -29.376  -25.357  -11.487 0.8000000119
33272  -25.987  -26.928  -13.957 0.8000000119
131765  -26.607  -25.811  -13.051 0.8000000119
33266  -28.861  -26.617  -12.150 0.6999999881
33265  -27.847  -26.675  -12.665 0.8000000119
34759  -27.162  -25.202  -14.748 0.8000000119
123759  -25.775  -26.287  -13.913 0.8000000119
35585  -28.723  -23.438  -15.143 0.6999999881
34769  -29.501  -24.172  -15.239 0.6999999881
36428  -30.270  -22.167  -14.774 0.6000000238
36429  -31.019  -22.068  -14.713 0.6000000238
37371  -31.783  -21.899  -14.880 0.6000000238
32455  -26.952  -27.801  -3.429 0.6000000238
125231  -29.543  -25.907  -3.169 0.8000000119
33910  -30.022  -25.353  -3.378 0.6999999881
31673  -25.893  -28.465  -7.575 0.5000000000
121212  -31.317  -26.127  -4.755 0.6999999881
121618  -26.444  -29.901  -7.199 0.5000000000
30776  -26.464  -29.718  -5.127 0.5000000000
135081  -31.109  -24.894  -4.005 0.8000000119
34669  -31.459  -24.537  -4.618 0.8000000119
126746  -26.391  -30.047  -8.009 0.5000000000
33944  -31.582  -25.343  -5.083 0.8000000119
34692  -31.775  -24.665  -6.579 0.8000000119
34693  -32.038  -23.963  -6.258 0.8000000119
130583  -31.606  -24.701  -7.358 0.8000000119
34702  -31.880  -23.949  -7.121 0.8000000119
33983  -30.829  -24.947  -9.245 0.8000000119
34723  -29.815  -24.670  -11.003 0.8000000119
34710  -31.225  -24.613  -8.627 0.8000000119
34010  -25.843  -26.238  -13.742 0.8000000119
34740  -28.525  -25.109  -12.134 0.8000000119
33999  -27.645  -25.856  -12.594 0.8999999762
34758  -26.096  -24.965  -14.442 0.8000000119
34018  -25.518  -25.733  -13.983 0.8000000119
34768  -28.210  -24.435  -15.073 0.6999999881
34767  -27.157  -24.393  -14.891 0.6999999881
35586  -29.678  -23.196  -15.139 0.6999999881
35584  -27.680  -23.604  -15.089 0.6999999881
36436  -28.138  -22.750  -15.090 0.6999999881
37370  -28.532  -21.970  -14.907 0.6999999881
36437  -29.064  -22.617  -15.002 0.6999999881
33907  -27.786  -24.620  -3.583 0.8000000119
121650  -27.936  -26.723  -2.987 0.6000000238
33908  -28.179  -25.277  -3.307 0.6000000238
33909  -29.133  -25.276  -3.249 0.8000000119
33968  -23.059  -24.343  -8.738 0.6000000238
33238  -24.688  -25.604  -7.806 0.5000000000
32454  -26.430  -27.283  -3.997 0.6000000238
119491  -26.845  -25.953  -3.748 0.6000000238
34650  -30.537  -24.752  -3.691 0.8000000119
33966  -20.899  -24.060  -8.504 0.6000000238
120716  -24.351  -24.855  -7.880 0.6000000238
33224  -25.929  -26.204  -5.901 0.5000000000
32453  -26.273  -27.572  -4.844 0.5000000000
33923  -21.834  -24.993  -5.377 0.5000000000
33954  -21.145  -23.848  -7.841 0.5000000000
34688  -21.587  -22.914  -7.742 0.6000000238
33956  -23.482  -23.670  -8.250 0.6000000238
31664  -25.937  -27.963  -6.778 0.5000000000
32476  -26.099  -27.038  -5.686 0.5000000000
35492  -31.352  -23.762  -4.516 0.8000000119
35504  -32.072  -23.475  -5.780 0.8000000119
34679  -21.635  -23.906  -6.611 0.5000000000
31632  -26.283  -28.284  -4.971 0.5000000000
33922  -21.323  -25.498  -4.787 0.4000000060
30775  -26.358  -28.794  -5.712 0.5000000000
35532  -31.554  -23.715  -8.625 0.8000000119
35522  -31.839  -23.635  -7.855 0.8000000119
35523  -32.150  -23.133  -7.358 0.6999999881
127489  -29.202  -24.470  -11.678 0.8000000119
33986  -30.213  -24.954  -10.310 0.8000000119
34717  -31.072  -24.172  -9.308 0.8000000119
35539  -30.753  -23.732  -9.980 0.8000000119
34008  -25.162  -25.081  -14.026 0.8999999762
34009  -25.394  -25.600  -13.925 0.8999999762
138195  -26.595  -25.294  -12.881 0.8000000119
117871  -27.441  -25.004  -12.528 0.8000000119
35578  -26.598  -23.844  -14.889 0.8000000119
34667  -27.135  -24.208  -4.041 0.8000000119
34648  -28.626  -24.409  -3.479 0.8000000119
35475  -29.366  -23.705  -3.676 0.8000000119
34690  -23.863  -22.927  -7.841 0.6000000238
33925  -26.684  -25.100  -4.230 0.6000000238
33926  -27.313  -25.201  -3.639 0.6000000238
34649  -29.689  -24.572  -3.482 0.8000000119
35476  -30.299  -23.951  -3.769 0.8000000119
34689  -22.221  -22.528  -8.216 0.6000000238
34680  -24.934  -24.043  -7.331 0.6000000238
129266  -26.438  -25.914  -4.472 0.6000000238
35491  -30.848  -23.409  -4.168 0.8000000119
36340  -31.418  -22.918  -4.761 0.6999999881
35514  -22.064  -22.230  -7.516 0.5000000000
34681  -25.861  -24.316  -6.215 0.6000000238
35486  -22.540  -23.357  -5.369 0.4000000060
35500  -21.779  -22.899  -6.759 0.4000000060
36363  -22.503  -21.676  -7.279 0.4000000060
35487  -22.877  -22.612  -5.475 0.4000000060
35502  -25.462  -22.235  -7.054 0.4000000060
35517  -32.197  -23.271  -6.507 0.6999999881
36334  -23.403  -22.297  -4.875 0.4000000060
36348  -23.478  -20.748  -6.641 0.5000000000
35533  -32.031  -23.037  -8.175 0.6999999881
35472  -22.914  -23.229  -4.294 0.3000000119
36335  -23.584  -21.037  -5.714 0.5000000000
37260  -24.085  -20.607  -7.045 0.5000000000
35546  -29.745  -23.744  -11.295 0.8000000119
34724  -30.273  -24.144  -10.531 0.8000000119
35540  -31.275  -23.367  -9.438 0.8000000119
36379  -32.262  -22.409  -8.421 0.8000000119
36378  -31.816  -22.806  -8.983 0.8000000119
34749  -24.905  -24.796  -13.909 0.8000000119
34737  -25.401  -24.960  -13.482 1.0000000000
35564  -26.766  -23.944  -12.568 0.8000000119
118996  -27.537  -24.064  -12.420 0.8000000119
34739  -28.413  -24.254  -12.162 0.8000000119
35554  -29.285  -23.034  -11.771 0.8000000119
35555  -29.910  -22.904  -11.354 0.8000000119
35562  -24.759  -24.261  -13.431 1.0000000000
36399  -28.789  -22.360  -12.104 0.8000000119
118690  -26.433  -23.437  -12.579 0.8000000119
35553  -28.397  -23.300  -12.198 0.8000000119
35577  -25.370  -24.165  -14.437 0.8999999762
129399  -26.779  -22.313  -15.025 0.6999999881
37369  -27.609  -22.092  -15.033 0.6999999881
37359  -29.524  -21.880  -14.748 0.6999999881
37361  -31.344  -21.274  -14.536 0.6000000238
38269  -29.738  -21.009  -14.423 0.6999999881
119737  -27.940  -20.499  -14.539 0.6999999881
119376  -31.572  -20.442  -14.471 0.6000000238
38270  -30.718  -20.667  -14.274 0.6000000238
123483  -27.847  -23.990  -3.729 0.8000000119
35474  -28.385  -23.432  -3.776 0.8000000119
35489  -26.968  -23.209  -4.941 0.8000000119
35490  -27.566  -23.278  -4.201 0.8000000119
34691  -25.183  -23.273  -7.144 0.6000000238
35501  -22.226  -22.224  -6.683 0.4000000060
36365  -24.253  -21.243  -7.478 0.5000000000
35488  -26.388  -22.872  -5.967 0.6999999881
34666  -26.497  -24.110  -5.147 0.6999999881
36321  -30.024  -23.081  -3.922 0.6999999881
36351  -31.793  -22.228  -5.126 0.6999999881
125367  -31.969  -22.833  -5.429 0.6999999881
36352  -32.277  -22.000  -5.673 0.6999999881
37274  -32.685  -21.582  -6.423 0.6999999881
37229  -24.400  -20.713  -5.239 0.5000000000
37284  -32.729  -21.841  -7.280 0.6999999881
36300  -23.821  -21.993  -3.138 0.4000000060
37217  -24.564  -21.233  -3.709 0.4000000060
36391  -30.758  -22.498  -10.597 0.8000000119
36370  -32.426  -22.438  -7.702 0.6999999881
35547  -30.416  -23.201  -10.741 0.8000000119
36401  -30.315  -22.352  -11.130 0.8000000119
38225  -30.692  -20.869  -10.867 0.6999999881
34757  -24.711  -24.553  -14.021 0.8999999762
34748  -24.323  -24.088  -13.862 0.8999999762
117160  -25.478  -23.715  -12.824 0.8000000119
36409  -27.006  -22.631  -12.475 0.8000000119
36425  -24.932  -23.227  -14.547 0.8999999762
119640  -24.117  -23.687  -14.117 0.8000000119
36426  -26.119  -23.083  -14.926 0.8999999762
131075  -25.917  -22.084  -14.885 0.8000000119
37372  -32.440  -21.750  -15.314 0.4000000060
37357  -26.994  -21.544  -14.905 0.8000000119
38267  -27.239  -20.777  -14.663 0.6999999881
38268  -28.840  -20.536  -14.394 0.6999999881
39894  -30.889  -18.755  -14.317 0.5000000000
35473  -28.071  -22.496  -4.278 0.6999999881
116135  -27.369  -22.146  -5.153 0.6999999881
36337  -28.701  -21.878  -4.393 0.6999999881
37262  -25.769  -20.542  -6.331 0.6000000238
116257  -27.844  -21.420  -4.919 0.6999999881
36339  -30.628  -22.529  -4.338 0.6999999881
37249  -31.216  -21.940  -4.692 0.6999999881
37263  -31.838  -21.438  -5.090 0.6999999881
37245  -25.027  -20.074  -5.920 0.5000000000
38192  -32.981  -20.984  -7.370 0.6999999881
120184  -24.087  -21.380  -2.530 0.3000000119
133405  -24.713  -21.002  -2.816 0.3000000119
38137  -25.704  -19.926  -4.580 0.5000000000
36385  -31.743  -22.251  -9.498 0.6999999881
37218  -25.160  -20.569  -3.585 0.4000000060
37320  -30.773  -21.785  -10.773 0.6999999881
37310  -32.453  -21.236  -8.948 0.6999999881
37309  -31.855  -21.481  -9.668 0.6999999881
37329  -30.153  -21.489  -11.274 0.6999999881
36408  -25.936  -22.897  -12.609 0.8000000119
35565  -27.400  -23.284  -12.427 0.8000000119
36410  -27.933  -22.502  -12.353 0.8000000119
120982  -27.461  -21.953  -12.407 0.8000000119
36417  -24.045  -23.640  -13.538 0.8000000119
36424  -24.050  -22.974  -14.270 0.8000000119
36415  -23.432  -22.585  -13.970 0.8000000119
36416  -23.787  -23.356  -13.846 0.8999999762
132941  -24.836  -22.311  -14.653 0.8999999762
37356  -25.271  -21.362  -14.779 0.8000000119
38266  -25.968  -20.483  -14.676 0.8000000119
39091  -29.959  -20.113  -14.069 0.6999999881
39092  -30.956  -19.710  -14.211 0.6000000238
119952  -26.743  -20.431  -14.603 0.6999999881
39090  -28.309  -19.978  -14.278 0.6999999881
130752  -25.826  -19.031  -14.124 0.6999999881
121467  -26.898  -19.886  -5.396 0.6000000238
118132  -27.565  -20.376  -5.194 0.6000000238
37246  -28.392  -20.946  -4.750 0.6999999881
37247  -29.321  -21.342  -4.484 0.6999999881
37248  -30.315  -21.627  -4.484 0.6999999881
36336  -26.652  -21.286  -6.065 0.6000000238
38158  -29.879  -20.782  -4.594 0.6999999881
38159  -30.989  -20.910  -4.680 0.6999999881
125790  -26.912  -20.602  -5.732 0.6000000238
37216  -23.269  -21.624  -2.322 0.3000000119
38153  -25.432  -19.940  -5.368 0.5000000000
38154  -26.010  -19.929  -5.618 0.5000000000
38155  -27.444  -19.873  -5.072 0.6000000238
121746  -32.406  -21.037  -5.652 0.6999999881
38125  -25.641  -20.108  -3.300 0.4000000060
38126  -26.235  -19.691  -3.808 0.5000000000
38966  -26.891  -19.365  -4.035 0.6000000238
118496  -32.824  -20.905  -8.305 0.6999999881
118790  -33.221  -20.044  -7.010 0.6999999881
38214  -32.556  -20.444  -8.887 0.6999999881
38946  -24.998  -19.383  -1.650 0.3000000119
38226  -31.609  -20.605  -10.065 0.6999999881
37339  -28.220  -21.588  -12.256 0.8000000119
117091  -28.724  -20.863  -11.986 0.8000000119
37328  -29.467  -21.161  -11.679 0.6999999881
121161  -29.949  -20.589  -11.326 0.6999999881
122121  -31.027  -20.214  -10.550 0.6999999881
37337  -25.746  -21.363  -12.529 0.8000000119
38236  -27.946  -20.657  -12.196 0.8000000119
37347  -23.422  -22.637  -13.569 0.8000000119
36407  -24.787  -23.399  -12.968 0.8000000119
116376  -25.254  -22.375  -12.688 0.8000000119
119674  -26.642  -21.030  -12.433 0.8000000119
37355  -23.220  -21.903  -14.135 0.8000000119
134152  -23.255  -20.488  -12.656 0.8000000119
38248  -25.062  -20.769  -12.541 0.8000000119
39868  -25.044  -19.113  -12.141 0.8000000119
39867  -23.625  -19.411  -12.368 0.8000000119
116507  -30.144  -19.162  -13.970 0.6000000238
39893  -29.399  -18.637  -13.825 0.6999999881
39087  -25.633  -19.761  -14.490 0.8000000119
39891  -27.254  -19.272  -14.066 0.6000000238
39876  -24.469  -18.478  -14.069 0.6999999881
39877  -25.530  -18.403  -13.836 0.6000000238
130751  -27.023  -18.698  -13.815 0.6000000238
38156  -28.115  -20.111  -4.859 0.6000000238
38139  -27.153  -19.583  -4.837 0.6000000238
38984  -30.263  -20.104  -4.612 0.6999999881
38981  -27.809  -19.537  -4.703 0.6000000238
38985  -31.182  -19.964  -4.734 0.6999999881
38169  -31.913  -20.517  -5.036 0.6999999881
122103  -25.948  -19.652  -2.869 0.4000000060
38968  -28.167  -18.944  -4.442 0.5000000000
132042  -30.518  -19.473  -4.613 0.6999999881
38170  -32.507  -20.120  -5.637 0.6999999881
38967  -27.513  -19.095  -4.245 0.5000000000
39753  -27.863  -18.438  -3.806 0.5000000000
139980  -32.958  -19.827  -6.256 0.6999999881
38181  -32.884  -20.603  -6.348 0.6999999881
38953  -25.784  -19.221  -2.114 0.3000000119
39752  -26.202  -18.468  -2.132 0.3000000119
38954  -26.493  -19.171  -2.920 0.4000000060
139010  -31.154  -20.747  -10.470 0.6999999881
39748  -25.336  -18.665  -1.658 0.3000000119
40579  -26.311  -17.539  -2.135 0.3000000119
39038  -32.511  -19.610  -8.862 0.6999999881
39025  -32.939  -19.142  -8.146 0.6999999881
39050  -31.469  -19.711  -10.111 0.6999999881
39826  -32.330  -18.742  -8.824 0.6999999881
37338  -27.364  -21.228  -12.357 0.8000000119
132323  -29.675  -19.742  -11.314 0.6999999881
38238  -30.399  -19.980  -11.016 0.6999999881
39825  -31.642  -18.334  -9.434 0.6999999881
39049  -30.785  -19.400  -10.567 0.6999999881
40662  -30.916  -17.889  -10.017 0.6999999881
37336  -24.506  -21.842  -12.752 0.8000000119
38237  -29.187  -20.268  -11.621 0.6999999881
39840  -30.520  -18.543  -10.513 0.6999999881
135842  -30.268  -17.830  -10.439 0.6999999881
37335  -23.563  -22.213  -13.119 0.8000000119
38235  -27.154  -20.348  -12.273 0.8000000119
124170  -28.294  -19.947  -11.861 0.8000000119
39855  -29.297  -18.640  -11.219 0.8000000119
40661  -29.681  -17.252  -10.564 0.6999999881
37346  -22.959  -21.820  -13.324 0.8000000119
39073  -25.609  -19.812  -12.306 0.8000000119
39058  -26.806  -19.019  -11.899 0.8000000119
39853  -27.842  -18.284  -11.524 0.8000000119
37354  -23.010  -21.917  -13.707 0.8000000119
38255  -22.449  -21.212  -13.403 0.8000000119
39072  -24.433  -20.099  -12.491 0.8000000119
39057  -26.068  -19.024  -11.965 0.8000000119
40672  -27.203  -17.730  -11.462 0.8000000119
38263  -22.620  -21.330  -13.962 0.8000000119
39071  -22.284  -20.331  -12.759 0.8000000119
39851  -25.632  -18.271  -11.755 0.8000000119
137089  -26.840  -16.926  -11.324 0.8000000119
39086  -22.398  -20.590  -14.093 0.8000000119
39850  -24.549  -18.316  -11.901 0.8000000119
124112  -23.224  -20.672  -14.471 0.8000000119
128082  -30.288  -18.232  -14.094 0.5000000000
39880  -28.711  -18.064  -13.671 0.6000000238
39887  -22.579  -19.790  -14.292 0.8000000119
40709  -29.659  -17.614  -13.960 0.6000000238
40708  -28.905  -16.919  -13.907 0.6000000238
39878  -26.388  -18.503  -13.792 0.6000000238
40697  -27.218  -17.797  -13.592 0.6000000238
38982  -28.684  -19.635  -4.638 0.6999999881
38157  -28.951  -20.501  -4.614 0.6999999881
38983  -29.616  -19.363  -4.589 0.6999999881
127894  -31.237  -19.148  -4.705 0.6999999881
39761  -28.605  -18.248  -4.215 0.5000000000
39772  -30.342  -18.773  -4.572 0.6999999881
38955  -27.178  -18.713  -3.267 0.4000000060
40581  -27.563  -17.957  -2.966 0.4000000060
38993  -32.685  -19.141  -5.721 0.6999999881
39003  -33.184  -19.239  -6.686 0.6999999881
127184  -27.785  -17.135  -2.849 0.3000000119
40584  -28.206  -17.707  -3.455 0.5000000000
40603  -32.870  -17.418  -5.864 0.6999999881
120031  -33.201  -18.700  -7.373 0.6999999881
40571  -25.446  -17.763  -1.724 0.3000000119
41594  -27.134  -16.465  -2.649 0.3000000119
42504  -26.456  -15.956  -2.684 0.3000000119
40632  -31.946  -16.958  -8.677 0.6999999881
39060  -28.941  -19.311  -11.509 0.8000000119
39061  -30.010  -19.098  -10.995 0.6999999881
138540  -29.485  -19.196  -11.284 0.6999999881
39839  -29.796  -18.173  -10.820 0.6999999881
133825  -30.334  -17.310  -10.200 0.6999999881
38247  -23.643  -21.285  -12.786 0.8000000119
39074  -26.569  -19.667  -12.146 0.8000000119
39854  -28.530  -18.424  -11.397 0.6999999881
40674  -28.968  -17.684  -11.071 0.8000000119
40673  -28.354  -16.915  -11.049 0.8000000119
38246  -22.509  -21.115  -13.014 0.8000000119
39852  -26.556  -18.343  -11.707 0.8000000119
124232  -27.565  -16.912  -11.256 0.8000000119
38245  -21.883  -20.652  -13.119 0.8000000119
38262  -22.038  -20.714  -13.400 0.8000000119
40670  -25.191  -17.488  -11.593 0.8000000119
41690  -24.813  -16.730  -11.538 0.8000000119
41692  -27.025  -16.222  -11.235 0.8000000119
39874  -21.024  -19.686  -13.108 0.8000000119
39069  -20.952  -19.683  -12.986 0.8000000119
40685  -23.313  -18.367  -12.110 0.8000000119
40684  -23.048  -17.468  -11.897 0.8000000119
121194  -26.303  -15.934  -11.435 0.8000000119
39875  -23.101  -18.832  -14.307 0.8000000119
39770  -28.853  -18.932  -4.530 0.6000000238
129289  -26.887  -18.137  -2.537 0.3000000119
39771  -29.431  -18.507  -4.472 0.6000000238
40585  -28.851  -17.452  -3.886 0.5000000000
40594  -30.185  -17.857  -4.436 0.6999999881
39773  -31.197  -18.308  -4.645 0.6999999881
131756  -31.921  -17.980  -4.900 0.6999999881
40595  -31.313  -17.350  -4.636 0.6999999881
39783  -32.542  -18.149  -5.455 0.6999999881
41593  -26.390  -16.660  -2.362 0.3000000119
41603  -27.885  -16.240  -2.934 0.3000000119
42503  -25.622  -15.998  -2.597 0.3000000119
43409  -28.382  -15.099  -3.631 0.3000000119
40614  -33.117  -17.474  -6.578 0.6999999881
43425  -25.349  -14.430  -4.733 0.3000000119
43426  -26.127  -14.398  -4.408 0.3000000119
43427  -27.052  -14.363  -4.203 0.3000000119
43428  -28.022  -14.396  -4.090 0.3000000119
133757  -25.271  -14.188  -5.210 0.3000000119
40649  -32.116  -17.864  -8.746 0.6999999881
117632  -31.424  -17.432  -9.331 0.6999999881
40660  -28.986  -16.876  -10.758 0.8000000119
41693  -27.915  -16.259  -11.074 0.8000000119
39865  -20.970  -19.362  -12.812 0.8000000119
39866  -22.171  -19.395  -12.515 0.8000000119
118182  -21.937  -18.423  -12.376 0.8000000119
41689  -23.865  -16.710  -11.673 0.8000000119
42606  -24.399  -16.047  -11.648 0.8000000119
42607  -25.463  -16.073  -11.511 0.8000000119
40692  -20.698  -18.780  -13.378 0.8000000119
41688  -22.853  -16.663  -11.846 0.8000000119
124907  -21.712  -19.444  -13.848 0.8000000119
40693  -22.185  -18.294  -14.133 0.6999999881
40694  -23.853  -17.850  -13.969 0.6000000238
40593  -29.266  -17.856  -4.278 0.6000000238
40586  -30.386  -16.947  -4.288 0.6000000238
40602  -32.254  -17.323  -5.187 0.6999999881
42524  -30.387  -16.065  -4.216 0.6000000238
41624  -31.838  -16.552  -4.946 0.6999999881
43430  -30.640  -15.287  -4.437 0.4000000060
41625  -32.538  -16.510  -5.634 0.6999999881
41638  -32.966  -16.795  -6.335 0.6999999881
39802  -33.152  -17.843  -7.318 0.6999999881
44424  -28.054  -13.377  -5.269 0.3000000119
43431  -31.179  -14.854  -4.855 0.4000000060
42551  -32.438  -15.531  -5.852 0.6000000238
42569  -32.596  -15.794  -7.387 0.6999999881
40633  -32.629  -17.396  -8.032 0.6999999881
42579  -32.296  -15.578  -8.056 0.6999999881
41667  -31.248  -16.545  -9.236 0.6999999881
41666  -30.544  -16.120  -9.667 0.6999999881
117150  -28.083  -17.637  -11.347 0.8000000119
41678  -28.656  -16.281  -10.757 0.8000000119
41691  -26.243  -16.527  -11.399 0.8000000119
42609  -27.623  -15.631  -11.287 0.8000000119
40669  -24.184  -17.477  -11.724 0.8000000119
42625  -25.962  -15.349  -11.829 0.8000000119
39863  -19.675  -17.889  -12.924 0.8000000119
127320  -21.750  -17.441  -12.213 0.8000000119
42622  -22.659  -15.977  -11.974 0.8000000119
42623  -23.669  -15.500  -12.049 0.8000000119
41703  -21.804  -16.573  -12.101 0.8000000119
40696  -26.233  -17.631  -13.615 0.6000000238
133147  -21.055  -18.028  -13.883 0.8000000119
136852  -24.399  -17.091  -13.803 0.6000000238
41729  -21.545  -16.259  -14.359 0.6999999881
127960  -29.561  -17.238  -4.113 0.6000000238
41613  -31.069  -16.533  -4.541 0.6000000238
43410  -29.115  -14.592  -4.129 0.3000000119
123101  -32.074  -15.899  -5.269 0.6000000238
44403  -28.560  -13.845  -4.626 0.3000000119
43429  -30.280  -14.490  -4.509 0.3000000119
134321  -30.308  -13.791  -4.926 0.3000000119
44405  -30.991  -14.079  -5.043 0.5000000000
42563  -32.650  -15.579  -6.649 0.6999999881
120894  -27.242  -12.714  -6.399 0.3000000119
45366  -28.444  -12.862  -5.786 0.3000000119
44442  -32.144  -13.819  -6.728 0.4000000060
45383  -26.617  -12.707  -6.630 0.3000000119
43476  -32.260  -14.760  -8.101 0.6000000238
42587  -30.565  -15.223  -9.787 0.6000000238
125694  -31.337  -14.998  -9.275 0.6000000238
42599  -29.830  -15.825  -10.113 0.8000000119
43482  -31.244  -14.427  -9.646 0.6000000238
42597  -29.111  -15.757  -10.557 0.8000000119
42598  -29.710  -15.077  -10.516 0.6999999881
43486  -30.568  -14.467  -10.315 0.6999999881
42610  -28.400  -15.727  -10.985 0.8000000119
42611  -28.962  -15.299  -10.981 0.6999999881
43500  -30.066  -14.274  -11.054 0.6999999881
42608  -26.823  -15.552  -11.532 0.8000000119
43498  -28.307  -14.989  -11.461 0.8000000119
44477  -28.765  -14.145  -11.924 0.6999999881
43499  -29.247  -14.646  -11.299 0.6999999881
43496  -26.670  -15.004  -11.884 0.8000000119
43497  -27.375  -15.007  -11.715 0.8000000119
40683  -20.538  -18.376  -12.658 0.8000000119
42624  -24.871  -15.414  -11.938 0.8000000119
43519  -27.023  -14.447  -12.226 0.8000000119
41702  -20.233  -17.131  -12.449 0.8000000119
43517  -25.313  -14.693  -12.339 0.8000000119
39864  -20.384  -18.755  -12.957 0.8000000119
41701  -19.005  -17.152  -12.996 0.8000000119
130809  -22.500  -15.404  -12.302 0.8000000119
43516  -24.267  -14.758  -12.426 0.8000000119
40691  -19.661  -17.898  -13.099 0.8000000119
128580  -19.058  -17.195  -13.181 0.8000000119
41713  -18.912  -16.408  -13.472 0.6999999881
41717  -25.153  -16.493  -13.913 0.6000000238
138223  -20.206  -17.899  -13.486 0.8000000119
131157  -20.644  -17.166  -13.949 0.6999999881
42647  -20.880  -15.269  -14.617 0.6999999881
43442  -32.134  -14.792  -5.783 0.5000000000
43454  -32.343  -14.737  -6.477 0.5000000000
121252  -28.977  -13.300  -5.198 0.3000000119
44427  -31.448  -13.731  -5.645 0.4000000060
43453  -32.030  -14.123  -6.003 0.5000000000
126404  -32.459  -15.116  -7.341 0.6000000238
45367  -29.363  -12.764  -5.726 0.3000000119
43464  -32.322  -14.277  -7.356 0.5000000000
45385  -28.788  -12.334  -6.331 0.3000000119
45387  -30.755  -12.403  -6.374 0.3000000119
44468  -32.278  -13.984  -8.080 0.6000000238
45401  -27.241  -12.263  -6.979 0.3000000119
46508  -28.349  -11.477  -7.518 0.3000000119
46496  -31.260  -12.016  -7.014 0.3000000119
46507  -27.589  -11.660  -7.521 0.3000000119
46530  -26.421  -11.391  -8.050 0.3000000119
44485  -25.698  -13.975  -12.747 0.8000000119
44487  -27.434  -13.743  -12.611 0.6999999881
44488  -28.307  -13.575  -12.491 0.6999999881
44486  -26.573  -13.870  -12.685 0.6999999881
44484  -24.754  -14.056  -12.838 0.8000000119
44504  -25.195  -13.383  -13.243 0.6999999881
42621  -21.161  -15.851  -12.362 0.8000000119
43514  -21.696  -14.879  -12.758 0.6999999881
43515  -23.080  -14.773  -12.548 0.8000000119
44503  -24.181  -13.406  -13.323 0.6000000238
42651  -26.597  -15.279  -14.924 0.6000000238
42619  -18.847  -16.423  -13.414 0.6999999881
42645  -18.955  -15.633  -13.956 0.6999999881
42636  -19.102  -15.535  -13.586 0.6999999881
42648  -22.584  -15.484  -14.664 0.6999999881
119365  -23.950  -15.600  -14.516 0.6999999881
41728  -19.690  -16.123  -14.153 0.6999999881
45494  -21.139  -11.668  -15.900 0.5000000000
123212  -21.811  -11.925  -16.459 0.5000000000
44467  -32.201  -13.271  -8.527 0.6000000238
44471  -31.823  -13.570  -9.418 0.6000000238
130675  -32.068  -12.677  -9.126 0.6000000238
120185  -31.755  -12.822  -9.959 0.6000000238
119595  -30.724  -13.835  -10.807 0.6999999881
44474  -31.203  -12.973  -10.873 0.6999999881
44478  -29.624  -13.846  -11.708 0.6999999881
126623  -24.229  -10.841  -8.639 0.3000000119
44479  -30.412  -13.474  -11.403 0.6999999881
44489  -29.182  -13.322  -12.300 0.6999999881
43538  -23.660  -14.094  -12.970 0.6999999881
44506  -26.974  -13.202  -13.134 0.6999999881
45437  -27.843  -13.030  -13.045 0.6000000238
44505  -26.104  -13.310  -13.183 0.6999999881
42620  -19.397  -16.181  -12.817 0.6999999881
43513  -20.126  -15.154  -13.120 0.6999999881
43537  -22.308  -14.101  -13.175 0.6999999881
44502  -22.959  -13.396  -13.492 0.6000000238
43535  -19.629  -14.547  -13.829 0.6999999881
41731  -24.997  -15.696  -14.415 0.6000000238
42650  -25.734  -15.136  -14.960 0.5000000000
43554  -20.758  -13.711  -14.991 0.6999999881
43548  -21.877  -14.564  -15.112 0.6999999881
44530  -22.760  -13.536  -15.867 0.6000000238
137450  -32.147  -12.591  -8.593 0.5000000000
45416  -32.003  -11.971  -8.692 0.4000000060
45424  -31.918  -11.947  -9.546 0.5000000000
45427  -31.677  -12.004  -10.408 0.6000000238
45426  -31.249  -11.989  -11.194 0.6000000238
47534  -24.254  -10.190  -9.140 0.3000000119
47513  -24.947  -10.466  -8.942 0.3000000119
45430  -30.006  -13.033  -12.043 0.6999999881
45438  -28.708  -12.752  -12.816 0.6000000238
45439  -29.552  -12.480  -12.551 0.6000000238
45457  -24.657  -12.743  -13.656 0.6000000238
45460  -27.306  -12.429  -13.441 0.6000000238
43536  -20.810  -14.229  -13.491 0.6999999881
45458  -25.599  -12.715  -13.596 0.6000000238
45455  -22.404  -12.776  -13.972 0.6999999881
44514  -20.530  -13.539  -14.506 0.6999999881
43549  -23.102  -14.208  -15.521 0.6999999881
42649  -24.764  -14.948  -15.047 0.6000000238
42664  -25.579  -14.664  -15.508 0.5000000000
43550  -23.501  -14.876  -15.031 0.6000000238
43556  -24.226  -14.372  -15.519 0.6000000238
44532  -24.783  -13.952  -15.953 0.5000000000
44528  -20.549  -12.977  -15.066 0.6000000238
44529  -21.391  -13.016  -15.561 0.5000000000
138183  -23.478  -13.275  -16.147 0.5000000000
129224  -24.318  -13.344  -16.176 0.5000000000
45496  -22.879  -12.218  -16.652 0.5000000000
46610  -22.484  -11.451  -16.929 0.5000000000
47520  -31.410  -10.713  -8.874 0.4000000060
46542  -31.761  -11.246  -9.181 0.4000000060
47539  -31.481  -10.575  -9.611 0.4000000060
47518  -29.722  -10.324  -8.576 0.4000000060
125000  -24.904  -9.814  -9.394 0.3000000119
48498  -26.257  -9.653  -9.519 0.3000000119
47537  -27.179  -9.893  -9.298 0.3000000119
45440  -30.319  -12.185  -12.205 0.6000000238
49465  -25.277  -8.443  -10.273 0.3000000119
45462  -29.058  -11.905  -13.057 0.6000000238
46575  -27.548  -11.580  -13.678 0.5000000000
45474  -25.089  -12.125  -13.985 0.6000000238
46573  -25.943  -12.079  -13.922 0.6000000238
46574  -26.717  -11.874  -13.821 0.6000000238
45456  -23.558  -12.743  -13.778 0.6000000238
44501  -21.334  -13.282  -13.903 0.6999999881
46585  -23.589  -11.483  -14.472 0.6000000238
115961  -20.578  -12.804  -14.919 0.6999999881
45495  -21.339  -12.300  -15.921 0.5000000000
44545  -22.479  -12.770  -16.222 0.5000000000
46616  -21.961  -10.496  -17.227 0.5000000000
47519  -30.699  -10.443  -8.657 0.4000000060
46545  -31.704  -11.195  -9.962 0.4000000060
47538  -31.035  -10.123  -9.310 0.4000000060
48501  -30.640  -9.559  -9.776 0.4000000060
46552  -31.552  -11.185  -10.773 0.4000000060
46551  -31.241  -11.217  -11.541 0.4000000060
126577  -30.846  -11.885  -11.785 0.5000000000
49446  -25.931  -8.934  -10.042 0.3000000119
49466  -26.760  -8.428  -10.375 0.3000000119
49447  -26.941  -9.140  -9.858 0.4000000060
46561  -30.715  -11.338  -12.199 0.4000000060
49467  -27.699  -8.634  -10.272 0.4000000060
46560  -29.915  -11.590  -12.673 0.6000000238
46576  -28.440  -11.297  -13.456 0.5000000000
46588  -26.774  -10.983  -14.095 0.5000000000
46587  -25.462  -11.504  -14.216 0.6000000238
47572  -27.746  -10.693  -13.836 0.5000000000
45473  -24.093  -12.144  -14.131 0.6000000238
127367  -25.003  -10.872  -14.499 0.6000000238
46584  -21.464  -11.616  -14.867 0.6000000238
47587  -23.100  -10.827  -14.832 0.6000000238
45470  -20.785  -12.189  -14.978 0.5000000000
45483  -20.863  -12.330  -15.304 0.5000000000
46608  -21.161  -10.997  -15.920 0.5000000000
47608  -21.313  -10.069  -16.844 0.5000000000
47614  -21.707  -9.623  -17.368 0.5000000000
47615  -22.565  -9.955  -17.695 0.5000000000
48477  -30.234  -9.918  -9.116 0.4000000060
47543  -31.497  -10.463  -10.386 0.4000000060
48502  -31.274  -9.890  -10.062 0.4000000060
47550  -31.454  -10.433  -11.155 0.4000000060
48509  -30.965  -9.236  -10.534 0.4000000060
47549  -31.154  -10.475  -11.906 0.4000000060
47559  -30.380  -10.523  -12.647 0.4000000060
126626  -25.922  -8.121  -10.466 0.3000000119
46577  -29.370  -10.984  -13.167 0.4000000060
51244  -24.602  -6.995  -10.929 0.3000000119
47573  -28.016  -9.809  -13.963 0.4000000060
118568  -25.848  -10.885  -14.345 0.5000000000
47591  -27.123  -10.099  -14.290 0.5000000000
121449  -24.103  -10.867  -14.624 0.6000000238
47589  -25.386  -10.246  -14.642 0.5000000000
46599  -21.235  -11.109  -15.553 0.5000000000
47586  -21.985  -10.874  -15.184 0.6000000238
136357  -23.592  -10.304  -14.989 0.6000000238
47588  -24.450  -10.213  -14.834 0.6000000238
47601  -22.566  -10.164  -15.367 0.6000000238
47599  -21.113  -10.471  -16.017 0.5000000000
47613  -21.393  -9.512  -16.972 0.5000000000
48576  -23.161  -9.430  -18.123 0.5000000000
47600  -21.442  -10.247  -15.766 0.5000000000
53214  -23.661  -5.057  -11.777 0.3000000119
129897  -25.039  -4.698  -12.089 0.4000000060
52191  -25.815  -4.898  -12.057 0.4000000060
48560  -23.456  -9.439  -15.451 0.5000000000
54140  -24.064  -3.521  -12.527 0.4000000060
139000  -22.540  -8.902  -16.039 0.5000000000
49517  -25.073  -8.168  -15.670 0.5000000000
49518  -26.122  -8.137  -15.393 0.5000000000
48569  -21.550  -9.161  -16.816 0.5000000000
48570  -22.078  -8.689  -16.622 0.6000000238
48581  -23.792  -8.898  -18.598 0.5000000000
48575  -22.198  -8.996  -17.810 0.6000000238
49536  -22.397  -8.150  -18.102 0.5000000000
48580  -22.720  -8.577  -18.369 0.6000000238
49542  -23.941  -8.104  -19.138 0.4000000060
128945  -24.917  -3.905  -12.464 0.4000000060
53243  -26.453  -4.417  -12.468 0.4000000060
49516  -23.151  -8.461  -16.209 0.5000000000
49530  -23.321  -7.686  -16.796 0.5000000000
49529  -22.401  -8.103  -17.248 0.5000000000
50442  -23.679  -6.937  -17.303 0.5000000000
49528  -21.973  -8.703  -17.374 0.5000000000
50450  -24.396  -7.317  -19.370 0.4000000060
132531  -22.794  -7.618  -18.445 0.5000000000
49541  -22.905  -8.044  -18.770 0.5000000000
54157  -25.879  -3.104  -12.981 0.4000000060
55038  -24.141  -2.756  -12.878 0.4000000060
128345  -24.083  -8.077  -16.015 0.5000000000
50433  -25.472  -7.461  -15.894 0.4000000060
50441  -22.721  -7.506  -17.842 0.4000000060
51315  -23.752  -6.565  -18.789 0.4000000060
50446  -23.266  -7.397  -18.909 0.5000000000
50455  -25.160  -6.885  -19.600 0.3000000119
50443  -24.819  -6.831  -16.527 0.4000000060
50447  -23.115  -6.979  -18.318 0.4000000060
50454  -24.354  -6.517  -19.294 0.5000000000
51320  -24.799  -6.136  -19.557 0.4000000060
51316  -24.243  -6.038  -19.020 0.4000000060
51308  -23.777  -6.315  -17.984 0.4000000060
52236  -28.283  -5.804  -20.022 0.4000000060
52233  -25.335  -5.718  -19.911 0.4000000060
53290  -24.777  -4.649  -18.705 0.4000000060
117452  -26.246  -6.142  -20.200 0.4000000060
52235  -27.211  -6.049  -20.237 0.4000000060
53295  -28.693  -5.271  -20.573 0.4000000060
52230  -24.452  -5.341  -19.104 0.4000000060
52234  -26.065  -5.347  -20.480 0.4000000060
53291  -25.318  -4.078  -18.956 0.4000000060
53297  -26.358  -4.662  -20.834 0.3000000119
52238  -27.415  -5.344  -20.843 0.4000000060
53294  -25.076  -4.821  -19.682 0.3000000119
53298  -27.051  -4.401  -21.257 0.4000000060
53299  -28.188  -4.829  -21.331 0.5000000000
129628  -25.624  -4.347  -20.211 0.4000000060
54192  -26.214  -3.943  -20.758 0.4000000060
128307  -30.588  -33.245  -12.167 0.6999999881
24560  -27.052  -36.062  -3.970 0.6000000238
29888  -30.630  -30.629  -3.385 0.6999999881
121877  -31.372  -29.098  -7.045 0.8000000119
125808  -31.549  -29.154  -5.379 0.8000000119
135007  -29.277  -28.298  -2.801 0.6000000238
31619  -30.011  -28.322  -2.989 0.6999999881
138930  -31.030  -26.424  -8.093 0.8000000119
139474  -26.182  -32.046  -8.182 0.4000000060
33191  -28.662  -26.133  -3.038 0.6000000238
31672  -25.340  -27.570  -8.017 0.5000000000
34682  -31.841  -24.437  -5.584 0.8000000119
34701  -31.566  -24.287  -7.932 0.8000000119
34668  -31.044  -24.216  -4.026 0.8000000119
34665  -22.218  -24.163  -5.365 0.4000000060
35515  -22.846  -21.774  -7.814 0.5000000000
36338  -29.705  -22.207  -4.222 0.6999999881
36400  -29.591  -22.137  -11.647 0.6999999881
40671  -26.200  -17.425  -11.526 0.8000000119
40648  -30.732  -16.991  -9.754 0.6999999881
41680  -30.074  -16.626  -10.139 0.6999999881
42550  -31.865  -15.201  -5.295 0.6000000238
41654  -31.805  -16.085  -8.648 0.6999999881
42588  -31.188  -15.694  -9.238 0.6000000238
42523  -29.478  -16.017  -3.811 0.6000000238
45402  -32.124  -12.539  -8.067 0.4000000060
45461  -28.185  -12.183  -13.303 0.6000000238
48520  -31.296  -9.824  -11.468 0.4000000060
25509  -30.276  -35.967  -14.534 0.5000000000
26386  -30.352  -35.175  -14.882 0.5000000000
25491  -31.163  -35.612  -11.366 0.6999999881
119039  -31.479  -31.972  -15.410 0.5000000000
24550  -28.607  -36.932  -2.532 0.5000000000
29985  -30.118  -30.914  -15.462 0.6999999881
123831  -31.318  -32.183  -6.946 0.6999999881
29054  -31.229  -31.509  -8.308 0.6999999881
29074  -30.820  -31.732  -12.264 0.6999999881
29070  -31.386  -31.663  -11.458 0.6999999881
30826  -29.135  -29.882  -12.999 0.6999999881
29966  -30.453  -31.099  -12.543 0.6999999881
30849  -29.619  -29.434  -15.358 0.6999999881
32543  -31.616  -27.786  -14.846 0.5000000000
31721  -30.135  -28.571  -15.177 0.6000000238
33288  -30.889  -26.291  -15.222 0.5000000000
27150  -27.658  -33.495  -3.075 0.6000000238
27152  -29.154  -33.229  -2.683 0.6000000238
132795  -31.521  -30.642  -6.114 0.8000000119
30806  -31.131  -29.976  -8.329 0.6999999881
33290  -32.554  -26.268  -15.208 0.4000000060
28078  -26.868  -32.923  -3.826 0.6000000238
28089  -26.568  -32.873  -4.509 0.6000000238
31665  -31.421  -28.629  -6.142 0.6999999881
132747  -25.718  -35.352  -6.424 0.5000000000
128509  -30.745  -27.647  -8.573 0.8000000119
28099  -26.467  -32.067  -5.027 0.6000000238
32493  -31.266  -27.209  -6.468 0.8000000119
34027  -29.018  -25.070  -15.134 0.6999999881
126720  -30.739  -24.955  -15.441 0.6000000238
32456  -30.956  -27.307  -3.965 0.6999999881
34000  -28.673  -25.913  -12.151 0.8999999762
121761  -26.620  -26.662  -13.320 0.8000000119
35587  -30.398  -23.709  -15.309 0.6000000238
29053  -25.871  -31.607  -8.721 0.3000000119
29019  -26.497  -31.461  -6.064 0.5000000000
29029  -26.514  -32.016  -6.972 0.5000000000
28107  -26.349  -32.704  -6.918 0.5000000000
28126  -25.797  -32.549  -8.478 0.4000000060
33985  -29.929  -25.361  -10.761 0.8999999762
33927  -30.742  -25.496  -3.761 0.8000000119
31633  -26.419  -28.199  -4.142 0.5000000000
126235  -26.600  -31.274  -7.056 0.4000000060
29929  -26.553  -30.684  -7.570 0.5000000000
120925  -26.461  -29.765  -6.184 0.5000000000
34716  -30.606  -24.531  -9.848 0.8000000119
37360  -30.452  -21.516  -14.528 0.6000000238
37362  -32.101  -21.092  -14.757 0.4000000060
33206  -27.091  -26.843  -3.399 0.6000000238
30783  -26.289  -29.023  -6.873 0.5000000000
35503  -31.737  -23.670  -5.101 0.6999999881
33190  -27.628  -26.026  -3.272 0.6000000238
33223  -25.338  -25.586  -7.014 0.6000000238
32492  -25.613  -26.457  -6.696 0.5000000000
33942  -24.853  -24.727  -7.422 0.6000000238
32491  -25.214  -26.673  -7.619 0.5000000000
33205  -26.506  -26.547  -3.994 0.5000000000
33955  -21.665  -23.339  -8.613 0.6000000238
116340  -25.873  -27.241  -6.435 0.5000000000
132348  -26.211  -25.885  -5.288 0.6000000238
33943  -25.697  -25.206  -6.285 0.6000000238
31654  -26.183  -27.839  -5.693 0.5000000000
33204  -26.295  -26.669  -4.829 0.5000000000
131832  -32.343  -22.703  -6.001 0.6999999881
137713  -29.050  -23.749  -11.854 0.8000000119
34738  -26.471  -24.753  -12.798 0.8999999762
35516  -24.206  -22.098  -7.675 0.5000000000
33924  -26.285  -25.152  -5.187 0.6000000238
124048  -25.980  -23.463  -6.295 0.6000000238
36347  -22.895  -21.475  -6.418 0.4000000060
36364  -23.264  -21.145  -7.282 0.4000000060
36349  -25.114  -20.920  -7.064 0.5000000000
36366  -32.484  -22.446  -6.750 0.6999999881
36319  -23.995  -21.806  -4.303 0.4000000060
37244  -24.112  -20.441  -6.290 0.5000000000
37261  -24.788  -20.408  -6.642 0.5000000000
36392  -31.294  -22.156  -10.140 0.6999999881
35563  -25.810  -24.251  -12.870 0.8000000119
123085  -29.164  -19.602  -14.019 0.6999999881
36320  -29.044  -22.784  -3.939 0.6999999881
138439  -26.741  -22.235  -5.737 0.6000000238
37230  -25.094  -20.308  -4.842 0.5000000000
37297  -32.647  -21.708  -8.172 0.6999999881
119884  -26.382  -21.068  -14.788 0.8000000119
36350  -26.123  -21.583  -6.557 0.6000000238
38124  -25.042  -20.477  -2.560 0.3000000119
38213  -32.152  -20.764  -9.456 0.6999999881
38202  -33.047  -20.091  -8.038 0.6999999881
38113  -25.386  -19.861  -2.275 0.3000000119
124412  -24.072  -21.977  -14.489 0.8999999762
38265  -24.965  -20.625  -14.719 0.8000000119
38264  -23.790  -21.153  -14.545 0.8000000119
39088  -26.599  -19.864  -14.438 0.6000000238
39892  -28.267  -19.189  -13.893 0.6000000238
39890  -26.469  -19.220  -14.143 0.6000000238
39888  -23.827  -19.339  -14.469 0.8000000119
118682  -29.451  -20.090  -4.602 0.6999999881
38138  -26.486  -19.642  -4.904 0.5000000000
126154  -32.084  -20.050  -9.542 0.6999999881
119285  -24.291  -20.061  -14.633 0.8000000119
38992  -32.017  -19.612  -5.010 0.6999999881
39014  -33.195  -19.444  -7.452 0.6999999881
41592  -25.621  -16.861  -2.075 0.3000000119
39037  -31.887  -19.211  -9.507 0.6999999881
39811  -32.812  -18.278  -8.117 0.6999999881
39841  -31.234  -18.842  -10.084 0.6999999881
39059  -27.423  -19.517  -11.944 0.8000000119
119574  -28.059  -19.015  -11.658 0.8000000119
130773  -27.320  -18.644  -11.705 0.8000000119
39782  -32.003  -18.731  -4.969 0.6999999881
40580  -27.054  -17.337  -2.516 0.3000000119
39791  -33.122  -18.280  -6.385 0.6999999881
41604  -28.464  -16.897  -3.279 0.4000000060
124890  -29.093  -15.414  -3.777 0.3000000119
41716  -23.378  -17.182  -13.966 0.6999999881
42537  -29.854  -15.309  -4.073 0.6000000238
42538  -31.330  -15.762  -4.759 0.6000000238
121740  -32.798  -16.119  -6.210 0.6999999881
41644  -32.847  -16.273  -6.924 0.6999999881
40624  -32.932  -17.028  -7.187 0.6999999881
41655  -32.491  -16.439  -7.882 0.6999999881
42578  -31.816  -15.248  -8.721 0.6000000238
43520  -27.868  -14.335  -12.083 0.8000000119
43518  -26.209  -14.572  -12.287 0.8000000119
41730  -23.068  -16.332  -14.262 0.6000000238
133558  -24.225  -16.375  -14.097 0.6000000238
44404  -29.542  -13.828  -4.696 0.3000000119
44425  -29.873  -13.292  -5.254 0.3000000119
43441  -31.654  -14.454  -5.419 0.5000000000
45384  -27.907  -12.528  -6.394 0.3000000119
44454  -32.209  -13.334  -7.535 0.5000000000
43475  -31.946  -14.345  -8.876 0.6000000238
44475  -31.270  -13.734  -10.207 0.6000000238
45368  -30.297  -12.800  -5.763 0.3000000119
46493  -28.163  -12.017  -6.967 0.3000000119
121169  -26.795  -11.768  -7.594 0.3000000119
47492  -28.457  -10.952  -8.058 0.3000000119
42646  -19.625  -15.056  -14.288 0.6999999881
44499  -19.876  -14.225  -14.131 0.6999999881
45431  -30.686  -12.618  -11.625 0.6999999881
45459  -26.459  -12.610  -13.524 0.6000000238
44500  -20.276  -13.736  -14.155 0.6999999881
46533  -31.675  -11.310  -8.553 0.4000000060
45471  -21.376  -12.460  -14.484 0.6000000238
128096  -22.566  -11.352  -14.682 0.6000000238
44531  -23.834  -13.807  -15.887 0.6000000238
44546  -23.664  -12.735  -16.435 0.4000000060
48499  -28.722  -9.594  -9.405 0.4000000060
49445  -24.903  -9.053  -9.850 0.3000000119
129319  -26.166  -11.481  -14.108 0.5000000000
44515  -20.649  -12.981  -14.575 0.5000000000
50383  -26.625  -7.703  -10.766 0.4000000060
116917  -30.974  -9.640  -12.067 0.4000000060
120851  -28.679  -10.380  -13.545 0.4000000060
47590  -26.235  -10.239  -14.473 0.5000000000
132807  -21.900  -9.359  -16.010 0.6000000238
53215  -24.450  -5.230  -11.747 0.3000000119
53242  -25.648  -4.209  -12.419 0.4000000060
118828  -24.431  -8.777  -15.533 0.5000000000
54142  -26.208  -3.699  -12.731 0.4000000060
52225  -24.142  -5.816  -18.393 0.4000000060
53300  -29.168  -4.758  -21.053 0.4000000060
23741  -32.826  -37.990  -7.238 0.5000000000
23758  -33.146  -38.120  -9.093 0.5000000000
21923  -32.299  -39.438  -3.568 0.4000000060
22824  -32.653  -38.635  -4.875 0.5000000000
22836  -32.786  -38.705  -5.934 0.5000000000
132673  -32.918  -38.539  -6.753 0.5000000000
23740  -32.566  -37.311  -7.827 0.6000000238
24620  -32.274  -36.627  -8.429 0.6000000238
125126  -32.571  -37.778  -4.301 0.5000000000
120626  -32.371  -38.064  -3.529 0.5000000000
121908  -32.651  -37.863  -5.392 0.5000000000
23724  -32.571  -37.142  -5.968 0.5000000000
23691  -32.305  -37.339  -3.511 0.5000000000
24614  -32.262  -36.531  -7.527 0.6000000238
25472  -31.965  -35.885  -8.155 0.6000000238
25481  -31.929  -35.998  -8.981 0.6000000238
124624  -31.653  -35.317  -9.493 0.6000000238
139487  -31.579  -34.913  -9.043 0.6000000238
25487  -31.550  -35.515  -10.393 0.6000000238
130908  -30.954  -34.905  -11.415 0.6000000238
124646  -31.282  -34.907  -10.775 0.6000000238
127412  -32.476  -36.929  -4.092 0.5000000000
130322  -32.427  -36.520  -5.679 0.5000000000
24607  -32.277  -36.358  -6.537 0.6000000238
23681  -31.868  -36.987  -2.954 0.5000000000
24563  -32.138  -36.436  -3.529 0.5000000000
25465  -31.940  -35.727  -7.328 0.6000000238
117845  -30.539  -37.369  -2.447 0.5000000000
24552  -31.080  -36.552  -2.658 0.5000000000
26355  -31.528  -34.561  -8.561 0.6000000238
125516  -31.489  -34.889  -10.092 0.6000000238
24597  -32.366  -36.235  -5.153 0.5000000000
116439  -32.182  -35.873  -5.776 0.5000000000
24562  -31.719  -36.239  -2.999 0.5000000000
25428  -32.080  -35.748  -3.851 0.5000000000
24583  -32.325  -36.194  -4.377 0.5000000000
26337  -31.864  -35.008  -5.732 0.5000000000
25458  -31.636  -34.980  -7.206 0.6000000238
117638  -30.030  -36.491  -2.402 0.5000000000
25418  -31.264  -35.625  -2.908 0.5000000000
26350  -31.489  -34.430  -7.754 0.6000000238
25417  -30.436  -35.606  -2.584 0.5000000000
27222  -31.437  -33.770  -8.862 0.6000000238
26359  -31.515  -34.453  -9.454 0.6000000238
26368  -31.147  -34.293  -11.126 0.6000000238
26316  -31.815  -35.019  -3.888 0.5000000000
26336  -31.744  -34.176  -5.244 0.5000000000
119582  -31.586  -34.226  -6.213 0.6000000238
27187  -31.536  -33.494  -5.836 0.6000000238
26307  -31.408  -34.947  -3.302 0.5000000000
26344  -31.654  -34.795  -6.566 0.6000000238
27199  -31.379  -33.588  -6.747 0.6000000238
24551  -29.175  -36.491  -2.404 0.5000000000
119540  -27.978  -36.508  -2.782 0.5000000000
27234  -31.379  -33.558  -10.783 0.6000000238
128134  -31.278  -32.971  -11.383 0.6000000238
27165  -31.229  -33.598  -3.687 0.5000000000
119701  -31.448  -34.372  -3.675 0.5000000000
27176  -31.624  -33.399  -4.893 0.5000000000
26305  -29.950  -34.724  -2.562 0.5000000000
25416  -29.355  -35.555  -2.441 0.5000000000
120813  -29.044  -34.536  -2.511 0.6000000238
124496  -31.222  -32.657  -3.899 0.6000000238
133915  -31.457  -33.285  -4.223 0.5000000000
130569  -31.493  -32.665  -4.609 0.5000000000
123659  -31.495  -32.079  -6.015 0.6000000238
126479  -30.391  -34.071  -2.847 0.6000000238
132209  -30.734  -33.608  -3.189 0.6000000238
124074  -31.372  -32.847  -6.409 0.6000000238
119677  -27.804  -34.799  -2.847 0.5000000000
128376  -28.850  -33.830  -2.605 0.5000000000
124415  -29.584  -33.925  -2.639 0.6000000238
24561  -27.509  -36.248  -3.292 0.4000000060
120678  -30.086  -33.228  -2.890 0.6000000238
28079  -30.796  -32.290  -3.544 0.6000000238
28100  -31.582  -31.990  -5.104 0.6000000238
29030  -31.447  -31.401  -6.542 0.6000000238
29010  -31.548  -31.252  -4.742 0.6999999881
36439  -30.552  -22.821  -15.033 0.5000000000
41679  -29.354  -16.387  -10.441 0.6000000238
40695  -25.128  -17.538  -13.718 0.5000000000
41718  -26.050  -16.650  -13.779 0.5000000000
134029  -28.814  -4.463  -21.709 0.4000000060
124009  -29.596  -4.209  -21.507 0.3000000119
55098  -30.690  -3.011  -21.354 0.3000000119
56031  -31.050  -2.246  -21.748 0.3000000119
21094  -32.350  -40.178  -4.053 0.4000000060
21956  -32.701  -39.394  -5.345 0.5000000000
21957  -32.844  -39.456  -6.112 0.5000000000
23757  -32.612  -37.436  -9.652 0.5000000000
22795  -32.182  -38.664  -3.193 0.4000000060
23748  -32.636  -37.365  -8.748 0.6000000238
24628  -32.252  -36.719  -9.310 0.6000000238
24634  -32.142  -36.839  -10.208 0.5000000000
24633  -31.688  -36.254  -10.783 0.5000000000
21904  -31.890  -39.398  -2.932 0.4000000060
23680  -31.368  -37.563  -2.664 0.5000000000
116683  -30.186  -38.134  -2.394 0.5000000000
23678  -29.496  -37.371  -2.379 0.3000000119
23676  -28.123  -38.145  -2.882 0.4000000060
134970  -27.656  -38.255  -4.002 0.4000000060
34772  -31.737  -24.110  -15.737 0.4000000060
36441  -32.110  -22.605  -15.435 0.4000000060
36440  -31.420  -22.644  -15.103 0.4000000060
41605  -29.117  -16.706  -3.720 0.5000000000
41719  -26.999  -16.758  -13.699 0.5000000000
41733  -26.795  -15.919  -14.230 0.5000000000
54199  -30.089  -3.642  -22.010 0.3000000119
126087  -31.457  -34.294  -7.022 0.6000000238
25426  -27.306  -34.945  -3.320 0.5000000000
118398  -28.502  -36.047  -2.533 0.5000000000
117551  -28.415  -35.109  -2.580 0.6000000238
41720  -27.913  -16.838  -13.730 0.5000000000
23749  -32.947  -38.066  -8.150 0.6000000238
21942  -32.555  -39.421  -4.423 0.4000000060
22853  -32.727  -37.915  -6.353 0.5000000000
117808  -32.537  -37.217  -6.903 0.6000000238
23710  -32.567  -36.949  -4.970 0.5000000000
26327  -31.920  -34.892  -4.706 0.5000000000
22794  -31.529  -38.528  -2.712 0.4000000060
24637  -31.221  -36.512  -11.731 0.4000000060
23679  -30.904  -38.068  -2.498 0.4000000060
120840  -24.671  -27.431  -8.872 0.4000000060
30790  -25.447  -28.464  -8.583 0.3000000119
30791  -26.162  -29.273  -7.864 0.4000000060
32500  -24.085  -26.324  -8.926 0.4000000060
32499  -20.803  -25.602  -8.434 0.4000000060
33244  -20.851  -24.432  -9.189 0.4000000060
32511  -22.293  -25.648  -9.746 0.4000000060
33246  -23.717  -25.403  -8.739 0.4000000060
31653  -22.256  -28.822  -6.077 0.3000000119
121389  -21.709  -27.036  -7.198 0.3000000119
32475  -21.631  -27.158  -6.099 0.4000000060
33967  -21.591  -23.986  -9.023 0.4000000060
31662  -21.925  -27.787  -6.461 0.4000000060
33237  -20.808  -24.905  -7.951 0.5000000000
33222  -21.459  -25.844  -6.475 0.4000000060
125720  -21.518  -24.938  -6.440 0.4000000060
33941  -21.463  -25.820  -5.514 0.4000000060
122417  -31.795  -13.405  -6.274 0.3000000119
45369  -31.163  -13.018  -5.936 0.3000000119
133622  -32.027  -13.125  -6.855 0.3000000119
45388  -31.565  -12.719  -6.593 0.3000000119
126354  -31.912  -12.550  -7.300 0.3000000119
48550  -24.901  -9.573  -15.041 0.4000000060
47494  -30.255  -10.790  -8.025 0.3000000119
48476  -29.364  -9.907  -9.053 0.3000000119
125810  -28.004  -9.871  -9.194 0.3000000119
49448  -27.919  -9.304  -9.690 0.3000000119
48551  -26.485  -9.498  -14.629 0.4000000060
49509  -26.750  -8.734  -14.870 0.3000000119
48561  -25.672  -8.964  -15.113 0.4000000060
49531  -24.408  -7.495  -16.303 0.4000000060
51309  -24.403  -6.226  -17.202 0.3000000119
48500  -29.722  -9.468  -9.544 0.3000000119
48508  -30.174  -8.979  -10.175 0.3000000119
140145  -28.549  -9.201  -9.774 0.3000000119
49449  -29.180  -9.078  -9.915 0.3000000119
49470  -30.519  -8.586  -10.975 0.3000000119
48519  -31.001  -9.108  -11.394 0.3000000119
50385  -28.645  -8.083  -10.749 0.3000000119
49469  -29.532  -8.460  -10.570 0.3000000119
49483  -29.984  -8.016  -11.297 0.3000000119
48530  -30.686  -8.848  -12.164 0.3000000119
50384  -27.566  -7.905  -10.757 0.3000000119
47574  -29.615  -10.043  -13.206 0.3000000119
50401  -27.346  -7.194  -11.171 0.3000000119
48538  -29.008  -9.424  -13.623 0.3000000119
50400  -26.415  -7.022  -11.129 0.3000000119
51265  -26.197  -6.319  -11.453 0.3000000119
49510  -27.729  -8.460  -14.604 0.3000000119
53241  -24.257  -4.477  -12.155 0.3000000119
48552  -27.393  -9.276  -14.427 0.3000000119
55039  -24.980  -2.991  -12.842 0.3000000119
131519  -23.557  -2.868  -12.729 0.3000000119
51312  -24.328  -5.741  -17.707 0.3000000119
49484  -30.423  -8.277  -11.782 0.3000000119
137513  -29.430  -7.990  -10.985 0.3000000119
49490  -30.353  -8.306  -12.359 0.3000000119
47575  -30.355  -9.509  -12.721 0.3000000119
140276  -29.809  -9.308  -13.206 0.3000000119
117927  -29.333  -7.610  -11.384 0.3000000119
50403  -29.862  -7.545  -11.915 0.3000000119
50411  -30.043  -7.759  -12.385 0.3000000119
49501  -30.074  -8.086  -12.894 0.3000000119
48539  -29.675  -8.707  -13.359 0.3000000119
51267  -28.118  -6.624  -11.664 0.3000000119
51268  -29.167  -6.864  -11.924 0.3000000119
51264  -25.386  -6.114  -11.455 0.3000000119
51266  -27.130  -6.455  -11.495 0.3000000119
48553  -28.309  -8.959  -14.106 0.3000000119
49519  -27.131  -7.946  -15.170 0.3000000119
54141  -25.529  -3.556  -12.656 0.3000000119
55053  -25.604  -2.539  -13.261 0.3000000119
50434  -26.470  -7.345  -15.643 0.3000000119
125403  -25.198  -6.261  -16.654 0.3000000119
52226  -24.494  -5.017  -17.924 0.3000000119
50420  -29.767  -7.442  -13.009 0.3000000119
49500  -29.568  -7.997  -13.531 0.3000000119
51282  -27.757  -5.926  -11.972 0.3000000119
51284  -29.204  -6.434  -12.598 0.3000000119
50410  -29.567  -7.031  -12.589 0.3000000119
52172  -26.872  -5.774  -11.798 0.3000000119
139003  -27.389  -5.368  -12.221 0.3000000119
49511  -28.795  -8.038  -14.213 0.3000000119
50424  -28.097  -7.633  -14.849 0.3000000119
54158  -26.644  -3.223  -13.204 0.3000000119
50435  -27.493  -7.056  -15.408 0.3000000119
129561  -26.283  -2.691  -13.370 0.3000000119
55962  -26.235  -2.043  -13.695 0.3000000119
51305  -26.695  -6.570  -15.908 0.3000000119
134993  -25.803  -6.761  -16.160 0.3000000119
52222  -25.020  -5.494  -17.081 0.3000000119
124294  -29.506  -6.855  -13.208 0.3000000119
138763  -28.189  -5.400  -12.620 0.3000000119
52193  -28.620  -5.241  -13.318 0.3000000119
52206  -29.060  -5.748  -13.550 0.3000000119
49512  -29.424  -7.256  -13.699 0.3000000119
53244  -27.406  -4.705  -12.652 0.3000000119
52212  -28.954  -5.656  -14.273 0.3000000119
51299  -29.295  -6.406  -13.837 0.3000000119
50425  -28.918  -7.101  -14.433 0.3000000119
54143  -27.017  -3.888  -12.918 0.3000000119
53245  -28.122  -4.792  -13.112 0.3000000119
55054  -27.032  -2.595  -13.728 0.3000000119
138321  -27.399  -2.268  -14.305 0.3000000119
137429  -27.403  -6.324  -15.689 0.3000000119
55963  -27.009  -1.923  -14.087 0.3000000119
119750  -25.977  -6.006  -16.436 0.3000000119
53288  -25.032  -4.423  -18.072 0.3000000119
51298  -28.826  -6.340  -14.708 0.3000000119
53261  -27.766  -4.163  -13.304 0.3000000119
53262  -28.340  -4.560  -13.716 0.3000000119
138881  -28.522  -4.685  -14.110 0.3000000119
138945  -28.356  -6.942  -15.016 0.3000000119
54159  -27.405  -3.409  -13.546 0.3000000119
54171  -27.678  -2.959  -14.228 0.3000000119
122426  -27.750  -5.702  -15.635 0.3000000119
56884  -27.092  -0.809  -14.859 0.3000000119
125468  -27.665  -2.338  -14.802 0.3000000119
55977  -26.532  -1.294  -14.283 0.3000000119
55978  -27.353  -1.626  -14.679 0.3000000119
51310  -26.894  -5.805  -16.097 0.3000000119
52223  -26.144  -5.023  -16.607 0.3000000119
52227  -25.314  -4.650  -17.314 0.3000000119
127893  -28.531  -5.640  -15.062 0.3000000119
53272  -28.280  -4.208  -14.375 0.3000000119
52211  -28.550  -4.929  -14.586 0.3000000119
52219  -28.101  -4.977  -15.398 0.3000000119
54172  -27.978  -3.525  -14.475 0.3000000119
54180  -28.028  -3.769  -15.047 0.3000000119
53282  -28.243  -4.391  -15.028 0.3000000119
53281  -27.688  -4.276  -15.621 0.3000000119
55068  -27.890  -3.043  -14.955 0.3000000119
53286  -26.931  -4.219  -16.357 0.3000000119
56885  -27.482  -1.143  -15.173 0.3000000119
55994  -27.668  -1.757  -15.380 0.3000000119
55081  -27.703  -2.571  -15.539 0.3000000119
53285  -26.102  -4.146  -16.964 0.3000000119
53289  -25.615  -3.978  -17.801 0.3000000119
54188  -25.854  -3.604  -19.765 0.3000000119
56899  -27.423  -0.540  -15.512 0.3000000119
54179  -27.521  -3.438  -15.806 0.3000000119
52218  -27.269  -5.007  -16.021 0.3000000119
124109  -27.637  -1.148  -15.655 0.3000000119
139832  -27.631  -2.155  -16.015 0.3000000119
54182  -26.816  -3.501  -16.678 0.3000000119
55089  -26.682  -2.972  -18.106 0.3000000119
54184  -26.328  -3.516  -17.487 0.3000000119
55092  -26.472  -3.008  -19.205 0.3000000119
54186  -26.023  -3.490  -18.523 0.3000000119
54189  -26.426  -3.204  -20.381 0.3000000119
57828  -27.228  0.233  -15.731 0.3000000119
134184  -27.588  -0.150  -16.043 0.3000000119
128957  -27.724  -0.829  -16.165 0.3000000119
55086  -27.344  -2.137  -16.731 0.3000000119
119818  -27.336  -2.780  -16.335 0.3000000119
55090  -27.149  -2.204  -17.651 0.3000000119
54185  -26.931  -2.884  -17.174 0.3000000119
55093  -27.012  -2.338  -18.701 0.3000000119
126240  -26.921  -2.501  -19.816 0.3000000119
53301  -27.856  -4.053  -21.813 0.3000000119
54193  -26.871  -3.591  -21.235 0.3000000119
57839  -27.472  0.472  -16.442 0.3000000119
56910  -27.688  -0.332  -16.710 0.3000000119
56014  -27.534  -1.284  -17.030 0.3000000119
56925  -27.591  -0.494  -17.572 0.3000000119
56016  -27.353  -1.388  -18.218 0.3000000119
124464  -26.925  -2.797  -20.982 0.3000000119
54197  -27.998  -3.335  -22.311 0.3000000119
54198  -29.027  -3.942  -22.342 0.3000000119
25496  -30.556  -36.026  -12.350 0.4000000060
31663  -22.264  -28.359  -6.810 0.3000000119
135825  -22.236  -24.546  -9.158 0.4000000060
125931  -20.964  -24.569  -7.629 0.4000000060
42522  -28.631  -15.991  -3.421 0.3000000119
49468  -28.547  -8.798  -10.137 0.3000000119
48510  -31.343  -9.763  -10.837 0.3000000119
118406  -25.749  -9.707  -14.756 0.4000000060
52170  -25.215  -5.408  -11.732 0.3000000119
52192  -26.644  -5.120  -12.140 0.3000000119
137008  -25.084  -2.451  -13.183 0.3000000119
31670  -21.182  -26.991  -8.189 0.4000000060
33252  -20.995  -25.134  -9.456 0.4000000060
33245  -22.231  -25.059  -9.397 0.4000000060
31652  -21.748  -28.302  -5.805 0.3000000119
32490  -21.539  -26.443  -6.978 0.4000000060
52171  -26.011  -5.591  -11.730 0.3000000119
50402  -28.387  -7.369  -11.279 0.3000000119
49499  -29.070  -8.641  -13.792 0.3000000119
51283  -28.623  -6.166  -12.296 0.3000000119
55961  -25.205  -1.945  -13.471 0.3000000119
52194  -28.954  -5.853  -12.922 0.3000000119
51294  -29.317  -6.358  -13.105 0.3000000119
51306  -28.120  -6.362  -15.322 0.3000000119
52205  -28.724  -5.126  -13.912 0.3000000119
54160  -27.986  -3.762  -13.902 0.3000000119
56006  -27.671  -1.534  -16.140 0.3000000119
54196  -27.340  -3.235  -21.688 0.3000000119
140231  -27.441  -1.106  -18.846 0.3000000119
31671  -22.266  -28.550  -7.443 0.4000000060
34773  -32.390  -24.786  -15.914 0.4000000060
22863  -27.876  -38.648  -7.643 0.3000000119
22864  -27.979  -39.189  -7.202 0.3000000119
23734  -27.683  -38.308  -6.097 0.3000000119
32474  -21.274  -27.571  -5.591 0.3000000119
130928  -21.327  -26.674  -5.619 0.3000000119
33203  -20.894  -26.375  -5.025 0.3000000119
32515  -21.163  -26.369  -10.422 0.3000000119
31684  -20.111  -26.957  -9.115 0.3000000119
117812  -20.990  -25.622  -10.036 0.3000000119
135996  -20.504  -25.941  -9.341 0.3000000119
31686  -24.175  -27.782  -9.575 0.3000000119
31685  -22.447  -26.413  -10.103 0.3000000119
129511  -20.043  -27.952  -9.064 0.3000000119
32510  -20.205  -26.315  -9.912 0.3000000119
34032  -32.934  -25.601  -15.627 0.3000000119
21083  -31.964  -40.178  -3.285 0.4000000060
21955  -27.426  -38.997  -5.371 0.4000000060
21974  -27.600  -39.500  -6.865 0.4000000060
22793  -30.761  -38.739  -2.466 0.4000000060
22807  -32.522  -38.671  -3.929 0.4000000060
22852  -27.857  -38.499  -6.835 0.5000000000
22870  -28.084  -39.435  -7.888 0.4000000060
23722  -27.213  -37.133  -5.305 0.5000000000
24549  -28.105  -37.311  -2.813 0.5000000000
25427  -31.774  -35.669  -3.388 0.5000000000
25443  -32.084  -35.489  -4.321 0.5000000000
25451  -25.938  -35.141  -5.669 0.6000000238
25452  -32.160  -35.611  -4.997 0.5000000000
25459  -31.909  -35.459  -6.540 0.5000000000
25471  -31.681  -35.149  -7.953 0.6000000238
25480  -31.705  -35.305  -8.693 0.6000000238
25488  -31.858  -36.113  -9.851 0.6000000238
25499  -29.786  -35.798  -13.777 0.5000000000
26304  -28.200  -34.180  -2.732 0.6000000238
26306  -30.795  -34.834  -2.839 0.5000000000
26326  -31.655  -34.090  -4.270 0.5000000000
26365  -31.419  -34.251  -10.339 0.6000000238
26372  -30.629  -34.497  -11.856 0.6999999881
27153  -31.042  -34.224  -3.236 0.5000000000
27162  -27.118  -33.588  -3.536 0.6000000238
27164  -30.762  -32.960  -3.376 0.6000000238
27174  -26.392  -33.572  -4.901 0.6000000238
27198  -26.153  -33.287  -6.514 0.4000000060
28090  -31.346  -31.930  -4.330 0.6999999881
28165  -29.685  -32.696  -15.203 0.6999999881
29038  -26.466  -31.552  -7.842 0.4000000060
29073  -29.250  -31.515  -13.172 0.6999999881
29094  -30.824  -31.490  -15.463 0.6000000238
29962  -31.195  -30.971  -11.775 0.6999999881
30832  -26.937  -30.135  -13.821 0.8000000119
30839  -26.770  -30.380  -13.997 0.6999999881
30840  -31.627  -28.745  -14.908 0.5000000000
31690  -21.349  -27.156  -10.720 0.3000000119
31705  -26.427  -28.968  -13.937 0.8000000119
31712  -32.384  -28.612  -14.559 0.5000000000
32512  -23.664  -26.735  -9.456 0.4000000060
32521  -29.981  -27.316  -10.967 0.8000000119
32531  -26.278  -27.663  -13.779 0.8000000119
33247  -31.160  -26.472  -7.481 0.8000000119
33998  -25.931  -25.525  -13.399 1.0000000000
35548  -30.963  -22.952  -10.082 0.8000000119
35576  -24.538  -24.052  -14.162 0.8999999762
35588  -31.262  -23.414  -15.386 0.4000000060
35589  -31.987  -23.378  -15.637 0.4000000060
36386  -32.216  -22.010  -8.989 0.6999999881
36406  -24.001  -22.893  -13.122 0.8000000119
36427  -27.167  -22.920  -15.094 0.6999999881
36438  -29.807  -22.536  -14.921 0.6999999881
37321  -31.257  -21.281  -10.361 0.6999999881
37327  -29.005  -21.620  -11.994 0.8000000119
37358  -27.991  -21.221  -14.775 0.6999999881
38249  -26.173  -20.466  -12.362 0.8000000119
39070  -21.411  -20.053  -12.929 0.8000000119
39082  -21.445  -20.156  -13.057 0.8000000119
39089  -27.461  -20.004  -14.405 0.6999999881
39879  -27.763  -18.475  -13.681 0.6000000238
39886  -21.754  -20.179  -13.515 0.8000000119
39889  -24.982  -19.151  -14.304 0.6999999881
40681  -19.231  -17.458  -13.091 0.8000000119
40682  -19.633  -17.888  -12.930 0.8000000119
40698  -28.131  -17.601  -13.627 0.6000000238
41606  -29.762  -16.596  -4.028 0.6000000238
41700  -18.941  -16.966  -13.221 0.6999999881
41714  -19.470  -17.174  -13.513 0.6999999881
41715  -22.040  -17.240  -14.133 0.6999999881
41732  -25.912  -15.805  -14.320 0.5000000000
42605  -23.548  -16.132  -11.761 0.8000000119
42635  -18.878  -15.831  -13.814 0.6999999881
42663  -25.070  -14.405  -15.625 0.5000000000
43534  -19.247  -15.031  -14.009 0.6999999881
43547  -19.994  -14.284  -14.347 0.6999999881
43555  -21.969  -13.840  -15.507 0.6000000238
45365  -27.607  -13.012  -5.904 0.3000000119
45472  -22.748  -12.099  -14.352 0.6000000238
46586  -24.596  -11.515  -14.334 0.6000000238
46609  -21.450  -10.951  -16.490 0.5000000000
48540  -30.237  -8.767  -12.803 0.3000000119
48559  -21.270  -9.856  -16.414 0.5000000000
48574  -21.659  -9.139  -17.290 0.5000000000
55052  -24.541  -2.326  -13.189 0.3000000119
118179  -28.901  -21.328  -14.647 0.6999999881
118198  -26.542  -21.892  -12.505 0.8000000119
119428  -26.553  -28.915  -3.930 0.6000000238
121864  -21.062  -11.709  -15.450 0.5000000000
122869  -31.418  -22.721  -9.630 0.6999999881
123842  -23.802  -11.906  -16.845 0.4000000060
124450  -25.199  -13.856  -5.683 0.3000000119
125169  -31.307  -32.319  -8.787 0.6999999881
125396  -27.021  -28.573  -14.581 0.8000000119
125815  -27.745  -36.904  -3.154 0.5000000000
126256  -29.566  -34.303  -12.987 0.6999999881
127461  -31.535  -32.742  -5.468 0.6000000238
127613  -30.499  -26.915  -15.103 0.5000000000
127806  -27.254  -35.600  -3.476 0.5000000000
128089  -25.597  -16.819  -11.455 0.8000000119
128672  -32.015  -37.856  -3.007 0.5000000000
130857  -25.932  -33.896  -6.163 0.5000000000
134330  -31.697  -23.010  -15.383 0.4000000060
134929  -23.728  -23.194  -13.570 0.8000000119
135723  -30.863  -18.021  -14.557 0.5000000000
135774  -23.265  -20.067  -14.516 0.8000000119
136870  -26.286  -35.628  -5.290 0.6000000238
136948  -26.712  -18.635  -2.673 0.4000000060
137711  -21.050  -11.683  -15.237 0.5000000000
137859  -23.551  -21.465  -7.617 0.5000000000
138170  -27.717  -20.096  -12.086 0.8000000119
138891  -20.519  -14.499  -14.615 0.6999999881
139058  -32.489  -22.175  -6.171 0.6999999881
139174  -27.509  -29.712  -13.531 0.6999999881
139358  -24.550  -21.244  -14.693 0.8000000119
140278  -21.192  -10.380  -16.284 0.5000000000
