#!ascii label  , from subject sub-v1s23x0050568_ses-1 vox2ras=TkReg
962
104269  -42.946  8.315  32.991 0.0000000000
114030  -35.870  25.822  31.600 0.0000000000
80330  -37.948  14.180  32.863 0.0000000000
80957  -40.706  15.836  23.386 0.0000000000
86736  -41.508  27.783  30.566 0.0000000000
83486  -40.923  20.626  28.813 0.0000000000
84449  -40.753  22.676  23.382 0.0000000000
80946  -36.148  15.547  26.013 0.0000000000
73563  -45.206  2.922  43.180 0.0000000000
75926  -46.090  6.926  36.757 0.0000000000
88538  -28.047  31.627  28.890 0.0000000000
109116  -33.724  31.680  27.761 0.0000000000
89029  -38.247  32.060  27.298 0.0000000000
79120  -44.316  13.539  32.378 0.0000000000
83002  -35.920  19.368  30.658 0.0000000000
80370  -40.163  14.436  28.082 0.0000000000
78037  -43.913  10.692  24.945 0.0000000000
78597  -38.333  10.680  24.427 0.0000000000
78579  -36.185  11.667  28.944 0.0000000000
77348  -40.764  9.326  31.622 0.0000000000
86750  -40.704  27.743  28.587 0.0000000000
102274  -41.995  23.422  28.658 0.0000000000
85356  -39.247  24.251  25.550 0.0000000000
83950  -38.122  21.808  24.782 0.0000000000
74707  -46.847  5.462  39.880 0.0000000000
76613  -45.756  8.348  39.509 0.0000000000
88528  -24.963  31.538  30.613 0.0000000000
89026  -35.980  33.018  27.711 0.0000000000
77973  -41.784  10.909  34.918 0.0000000000
80321  -41.236  14.776  33.166 0.0000000000
85751  -32.657  25.666  31.845 0.0000000000
84381  -35.908  23.001  31.115 0.0000000000
82535  -41.676  17.465  24.992 0.0000000000
82011  -39.397  17.778  27.875 0.0000000000
107500  -41.112  15.386  25.000 0.0000000000
108119  -42.916  13.002  26.936 0.0000000000
79780  -42.411  13.842  22.011 0.0000000000
77440  -40.611  9.138  23.124 0.0000000000
79777  -39.109  13.056  22.839 0.0000000000
79749  -34.978  13.448  26.183 0.0000000000
86250  -37.926  26.613  31.458 0.0000000000
84885  -38.857  23.325  30.064 0.0000000000
84897  -42.512  23.417  30.066 0.0000000000
83946  -43.489  21.244  26.033 0.0000000000
82544  -41.209  18.095  21.989 0.0000000000
109676  -38.167  15.931  25.011 0.0000000000
83036  -38.131  19.137  25.389 0.0000000000
82520  -36.161  18.852  27.040 0.0000000000
74137  -45.069  3.948  39.813 0.0000000000
75304  -44.394  5.887  37.059 0.0000000000
114129  -46.110  7.078  34.283 0.0000000000
86711  -26.121  27.664  32.438 0.0000000000
86724  -28.736  27.922  30.892 0.0000000000
86740  -31.762  27.834  29.899 0.0000000000
87199  -34.612  28.529  29.199 0.0000000000
87644  -36.933  29.657  29.153 0.0000000000
88079  -38.714  30.422  28.964 0.0000000000
115599  -39.216  29.677  27.473 0.0000000000
88103  -38.613  30.871  26.393 0.0000000000
77958  -43.766  9.981  36.779 0.0000000000
114319  -45.709  9.121  34.233 0.0000000000
77989  -45.982  9.597  31.862 0.0000000000
80916  -35.853  15.753  31.104 0.0000000000
101738  -38.212  20.332  29.414 0.0000000000
81494  -37.845  16.667  29.094 0.0000000000
79721  -38.654  13.794  29.981 0.0000000000
79712  -43.239  13.473  30.629 0.0000000000
79141  -44.568  12.031  29.604 0.0000000000
77381  -43.850  9.721  29.403 0.0000000000
77409  -41.605  9.466  26.861 0.0000000000
97821  -39.803  8.472  26.087 0.0000000000
77405  -37.619  8.619  25.512 0.0000000000
79177  -36.627  12.955  24.442 0.0000000000
78591  -36.999  11.708  26.825 0.0000000000
77386  -36.235  9.119  27.958 0.0000000000
76642  -42.979  7.892  33.759 0.0000000000
76653  -41.858  8.406  33.317 0.0000000000
76664  -42.191  8.752  32.501 0.0000000000
86279  -38.658  26.375  28.267 0.0000000000
85336  -39.283  24.791  28.072 0.0000000000
85344  -38.302  24.884  26.976 0.0000000000
85364  -38.145  24.529  24.937 0.0000000000
80331  -39.831  14.437  33.325 0.0000000000
85753  -34.436  25.680  31.765 0.0000000000
82028  -41.514  16.711  23.404 0.0000000000
82022  -41.249  16.837  25.383 0.0000000000
80958  -41.076  15.676  23.888 0.0000000000
80396  -41.556  14.539  24.079 0.0000000000
80410  -40.963  14.553  23.001 0.0000000000
79789  -40.962  13.436  21.789 0.0000000000
79769  -39.742  14.152  23.225 0.0000000000
86720  -39.684  27.323  31.487 0.0000000000
85766  -40.092  25.404  30.939 0.0000000000
85768  -42.439  25.670  30.482 0.0000000000
84430  -41.329  23.024  26.185 0.0000000000
84431  -42.356  22.365  26.405 0.0000000000
84442  -42.472  22.221  24.218 0.0000000000
83055  -42.226  19.764  22.918 0.0000000000
83519  -41.238  20.594  22.589 0.0000000000
107621  -39.287  18.826  24.346 0.0000000000
83512  -39.351  20.658  24.091 0.0000000000
108956  -36.631  20.086  26.424 0.0000000000
75302  -46.411  6.325  38.516 0.0000000000
75301  -46.173  5.785  37.916 0.0000000000
75319  -45.882  6.491  36.584 0.0000000000
75328  -45.209  6.628  35.513 0.0000000000
75931  -45.967  6.749  35.830 0.0000000000
88532  -26.571  31.367  29.552 0.0000000000
87184  -27.066  29.218  30.650 0.0000000000
87634  -28.614  29.155  30.116 0.0000000000
99432  -30.090  28.302  30.197 0.0000000000
112309  -29.944  29.394  29.535 0.0000000000
88552  -32.099  31.775  27.849 0.0000000000
87652  -32.656  29.778  28.605 0.0000000000
110323  -33.778  30.250  28.359 0.0000000000
87200  -35.434  28.613  29.289 0.0000000000
99636  -35.157  30.243  28.513 0.0000000000
89027  -36.873  32.888  27.675 0.0000000000
97622  -37.653  31.110  28.623 0.0000000000
88547  -38.255  31.334  28.295 0.0000000000
88091  -39.307  30.189  28.037 0.0000000000
88093  -38.851  30.700  27.638 0.0000000000
88096  -38.672  30.412  26.837 0.0000000000
88559  -38.658  31.338  26.767 0.0000000000
79084  -42.676  12.138  37.895 0.0000000000
79077  -44.853  12.712  38.814 0.0000000000
78510  -44.208  11.162  38.073 0.0000000000
77947  -44.467  10.379  37.816 0.0000000000
77946  -43.268  10.672  37.231 0.0000000000
78547  -43.225  11.916  33.483 0.0000000000
77974  -42.856  10.653  34.687 0.0000000000
77982  -44.843  10.478  33.454 0.0000000000
77976  -45.795  9.541  33.382 0.0000000000
78555  -45.197  11.433  32.126 0.0000000000
82992  -34.954  19.066  31.503 0.0000000000
81992  -35.291  17.282  31.325 0.0000000000
81997  -35.770  17.855  30.785 0.0000000000
83923  -40.738  21.709  29.533 0.0000000000
84400  -38.028  22.032  29.812 0.0000000000
83485  -39.756  20.126  28.690 0.0000000000
80938  -39.783  15.818  27.562 0.0000000000
82010  -38.717  17.621  28.388 0.0000000000
80931  -39.030  15.544  28.421 0.0000000000
80360  -37.766  14.934  29.718 0.0000000000
80362  -39.069  14.166  29.281 0.0000000000
79710  -40.722  13.321  30.343 0.0000000000
79723  -40.899  13.299  29.344 0.0000000000
101154  -44.203  12.061  25.675 0.0000000000
79157  -43.843  12.479  27.769 0.0000000000
78022  -44.325  11.352  27.363 0.0000000000
78008  -44.684  10.448  29.555 0.0000000000
78014  -44.043  10.215  28.023 0.0000000000
77390  -43.043  9.679  28.774 0.0000000000
114322  -42.565  9.574  26.243 0.0000000000
78043  -39.256  9.606  23.563 0.0000000000
100951  -40.034  8.943  24.552 0.0000000000
77426  -39.129  9.122  24.512 0.0000000000
77406  -38.366  8.277  24.903 0.0000000000
78028  -38.500  9.124  24.932 0.0000000000
80947  -37.123  15.797  25.623 0.0000000000
80393  -37.159  14.483  24.784 0.0000000000
80392  -36.149  14.183  25.085 0.0000000000
79147  -35.745  12.390  28.320 0.0000000000
79163  -36.305  12.456  26.235 0.0000000000
79148  -36.469  11.803  28.226 0.0000000000
78013  -36.858  10.296  27.905 0.0000000000
78012  -36.491  10.002  28.590 0.0000000000
77375  -36.016  9.232  28.822 0.0000000000
75316  -42.365  6.393  36.246 0.0000000000
98042  -39.969  9.386  30.529 0.0000000000
104396  -41.600  27.326  29.264 0.0000000000
85778  -42.799  25.680  30.028 0.0000000000
85794  -40.849  25.052  28.850 0.0000000000
84913  -39.903  23.831  26.385 0.0000000000
84933  -39.924  23.930  24.111 0.0000000000
83951  -39.059  21.676  24.185 0.0000000000
84932  -39.147  23.826  24.237 0.0000000000
74689  -46.758  4.556  41.329 0.0000000000
103990  -45.664  6.285  40.887 0.0000000000
76617  -45.873  7.900  38.661 0.0000000000
89012  -26.736  32.525  28.719 0.0000000000
88554  -34.301  32.274  27.671 0.0000000000
89467  -37.146  33.968  26.957 0.0000000000
89473  -37.819  34.095  26.209 0.0000000000
77965  -41.588  10.832  35.724 0.0000000000
79112  -42.054  13.378  33.541 0.0000000000
79677  -42.592  14.501  33.089 0.0000000000
83911  -36.091  21.521  30.706 0.0000000000
83029  -41.975  19.643  26.576 0.0000000000
83027  -40.105  19.076  27.707 0.0000000000
82017  -40.740  17.716  26.489 0.0000000000
80948  -40.514  15.865  26.545 0.0000000000
80378  -40.493  14.934  27.177 0.0000000000
79742  -41.351  13.639  27.489 0.0000000000
107847  -41.797  13.744  25.887 0.0000000000
79760  -42.866  13.393  24.626 0.0000000000
78617  -43.656  11.849  23.417 0.0000000000
78044  -43.167  10.012  23.665 0.0000000000
78062  -41.467  11.081  21.942 0.0000000000
78625  -39.893  11.231  21.869 0.0000000000
78614  -38.500  11.420  22.916 0.0000000000
80384  -34.869  14.490  25.965 0.0000000000
80317  -36.584  14.627  33.283 0.0000000000
86249  -36.670  26.184  31.471 0.0000000000
85310  -36.881  25.150  31.297 0.0000000000
85765  -38.779  25.454  31.061 0.0000000000
99224  -40.012  23.673  30.184 0.0000000000
83924  -42.600  21.796  29.530 0.0000000000
84898  -42.759  23.709  29.871 0.0000000000
83933  -43.387  21.659  28.582 0.0000000000
83496  -42.637  20.442  27.422 0.0000000000
83038  -42.437  19.256  25.134 0.0000000000
82545  -41.808  17.982  22.358 0.0000000000
82036  -40.973  16.658  22.437 0.0000000000
80962  -39.806  15.298  23.874 0.0000000000
82026  -39.365  17.148  24.336 0.0000000000
82025  -37.990  17.436  25.534 0.0000000000
101726  -36.960  17.256  26.288 0.0000000000
83045  -37.901  20.007  25.419 0.0000000000
82525  -36.894  18.626  26.448 0.0000000000
74138  -46.432  4.340  40.095 0.0000000000
74711  -44.482  5.147  38.459 0.0000000000
75303  -43.150  5.817  37.241 0.0000000000
75327  -43.764  6.537  35.763 0.0000000000
75940  -44.609  6.785  34.969 0.0000000000
76643  -44.771  7.426  33.662 0.0000000000
85737  -27.945  25.937  32.871 0.0000000000
87180  -27.475  27.933  31.436 0.0000000000
86235  -29.182  26.224  32.184 0.0000000000
86243  -30.393  26.494  31.478 0.0000000000
86258  -31.685  26.819  30.758 0.0000000000
86260  -33.451  26.708  30.499 0.0000000000
88539  -29.425  31.689  28.537 0.0000000000
104547  -31.326  29.547  29.039 0.0000000000
87197  -32.724  28.559  29.279 0.0000000000
86731  -34.693  27.335  29.918 0.0000000000
86732  -36.257  27.315  30.273 0.0000000000
87189  -37.812  28.209  30.252 0.0000000000
87190  -39.784  28.569  30.519 0.0000000000
88089  -36.062  30.765  28.492 0.0000000000
87645  -38.192  29.805  29.415 0.0000000000
87203  -40.219  29.292  29.732 0.0000000000
87209  -40.818  28.834  28.889 0.0000000000
86761  -39.892  28.512  28.072 0.0000000000
87659  -38.511  29.635  27.060 0.0000000000
88095  -37.967  30.032  26.521 0.0000000000
89474  -38.445  32.993  25.875 0.0000000000
77309  -45.399  9.028  38.150 0.0000000000
77320  -45.269  8.420  36.903 0.0000000000
101780  -42.471  10.491  35.427 0.0000000000
77319  -44.632  9.189  36.306 0.0000000000
77328  -45.704  8.146  35.684 0.0000000000
98939  -46.313  8.083  34.496 0.0000000000
76656  -46.421  7.852  33.222 0.0000000000
76666  -45.454  8.250  32.316 0.0000000000
80329  -37.151  14.054  31.979 0.0000000000
104919  -37.296  23.123  30.355 0.0000000000
83913  -37.239  21.460  29.981 0.0000000000
83011  -36.956  19.491  29.883 0.0000000000
109123  -38.681  19.011  28.725 0.0000000000
82511  -38.015  18.901  29.140 0.0000000000
104922  -37.042  18.021  29.667 0.0000000000
80922  -36.992  16.007  29.929 0.0000000000
80352  -37.343  14.562  30.344 0.0000000000
79697  -38.435  13.595  31.414 0.0000000000
107469  -40.271  13.649  31.648 0.0000000000
80344  -41.959  14.703  32.212 0.0000000000
79702  -44.451  14.545  31.746 0.0000000000
79734  -42.691  12.873  28.506 0.0000000000
79726  -43.990  13.125  30.267 0.0000000000
79128  -45.075  12.864  31.336 0.0000000000
78569  -45.125  11.523  30.821 0.0000000000
77371  -45.134  9.831  30.709 0.0000000000
102375  -44.084  9.276  30.986 0.0000000000
77369  -42.722  9.492  30.525 0.0000000000
98304  -40.930  9.557  29.659 0.0000000000
77377  -39.820  9.238  29.030 0.0000000000
77416  -41.758  9.343  25.666 0.0000000000
77397  -40.388  9.120  26.848 0.0000000000
77388  -39.618  8.738  28.173 0.0000000000
76694  -38.960  7.483  26.381 0.0000000000
75997  -38.171  7.219  25.703 0.0000000000
80402  -39.064  14.510  23.841 0.0000000000
79767  -37.356  13.197  23.981 0.0000000000
78604  -37.676  11.725  24.126 0.0000000000
79170  -35.646  13.091  25.724 0.0000000000
79164  -37.037  11.980  25.750 0.0000000000
78596  -37.702  11.403  25.179 0.0000000000
107625  -37.629  10.435  26.267 0.0000000000
77396  -36.989  8.927  26.424 0.0000000000
86295  -38.056  27.118  27.978 0.0000000000
85792  -38.354  25.483  27.868 0.0000000000
86278  -37.610  26.180  27.708 0.0000000000
80320  -39.922  14.396  33.837 0.0000000000
115320  -38.869  14.355  33.370 0.0000000000
85754  -35.210  25.724  31.668 0.0000000000
107667  -34.817  25.270  32.037 0.0000000000
109636  -35.534  25.371  31.747 0.0000000000
81526  -41.042  16.207  22.828 0.0000000000
107461  -41.287  16.126  23.526 0.0000000000
80963  -40.972  15.563  23.334 0.0000000000
80404  -41.171  14.874  23.364 0.0000000000
80403  -40.425  14.925  23.584 0.0000000000
86721  -40.772  27.359  31.299 0.0000000000
86253  -41.062  26.710  31.256 0.0000000000
86264  -42.002  26.526  30.755 0.0000000000
98076  -41.651  22.950  24.244 0.0000000000
84450  -41.558  22.545  23.546 0.0000000000
83960  -42.252  21.627  23.498 0.0000000000
83959  -41.397  21.668  23.045 0.0000000000
83513  -40.423  20.610  23.034 0.0000000000
83958  -40.690  21.656  23.113 0.0000000000
73577  -46.147  2.967  42.496 0.0000000000
76620  -45.978  7.381  37.727 0.0000000000
75306  -46.136  6.460  37.452 0.0000000000
88533  -27.421  31.100  29.373 0.0000000000
87636  -27.631  30.347  29.720 0.0000000000
88074  -28.251  30.793  29.305 0.0000000000
87638  -29.248  29.652  29.595 0.0000000000
88075  -29.064  30.450  29.251 0.0000000000
89023  -32.449  32.414  27.637 0.0000000000
88553  -32.915  31.557  27.818 0.0000000000
104263  -32.878  30.847  28.065 0.0000000000
88543  -33.604  30.928  28.032 0.0000000000
88088  -34.416  30.617  28.252 0.0000000000
88544  -34.445  31.441  27.965 0.0000000000
89028  -37.566  32.578  27.597 0.0000000000
114717  -37.340  32.391  28.027 0.0000000000
89017  -37.977  32.027  28.031 0.0000000000
116092  -38.649  31.049  28.049 0.0000000000
88557  -38.519  31.341  27.657 0.0000000000
79083  -41.523  12.344  37.654 0.0000000000
78500  -43.999  12.000  38.266 0.0000000000
78509  -42.985  11.373  37.584 0.0000000000
79114  -43.896  12.428  32.886 0.0000000000
78548  -44.529  11.403  33.016 0.0000000000
78554  -44.613  12.292  32.441 0.0000000000
108714  -35.673  20.034  30.889 0.0000000000
82993  -35.427  19.430  31.065 0.0000000000
82502  -35.540  18.753  30.964 0.0000000000
82503  -36.124  18.645  30.460 0.0000000000
83476  -41.414  21.203  29.320 0.0000000000
83475  -40.030  20.895  29.186 0.0000000000
80377  -39.818  15.134  27.871 0.0000000000
80369  -39.419  14.609  28.595 0.0000000000
80368  -38.832  14.813  28.983 0.0000000000
79731  -39.884  13.829  29.000 0.0000000000
79732  -40.695  13.761  28.264 0.0000000000
97791  -44.173  11.296  25.773 0.0000000000
78030  -44.296  11.913  26.546 0.0000000000
78029  -44.218  10.960  26.607 0.0000000000
78021  -44.164  10.564  27.335 0.0000000000
111695  -43.941  10.349  26.682 0.0000000000
77400  -43.748  10.050  27.220 0.0000000000
77418  -43.648  10.012  25.364 0.0000000000
78042  -38.873  9.681  24.092 0.0000000000
78036  -38.653  9.574  24.635 0.0000000000
80955  -36.645  14.986  25.405 0.0000000000
80954  -35.678  14.715  25.669 0.0000000000
78580  -36.750  10.985  28.436 0.0000000000
78575  -36.312  10.808  29.270 0.0000000000
78006  -36.074  10.030  29.518 0.0000000000
113322  -35.889  10.716  29.897 0.0000000000
101844  -42.466  6.715  35.679 0.0000000000
76662  -40.104  9.107  32.130 0.0000000000
77359  -40.532  9.464  30.991 0.0000000000
86281  -41.134  26.378  29.031 0.0000000000
85345  -39.310  24.259  27.009 0.0000000000
84923  -39.862  24.099  24.957 0.0000000000
84922  -39.024  24.248  24.694 0.0000000000
84931  -37.697  24.209  24.833 0.0000000000
74701  -44.786  5.791  41.358 0.0000000000
75922  -46.236  7.292  39.256 0.0000000000
89011  -25.844  32.731  28.907 0.0000000000
89873  -36.748  34.876  27.365 0.0000000000
89882  -37.485  35.199  26.766 0.0000000000
90287  -37.173  36.310  27.514 0.0000000000
79675  -40.690  14.278  33.769 0.0000000000
79111  -41.148  13.352  33.936 0.0000000000
79676  -41.632  14.389  33.423 0.0000000000
80322  -42.050  14.964  32.954 0.0000000000
85742  -32.265  25.253  32.492 0.0000000000
83037  -41.768  18.914  26.089 0.0000000000
82527  -41.266  18.325  26.241 0.0000000000
80949  -41.134  15.784  24.945 0.0000000000
81519  -40.924  16.329  25.935 0.0000000000
80939  -40.815  15.391  26.192 0.0000000000
79750  -41.329  13.979  26.460 0.0000000000
80386  -41.451  14.317  25.285 0.0000000000
99431  -42.285  14.113  22.619 0.0000000000
79771  -42.248  13.998  23.666 0.0000000000
79781  -42.883  13.543  22.654 0.0000000000
112526  -43.420  13.057  23.407 0.0000000000
79188  -43.334  12.734  22.873 0.0000000000
78616  -43.172  11.681  22.844 0.0000000000
79196  -42.300  13.240  21.724 0.0000000000
100715  -39.981  12.958  22.146 0.0000000000
79194  -40.348  12.332  21.764 0.0000000000
79186  -39.221  11.964  22.268 0.0000000000
78615  -39.170  10.804  22.442 0.0000000000
79185  -38.445  12.167  22.927 0.0000000000
85756  -37.304  25.931  31.531 0.0000000000
85757  -38.309  26.151  31.464 0.0000000000
84886  -41.496  23.983  30.326 0.0000000000
85318  -40.196  24.465  30.493 0.0000000000
84403  -41.957  22.530  29.879 0.0000000000
85337  -42.236  24.453  29.387 0.0000000000
85329  -42.914  24.961  30.106 0.0000000000
84432  -43.185  21.776  26.312 0.0000000000
84422  -43.187  21.880  27.678 0.0000000000
83939  -43.445  21.341  27.349 0.0000000000
83497  -43.353  21.109  28.134 0.0000000000
83505  -43.416  20.884  26.731 0.0000000000
83504  -42.812  20.245  25.867 0.0000000000
83054  -41.779  18.899  22.159 0.0000000000
83048  -42.254  18.734  23.383 0.0000000000
82029  -41.301  17.178  22.358 0.0000000000
82543  -40.826  17.368  22.470 0.0000000000
82027  -40.583  16.801  22.997 0.0000000000
82021  -38.678  18.125  24.968 0.0000000000
83511  -38.405  20.780  24.842 0.0000000000
83503  -37.579  20.813  25.468 0.0000000000
83034  -36.709  19.409  26.509 0.0000000000
74703  -46.812  5.167  40.698 0.0000000000
74134  -46.952  4.417  41.045 0.0000000000
74139  -46.856  4.725  40.441 0.0000000000
75305  -45.624  5.988  37.036 0.0000000000
74712  -45.939  5.357  38.562 0.0000000000
74719  -45.149  5.620  37.724 0.0000000000
74718  -43.707  5.521  37.774 0.0000000000
75317  -43.433  6.162  36.600 0.0000000000
75941  -45.880  6.919  34.832 0.0000000000
75950  -45.367  6.996  34.301 0.0000000000
112233  -25.061  27.644  33.315 0.0000000000
86228  -25.742  26.492  33.672 0.0000000000
86707  -25.786  27.211  33.046 0.0000000000
86230  -27.195  26.076  33.076 0.0000000000
86233  -26.688  27.174  32.467 0.0000000000
88527  -24.559  31.595  31.257 0.0000000000
87631  -25.662  29.951  30.819 0.0000000000
98504  -27.889  29.002  30.474 0.0000000000
112321  -27.597  28.536  30.924 0.0000000000
115919  -28.089  28.063  31.055 0.0000000000
86240  -28.078  26.894  31.990 0.0000000000
86717  -29.149  27.312  31.255 0.0000000000
86242  -29.568  26.651  31.612 0.0000000000
86718  -29.984  27.156  31.078 0.0000000000
87187  -31.026  28.198  29.933 0.0000000000
86727  -31.313  27.478  30.391 0.0000000000
86728  -32.136  27.368  30.239 0.0000000000
86259  -32.567  26.756  30.624 0.0000000000
86729  -32.979  27.329  30.042 0.0000000000
88084  -30.372  30.626  28.737 0.0000000000
88085  -31.094  30.720  28.526 0.0000000000
115698  -33.483  29.103  28.815 0.0000000000
87641  -32.979  29.126  28.843 0.0000000000
87198  -33.431  28.703  29.078 0.0000000000
86742  -33.383  28.007  29.508 0.0000000000
86743  -34.245  27.926  29.535 0.0000000000
112598  -35.409  27.468  29.931 0.0000000000
86744  -35.024  27.950  29.527 0.0000000000
87643  -35.920  29.219  29.078 0.0000000000
87188  -36.798  28.093  29.896 0.0000000000
87202  -37.455  28.920  29.675 0.0000000000
109714  -38.725  28.203  30.557 0.0000000000
88555  -35.405  32.116  27.906 0.0000000000
88545  -36.271  31.600  28.304 0.0000000000
88090  -38.324  30.864  28.624 0.0000000000
88078  -37.844  30.492  28.965 0.0000000000
87646  -39.283  29.856  29.361 0.0000000000
87648  -40.525  29.221  29.087 0.0000000000
87647  -39.957  29.661  28.962 0.0000000000
87661  -39.578  29.566  27.867 0.0000000000
87215  -40.005  29.030  28.002 0.0000000000
87214  -39.288  29.124  27.609 0.0000000000
88102  -37.960  30.523  26.149 0.0000000000
77940  -45.451  10.706  39.122 0.0000000000
77948  -45.264  10.144  38.536 0.0000000000
77308  -44.779  9.489  37.470 0.0000000000
77975  -44.335  10.064  34.338 0.0000000000
77966  -43.405  10.096  35.132 0.0000000000
77327  -44.791  9.291  35.229 0.0000000000
77341  -46.347  8.926  32.643 0.0000000000
76667  -46.309  8.271  32.712 0.0000000000
77352  -46.091  8.799  31.969 0.0000000000
81479  -35.508  16.474  31.259 0.0000000000
80341  -35.698  14.878  32.136 0.0000000000
84884  -37.926  23.745  30.369 0.0000000000
84883  -37.018  23.735  30.699 0.0000000000
84392  -37.963  22.858  30.032 0.0000000000
83921  -38.092  21.163  29.598 0.0000000000
83473  -37.260  20.456  29.814 0.0000000000
83012  -37.692  19.604  29.490 0.0000000000
82521  -39.671  18.490  27.820 0.0000000000
83019  -39.486  19.233  28.311 0.0000000000
82517  -39.010  18.391  28.313 0.0000000000
82009  -38.067  17.449  28.878 0.0000000000
82516  -38.338  18.241  28.766 0.0000000000
82515  -37.691  18.118  29.217 0.0000000000
82003  -37.420  17.343  29.373 0.0000000000
82002  -36.799  17.265  29.876 0.0000000000
81493  -37.204  16.604  29.630 0.0000000000
80361  -38.398  14.496  29.490 0.0000000000
80353  -37.948  14.208  30.091 0.0000000000
79696  -37.683  13.803  31.267 0.0000000000
101757  -38.738  13.488  30.732 0.0000000000
79698  -39.369  13.501  31.418 0.0000000000
79711  -41.773  13.282  30.457 0.0000000000
79699  -41.150  13.634  31.354 0.0000000000
79700  -42.485  14.096  31.429 0.0000000000
79701  -43.752  14.666  31.641 0.0000000000
100807  -41.984  13.424  26.731 0.0000000000
79743  -42.250  13.125  27.644 0.0000000000
79158  -44.134  12.210  28.153 0.0000000000
79150  -43.931  12.390  28.738 0.0000000000
79140  -44.221  12.605  29.789 0.0000000000
110720  -44.454  13.339  30.653 0.0000000000
79134  -44.775  12.658  30.496 0.0000000000
78576  -44.846  11.361  29.955 0.0000000000
109503  -44.356  10.026  29.294 0.0000000000
77382  -44.661  9.845  29.966 0.0000000000
116171  -44.774  9.615  30.622 0.0000000000
77370  -43.884  9.569  30.163 0.0000000000
77361  -42.601  9.313  31.227 0.0000000000
77380  -42.799  9.619  29.662 0.0000000000
77399  -42.255  9.626  27.968 0.0000000000
77379  -41.713  9.586  29.028 0.0000000000
77378  -40.563  9.453  28.959 0.0000000000
77398  -41.017  9.479  27.997 0.0000000000
77442  -42.270  9.573  23.219 0.0000000000
99656  -41.936  9.260  24.710 0.0000000000
77429  -41.460  9.072  23.759 0.0000000000
77408  -39.895  8.752  25.561 0.0000000000
112415  -40.145  8.973  25.129 0.0000000000
76695  -39.814  8.671  27.134 0.0000000000
110784  -39.457  8.143  27.196 0.0000000000
76700  -39.366  7.934  26.025 0.0000000000
76699  -38.599  7.714  25.274 0.0000000000
112032  -37.620  7.778  25.151 0.0000000000
111438  -36.881  8.126  25.499 0.0000000000
113504  -38.658  15.450  24.536 0.0000000000
80394  -38.344  14.835  24.460 0.0000000000
79766  -36.732  13.667  24.560 0.0000000000
79178  -37.345  12.477  23.961 0.0000000000
79172  -37.051  12.287  24.678 0.0000000000
79756  -34.704  13.892  25.903 0.0000000000
79757  -35.294  13.606  25.630 0.0000000000
78592  -37.553  11.157  26.205 0.0000000000
78586  -37.337  10.917  27.051 0.0000000000
77387  -36.720  9.572  27.566 0.0000000000
112092  -36.417  8.887  27.088 0.0000000000
76693  -36.111  8.285  26.029 0.0000000000
75939  -43.071  6.957  35.144 0.0000000000
75948  -42.248  7.505  34.644 0.0000000000
76641  -41.418  8.038  34.076 0.0000000000
86280  -39.854  26.716  28.561 0.0000000000
85793  -39.540  25.669  28.492 0.0000000000
85355  -38.536  24.528  25.587 0.0000000000
85354  -37.634  24.930  25.648 0.0000000000
101962  -40.552  14.549  33.394 0.0000000000
80332  -40.760  14.743  33.014 0.0000000000
85752  -33.571  25.669  31.818 0.0000000000
85744  -34.039  25.250  32.269 0.0000000000
84874  -35.550  23.856  31.548 0.0000000000
81520  -41.288  16.135  24.074 0.0000000000
80395  -41.107  15.086  24.261 0.0000000000
79770  -41.648  14.590  23.056 0.0000000000
79779  -41.620  14.144  22.266 0.0000000000
79790  -41.827  13.666  21.718 0.0000000000
79778  -40.435  13.833  22.477 0.0000000000
86719  -38.794  27.159  31.513 0.0000000000
85758  -39.355  26.183  31.385 0.0000000000
85759  -40.341  26.223  31.294 0.0000000000
85767  -41.395  25.918  30.991 0.0000000000
84887  -42.646  24.382  30.222 0.0000000000
84914  -40.917  23.253  27.158 0.0000000000
84412  -42.283  22.508  27.878 0.0000000000
108586  -42.527  22.409  25.168 0.0000000000
84443  -43.160  21.734  25.195 0.0000000000
83515  -43.298  20.836  25.225 0.0000000000
83521  -42.733  20.715  23.773 0.0000000000
113410  -41.633  19.825  22.292 0.0000000000
83053  -41.021  19.406  22.261 0.0000000000
108345  -40.432  18.435  22.809 0.0000000000
83047  -39.832  19.620  23.597 0.0000000000
83046  -38.787  19.835  24.744 0.0000000000
73584  -46.167  3.641  40.637 0.0000000000
75299  -46.596  6.301  39.496 0.0000000000
74713  -46.516  5.675  38.978 0.0000000000
75318  -45.049  6.315  36.297 0.0000000000
87175  -25.123  28.731  32.371 0.0000000000
88531  -25.648  31.612  29.943 0.0000000000
88069  -26.243  30.329  30.299 0.0000000000
88073  -26.842  30.660  29.814 0.0000000000
87633  -27.785  29.611  30.119 0.0000000000
87185  -28.333  28.513  30.632 0.0000000000
86725  -29.563  27.858  30.649 0.0000000000
87186  -29.546  28.870  29.964 0.0000000000
87195  -30.406  28.851  29.699 0.0000000000
88551  -31.484  32.442  27.815 0.0000000000
110734  -31.799  30.761  28.360 0.0000000000
88086  -32.431  30.476  28.364 0.0000000000
88087  -33.140  30.299  28.309 0.0000000000
87207  -34.038  29.049  28.870 0.0000000000
87654  -34.306  29.815  28.536 0.0000000000
87655  -35.976  29.920  28.766 0.0000000000
88556  -36.593  32.373  28.067 0.0000000000
88546  -37.359  31.822  28.363 0.0000000000
88548  -38.796  30.706  28.355 0.0000000000
88080  -39.340  30.150  28.707 0.0000000000
87660  -39.117  30.039  27.431 0.0000000000
113127  -38.707  30.908  27.050 0.0000000000
79644  -41.263  13.159  38.030 0.0000000000
79075  -42.397  12.969  38.174 0.0000000000
79076  -43.727  12.826  38.404 0.0000000000
77939  -45.168  11.013  38.704 0.0000000000
78539  -42.316  11.436  34.225 0.0000000000
77981  -43.560  10.940  33.868 0.0000000000
77983  -45.676  10.207  32.463 0.0000000000
99453  -45.618  10.546  31.818 0.0000000000
108666  -35.128  18.140  31.385 0.0000000000
111484  -35.752  17.053  30.874 0.0000000000
81485  -36.066  16.462  30.705 0.0000000000
84401  -38.921  22.594  29.765 0.0000000000
83922  -39.179  21.759  29.535 0.0000000000
104686  -38.991  20.941  29.357 0.0000000000
83474  -39.020  20.269  29.101 0.0000000000
113046  -39.153  17.148  27.987 0.0000000000
81503  -39.297  16.436  27.912 0.0000000000
114654  -38.758  16.205  28.412 0.0000000000
81495  -38.320  16.045  28.815 0.0000000000
80923  -37.630  15.832  29.452 0.0000000000
80924  -38.308  15.272  29.127 0.0000000000
79722  -39.356  13.697  29.694 0.0000000000
79709  -39.323  13.466  30.380 0.0000000000
97511  -39.982  13.425  29.888 0.0000000000
79724  -42.244  13.023  29.439 0.0000000000
79744  -43.613  12.845  26.407 0.0000000000
117114  -43.616  12.704  27.136 0.0000000000
114011  -43.980  12.500  26.887 0.0000000000
78587  -44.250  12.120  27.466 0.0000000000
106114  -44.359  11.679  28.137 0.0000000000
101528  -44.525  11.219  28.989 0.0000000000
78015  -44.360  10.840  28.101 0.0000000000
104309  -44.375  10.362  28.777 0.0000000000
78007  -43.947  9.900  28.698 0.0000000000
77391  -43.416  9.804  27.953 0.0000000000
112452  -42.914  9.704  27.090 0.0000000000
77439  -39.855  9.270  23.363 0.0000000000
77428  -40.356  8.933  23.913 0.0000000000
77427  -39.555  9.134  24.129 0.0000000000
77414  -39.469  8.815  24.822 0.0000000000
77407  -39.113  8.248  25.152 0.0000000000
77413  -38.944  8.701  24.840 0.0000000000
78027  -37.923  9.478  25.525 0.0000000000
80956  -37.676  15.241  25.058 0.0000000000
79154  -35.459  12.770  27.489 0.0000000000
79162  -35.553  12.892  26.630 0.0000000000
79155  -36.304  12.279  27.410 0.0000000000
78585  -36.906  11.432  27.690 0.0000000000
78581  -37.047  10.736  27.676 0.0000000000
112960  -35.736  8.686  28.029 0.0000000000
77374  -35.665  9.263  29.656 0.0000000000
74731  -42.112  5.892  37.009 0.0000000000
86746  -42.001  27.429  29.887 0.0000000000
86265  -42.501  26.267  30.148 0.0000000000
86268  -42.250  26.439  29.680 0.0000000000
85795  -42.277  25.513  29.550 0.0000000000
101800  -40.549  24.158  28.304 0.0000000000
84905  -40.400  23.733  27.592 0.0000000000
112479  -40.446  23.543  25.831 0.0000000000
84924  -40.781  23.545  24.669 0.0000000000
84441  -40.760  23.331  23.756 0.0000000000
83957  -39.927  22.471  23.550 0.0000000000
84440  -39.972  23.408  23.691 0.0000000000
84439  -39.013  22.858  24.082 0.0000000000
84438  -37.932  23.175  24.700 0.0000000000
116223  -38.446  24.173  24.636 0.0000000000
74124  -45.920  3.764  42.413 0.0000000000
74688  -46.286  4.430  41.796 0.0000000000
74702  -46.073  5.205  41.358 0.0000000000
75290  -46.567  6.233  40.155 0.0000000000
75924  -46.199  7.039  38.268 0.0000000000
89003  -24.939  32.216  30.277 0.0000000000
89008  -25.381  32.428  29.591 0.0000000000
88536  -26.230  32.083  29.287 0.0000000000
88537  -27.117  31.845  29.061 0.0000000000
89466  -36.504  33.773  27.500 0.0000000000
107030  -37.145  33.227  27.319 0.0000000000
89032  -37.764  32.972  26.778 0.0000000000
79106  -40.649  12.235  34.588 0.0000000000
78546  -41.597  12.299  34.043 0.0000000000
99705  -42.399  12.382  33.664 0.0000000000
79113  -43.113  13.254  33.076 0.0000000000
79689  -43.591  14.567  32.496 0.0000000000
83901  -35.583  21.276  31.048 0.0000000000
83462  -35.929  20.762  30.737 0.0000000000
107149  -41.453  19.947  27.498 0.0000000000
83020  -40.528  19.853  28.056 0.0000000000
83028  -40.965  19.186  27.120 0.0000000000
82522  -40.375  18.475  27.202 0.0000000000
108509  -39.985  17.942  27.357 0.0000000000
103762  -40.094  17.100  27.111 0.0000000000
81510  -40.119  16.329  27.114 0.0000000000
115899  -40.294  15.457  27.164 0.0000000000
79741  -40.804  14.255  27.293 0.0000000000
79751  -42.694  13.301  25.869 0.0000000000
79759  -42.008  13.826  24.927 0.0000000000
79752  -43.636  12.981  25.416 0.0000000000
79761  -43.616  12.996  24.315 0.0000000000
106362  -43.794  12.373  23.981 0.0000000000
78606  -43.852  11.340  24.114 0.0000000000
77431  -43.430  9.919  24.535 0.0000000000
78056  -43.474  10.936  23.487 0.0000000000
78055  -42.802  10.509  22.923 0.0000000000
78054  -41.696  10.173  22.451 0.0000000000
79195  -41.375  12.831  21.592 0.0000000000
114255  -40.305  10.839  21.876 0.0000000000
78060  -39.979  10.264  22.186 0.0000000000
78052  -39.444  9.895  22.891 0.0000000000
113471  -38.732  10.439  23.380 0.0000000000
78605  -38.200  11.282  23.614 0.0000000000
80945  -35.221  15.290  26.231 0.0000000000
79748  -34.191  13.742  26.609 0.0000000000
79740  -34.775  13.212  27.008 0.0000000000
79146  -34.824  12.965  28.033 0.0000000000
116383  -35.126  12.587  28.622 0.0000000000
79138  -35.340  12.197  29.200 0.0000000000
86248  -35.705  26.171  31.295 0.0000000000
85755  -36.323  25.637  31.542 0.0000000000
85764  -37.777  25.363  31.176 0.0000000000
107252  -38.296  24.651  30.698 0.0000000000
115443  -39.199  24.798  30.667 0.0000000000
113740  -39.732  23.054  29.920 0.0000000000
84402  -40.210  22.488  29.733 0.0000000000
83932  -42.378  21.008  29.141 0.0000000000
85779  -42.869  25.432  30.131 0.0000000000
85320  -42.834  25.048  30.258 0.0000000000
84413  -43.089  22.616  29.254 0.0000000000
84404  -42.927  22.632  29.552 0.0000000000
83487  -43.238  21.422  29.049 0.0000000000
110816  -42.935  20.868  28.620 0.0000000000
83495  -41.770  20.455  28.299 0.0000000000
82528  -42.124  18.293  24.841 0.0000000000
83514  -42.694  19.941  24.307 0.0000000000
82536  -41.986  17.597  23.350 0.0000000000
81525  -40.205  16.332  23.604 0.0000000000
81524  -38.763  16.548  24.775 0.0000000000
82534  -39.864  17.748  23.646 0.0000000000
81518  -37.582  16.576  25.665 0.0000000000
81517  -36.591  16.417  26.257 0.0000000000
83952  -39.865  21.463  23.565 0.0000000000
83035  -37.228  19.967  26.016 0.0000000000
116995  -37.606  19.568  25.765 0.0000000000
82526  -37.658  18.408  25.847 0.0000000000
112050  -46.639  3.851  41.643 0.0000000000
74133  -46.881  3.987  40.968 0.0000000000
74706  -46.655  5.027  39.476 0.0000000000
74145  -45.560  4.722  39.198 0.0000000000
74717  -42.503  5.431  37.716 0.0000000000
75949  -43.813  7.233  34.416 0.0000000000
76654  -44.291  7.940  32.952 0.0000000000
87176  -25.959  28.229  32.065 0.0000000000
87183  -26.091  29.262  31.079 0.0000000000
87179  -26.668  28.525  31.374 0.0000000000
86714  -26.727  27.784  31.929 0.0000000000
86715  -27.457  27.291  31.944 0.0000000000
101423  -28.382  26.377  32.340 0.0000000000
85739  -29.603  25.632  32.612 0.0000000000
86236  -29.985  26.029  32.022 0.0000000000
85749  -30.837  25.849  31.914 0.0000000000
85750  -31.737  25.710  31.857 0.0000000000
86257  -30.824  26.959  30.903 0.0000000000
86244  -32.144  26.229  31.261 0.0000000000
86245  -33.052  26.174  31.178 0.0000000000
86246  -33.948  26.157  31.127 0.0000000000
86247  -34.833  26.165  31.133 0.0000000000
88082  -28.856  31.214  28.889 0.0000000000
88076  -29.948  30.077  29.136 0.0000000000
87639  -30.621  29.487  29.290 0.0000000000
98437  -31.235  28.934  29.397 0.0000000000
87651  -31.745  30.033  28.594 0.0000000000
87640  -32.091  29.188  29.021 0.0000000000
86741  -32.487  27.911  29.721 0.0000000000
86261  -34.348  26.708  30.450 0.0000000000
109359  -36.229  26.601  30.872 0.0000000000
86263  -37.093  26.889  30.942 0.0000000000
86745  -35.848  28.014  29.685 0.0000000000
115739  -37.203  27.552  30.432 0.0000000000
86733  -38.124  27.446  30.984 0.0000000000
86734  -39.250  27.782  31.081 0.0000000000
103582  -35.289  31.121  28.216 0.0000000000
103468  -36.854  31.212  28.566 0.0000000000
88077  -36.883  30.537  28.764 0.0000000000
114040  -38.775  29.062  30.018 0.0000000000
87191  -40.959  28.612  30.262 0.0000000000
87192  -41.495  28.243  29.833 0.0000000000
109169  -41.351  28.236  29.101 0.0000000000
87657  -40.180  29.201  28.480 0.0000000000
87208  -40.555  28.644  28.459 0.0000000000
86749  -39.310  27.476  28.241 0.0000000000
89033  -38.606  32.052  26.367 0.0000000000
89036  -39.073  32.031  25.643 0.0000000000
76612  -45.372  9.285  39.536 0.0000000000
77306  -45.563  9.839  39.009 0.0000000000
76616  -45.685  8.874  38.924 0.0000000000
76619  -45.656  8.249  38.172 0.0000000000
106477  -45.635  7.853  37.322 0.0000000000
77956  -41.613  11.023  36.463 0.0000000000
77957  -42.501  10.510  36.328 0.0000000000
77318  -43.441  9.914  35.847 0.0000000000
76629  -45.894  7.403  36.185 0.0000000000
76634  -46.223  7.314  35.126 0.0000000000
100889  -46.398  7.300  34.306 0.0000000000
77335  -46.420  8.516  33.515 0.0000000000
76644  -46.508  7.806  33.687 0.0000000000
75951  -46.135  7.345  33.771 0.0000000000
76655  -45.795  7.726  33.001 0.0000000000
76665  -43.793  8.475  32.328 0.0000000000
80316  -35.760  14.789  32.970 0.0000000000
80328  -36.389  14.489  32.431 0.0000000000
85315  -36.715  24.372  31.098 0.0000000000
103314  -36.634  23.033  30.650 0.0000000000
84391  -37.118  22.354  30.218 0.0000000000
84390  -36.311  22.281  30.683 0.0000000000
107785  -36.573  21.004  30.310 0.0000000000
83463  -36.372  20.063  30.342 0.0000000000
83003  -36.415  19.260  30.252 0.0000000000
83018  -39.029  19.659  28.796 0.0000000000
83013  -38.420  19.623  29.133 0.0000000000
82510  -37.344  18.807  29.547 0.0000000000
82509  -36.705  18.695  29.973 0.0000000000
107630  -36.423  17.939  30.171 0.0000000000
81998  -36.218  17.184  30.404 0.0000000000
80917  -36.488  15.732  30.503 0.0000000000
80918  -37.141  15.335  30.078 0.0000000000
80351  -36.702  14.877  30.699 0.0000000000
80343  -37.038  14.158  31.036 0.0000000000
79685  -37.978  13.761  31.989 0.0000000000
79686  -38.894  13.864  32.438 0.0000000000
79687  -40.001  13.980  32.429 0.0000000000
79688  -40.940  14.258  32.294 0.0000000000
99596  -40.093  13.366  30.823 0.0000000000
112603  -42.316  14.993  32.556 0.0000000000
80334  -42.864  14.976  32.438 0.0000000000
80335  -43.810  15.002  32.050 0.0000000000
79690  -44.410  14.677  32.060 0.0000000000
79733  -41.596  13.240  28.423 0.0000000000
79156  -43.219  12.788  27.745 0.0000000000
79149  -43.529  12.621  28.561 0.0000000000
79725  -43.326  12.824  29.464 0.0000000000
79713  -44.278  14.008  31.103 0.0000000000
79714  -44.779  13.793  31.227 0.0000000000
79691  -44.910  13.993  31.765 0.0000000000
78562  -45.303  11.560  31.558 0.0000000000
77996  -45.472  10.298  31.200 0.0000000000
78002  -45.070  10.456  30.355 0.0000000000
77362  -45.448  9.364  31.266 0.0000000000
77351  -44.941  8.725  31.594 0.0000000000
77350  -43.192  8.987  31.743 0.0000000000
77360  -41.495  9.477  30.975 0.0000000000
77368  -41.688  9.607  30.064 0.0000000000
77367  -40.755  9.517  30.355 0.0000000000
101028  -40.204  9.426  29.761 0.0000000000
77417  -42.848  9.574  25.261 0.0000000000
77415  -40.901  9.074  24.826 0.0000000000
97699  -40.753  9.143  25.855 0.0000000000
77389  -40.154  9.177  28.092 0.0000000000
77376  -39.295  8.792  29.103 0.0000000000
76688  -39.141  7.898  28.032 0.0000000000
79768  -38.438  13.588  23.588 0.0000000000
80401  -37.772  14.031  24.197 0.0000000000
79184  -38.017  12.688  23.442 0.0000000000
79179  -37.901  11.953  23.407 0.0000000000
80391  -35.335  14.026  25.438 0.0000000000
79171  -36.313  12.722  25.188 0.0000000000
78035  -38.106  10.327  25.390 0.0000000000
78020  -37.305  9.928  26.807 0.0000000000
76645  -46.481  8.183  33.127 0.0000000000
77300  -45.264  10.224  39.438 0.0000000000
77410  -43.483  9.899  26.251 0.0000000000
77430  -42.594  9.478  24.129 0.0000000000
77441  -41.360  9.338  22.915 0.0000000000
78045  -43.630  10.515  24.125 0.0000000000
78053  -40.714  9.695  22.480 0.0000000000
78061  -40.776  10.525  22.001 0.0000000000
78063  -42.357  11.312  22.275 0.0000000000
78598  -44.073  11.741  24.916 0.0000000000
78626  -40.810  11.540  21.705 0.0000000000
78627  -41.868  12.118  21.782 0.0000000000
78628  -42.787  12.533  22.175 0.0000000000
79121  -45.006  12.722  31.899 0.0000000000
79139  -43.824  12.612  29.410 0.0000000000
79151  -44.275  12.080  28.881 0.0000000000
79165  -44.060  12.555  26.024 0.0000000000
79173  -43.991  12.518  25.074 0.0000000000
79187  -42.836  13.342  22.163 0.0000000000
79708  -38.121  13.731  30.638 0.0000000000
79772  -42.989  13.450  23.552 0.0000000000
80333  -41.610  14.921  32.821 0.0000000000
80345  -42.962  15.048  32.118 0.0000000000
80385  -41.077  14.791  25.986 0.0000000000
81486  -36.620  16.543  30.161 0.0000000000
81502  -38.547  16.789  28.489 0.0000000000
82037  -40.774  16.770  22.787 0.0000000000
83455  -35.325  20.651  31.197 0.0000000000
83520  -41.876  20.670  22.831 0.0000000000
83912  -36.651  21.723  30.363 0.0000000000
83925  -43.333  22.054  29.250 0.0000000000
83953  -43.053  21.444  24.479 0.0000000000
84414  -43.374  22.131  28.790 0.0000000000
84896  -41.066  23.184  30.062 0.0000000000
85309  -36.047  24.729  31.515 0.0000000000
85316  -37.408  24.488  30.867 0.0000000000
85317  -39.010  24.097  30.353 0.0000000000
85319  -41.791  24.931  30.586 0.0000000000
86229  -26.560  26.552  33.044 0.0000000000
86234  -27.477  26.603  32.511 0.0000000000
86241  -28.769  26.804  31.786 0.0000000000
86251  -38.977  26.768  31.594 0.0000000000
86252  -39.993  26.808  31.547 0.0000000000
86262  -35.349  26.756  30.463 0.0000000000
86706  -25.035  27.094  33.784 0.0000000000
86710  -25.435  27.938  32.713 0.0000000000
86716  -28.258  27.449  31.465 0.0000000000
86726  -30.451  27.637  30.512 0.0000000000
86730  -33.844  27.308  29.931 0.0000000000
86735  -40.433  28.004  31.018 0.0000000000
86737  -42.037  27.066  30.470 0.0000000000
87196  -31.900  28.435  29.537 0.0000000000
87201  -36.371  28.729  29.422 0.0000000000
87204  -40.998  28.791  29.465 0.0000000000
87632  -26.396  29.723  30.572 0.0000000000
87637  -28.430  29.992  29.663 0.0000000000
87642  -35.044  29.299  28.836 0.0000000000
87650  -30.858  30.079  28.880 0.0000000000
87653  -33.480  29.607  28.583 0.0000000000
87656  -39.657  29.712  28.399 0.0000000000
88067  -24.807  31.009  30.998 0.0000000000
88068  -25.466  30.809  30.540 0.0000000000
88070  -26.997  29.964  30.163 0.0000000000
88072  -26.152  30.947  30.006 0.0000000000
88083  -29.659  30.904  28.820 0.0000000000
88542  -32.268  31.142  28.117 0.0000000000
89024  -33.372  32.374  27.600 0.0000000000
89448  -26.323  33.167  28.353 0.0000000000
98959  -25.762  28.821  31.665 0.0000000000
100050  -43.960  10.478  25.935 0.0000000000
100526  -31.252  26.321  31.344 0.0000000000
101939  -40.075  9.535  22.746 0.0000000000
101958  -29.057  28.451  30.434 0.0000000000
102788  -33.942  28.440  29.235 0.0000000000
108321  -37.338  19.182  26.050 0.0000000000
108474  -39.442  15.852  24.166 0.0000000000
109478  -41.607  27.160  30.951 0.0000000000
111868  -42.638  13.842  23.011 0.0000000000
112314  -24.611  32.080  30.848 0.0000000000
113128  -41.733  22.959  25.234 0.0000000000
113588  -37.592  14.018  30.645 0.0000000000
114019  -43.364  21.328  25.256 0.0000000000
116183  -29.555  28.366  30.313 0.0000000000
116859  -39.689  21.314  29.400 0.0000000000
