#!ascii label  , from subject sub-v1s23x0050568_ses-1 vox2ras=TkReg
476
96304  -22.808  -14.938  -5.253 0.0000000000
57462  -17.243  -19.246  -3.609 0.0000000000
56651  -25.076  -20.514  -5.027 0.0000000000
54184  -19.084  -23.413  -1.934 0.0000000000
69877  -23.087  -2.624  -6.197 0.0000000000
67268  -25.782  -6.384  -6.254 0.0000000000
63428  -19.256  -11.159  -8.010 0.0000000000
51644  -17.314  -26.646  1.210 0.0000000000
55772  -18.484  -21.111  -3.064 0.0000000000
54957  -16.327  -22.828  -0.884 0.0000000000
69263  -24.151  -4.162  -5.550 0.0000000000
66480  -20.234  -7.065  -7.916 0.0000000000
60452  -17.709  -15.931  -6.696 0.0000000000
96327  -16.394  -14.059  -6.871 0.0000000000
96316  -21.087  -13.672  -7.042 0.0000000000
106604  -24.779  -10.956  -5.915 0.0000000000
61920  -25.895  -13.264  -6.917 0.0000000000
108919  -25.410  -16.221  -8.054 0.0000000000
58963  -15.788  -17.686  -3.888 0.0000000000
58978  -19.491  -17.507  -5.507 0.0000000000
58973  -25.210  -17.371  -4.437 0.0000000000
57474  -20.957  -19.292  -4.091 0.0000000000
55764  -21.971  -21.732  -3.097 0.0000000000
105036  -22.708  -23.271  -2.193 0.0000000000
64894  -17.131  -9.356  -8.347 0.0000000000
65645  -22.192  -9.005  -6.766 0.0000000000
66481  -25.411  -8.424  -7.898 0.0000000000
52502  -15.891  -24.962  0.588 0.0000000000
52516  -18.075  -25.018  -0.358 0.0000000000
54964  -16.204  -21.972  -1.252 0.0000000000
54945  -15.057  -22.664  0.201 0.0000000000
67283  -20.187  -6.220  -7.791 0.0000000000
66478  -17.708  -7.117  -8.439 0.0000000000
97952  -20.638  -15.214  -6.638 0.0000000000
113894  -20.122  -14.883  -7.173 0.0000000000
96308  -22.109  -14.418  -5.841 0.0000000000
107123  -24.020  -13.024  -5.468 0.0000000000
61183  -25.134  -14.436  -5.274 0.0000000000
61189  -25.557  -14.774  -7.754 0.0000000000
60448  -25.746  -15.112  -5.540 0.0000000000
58201  -16.424  -18.186  -3.968 0.0000000000
58968  -17.260  -17.647  -4.798 0.0000000000
98240  -17.911  -18.590  -4.488 0.0000000000
58969  -20.793  -18.038  -4.886 0.0000000000
57472  -19.090  -19.435  -4.385 0.0000000000
98311  -18.617  -22.630  -2.295 0.0000000000
55774  -20.253  -21.322  -3.201 0.0000000000
54976  -20.480  -22.535  -2.563 0.0000000000
54977  -21.957  -22.636  -2.669 0.0000000000
54196  -20.712  -23.137  -2.164 0.0000000000
69271  -20.269  -3.479  -6.624 0.0000000000
69874  -20.477  -2.649  -6.444 0.0000000000
69876  -22.250  -2.031  -6.535 0.0000000000
70542  -22.935  -0.981  -6.807 0.0000000000
70538  -25.096  -1.800  -6.424 0.0000000000
68664  -25.459  -5.085  -5.690 0.0000000000
96334  -18.227  -12.469  -7.702 0.0000000000
63409  -16.915  -11.694  -7.693 0.0000000000
64148  -18.196  -10.303  -8.282 0.0000000000
64884  -19.947  -9.591  -8.097 0.0000000000
64132  -20.860  -10.540  -7.584 0.0000000000
108463  -25.751  -11.004  -6.997 0.0000000000
64874  -25.837  -9.624  -7.058 0.0000000000
64899  -25.255  -10.145  -9.016 0.0000000000
58216  -25.432  -18.880  -4.796 0.0000000000
96283  -25.751  -18.464  -6.435 0.0000000000
51643  -16.512  -26.368  1.418 0.0000000000
51653  -17.012  -25.921  0.807 0.0000000000
52515  -17.232  -24.794  -0.254 0.0000000000
52504  -18.366  -25.644  0.197 0.0000000000
56629  -15.642  -20.030  -2.097 0.0000000000
56640  -17.492  -19.999  -3.281 0.0000000000
55751  -16.389  -21.241  -1.856 0.0000000000
54974  -17.380  -22.134  -2.010 0.0000000000
54966  -18.173  -23.207  -1.853 0.0000000000
116407  -21.363  -4.345  -6.612 0.0000000000
69274  -23.597  -3.410  -5.745 0.0000000000
68005  -21.806  -5.480  -6.595 0.0000000000
68006  -22.533  -5.849  -6.113 0.0000000000
67253  -22.952  -6.561  -5.975 0.0000000000
60442  -15.976  -16.012  -5.128 0.0000000000
60457  -17.330  -15.185  -7.005 0.0000000000
97078  -18.935  -13.445  -7.653 0.0000000000
62656  -20.210  -12.524  -7.559 0.0000000000
63393  -21.764  -11.230  -7.022 0.0000000000
62647  -22.577  -11.981  -6.289 0.0000000000
63383  -25.437  -12.225  -6.096 0.0000000000
62663  -25.359  -12.309  -8.685 0.0000000000
61925  -25.294  -13.930  -9.165 0.0000000000
50849  -18.429  -27.550  1.487 0.0000000000
101264  -18.958  -27.000  1.201 0.0000000000
114067  -16.966  -16.559  -5.363 0.0000000000
58982  -18.868  -16.878  -5.911 0.0000000000
59717  -21.365  -16.472  -5.362 0.0000000000
96294  -23.891  -16.070  -4.562 0.0000000000
59709  -22.619  -16.849  -4.559 0.0000000000
58213  -22.538  -18.218  -4.056 0.0000000000
57467  -23.520  -19.683  -3.679 0.0000000000
56648  -19.181  -20.062  -3.972 0.0000000000
57465  -21.488  -20.117  -3.605 0.0000000000
105226  -24.007  -20.559  -3.834 0.0000000000
105762  -24.295  -22.215  -3.895 0.0000000000
54200  -24.154  -23.266  -2.855 0.0000000000
69276  -25.679  -3.292  -5.996 0.0000000000
66491  -18.982  -8.239  -8.421 0.0000000000
107281  -21.253  -8.108  -7.693 0.0000000000
66453  -24.358  -7.590  -5.848 0.0000000000
64858  -23.190  -9.798  -6.166 0.0000000000
102148  -25.197  -8.908  -6.282 0.0000000000
66482  -25.707  -7.364  -7.236 0.0000000000
96286  -26.074  -16.587  -5.684 0.0000000000
58984  -25.849  -17.874  -8.481 0.0000000000
115861  -14.670  -23.537  0.976 0.0000000000
53309  -16.184  -23.955  -0.323 0.0000000000
54175  -16.938  -24.023  -0.693 0.0000000000
53326  -19.202  -24.102  -1.397 0.0000000000
52505  -19.270  -25.691  0.341 0.0000000000
52518  -19.803  -25.042  -0.034 0.0000000000
53327  -19.973  -24.133  -1.238 0.0000000000
66477  -16.832  -7.089  -8.227 0.0000000000
112943  -22.078  -15.182  -5.531 0.0000000000
96307  -21.436  -15.132  -5.982 0.0000000000
98063  -23.129  -14.146  -5.397 0.0000000000
96300  -23.962  -14.740  -4.925 0.0000000000
97626  -24.991  -15.213  -4.888 0.0000000000
57461  -16.563  -18.904  -3.421 0.0000000000
57460  -15.898  -18.912  -2.973 0.0000000000
57469  -17.007  -18.557  -4.019 0.0000000000
58208  -17.399  -18.262  -4.466 0.0000000000
57470  -17.574  -18.876  -4.096 0.0000000000
58209  -18.596  -18.701  -4.703 0.0000000000
57471  -18.216  -19.163  -4.248 0.0000000000
54975  -19.593  -22.714  -2.419 0.0000000000
114607  -20.180  -22.958  -2.326 0.0000000000
110179  -21.195  -22.732  -2.470 0.0000000000
54185  -19.939  -23.315  -2.089 0.0000000000
99774  -21.976  -2.881  -6.446 0.0000000000
69272  -21.072  -3.182  -6.589 0.0000000000
70537  -23.135  -1.707  -6.505 0.0000000000
106402  -24.068  -2.074  -6.223 0.0000000000
67999  -25.737  -5.668  -5.891 0.0000000000
68676  -26.146  -4.847  -6.695 0.0000000000
68008  -25.967  -5.734  -7.073 0.0000000000
68017  -25.566  -5.790  -7.960 0.0000000000
63411  -18.781  -11.840  -7.849 0.0000000000
112675  -17.456  -12.357  -7.626 0.0000000000
63410  -17.941  -11.738  -7.852 0.0000000000
63426  -17.631  -10.948  -8.011 0.0000000000
64130  -19.610  -10.447  -8.054 0.0000000000
107260  -19.932  -11.142  -7.846 0.0000000000
64150  -25.459  -10.681  -8.312 0.0000000000
57476  -25.368  -19.846  -5.379 0.0000000000
96279  -25.608  -19.224  -6.122 0.0000000000
96278  -25.622  -20.148  -6.256 0.0000000000
50848  -17.631  -27.385  1.565 0.0000000000
50847  -16.817  -27.152  1.772 0.0000000000
51654  -17.816  -26.177  0.657 0.0000000000
56618  -15.871  -20.697  -1.832 0.0000000000
56630  -16.494  -20.427  -2.432 0.0000000000
55750  -15.683  -21.226  -1.297 0.0000000000
101318  -16.872  -22.493  -1.487 0.0000000000
54965  -17.485  -22.890  -1.685 0.0000000000
54183  -16.954  -23.240  -1.141 0.0000000000
102759  -20.517  -4.850  -7.074 0.0000000000
105289  -21.208  -4.815  -6.784 0.0000000000
68016  -20.297  -5.504  -7.475 0.0000000000
66465  -20.911  -6.667  -7.607 0.0000000000
67266  -21.401  -6.193  -7.147 0.0000000000
67267  -22.109  -6.429  -6.554 0.0000000000
66466  -21.638  -7.238  -7.118 0.0000000000
59720  -17.162  -16.155  -5.923 0.0000000000
96312  -20.638  -14.354  -7.098 0.0000000000
96320  -19.196  -14.165  -7.566 0.0000000000
96932  -20.523  -13.700  -7.313 0.0000000000
96326  -19.568  -12.894  -7.630 0.0000000000
96322  -20.720  -13.044  -7.345 0.0000000000
110608  -21.935  -12.272  -6.730 0.0000000000
105583  -22.228  -12.835  -6.381 0.0000000000
62635  -25.542  -12.939  -6.007 0.0000000000
62634  -24.882  -12.716  -5.650 0.0000000000
62648  -25.693  -12.711  -6.497 0.0000000000
63396  -25.691  -11.758  -7.273 0.0000000000
103265  -25.639  -12.972  -7.562 0.0000000000
61926  -25.332  -13.071  -8.685 0.0000000000
60455  -25.920  -15.492  -7.216 0.0000000000
61191  -25.336  -14.694  -8.707 0.0000000000
59725  -25.473  -16.314  -8.829 0.0000000000
50051  -18.806  -28.252  1.705 0.0000000000
104551  -15.405  -17.028  -4.006 0.0000000000
59706  -15.703  -16.534  -4.553 0.0000000000
58966  -16.119  -17.181  -4.419 0.0000000000
58977  -18.466  -17.481  -5.448 0.0000000000
58976  -17.663  -17.302  -5.257 0.0000000000
105497  -20.223  -17.169  -5.515 0.0000000000
59716  -20.579  -16.590  -5.689 0.0000000000
59708  -21.822  -17.019  -4.868 0.0000000000
58980  -20.963  -17.259  -5.184 0.0000000000
58212  -21.461  -18.539  -4.296 0.0000000000
116665  -22.112  -18.730  -3.955 0.0000000000
58204  -23.385  -18.817  -3.710 0.0000000000
58203  -22.660  -19.070  -3.727 0.0000000000
55771  -17.720  -20.800  -2.916 0.0000000000
56641  -18.110  -20.311  -3.441 0.0000000000
56642  -18.892  -20.552  -3.572 0.0000000000
55775  -21.062  -21.483  -3.135 0.0000000000
104711  -20.778  -20.747  -3.482 0.0000000000
56645  -22.289  -20.814  -3.381 0.0000000000
56646  -23.197  -20.633  -3.524 0.0000000000
55776  -23.758  -21.418  -3.668 0.0000000000
54984  -22.946  -21.526  -3.296 0.0000000000
54198  -22.753  -22.955  -2.626 0.0000000000
54979  -23.476  -22.889  -2.995 0.0000000000
54199  -23.429  -23.322  -2.361 0.0000000000
69275  -24.675  -3.367  -5.693 0.0000000000
61186  -15.929  -14.007  -6.377 0.0000000000
64883  -16.475  -9.248  -8.147 0.0000000000
65665  -16.834  -8.605  -8.317 0.0000000000
66490  -18.122  -7.988  -8.550 0.0000000000
65667  -18.438  -8.873  -8.468 0.0000000000
108216  -21.441  -9.105  -7.451 0.0000000000
65656  -20.638  -8.846  -7.953 0.0000000000
108776  -21.891  -8.209  -7.054 0.0000000000
66451  -22.599  -8.146  -6.438 0.0000000000
107696  -23.457  -8.374  -6.060 0.0000000000
63380  -23.057  -11.215  -6.058 0.0000000000
64114  -22.148  -10.511  -6.796 0.0000000000
64099  -23.490  -10.499  -5.988 0.0000000000
65657  -25.737  -9.067  -7.307 0.0000000000
64873  -25.638  -9.422  -6.694 0.0000000000
65646  -25.631  -8.513  -6.668 0.0000000000
113482  -25.649  -7.747  -6.585 0.0000000000
104877  -25.832  -8.180  -6.960 0.0000000000
66492  -24.815  -8.353  -9.146 0.0000000000
96290  -24.601  -16.668  -4.387 0.0000000000
96877  -25.515  -16.614  -4.790 0.0000000000
96289  -25.821  -17.395  -5.136 0.0000000000
115613  -25.673  -18.113  -7.929 0.0000000000
52492  -15.422  -25.263  1.299 0.0000000000
98753  -15.264  -24.650  0.921 0.0000000000
53300  -14.884  -24.053  0.945 0.0000000000
53301  -15.582  -24.177  0.291 0.0000000000
53311  -17.810  -24.332  -0.856 0.0000000000
53312  -18.636  -24.525  -0.885 0.0000000000
51655  -18.685  -26.319  0.703 0.0000000000
53314  -20.337  -24.524  -0.511 0.0000000000
116056  -15.545  -21.715  -0.769 0.0000000000
54955  -15.071  -21.828  -0.145 0.0000000000
54956  -15.647  -22.406  -0.534 0.0000000000
54173  -15.716  -23.321  -0.240 0.0000000000
68015  -19.391  -5.655  -7.763 0.0000000000
115959  -18.847  -6.008  -8.043 0.0000000000
67282  -19.314  -6.577  -8.107 0.0000000000
96914  -19.773  -15.628  -7.030 0.0000000000
60453  -18.736  -15.749  -7.146 0.0000000000
96313  -21.270  -14.406  -6.551 0.0000000000
96314  -21.778  -13.626  -6.476 0.0000000000
61915  -22.584  -13.535  -5.871 0.0000000000
61917  -24.231  -13.803  -5.305 0.0000000000
61918  -25.308  -13.561  -5.652 0.0000000000
61188  -26.036  -14.312  -6.807 0.0000000000
61184  -25.911  -14.325  -5.919 0.0000000000
109552  -26.132  -15.158  -6.278 0.0000000000
58200  -15.863  -18.352  -3.401 0.0000000000
58964  -16.398  -17.669  -4.302 0.0000000000
58967  -16.714  -17.357  -4.653 0.0000000000
58207  -16.851  -17.948  -4.407 0.0000000000
58218  -18.007  -18.026  -4.925 0.0000000000
58219  -18.993  -18.166  -5.168 0.0000000000
58979  -20.294  -17.665  -5.261 0.0000000000
58220  -19.933  -18.187  -5.098 0.0000000000
58210  -19.519  -18.790  -4.800 0.0000000000
57473  -20.041  -19.369  -4.380 0.0000000000
55761  -18.988  -21.924  -2.730 0.0000000000
55773  -19.378  -21.250  -3.182 0.0000000000
104774  -19.879  -21.954  -2.831 0.0000000000
55762  -20.581  -21.896  -2.888 0.0000000000
55763  -21.213  -22.175  -2.784 0.0000000000
54197  -21.581  -23.128  -2.214 0.0000000000
54188  -22.158  -23.477  -1.746 0.0000000000
69270  -19.473  -3.712  -6.595 0.0000000000
69875  -21.270  -2.206  -6.511 0.0000000000
70536  -22.408  -1.409  -6.658 0.0000000000
70544  -25.347  -1.013  -6.872 0.0000000000
68663  -24.622  -4.940  -5.516 0.0000000000
69264  -25.359  -4.243  -5.726 0.0000000000
68675  -25.984  -4.911  -5.956 0.0000000000
96901  -15.936  -11.974  -7.330 0.0000000000
100444  -16.189  -11.293  -7.624 0.0000000000
64147  -17.372  -10.146  -8.244 0.0000000000
64895  -17.918  -9.511  -8.448 0.0000000000
65668  -19.206  -9.148  -8.322 0.0000000000
64897  -19.289  -9.872  -8.227 0.0000000000
64885  -20.745  -9.754  -7.771 0.0000000000
64871  -21.850  -9.819  -7.038 0.0000000000
108694  -25.559  -10.863  -6.598 0.0000000000
64101  -24.971  -10.218  -6.042 0.0000000000
64116  -25.751  -10.213  -6.838 0.0000000000
64887  -25.630  -9.854  -7.761 0.0000000000
110993  -25.428  -9.340  -8.128 0.0000000000
112528  -25.516  -18.013  -4.727 0.0000000000
96890  -25.743  -18.247  -5.507 0.0000000000
51642  -15.705  -26.003  1.725 0.0000000000
52493  -16.199  -25.643  1.003 0.0000000000
52503  -16.692  -25.253  0.350 0.0000000000
101597  -17.521  -25.486  0.208 0.0000000000
57456  -16.202  -19.539  -2.767 0.0000000000
56639  -16.909  -19.736  -3.067 0.0000000000
57463  -17.823  -19.564  -3.782 0.0000000000
56631  -17.175  -20.429  -2.820 0.0000000000
54973  -17.143  -21.243  -2.363 0.0000000000
113042  -16.823  -21.817  -1.805 0.0000000000
105139  -18.017  -21.787  -2.527 0.0000000000
105655  -17.915  -22.554  -2.111 0.0000000000
107423  -18.729  -3.970  -6.593 0.0000000000
68672  -20.016  -4.242  -6.922 0.0000000000
68673  -20.855  -4.109  -6.758 0.0000000000
99166  -21.679  -3.831  -6.427 0.0000000000
69273  -22.613  -3.524  -6.060 0.0000000000
69261  -22.346  -4.237  -6.070 0.0000000000
68661  -22.585  -5.014  -5.897 0.0000000000
102267  -21.028  -5.455  -7.170 0.0000000000
68662  -23.601  -4.940  -5.529 0.0000000000
67998  -24.107  -5.579  -5.493 0.0000000000
106242  -24.947  -5.708  -5.602 0.0000000000
67255  -25.314  -6.420  -5.825 0.0000000000
96329  -17.022  -14.409  -7.141 0.0000000000
60458  -18.647  -14.831  -7.471 0.0000000000
96325  -17.859  -14.539  -7.438 0.0000000000
96235  -17.459  -13.908  -7.406 0.0000000000
96331  -18.413  -13.076  -7.617 0.0000000000
101209  -18.956  -12.620  -7.723 0.0000000000
63412  -19.599  -11.983  -7.760 0.0000000000
63414  -21.030  -11.343  -7.399 0.0000000000
62646  -21.487  -11.950  -7.091 0.0000000000
115616  -22.025  -11.734  -6.771 0.0000000000
106912  -23.306  -11.875  -5.831 0.0000000000
62632  -23.110  -12.697  -5.765 0.0000000000
62633  -23.986  -12.221  -5.597 0.0000000000
102752  -25.340  -11.395  -6.199 0.0000000000
63395  -25.634  -11.783  -6.662 0.0000000000
108537  -25.558  -11.186  -7.725 0.0000000000
63429  -25.324  -11.664  -8.961 0.0000000000
62666  -25.126  -12.745  -9.930 0.0000000000
61922  -25.470  -13.856  -7.905 0.0000000000
51645  -18.123  -26.853  1.127 0.0000000000
59712  -16.621  -16.133  -5.490 0.0000000000
109021  -17.704  -16.409  -6.022 0.0000000000
58975  -17.087  -17.034  -5.058 0.0000000000
59714  -18.023  -16.864  -5.744 0.0000000000
59721  -18.348  -16.407  -6.393 0.0000000000
59723  -20.187  -16.101  -6.369 0.0000000000
60447  -20.969  -15.862  -5.903 0.0000000000
96303  -22.470  -15.644  -5.115 0.0000000000
96299  -23.328  -15.489  -4.817 0.0000000000
60443  -22.941  -16.157  -4.655 0.0000000000
59710  -23.549  -16.742  -4.334 0.0000000000
58972  -24.237  -17.398  -4.069 0.0000000000
58970  -21.622  -17.744  -4.617 0.0000000000
58971  -23.156  -17.449  -4.159 0.0000000000
58215  -24.894  -18.241  -4.113 0.0000000000
58205  -24.335  -19.040  -3.819 0.0000000000
57475  -24.961  -19.648  -4.383 0.0000000000
56649  -19.709  -19.866  -4.065 0.0000000000
57464  -20.473  -19.968  -3.848 0.0000000000
56643  -19.812  -20.547  -3.630 0.0000000000
58202  -21.855  -19.232  -3.818 0.0000000000
57466  -22.519  -19.908  -3.576 0.0000000000
56650  -24.592  -20.514  -4.367 0.0000000000
55782  -24.385  -21.393  -4.224 0.0000000000
54985  -23.591  -22.234  -3.384 0.0000000000
54986  -24.208  -22.844  -3.426 0.0000000000
104441  -24.072  -2.767  -5.859 0.0000000000
69878  -24.957  -2.582  -5.976 0.0000000000
69278  -26.175  -3.223  -6.766 0.0000000000
100031  -18.657  -7.291  -8.409 0.0000000000
66479  -19.588  -7.606  -8.224 0.0000000000
65655  -19.817  -8.562  -8.220 0.0000000000
103370  -20.451  -7.927  -8.038 0.0000000000
116935  -20.953  -7.388  -7.757 0.0000000000
101284  -22.450  -7.257  -6.448 0.0000000000
66452  -23.392  -7.490  -5.968 0.0000000000
66454  -24.999  -7.106  -5.882 0.0000000000
64113  -21.494  -10.580  -7.259 0.0000000000
64872  -22.514  -9.766  -6.540 0.0000000000
64861  -25.222  -9.638  -6.265 0.0000000000
65634  -23.687  -9.169  -6.019 0.0000000000
65633  -22.904  -9.034  -6.270 0.0000000000
65636  -25.179  -7.913  -6.209 0.0000000000
66468  -25.790  -7.190  -6.649 0.0000000000
67269  -25.877  -6.462  -6.787 0.0000000000
67292  -25.117  -6.546  -8.540 0.0000000000
96291  -25.662  -15.847  -5.159 0.0000000000
112742  -26.079  -15.741  -5.826 0.0000000000
96815  -25.766  -16.533  -7.316 0.0000000000
96282  -25.938  -17.610  -6.162 0.0000000000
100710  -25.642  -17.516  -7.592 0.0000000000
59726  -25.454  -17.002  -8.328 0.0000000000
54167  -15.006  -23.470  0.507 0.0000000000
54174  -16.427  -23.492  -0.673 0.0000000000
53310  -16.401  -24.558  -0.045 0.0000000000
53324  -17.624  -23.621  -1.316 0.0000000000
53325  -18.408  -23.905  -1.437 0.0000000000
52517  -18.922  -25.127  -0.307 0.0000000000
53313  -19.466  -24.575  -0.743 0.0000000000
116116  -19.708  -23.743  -1.706 0.0000000000
54186  -20.387  -23.655  -1.685 0.0000000000
54978  -22.784  -22.363  -2.990 0.0000000000
56644  -21.525  -20.989  -3.351 0.0000000000
56647  -18.514  -19.854  -3.939 0.0000000000
57468  -24.327  -19.872  -3.941 0.0000000000
58211  -20.453  -18.702  -4.629 0.0000000000
58214  -23.781  -18.161  -3.826 0.0000000000
59707  -16.487  -16.706  -4.946 0.0000000000
59713  -17.413  -16.715  -5.528 0.0000000000
59715  -19.767  -16.757  -5.918 0.0000000000
59718  -22.132  -16.319  -5.001 0.0000000000
59722  -19.290  -16.314  -6.563 0.0000000000
60454  -26.142  -16.049  -6.452 0.0000000000
60459  -19.433  -14.929  -7.365 0.0000000000
61916  -23.369  -13.451  -5.512 0.0000000000
61919  -25.815  -13.513  -6.284 0.0000000000
62649  -25.820  -12.465  -7.033 0.0000000000
62657  -20.864  -12.236  -7.362 0.0000000000
62658  -25.528  -12.384  -7.819 0.0000000000
63381  -23.926  -11.267  -5.751 0.0000000000
63382  -24.771  -11.790  -5.786 0.0000000000
63394  -22.407  -11.197  -6.552 0.0000000000
63413  -20.353  -11.718  -7.617 0.0000000000
63415  -25.470  -11.831  -8.035 0.0000000000
63425  -16.765  -10.777  -7.932 0.0000000000
63427  -18.490  -11.068  -8.055 0.0000000000
64098  -22.796  -10.494  -6.330 0.0000000000
64100  -24.242  -10.377  -5.875 0.0000000000
64115  -25.462  -10.166  -6.463 0.0000000000
64131  -20.259  -10.435  -7.856 0.0000000000
64133  -25.724  -10.387  -7.342 0.0000000000
64149  -18.945  -10.430  -8.215 0.0000000000
64859  -23.808  -9.863  -5.946 0.0000000000
64860  -24.512  -9.512  -5.989 0.0000000000
64886  -21.273  -9.966  -7.445 0.0000000000
64896  -18.684  -9.697  -8.365 0.0000000000
65635  -24.349  -8.489  -5.964 0.0000000000
65647  -25.815  -8.957  -6.916 0.0000000000
65666  -17.627  -8.687  -8.481 0.0000000000
66467  -25.518  -7.096  -6.237 0.0000000000
66489  -17.265  -7.866  -8.415 0.0000000000
67254  -24.182  -6.539  -5.635 0.0000000000
67265  -20.806  -5.985  -7.517 0.0000000000
67997  -23.290  -5.751  -5.667 0.0000000000
68007  -26.019  -5.651  -6.325 0.0000000000
68674  -21.813  -4.618  -6.418 0.0000000000
69262  -23.104  -4.201  -5.700 0.0000000000
69879  -25.802  -2.499  -6.465 0.0000000000
96295  -24.860  -15.956  -4.658 0.0000000000
96317  -21.434  -12.814  -6.975 0.0000000000
96321  -20.106  -13.302  -7.501 0.0000000000
96895  -25.974  -16.955  -6.635 0.0000000000
96943  -19.964  -14.133  -7.419 0.0000000000
97039  -18.155  -13.710  -7.578 0.0000000000
98707  -26.040  -4.077  -6.247 0.0000000000
100028  -21.728  -15.772  -5.490 0.0000000000
100082  -25.767  -18.181  -7.212 0.0000000000
100454  -18.568  -14.126  -7.586 0.0000000000
106091  -25.615  -6.536  -7.563 0.0000000000
110421  -24.189  -15.476  -4.703 0.0000000000
111175  -22.324  -17.452  -4.454 0.0000000000
111271  -19.559  -13.570  -7.568 0.0000000000
111354  -20.474  -11.051  -7.665 0.0000000000
113104  -18.013  -15.341  -7.282 0.0000000000
114275  -23.882  -7.982  -5.888 0.0000000000
116121  -25.280  -10.716  -6.228 0.0000000000
116237  -24.635  -13.278  -5.480 0.0000000000
116242  -24.995  -18.943  -4.151 0.0000000000
116394  -22.146  -7.705  -6.773 0.0000000000
116504  -25.845  -17.563  -6.866 0.0000000000
116773  -22.223  -23.119  -2.339 0.0000000000
