#!ascii label  , from subject sub-v1s23x0050568_ses-1 vox2ras=TkReg
1357
111545  -28.238  -93.478  5.705 0.5000000000
3666  -27.888  -92.256  6.672 0.6000000238
3301  -26.303  -92.159  2.842 0.3000000119
107730  -28.092  -91.525  7.288 0.5000000000
2942  -27.929  -94.812  2.394 0.4000000060
3312  -26.830  -93.866  2.280 0.4000000060
3311  -26.229  -92.867  2.237 0.4000000060
2941  -26.324  -94.030  1.657 0.4000000060
115068  -24.500  -94.271  4.739 0.5000000000
2525  -25.013  -94.263  5.013 0.5000000000
2902  -27.428  -93.632  5.655 0.5000000000
2524  -24.361  -93.877  5.085 0.6000000238
2900  -25.449  -93.745  5.665 0.5000000000
2885  -26.746  -93.078  6.182 0.6000000238
3695  -26.267  -91.383  3.127 0.3000000119
3254  -26.538  -92.145  7.253 0.5000000000
2196  -27.198  -96.075  2.146 0.5000000000
2569  -28.252  -95.230  2.747 0.5000000000
3703  -26.100  -91.865  2.477 0.3000000119
3268  -26.154  -92.658  6.801 0.6000000238
3255  -27.256  -91.840  7.270 0.5000000000
2578  -25.950  -95.790  1.244 0.5000000000
2567  -26.546  -95.219  1.556 0.4000000060
115120  -26.116  -93.288  1.549 0.4000000060
3712  -26.103  -92.505  1.706 0.3000000119
2588  -25.540  -95.165  0.611 0.4000000060
2953  -26.013  -94.816  1.062 0.4000000060
106920  -26.046  -93.911  0.951 0.4000000060
2963  -25.846  -94.444  0.292 0.4000000060
102294  -22.814  -93.278  1.220 0.6999999881
2940  -23.000  -94.401  2.355 0.6999999881
2927  -23.339  -94.390  3.253 0.6999999881
2527  -27.245  -94.495  4.995 0.5000000000
98000  -23.223  -92.104  0.931 0.6999999881
3320  -23.250  -92.421  1.946 0.6999999881
2540  -24.093  -94.215  4.534 0.5000000000
2898  -23.866  -93.571  4.966 0.6999999881
2162  -27.552  -95.417  4.124 0.5000000000
3300  -23.236  -92.554  3.856 0.6999999881
2174  -27.616  -95.913  3.223 0.4000000060
2183  -27.430  -96.043  2.523 0.5000000000
4103  -26.357  -90.042  2.187 0.3000000119
2881  -23.751  -92.931  5.579 0.6000000238
2182  -26.701  -96.408  2.246 0.5000000000
2195  -26.441  -96.337  1.839 0.5000000000
4097  -26.126  -90.854  2.680 0.3000000119
2882  -24.291  -93.117  6.031 0.5000000000
2194  -25.365  -96.308  1.301 0.5000000000
2594  -24.663  -95.293  -0.668 0.4000000060
2587  -25.176  -95.696  0.580 0.4000000060
2964  -26.564  -93.625  -0.065 0.4000000060
3722  -26.544  -93.114  0.675 0.4000000060
2971  -25.358  -94.460  -0.890 0.3000000119
2972  -26.076  -93.972  -0.485 0.4000000060
98752  -23.485  -90.112  -0.862 0.5000000000
108769  -23.727  -90.336  0.084 0.6000000238
4132  -23.330  -91.095  -0.742 0.6000000238
116319  -23.056  -92.413  0.001 0.6000000238
5046  -22.915  -88.386  -0.815 0.5000000000
5035  -23.572  -88.701  -0.299 0.5000000000
116252  -23.938  -88.942  0.178 0.6000000238
4119  -23.681  -90.876  1.018 0.6000000238
3711  -23.550  -91.436  1.818 0.6999999881
2172  -24.522  -95.546  3.496 0.6000000238
5475  -26.614  -87.707  2.822 0.3000000119
5990  -23.504  -86.720  1.463 0.6999999881
5011  -24.000  -88.083  1.016 0.6000000238
5012  -24.044  -88.645  1.522 0.6000000238
4555  -23.984  -89.473  0.477 0.6000000238
115769  -23.854  -90.345  1.372 0.6999999881
2171  -24.008  -95.729  2.995 0.6000000238
100075  -24.915  -96.411  2.745 0.6000000238
2161  -26.557  -95.876  3.680 0.5000000000
5989  -23.052  -86.267  1.158 0.6999999881
5495  -23.737  -87.359  1.293 0.6000000238
5496  -23.907  -87.869  1.823 0.6000000238
4527  -23.970  -89.281  2.041 0.6000000238
4096  -23.876  -90.034  2.543 0.6999999881
3694  -23.459  -91.628  3.414 0.6999999881
1798  -25.980  -96.565  2.896 0.5000000000
106776  -26.115  -90.013  2.872 0.3000000119
6499  -22.687  -85.538  1.642 0.6999999881
6500  -23.368  -86.147  1.939 0.6000000238
5974  -23.516  -86.176  2.780 0.6999999881
4522  -23.884  -89.158  2.923 0.6000000238
113917  -23.801  -89.729  3.355 0.6000000238
3292  -23.404  -92.987  4.623 0.6999999881
97949  -24.030  -96.567  1.264 0.5000000000
2193  -24.357  -96.461  0.826 0.5000000000
98787  -23.715  -86.921  3.123 0.6000000238
98190  -23.826  -88.500  4.656 0.6000000238
4083  -23.494  -90.946  4.203 0.6000000238
106445  -23.506  -92.261  6.079 0.6000000238
114610  -23.918  -92.677  6.280 0.6000000238
2205  -23.812  -96.298  0.020 0.5000000000
99409  -26.468  -91.347  1.632 0.3000000119
6475  -23.165  -85.581  3.323 0.6999999881
5952  -23.532  -86.204  4.522 0.6000000238
111935  -23.790  -87.557  3.463 0.6000000238
4514  -23.722  -89.295  4.757 0.6000000238
4504  -23.377  -89.508  5.696 0.5000000000
97749  -23.441  -90.298  4.930 0.5000000000
3265  -23.696  -92.148  6.892 0.5000000000
3266  -24.367  -92.727  6.755 0.5000000000
2212  -24.157  -95.943  -0.373 0.5000000000
3347  -25.627  -92.997  -1.806 0.3000000119
2980  -26.143  -93.615  -1.101 0.3000000119
3337  -27.772  -92.461  -0.644 0.4000000060
3327  -27.480  -92.798  -0.321 0.4000000060
3253  -24.355  -91.905  8.037 0.5000000000
2979  -25.126  -94.011  -1.637 0.3000000119
5056  -21.874  -88.297  -2.409 0.5000000000
4575  -22.625  -88.846  -1.584 0.5000000000
4587  -22.375  -89.399  -2.433 0.5000000000
4576  -22.932  -89.795  -1.614 0.5000000000
6037  -21.335  -86.607  -1.512 0.5000000000
5516  -21.815  -87.283  -1.239 0.5000000000
5527  -22.173  -87.982  -1.421 0.5000000000
5047  -23.270  -89.210  -0.909 0.5000000000
3748  -22.725  -91.908  -1.504 0.6000000238
6023  -22.358  -86.871  -0.177 0.5000000000
3326  -22.708  -93.244  0.283 0.6000000238
2952  -22.647  -94.413  1.438 0.8000000119
5976  -27.458  -86.277  2.489 0.3000000119
98617  -21.370  -85.539  -0.305 0.6000000238
6515  -22.386  -85.840  0.804 0.6000000238
5507  -22.976  -87.250  0.132 0.6000000238
108097  -22.345  -94.515  -1.246 0.4000000060
114531  -22.183  -85.365  1.181 0.6999999881
2586  -22.691  -95.672  0.638 0.5000000000
2566  -23.399  -95.412  2.471 0.6000000238
4999  -26.642  -88.511  2.411 0.3000000119
5013  -27.074  -88.502  1.899 0.3000000119
6992  -21.165  -84.492  2.163 0.6999999881
2592  -22.796  -95.202  -1.453 0.4000000060
113562  -27.235  -89.259  1.729 0.3000000119
6485  -21.798  -84.729  2.704 0.6000000238
6486  -22.514  -85.053  3.092 0.6999999881
2204  -22.985  -95.839  -0.824 0.4000000060
6975  -20.957  -84.590  3.030 0.6000000238
6473  -21.744  -84.954  3.586 0.6999999881
5461  -23.871  -87.022  4.804 0.6000000238
98124  -23.702  -88.578  5.328 0.5000000000
4494  -23.142  -89.013  6.646 0.5000000000
3665  -23.255  -91.550  6.478 0.6000000238
2598  -23.552  -95.073  -1.719 0.4000000060
2593  -23.685  -95.618  -1.068 0.4000000060
3758  -25.174  -91.792  -3.086 0.3000000119
3749  -25.362  -92.079  -2.242 0.3000000119
4142  -25.492  -91.316  -2.280 0.3000000119
3750  -26.066  -92.023  -1.672 0.3000000119
3349  -27.562  -92.549  -0.843 0.4000000060
111350  -26.764  -92.364  0.952 0.3000000119
116258  -23.577  -86.502  5.241 0.6000000238
4956  -23.296  -88.003  6.539 0.5000000000
4955  -22.869  -88.223  7.246 0.5000000000
106220  -23.024  -89.996  6.428 0.5000000000
3647  -23.326  -91.253  7.373 0.5000000000
3252  -23.754  -91.568  7.947 0.6000000238
117074  -23.983  -91.557  8.696 0.5000000000
2603  -24.027  -94.437  -2.214 0.3000000119
3360  -24.948  -92.634  -2.659 0.3000000119
5434  -23.372  -87.165  6.317 0.5000000000
108669  -22.785  -89.006  7.410 0.5000000000
4032  -22.710  -90.348  8.857 0.5000000000
4018  -22.163  -90.191  9.515 0.5000000000
6059  -21.183  -85.980  -3.551 0.5000000000
5551  -21.141  -86.930  -3.663 0.5000000000
5068  -21.873  -88.930  -3.283 0.5000000000
4597  -21.713  -89.094  -4.879 0.5000000000
99183  -22.131  -90.140  -3.430 0.5000000000
6539  -21.129  -85.697  -1.814 0.5000000000
5539  -21.300  -87.491  -2.885 0.5000000000
4152  -22.240  -91.386  -3.256 0.4000000060
6529  -21.300  -86.067  -0.878 0.5000000000
3756  -22.195  -92.506  -3.147 0.4000000060
6488  -27.315  -85.458  2.916 0.3000000119
6489  -28.113  -85.479  2.571 0.3000000119
3747  -22.306  -92.749  -2.374 0.4000000060
3346  -22.372  -93.331  -1.639 0.4000000060
7021  -21.020  -84.527  0.764 0.6000000238
6514  -21.669  -85.205  0.623 0.6000000238
5484  -27.177  -87.225  2.314 0.3000000119
5497  -27.558  -87.841  1.900 0.3000000119
7003  -20.628  -84.350  1.575 0.6000000238
2978  -22.458  -94.441  -2.135 0.4000000060
7002  -19.493  -84.363  1.817 0.6000000238
2994  -22.914  -93.859  -3.352 0.4000000060
2597  -23.044  -94.709  -2.260 0.4000000060
108396  -27.136  -90.131  1.599 0.3000000119
6991  -20.238  -84.526  2.444 0.6999999881
117011  -24.034  -93.884  -2.842 0.3000000119
3766  -24.771  -92.507  -3.524 0.3000000119
99956  -21.410  -87.398  -4.369 0.5000000000
5055  -21.430  -87.940  -3.440 0.5000000000
5080  -21.576  -88.002  -5.242 0.5000000000
4610  -22.114  -89.783  -5.443 0.4000000060
6049  -21.028  -86.253  -2.485 0.5000000000
4598  -21.962  -90.118  -4.554 0.4000000060
4164  -22.129  -91.228  -4.265 0.4000000060
6549  -21.308  -85.355  -2.817 0.6000000238
3778  -22.700  -91.944  -4.787 0.4000000060
3373  -22.785  -92.771  -4.222 0.4000000060
5977  -28.534  -86.244  2.207 0.3000000119
6490  -29.136  -85.486  2.467 0.3000000119
103984  -20.273  -84.078  0.972 0.6000000238
3358  -22.213  -93.318  -3.017 0.4000000060
2977  -22.300  -93.769  -2.614 0.4000000060
3366  -23.222  -93.279  -3.882 0.4000000060
3367  -24.107  -92.978  -3.826 0.4000000060
2995  -23.670  -93.655  -3.380 0.3000000119
115321  -25.251  -92.028  -3.975 0.3000000119
116631  -18.814  -85.025  2.814 0.6000000238
6074  -21.463  -86.461  -4.349 0.5000000000
106326  -22.034  -87.642  -5.804 0.5000000000
101375  -22.750  -87.743  -6.275 0.4000000060
5092  -22.315  -88.476  -6.363 0.4000000060
6060  -21.721  -85.707  -4.181 0.5000000000
6573  -22.400  -85.968  -4.203 0.5000000000
4620  -23.141  -89.637  -6.389 0.4000000060
102529  -21.130  -85.231  -1.031 0.6000000238
7085  -21.755  -84.651  -2.938 0.6000000238
6562  -22.245  -85.233  -3.810 0.6000000238
4182  -22.738  -90.292  -5.861 0.4000000060
7050  -21.239  -84.353  -0.884 0.6000000238
7066  -21.453  -84.759  -1.978 0.6000000238
4174  -23.132  -91.203  -5.446 0.4000000060
3779  -23.576  -91.858  -5.099 0.4000000060
7020  -20.764  -84.045  0.050 0.6000000238
3374  -23.635  -92.521  -4.503 0.4000000060
3780  -24.473  -91.923  -4.916 0.4000000060
3781  -26.036  -91.199  -4.752 0.4000000060
5991  -29.070  -87.079  1.901 0.3000000119
7604  -19.957  -83.611  0.401 0.6000000238
101775  -25.340  -91.761  -4.565 0.4000000060
4539  -28.216  -89.697  1.407 0.3000000119
5014  -27.914  -88.684  1.671 0.3000000119
7019  -19.228  -84.004  1.011 0.6000000238
7001  -18.475  -84.576  1.475 0.6000000238
7602  -18.506  -83.435  -0.060 0.6999999881
8239  -20.135  -82.200  -1.410 0.6999999881
7018  -18.322  -84.183  0.575 0.6000000238
8225  -18.651  -82.654  -1.147 0.6999999881
8880  -19.957  -81.727  -2.126 0.6999999881
7617  -17.845  -83.752  -1.071 0.6000000238
8892  -21.632  -81.191  -2.676 0.6999999881
8893  -22.779  -81.198  -2.779 0.6000000238
8237  -18.533  -82.420  -1.924 0.6999999881
8891  -20.675  -81.308  -2.736 0.6999999881
5565  -22.353  -87.151  -5.375 0.5000000000
5566  -23.461  -87.409  -5.534 0.5000000000
6563  -23.125  -85.736  -3.535 0.5000000000
6061  -23.521  -86.507  -3.932 0.5000000000
6076  -22.771  -86.708  -4.757 0.5000000000
5575  -24.431  -87.756  -6.102 0.5000000000
5586  -23.364  -88.137  -6.735 0.4000000060
4631  -22.894  -88.797  -6.629 0.4000000060
7067  -22.316  -84.303  -2.743 0.6000000238
7087  -22.754  -85.058  -3.301 0.6000000238
6062  -24.248  -86.184  -3.141 0.6000000238
4191  -23.939  -89.803  -6.363 0.4000000060
7069  -23.892  -85.111  -2.006 0.6000000238
6050  -24.496  -85.640  -2.377 0.6000000238
4183  -23.554  -90.539  -5.973 0.4000000060
7621  -21.047  -83.570  -0.811 0.6000000238
7637  -21.760  -83.808  -1.650 0.6000000238
7652  -22.764  -83.989  -2.241 0.6000000238
7051  -23.491  -84.392  -1.834 0.6000000238
7052  -24.271  -84.637  -1.386 0.6000000238
3785  -24.065  -91.324  -5.508 0.4000000060
4621  -26.696  -90.216  -5.448 0.4000000060
98413  -21.591  -82.991  -1.395 0.6000000238
7638  -22.628  -83.216  -1.907 0.6000000238
7639  -23.321  -83.662  -1.695 0.6000000238
7640  -23.919  -84.043  -1.097 0.6000000238
7625  -26.072  -83.983  -0.434 0.6000000238
4185  -25.982  -90.721  -5.363 0.4000000060
112072  -27.294  -90.288  -4.996 0.4000000060
7620  -20.482  -83.315  -0.305 0.6000000238
8240  -22.006  -82.358  -1.829 0.5000000000
8241  -23.328  -82.874  -1.609 0.6000000238
7622  -23.759  -83.331  -0.917 0.6000000238
7623  -24.332  -83.647  -0.396 0.6000000238
7607  -26.433  -83.375  0.160 0.6999999881
7603  -19.035  -83.552  0.448 0.6999999881
98986  -21.018  -82.474  -1.328 0.6000000238
8255  -23.113  -82.329  -2.138 0.6000000238
7605  -24.783  -83.330  0.302 0.6000000238
98235  -26.728  -82.867  0.719 0.6000000238
8861  -27.988  -81.923  0.958 0.6000000238
8242  -23.843  -82.441  -1.032 0.6000000238
8229  -24.148  -82.811  0.014 0.6000000238
8213  -25.342  -82.963  0.840 0.6000000238
8207  -27.122  -82.275  1.302 0.6000000238
113620  -23.040  -81.790  -2.414 0.6000000238
8882  -23.806  -81.851  -2.052 0.6000000238
8874  -24.145  -81.770  -0.196 0.5000000000
8205  -25.040  -82.372  1.338 0.6000000238
8206  -26.046  -82.509  1.368 0.6000000238
8253  -19.178  -81.921  -2.417 0.6999999881
9608  -23.263  -80.540  -3.624 0.6999999881
9609  -24.509  -80.664  -3.742 0.5000000000
9598  -25.002  -80.728  -2.815 0.6000000238
8883  -24.207  -81.354  -1.411 0.5000000000
99141  -24.349  -81.978  0.850 0.5000000000
9586  -24.834  -80.432  -1.892 0.6000000238
10940  -17.647  -78.462  -0.631 0.6000000238
11684  -17.949  -77.719  -0.990 0.6000000238
11695  -17.493  -77.161  -1.785 0.6000000238
5567  -24.729  -87.264  -4.980 0.5000000000
6078  -25.438  -86.771  -4.242 0.5000000000
5101  -23.858  -88.485  -6.815 0.5000000000
4632  -23.544  -88.979  -6.751 0.4000000060
6540  -24.854  -85.179  -1.658 0.5000000000
113725  -25.028  -86.042  -2.727 0.5000000000
7088  -26.946  -84.947  -2.818 0.5000000000
97832  -25.039  -89.233  -6.505 0.4000000060
5104  -26.513  -88.462  -6.385 0.4000000060
6551  -25.360  -85.591  -2.272 0.5000000000
7072  -27.213  -84.364  -2.245 0.5000000000
4184  -24.472  -90.650  -5.912 0.4000000060
4635  -26.594  -89.421  -6.044 0.4000000060
5093  -27.919  -88.814  -5.737 0.4000000060
7641  -26.704  -84.094  -1.045 0.5000000000
7055  -26.802  -84.347  -1.600 0.5000000000
4193  -25.255  -90.572  -5.790 0.4000000060
7626  -27.017  -83.540  -0.594 0.6000000238
8230  -27.617  -82.896  -0.489 0.6000000238
8215  -27.611  -82.518  0.353 0.6000000238
8231  -28.186  -82.285  -0.490 0.5000000000
9557  -28.722  -80.709  1.218 0.4000000060
8863  -29.114  -80.426  0.417 0.4000000060
9574  -29.420  -79.947  -0.341 0.4000000060
8836  -27.420  -80.966  2.390 0.6000000238
9546  -28.189  -80.925  1.921 0.6000000238
10251  -29.355  -79.562  1.644 0.5000000000
9558  -29.251  -80.009  1.123 0.4000000060
111723  -29.449  -79.762  0.403 0.4000000060
101409  -30.543  -78.011  0.794 0.4000000060
7650  -18.069  -82.944  -2.375 0.6999999881
8849  -26.598  -81.637  2.089 0.6000000238
9547  -28.794  -80.143  1.996 0.5000000000
10921  -30.154  -78.482  1.208 0.4000000060
9633  -25.302  -80.165  -4.491 0.6000000238
108642  -24.352  -81.069  0.400 0.5000000000
8847  -24.817  -81.639  1.543 0.5000000000
9535  -28.027  -80.342  2.562 0.5000000000
97601  -29.575  -78.726  2.611 0.5000000000
10908  -29.707  -78.962  1.798 0.4000000060
11646  -30.860  -77.199  1.684 0.4000000060
9610  -25.247  -80.551  -3.638 0.6000000238
9534  -26.632  -80.601  2.730 0.5000000000
10258  -17.707  -79.847  1.343 0.6999999881
10259  -18.328  -79.189  1.248 0.6000000238
10919  -19.045  -78.638  1.750 0.6999999881
10941  -18.327  -78.213  -0.234 0.6000000238
11642  -20.374  -78.050  2.656 0.6000000238
11696  -18.439  -76.859  -1.414 0.6000000238
10927  -19.684  -78.100  0.945 0.6000000238
12323  -20.706  -77.130  3.751 0.6000000238
116219  -21.025  -77.068  4.347 0.6000000238
12365  -17.896  -76.530  -2.326 0.5000000000
11686  -19.882  -76.959  -0.584 0.6000000238
11676  -20.045  -77.724  0.334 0.6000000238
11643  -20.541  -78.115  2.346 0.6000000238
113474  -25.129  -88.020  -6.458 0.5000000000
104599  -18.809  -76.084  -3.067 0.5000000000
12366  -18.764  -76.062  -2.096 0.5000000000
11663  -20.480  -78.174  1.640 0.5000000000
11627  -20.838  -77.700  3.164 0.5000000000
6063  -25.197  -86.413  -3.358 0.4000000060
6574  -26.816  -85.839  -4.310 0.5000000000
5577  -26.124  -87.560  -6.341 0.5000000000
5588  -25.773  -88.104  -6.541 0.4000000060
12990  -20.043  -75.510  -2.358 0.5000000000
12360  -20.192  -76.122  -1.362 0.5000000000
107628  -20.414  -77.987  0.599 0.5000000000
10889  -21.337  -78.687  3.624 0.5000000000
6565  -26.549  -85.599  -3.310 0.5000000000
5589  -26.645  -87.623  -6.419 0.4000000060
5591  -28.459  -87.163  -6.151 0.4000000060
5592  -29.218  -87.230  -5.797 0.4000000060
12385  -19.620  -75.926  -3.111 0.5000000000
12361  -21.070  -75.960  -1.654 0.5000000000
11687  -20.543  -76.817  -0.899 0.6000000238
10928  -21.062  -78.311  0.329 0.6000000238
4636  -27.185  -88.925  -6.051 0.4000000060
12381  -21.741  -75.610  -2.862 0.6000000238
12369  -21.632  -75.719  -2.379 0.6000000238
11688  -21.211  -77.050  -1.149 0.6999999881
7643  -27.988  -83.187  -1.854 0.4000000060
8244  -28.107  -82.669  -1.221 0.5000000000
9645  -20.313  -80.749  -5.154 0.6000000238
8875  -28.651  -81.582  -0.487 0.5000000000
9587  -29.428  -80.159  -1.375 0.4000000060
8916  -20.384  -80.977  -5.152 0.6000000238
8876  -29.079  -80.779  -0.437 0.4000000060
8900  -20.121  -81.352  -4.367 0.6000000238
113555  -21.434  -80.316  -4.451 0.6000000238
10264  -29.748  -79.233  -0.111 0.4000000060
10337  -25.695  -78.755  -5.144 0.6000000238
8902  -21.305  -80.745  -3.474 0.6999999881
112663  -25.025  -79.590  -1.961 0.6000000238
10292  -24.639  -79.815  -1.065 0.6000000238
9556  -24.500  -80.247  0.379 0.5000000000
9545  -25.029  -80.881  1.990 0.5000000000
10887  -18.843  -78.621  3.168 0.6999999881
10888  -19.632  -77.770  3.297 0.6999999881
12321  -19.770  -76.556  4.030 0.6000000238
12322  -20.367  -76.900  3.895 0.6000000238
12926  -20.770  -75.979  4.839 0.6000000238
12310  -20.667  -76.594  4.280 0.6000000238
12292  -21.429  -76.612  6.316 0.6999999881
98660  -21.445  -77.327  6.135 0.6000000238
11601  -21.316  -77.751  5.234 0.6000000238
6583  -27.061  -86.106  -5.419 0.5000000000
5576  -25.477  -87.507  -5.910 0.5000000000
6084  -27.358  -86.357  -6.177 0.5000000000
10874  -21.398  -78.492  4.531 0.6000000238
11590  -21.673  -77.958  6.353 0.5000000000
6584  -27.710  -85.668  -5.940 0.5000000000
6091  -27.545  -86.513  -6.338 0.5000000000
6092  -28.042  -86.402  -6.413 0.4000000060
10230  -21.753  -79.237  2.891 0.6000000238
10907  -21.085  -78.418  2.576 0.6000000238
10844  -22.355  -78.583  6.483 0.5000000000
98143  -27.661  -84.356  -3.156 0.5000000000
112207  -20.408  -79.554  -4.689 0.6000000238
11725  -21.510  -77.464  -4.042 0.4000000060
11721  -21.105  -76.442  -3.539 0.6000000238
10942  -21.466  -78.069  -0.556 0.6000000238
10260  -21.481  -78.981  1.060 0.6000000238
10178  -22.062  -79.280  5.054 0.6000000238
102234  -28.535  -82.475  -2.069 0.4000000060
7662  -28.308  -83.699  -3.383 0.4000000060
10988  -21.825  -78.497  -4.580 0.5000000000
11722  -22.276  -76.442  -3.703 0.5000000000
12388  -22.608  -76.131  -3.323 0.6000000238
12370  -22.291  -75.912  -2.757 0.6999999881
10943  -22.386  -78.535  -0.823 0.6000000238
10929  -21.868  -78.935  0.064 0.6000000238
10231  -22.239  -79.395  2.351 0.6000000238
97988  -21.226  -79.429  -4.770 0.6000000238
111854  -23.629  -76.571  -3.715 0.6000000238
11699  -22.631  -76.830  -2.351 0.6000000238
10261  -22.556  -79.379  0.723 0.6000000238
102250  -23.095  -79.507  2.181 0.6000000238
10207  -23.023  -79.593  3.768 0.6000000238
8885  -29.039  -81.134  -1.359 0.4000000060
100260  -22.846  -78.471  -4.778 0.5000000000
11723  -23.496  -76.699  -4.137 0.6000000238
11700  -23.655  -77.273  -2.750 0.6000000238
10275  -22.948  -79.256  -0.181 0.6000000238
10232  -23.795  -79.572  2.882 0.6000000238
9606  -20.946  -80.338  -4.970 0.6000000238
10335  -23.174  -79.264  -4.892 0.6000000238
11727  -24.423  -77.522  -4.735 0.6000000238
10968  -24.793  -77.787  -3.144 0.6000000238
10944  -23.474  -78.899  -1.140 0.6000000238
10959  -25.235  -78.858  -2.680 0.6000000238
10982  -26.152  -78.597  -4.484 0.6000000238
9544  -24.642  -80.092  1.278 0.5000000000
115575  -25.427  -80.451  2.363 0.5000000000
10886  -18.115  -78.953  3.461 0.6999999881
102417  -19.440  -77.069  3.758 0.6999999881
11624  -17.297  -77.352  3.898 0.6999999881
114567  -17.787  -76.795  4.057 0.6999999881
12320  -18.701  -76.506  4.134 0.6999999881
12308  -19.260  -75.851  4.364 0.6999999881
12925  -20.320  -75.370  4.993 0.6000000238
12912  -20.895  -75.411  5.527 0.6000000238
110431  -21.685  -75.577  7.201 0.5000000000
12906  -21.385  -75.671  6.375 0.6999999881
12893  -21.953  -75.875  7.828 0.5000000000
12274  -22.121  -76.701  7.753 0.5000000000
11568  -22.461  -77.467  7.540 0.5000000000
6575  -27.502  -85.412  -5.005 0.4000000060
6585  -28.279  -85.348  -6.168 0.5000000000
7106  -28.900  -85.018  -6.242 0.5000000000
6593  -28.462  -85.730  -6.305 0.5000000000
6586  -29.385  -85.756  -6.095 0.4000000060
7099  -28.118  -85.070  -5.636 0.4000000060
10862  -22.180  -79.067  5.682 0.6000000238
10190  -22.438  -79.466  4.501 0.6000000238
10165  -23.948  -79.185  6.133 0.6000000238
10208  -24.032  -79.546  3.848 0.6000000238
10180  -23.605  -79.431  5.368 0.6000000238
10250  -24.218  -79.716  1.180 0.6000000238
99209  -24.040  -79.583  1.928 0.6000000238
108739  -24.518  -79.337  5.391 0.6000000238
10291  -24.458  -79.222  -1.551 0.6000000238
10192  -24.941  -79.463  4.053 0.5000000000
10263  -24.345  -79.839  0.423 0.6000000238
102188  -24.604  -79.819  1.755 0.5000000000
9532  -25.084  -80.073  2.175 0.5000000000
113872  -16.561  -76.971  3.582 0.6999999881
12939  -17.589  -75.850  4.126 0.6999999881
12923  -18.813  -75.128  4.604 0.6999999881
13581  -19.227  -74.610  4.964 0.6000000238
12924  -19.647  -75.307  4.720 0.6999999881
13570  -21.102  -74.787  6.171 0.4000000060
12938  -16.727  -75.553  3.486 0.6999999881
100761  -17.157  -75.041  3.826 0.6999999881
13580  -18.414  -74.295  4.733 0.6000000238
13567  -18.904  -73.768  5.173 0.6000000238
109018  -21.569  -74.916  6.882 0.5000000000
12948  -15.870  -75.929  1.980 0.6999999881
13593  -16.741  -74.576  2.950 0.6999999881
13542  -22.211  -74.348  8.254 0.5000000000
12962  -16.065  -75.127  1.375 0.6999999881
12880  -22.306  -75.287  8.366 0.5000000000
14245  -16.567  -73.647  0.333 0.6000000238
14833  -17.092  -72.980  0.354 0.6000000238
101745  -16.444  -72.363  0.021 0.6000000238
16117  -15.804  -70.784  0.529 0.5000000000
16740  -16.454  -70.283  0.762 0.5000000000
7680  -29.204  -84.271  -5.885 0.4000000060
113204  -29.913  -84.863  -5.951 0.4000000060
116620  -24.992  -79.390  4.744 0.6000000238
14197  -20.110  -73.699  5.894 0.5000000000
13557  -20.762  -74.009  6.210 0.5000000000
13594  -17.218  -74.325  3.760 0.6000000238
13579  -17.675  -73.959  4.326 0.6000000238
14195  -18.726  -72.837  5.347 0.6000000238
14196  -19.421  -73.280  5.643 0.6000000238
14182  -21.155  -73.435  6.545 0.5000000000
13558  -21.408  -74.160  6.650 0.5000000000
13541  -21.842  -74.258  7.323 0.5000000000
14225  -16.895  -73.761  2.064 0.6999999881
14217  -17.008  -73.837  2.991 0.6000000238
14207  -17.561  -73.227  4.167 0.6000000238
14813  -18.196  -72.276  4.992 0.6000000238
15433  -19.272  -71.488  5.528 0.6000000238
14151  -22.814  -73.338  9.178 0.5000000000
14238  -17.290  -73.042  1.295 0.6999999881
14226  -17.263  -73.105  2.547 0.6000000238
15455  -18.165  -71.248  3.298 0.6000000238
16068  -18.640  -70.791  4.188 0.6000000238
16056  -19.086  -70.872  4.959 0.6000000238
14834  -17.639  -72.178  0.770 0.6000000238
14826  -17.631  -72.372  1.766 0.6000000238
15461  -18.487  -70.958  2.014 0.6000000238
16083  -19.147  -70.187  3.577 0.6000000238
14845  -17.233  -72.196  0.359 0.6000000238
15474  -18.490  -70.906  1.033 0.6000000238
16091  -18.882  -70.280  1.348 0.6000000238
102905  -19.259  -69.921  2.673 0.6000000238
15491  -17.616  -71.525  0.511 0.5000000000
16119  -17.621  -70.727  0.564 0.5000000000
16120  -18.233  -70.338  0.774 0.5000000000
16108  -19.139  -69.729  1.223 0.6000000238
16092  -19.320  -69.757  1.696 0.6000000238
7681  -30.013  -83.860  -5.858 0.4000000060
16728  -15.379  -69.539  1.238 0.5000000000
16741  -17.553  -69.848  0.869 0.5000000000
16731  -19.167  -69.435  1.113 0.6000000238
16732  -19.721  -69.205  1.418 0.6000000238
17391  -16.436  -68.406  1.876 0.5000000000
17405  -17.608  -68.393  1.566 0.5000000000
17417  -17.941  -69.150  1.108 0.4000000060
17406  -18.729  -68.765  1.130 0.5000000000
17407  -19.596  -68.677  1.276 0.6000000238
14786  -20.838  -72.711  6.435 0.6000000238
14787  -21.572  -72.825  6.764 0.5000000000
14169  -21.763  -73.527  6.952 0.5000000000
15419  -20.467  -71.972  6.236 0.6000000238
15420  -21.390  -71.994  6.542 0.5000000000
14767  -22.648  -72.598  8.853 0.5000000000
16058  -20.736  -70.648  5.470 0.6999999881
16059  -21.689  -70.546  5.772 0.6999999881
16069  -19.562  -70.230  4.349 0.6000000238
16070  -20.494  -70.110  4.742 0.6999999881
16705  -19.736  -69.665  3.320 0.6000000238
16696  -21.137  -69.492  4.374 0.6999999881
105948  -20.431  -69.062  2.853 0.6000000238
16706  -21.013  -68.981  3.613 0.6999999881
16720  -20.190  -68.897  1.945 0.6000000238
17372  -20.920  -68.541  2.946 0.6999999881
18986  -15.384  -67.170  2.912 0.5000000000
108381  -16.895  -67.893  2.191 0.5000000000
18169  -18.379  -67.987  1.548 0.4000000060
18170  -19.181  -67.967  1.394 0.6000000238
17408  -20.171  -68.500  1.629 0.6000000238
18987  -16.738  -67.201  2.776 0.5000000000
18156  -17.680  -67.618  2.136 0.4000000060
18157  -18.560  -67.354  2.007 0.5000000000
14776  -22.286  -72.596  7.934 0.5000000000
15405  -22.347  -71.649  7.498 0.5000000000
16049  -21.799  -71.199  6.395 0.6000000238
113952  -22.216  -70.618  6.349 0.5000000000
16037  -22.997  -70.262  7.835 0.5000000000
16071  -21.377  -70.053  5.035 0.6999999881
17393  -21.120  -67.968  2.629 0.6999999881
104191  -21.589  -68.795  4.162 0.6000000238
103030  -20.130  -67.234  1.885 0.6000000238
18160  -21.120  -67.167  2.592 0.6000000238
18974  -17.182  -66.406  3.355 0.5000000000
18988  -17.842  -66.909  2.728 0.4000000060
18990  -19.817  -66.575  2.263 0.6000000238
19900  -17.658  -65.599  3.832 0.4000000060
18975  -18.035  -66.268  3.238 0.4000000060
19901  -18.646  -65.721  3.356 0.5000000000
18989  -18.832  -66.543  2.595 0.5000000000
16060  -22.415  -69.998  5.957 0.6000000238
16672  -23.175  -69.508  7.376 0.5000000000
104876  -22.019  -69.868  5.351 0.6000000238
16681  -22.874  -69.256  6.380 0.5000000000
16687  -22.435  -69.183  5.465 0.6000000238
16697  -22.179  -68.583  4.733 0.6000000238
17353  -22.630  -68.272  5.441 0.5000000000
18133  -22.309  -67.744  4.721 0.6000000238
18143  -21.491  -67.514  3.270 0.6999999881
18132  -21.878  -67.030  4.029 0.5000000000
18991  -20.580  -66.810  2.232 0.6000000238
19916  -20.403  -65.983  2.506 0.5000000000
20926  -18.445  -64.927  4.028 0.4000000060
19903  -20.217  -65.165  2.849 0.5000000000
111745  -15.617  -65.088  7.599 0.4000000060
19845  -16.595  -65.351  7.395 0.3000000119
102074  -16.138  -64.484  7.158 0.4000000060
17349  -23.366  -68.712  7.042 0.5000000000
21743  -14.503  -62.513  7.056 0.3000000119
20878  -15.708  -63.397  6.843 0.4000000060
18125  -22.611  -67.517  5.341 0.5000000000
99851  -23.591  -67.954  6.900 0.5000000000
22479  -13.328  -61.070  6.229 0.3000000119
21755  -15.169  -61.957  6.504 0.4000000060
100104  -22.374  -66.934  4.915 0.5000000000
111810  -13.933  -61.039  5.931 0.3000000119
18960  -21.721  -66.213  3.658 0.6000000238
19904  -21.452  -65.771  3.072 0.6999999881
19887  -21.746  -65.490  3.806 0.6000000238
19902  -19.356  -65.038  3.429 0.5000000000
99509  -20.997  -65.382  2.708 0.5000000000
20929  -20.751  -64.547  3.002 0.4000000060
108795  -21.018  -63.951  3.339 0.4000000060
18907  -17.552  -66.820  7.977 0.3000000119
18931  -17.065  -66.134  7.623 0.3000000119
20862  -17.949  -64.800  6.837 0.3000000119
20879  -17.381  -64.005  6.665 0.3000000119
21756  -16.492  -62.920  6.537 0.4000000060
18119  -23.252  -67.439  6.358 0.5000000000
22480  -14.712  -61.027  6.022 0.4000000060
22482  -16.950  -62.047  6.390 0.4000000060
18126  -22.824  -66.903  5.763 0.5000000000
23183  -15.594  -61.074  5.708 0.4000000060
23175  -16.173  -60.849  5.537 0.4000000060
18953  -22.496  -66.133  5.227 0.5000000000
98549  -23.055  -66.009  5.910 0.5000000000
22503  -15.737  -61.491  5.208 0.4000000060
19888  -22.142  -65.388  4.700 0.5000000000
20930  -21.326  -64.796  3.222 0.5000000000
20913  -21.780  -64.667  4.082 0.5000000000
20912  -17.998  -64.075  4.351 0.3000000119
21797  -19.225  -63.088  4.119 0.4000000060
100685  -20.490  -63.793  3.462 0.4000000060
106689  -21.391  -63.973  3.688 0.4000000060
18092  -18.136  -67.493  8.435 0.3000000119
18932  -17.986  -66.175  7.590 0.3000000119
20880  -18.315  -64.011  6.621 0.4000000060
21757  -17.649  -63.148  6.509 0.4000000060
18095  -24.673  -67.535  8.030 0.4000000060
98360  -17.490  -61.369  6.321 0.4000000060
18934  -24.405  -66.938  7.421 0.4000000060
98427  -16.416  -61.035  6.091 0.4000000060
23166  -16.817  -60.673  5.916 0.4000000060
116382  -24.076  -66.381  6.876 0.4000000060
113466  -17.160  -60.256  5.666 0.4000000060
19876  -22.643  -65.334  5.482 0.5000000000
23880  -16.770  -60.533  5.178 0.4000000060
107310  -17.627  -61.592  4.464 0.3000000119
20898  -22.275  -64.511  5.028 0.5000000000
22520  -20.179  -62.196  3.914 0.3000000119
112274  -18.300  -66.744  8.004 0.3000000119
18933  -18.933  -66.227  7.757 0.3000000119
20863  -18.844  -64.724  6.947 0.3000000119
20881  -19.233  -63.951  6.760 0.4000000060
21758  -18.711  -63.098  6.525 0.4000000060
98476  -19.234  -60.778  6.468 0.3000000119
23167  -18.468  -61.092  6.371 0.4000000060
18096  -25.281  -67.345  8.562 0.4000000060
104642  -26.769  -67.214  9.226 0.4000000060
23863  -17.529  -60.479  6.052 0.4000000060
102089  -24.668  -66.109  7.391 0.4000000060
111772  -23.673  -65.815  6.439 0.4000000060
23881  -17.318  -59.868  5.047 0.3000000119
19877  -23.257  -65.227  6.045 0.4000000060
23185  -16.933  -60.913  4.777 0.3000000119
23882  -17.866  -59.994  4.601 0.3000000119
23199  -18.524  -61.461  4.266 0.3000000119
21786  -21.137  -63.393  3.698 0.4000000060
18094  -19.476  -67.348  8.919 0.3000000119
20864  -19.674  -64.548  7.165 0.4000000060
21759  -19.697  -63.243  6.739 0.4000000060
22484  -19.365  -62.558  6.594 0.4000000060
18890  -28.172  -66.493  9.245 0.4000000060
18913  -26.339  -66.505  9.013 0.4000000060
110508  -18.804  -59.336  6.099 0.4000000060
18935  -25.341  -65.763  7.975 0.4000000060
24597  -17.486  -59.827  5.566 0.4000000060
115742  -24.279  -65.592  6.892 0.4000000060
25375  -17.861  -58.664  5.120 0.3000000119
19868  -24.395  -64.900  6.933 0.4000000060
24621  -18.361  -59.235  4.512 0.3000000119
20882  -23.422  -64.429  6.119 0.5000000000
23892  -18.793  -60.107  4.232 0.3000000119
24634  -19.652  -59.295  3.938 0.3000000119
20899  -22.834  -63.951  5.593 0.5000000000
22521  -20.725  -62.283  3.872 0.3000000119
21787  -21.598  -63.202  4.169 0.4000000060
21799  -20.724  -63.084  3.779 0.4000000060
18910  -20.328  -66.278  8.685 0.3000000119
23866  -20.143  -60.839  6.792 0.3000000119
23865  -19.462  -60.058  6.452 0.3000000119
18889  -27.192  -66.390  9.281 0.4000000060
24598  -17.934  -59.023  5.530 0.3000000119
102042  -26.021  -65.830  8.648 0.4000000060
19814  -27.107  -65.505  9.271 0.3000000119
25362  -18.134  -58.104  5.159 0.3000000119
19850  -24.803  -65.267  7.366 0.4000000060
19832  -25.849  -65.055  8.369 0.4000000060
25387  -19.279  -57.485  4.276 0.3000000119
25398  -19.834  -58.490  3.930 0.3000000119
21761  -23.531  -63.453  6.092 0.4000000060
23894  -20.155  -60.722  3.871 0.3000000119
23895  -20.861  -60.794  3.841 0.3000000119
23187  -21.528  -61.308  4.176 0.3000000119
22507  -22.203  -62.648  4.719 0.3000000119
24599  -18.643  -58.440  5.824 0.3000000119
25364  -19.435  -58.021  6.245 0.3000000119
25363  -18.521  -57.286  5.356 0.3000000119
19833  -26.454  -65.253  8.915 0.3000000119
19851  -25.307  -64.824  7.776 0.4000000060
20852  -26.319  -64.508  8.769 0.4000000060
26169  -19.779  -56.746  4.263 0.3000000119
20866  -24.797  -64.404  7.297 0.4000000060
114895  -25.241  -64.265  7.684 0.4000000060
24635  -20.289  -59.281  3.809 0.3000000119
24636  -20.874  -59.776  3.804 0.3000000119
23188  -22.182  -61.752  4.626 0.3000000119
26959  -20.332  -56.135  4.425 0.3000000119
25389  -21.202  -58.289  4.023 0.3000000119
21747  -25.143  -63.652  7.566 0.3000000119
108766  -25.693  -64.163  8.153 0.3000000119
24622  -21.408  -59.348  4.074 0.3000000119
21762  -24.218  -63.275  6.630 0.3000000119
23884  -22.152  -60.838  4.605 0.3000000119
22485  -23.401  -62.518  5.806 0.3000000119
102071  -21.928  -56.157  5.033 0.3000000119
26960  -21.757  -55.107  5.481 0.3000000119
26171  -21.808  -57.781  4.482 0.3000000119
21746  -24.730  -63.022  7.109 0.3000000119
26160  -22.419  -57.213  5.033 0.3000000119
26961  -22.943  -56.367  5.598 0.3000000119
22522  -21.107  -62.687  3.872 0.4000000060
23200  -19.461  -61.132  4.039 0.3000000119
23201  -20.435  -61.505  3.888 0.3000000119
116348  -23.629  -95.083  3.139 0.6000000238
2541  -25.672  -95.060  4.410 0.5000000000
2901  -26.436  -93.746  5.642 0.5000000000
2884  -25.789  -93.219  6.242 0.5000000000
2542  -26.602  -95.061  4.498 0.5000000000
2175  -28.284  -95.522  2.973 0.5000000000
97978  -23.067  -93.678  2.938 0.6999999881
2961  -22.380  -94.417  0.437 0.6999999881
3702  -23.469  -91.812  2.546 0.6999999881
106711  -23.253  -93.405  3.693 0.6999999881
2163  -28.434  -95.398  3.670 0.4000000060
3684  -23.265  -91.962  4.429 0.6999999881
1820  -26.006  -96.664  1.983 0.5000000000
4104  -28.474  -90.852  0.920 0.3000000119
2206  -24.576  -96.110  0.358 0.5000000000
2599  -24.441  -94.873  -1.375 0.3000000119
3757  -22.469  -91.613  -2.331 0.6000000238
3721  -23.374  -91.449  0.101 0.6000000238
4141  -22.973  -90.811  -1.544 0.5000000000
5508  -23.599  -87.638  0.549 0.6000000238
4101  -23.793  -90.590  1.839 0.6999999881
4998  -23.906  -88.509  2.379 0.6000000238
4102  -23.954  -89.938  1.663 0.6000000238
4092  -23.692  -90.537  3.355 0.6999999881
2577  -23.337  -96.182  1.443 0.5000000000
109423  -24.969  -96.615  1.741 0.6000000238
2160  -25.350  -95.774  3.630 0.5000000000
99885  -23.693  -89.959  4.072 0.6000000238
4073  -23.263  -91.332  5.088 0.6999999881
4979  -23.844  -87.800  5.078 0.5000000000
4066  -23.095  -90.762  5.875 0.5000000000
6474  -22.619  -85.322  3.836 0.6000000238
4065  -23.057  -90.680  6.850 0.5000000000
3348  -26.813  -92.830  -1.168 0.3000000119
107774  -22.423  -95.408  -0.577 0.5000000000
3713  -28.094  -91.845  0.497 0.3000000119
4051  -22.861  -90.353  7.910 0.5000000000
7651  -22.324  -83.939  -2.239 0.6000000238
8226  -19.405  -82.552  -0.884 0.6999999881
8254  -22.255  -81.707  -2.261 0.6000000238
8903  -23.761  -81.008  -3.043 0.6000000238
6564  -25.752  -85.936  -2.915 0.5000000000
4192  -24.784  -89.893  -6.248 0.4000000060
105407  -24.898  -84.687  -1.153 0.6000000238
7054  -26.115  -84.559  -1.239 0.5000000000
8216  -28.249  -81.956  0.193 0.4000000060
105256  -20.547  -81.056  -3.515 0.6000000238
9631  -23.345  -79.826  -4.471 0.6999999881
11675  -19.273  -77.723  -0.054 0.6000000238
6079  -26.271  -86.505  -4.756 0.4000000060
7653  -27.834  -83.765  -2.473 0.4000000060
105404  -18.284  -82.912  -3.192 0.6000000238
11661  -19.955  -78.176  1.795 0.6000000238
115609  -20.274  -77.471  -0.210 0.6000000238
6592  -27.872  -85.943  -6.393 0.5000000000
12992  -21.064  -75.449  -2.873 0.5000000000
10189  -21.743  -79.144  4.476 0.6000000238
12386  -20.642  -75.751  -3.153 0.4000000060
11710  -25.343  -77.541  -4.074 0.5000000000
7654  -28.453  -83.113  -2.724 0.5000000000
10957  -22.972  -77.969  -1.756 0.6000000238
11724  -24.524  -77.034  -4.209 0.5000000000
13626  -16.016  -74.012  -0.105 0.6000000238
16729  -16.488  -69.550  1.183 0.5000000000
14799  -19.275  -72.383  5.727 0.5000000000
15444  -17.636  -72.002  3.485 0.6000000238
15432  -18.560  -71.462  5.014 0.6000000238
15434  -20.135  -71.317  5.799 0.6000000238
15473  -18.100  -71.626  1.321 0.6000000238
18155  -15.894  -67.789  2.402 0.5000000000
16050  -22.337  -71.069  6.866 0.5000000000
17361  -21.816  -67.993  4.054 0.6000000238
18976  -21.492  -66.641  3.132 0.6000000238
20860  -15.070  -63.950  7.390 0.3000000119
114386  -22.758  -68.760  5.875 0.5000000000
20927  -19.090  -64.089  4.061 0.3000000119
18110  -24.118  -67.726  7.456 0.4000000060
18109  -23.814  -67.176  6.900 0.4000000060
106043  -19.841  -63.655  3.704 0.4000000060
22519  -19.359  -62.184  4.090 0.3000000119
21773  -22.268  -63.555  4.883 0.5000000000
18912  -25.641  -66.551  8.538 0.4000000060
18909  -19.572  -66.602  8.420 0.3000000119
25386  -18.143  -58.437  4.851 0.3000000119
20883  -24.149  -64.182  6.644 0.4000000060
22506  -21.575  -62.241  4.197 0.3000000119
26157  -18.426  -57.434  4.835 0.3000000119
21774  -22.828  -63.045  5.419 0.4000000060
19811  -21.058  -65.913  9.117 0.3000000119
26168  -18.901  -56.577  4.687 0.3000000119
108161  -24.609  -63.715  7.050 0.4000000060
26170  -20.812  -57.156  4.084 0.3000000119
3630  -19.757  -91.271  9.094 0.5000000000
3608  -20.367  -91.042  9.878 0.5000000000
3609  -21.076  -90.876  10.181 0.5000000000
4017  -21.341  -90.160  10.000 0.4000000060
4030  -18.565  -90.321  8.545 0.5000000000
4031  -19.063  -89.973  9.097 0.5000000000
4458  -19.834  -89.531  9.539 0.5000000000
4459  -20.805  -89.503  9.774 0.5000000000
4460  -21.686  -89.528  9.453 0.5000000000
4475  -22.379  -89.756  8.780 0.4000000060
110527  -17.962  -89.513  8.050 0.4000000060
4471  -18.367  -88.897  8.386 0.5000000000
4473  -20.426  -88.812  9.414 0.5000000000
4948  -22.403  -88.500  7.946 0.4000000060
4945  -18.478  -88.189  7.916 0.5000000000
4937  -19.069  -88.177  8.679 0.5000000000
4924  -19.622  -88.712  9.215 0.5000000000
5421  -19.532  -87.063  7.468 0.5000000000
5414  -20.752  -87.518  8.527 0.5000000000
5422  -20.434  -86.874  7.863 0.5000000000
5423  -21.426  -87.121  7.948 0.5000000000
5433  -22.876  -87.339  7.048 0.4000000060
4954  -18.772  -88.085  6.376 0.5000000000
5910  -20.345  -86.530  7.096 0.5000000000
100434  -21.807  -86.258  6.776 0.5000000000
5926  -22.717  -86.577  6.639 0.5000000000
5010  -20.054  -88.945  2.035 0.5000000000
4964  -19.406  -88.395  5.427 0.5000000000
4965  -20.132  -87.863  4.940 0.5000000000
5446  -20.185  -86.942  5.536 0.5000000000
5460  -20.413  -87.073  4.590 0.5000000000
5924  -20.535  -86.372  6.267 0.5000000000
5925  -21.364  -86.001  6.144 0.5000000000
5938  -22.410  -85.913  5.967 0.5000000000
4997  -20.154  -88.638  2.692 0.5000000000
4996  -19.604  -88.235  2.305 0.5000000000
5515  -18.149  -87.145  -0.160 0.5000000000
5472  -20.326  -87.709  3.797 0.5000000000
5008  -18.356  -87.263  1.441 0.5000000000
5506  -18.111  -87.178  0.723 0.5000000000
100011  -20.395  -86.682  4.088 0.5000000000
5471  -19.821  -87.100  3.419 0.5000000000
5480  -18.490  -86.890  2.175 0.5000000000
5949  -20.963  -85.990  4.675 0.5000000000
5960  -19.763  -86.117  3.653 0.5000000000
5937  -21.633  -85.765  5.350 0.5000000000
6452  -22.392  -85.626  5.061 0.5000000000
5951  -23.106  -85.915  5.266 0.5000000000
7649  -18.058  -83.712  -3.054 0.5000000000
7065  -17.901  -84.519  -2.366 0.6000000238
6021  -18.008  -86.437  -0.602 0.5000000000
5988  -17.928  -86.416  1.492 0.5000000000
6528  -17.634  -84.796  -0.194 0.5000000000
6483  -18.529  -85.468  2.665 0.5000000000
6513  -17.877  -84.924  1.017 0.5000000000
6472  -20.796  -84.990  3.683 0.5000000000
6974  -20.038  -84.788  3.194 0.5000000000
5950  -21.734  -85.553  4.741 0.5000000000
8269  -19.278  -82.806  -5.139 0.5000000000
8262  -18.891  -82.532  -3.881 0.5000000000
7049  -17.743  -84.415  -1.458 0.6000000238
111757  -16.244  -79.240  -1.302 0.5000000000
10939  -16.988  -78.977  -0.827 0.6000000238
10290  -16.156  -80.112  -0.715 0.5000000000
10273  -16.876  -79.811  -0.231 0.5000000000
10274  -17.727  -79.179  0.233 0.6000000238
10257  -17.133  -80.177  0.680 0.6000000238
9572  -16.468  -80.586  0.202 0.5000000000
9543  -16.803  -80.760  2.186 0.6000000238
10228  -16.869  -80.241  2.927 0.5000000000
10245  -17.547  -80.234  2.067 0.6000000238
10204  -17.576  -79.624  3.202 0.6000000238
103849  -16.164  -80.096  3.036 0.5000000000
10203  -16.705  -79.498  3.353 0.6000000238
100954  -17.517  -78.322  3.720 0.6000000238
10904  -15.503  -78.481  2.827 0.5000000000
11622  -16.026  -78.037  3.248 0.5000000000
12347  -15.434  -76.411  1.572 0.5000000000
12961  -15.511  -75.781  1.038 0.6000000238
13635  -15.111  -74.161  -0.574 0.6000000238
13625  -14.657  -74.930  -0.529 0.5000000000
12334  -15.705  -76.744  2.329 0.6000000238
11641  -16.064  -77.192  3.109 0.5000000000
13617  -15.605  -74.933  0.298 0.5000000000
14844  -15.320  -72.588  -0.264 0.6000000238
14244  -16.248  -73.203  -0.130 0.6000000238
15489  -16.022  -71.477  0.248 0.6000000238
4121  -29.274  -91.332  0.219 0.3000000119
4134  -29.911  -90.691  -0.247 0.3000000119
5037  -30.028  -89.097  -0.456 0.3000000119
3735  -28.107  -92.084  -0.736 0.3000000119
3328  -28.235  -92.165  -0.412 0.3000000119
3723  -27.854  -92.476  0.126 0.3000000119
5424  -22.287  -87.616  7.711 0.4000000060
6484  -19.210  -85.339  3.215 0.5000000000
7017  -17.813  -84.638  0.341 0.5000000000
10956  -17.204  -78.019  -1.338 0.5000000000
4474  -21.236  -88.955  9.375 0.4000000060
4947  -21.707  -87.948  8.376 0.5000000000
5432  -19.787  -86.849  6.501 0.5000000000
4526  -20.388  -89.271  2.689 0.5000000000
4978  -20.373  -88.230  4.124 0.5000000000
5009  -19.351  -88.512  1.496 0.5000000000
5024  -18.659  -87.993  0.915 0.5000000000
5481  -19.254  -87.413  2.659 0.5000000000
6512  -17.640  -85.303  0.427 0.5000000000
3724  -28.770  -91.822  -0.105 0.3000000119
4579  -27.783  -90.118  -0.880 0.3000000119
4566  -29.638  -89.933  -0.532 0.3000000119
3736  -28.795  -91.655  -0.421 0.3000000119
4133  -29.124  -90.685  -0.607 0.3000000119
1808  -25.712  -96.701  2.294 0.6000000238
1809  -26.278  -96.640  2.380 0.5000000000
2159  -24.674  -94.842  4.245 0.6000000238
2173  -26.812  -96.407  2.729 0.4000000060
2181  -24.046  -96.396  2.110 0.5000000000
2192  -23.519  -96.406  0.563 0.5000000000
2526  -26.038  -94.417  5.097 0.5000000000
2539  -23.940  -94.809  3.709 0.6000000238
2543  -28.374  -94.942  4.435 0.5000000000
2568  -27.483  -95.570  2.158 0.4000000060
2579  -26.838  -95.963  1.790 0.5000000000
2886  -27.650  -92.946  6.167 0.6000000238
2899  -24.681  -93.604  5.618 0.6000000238
2916  -23.584  -93.923  4.178 0.6999999881
2962  -25.326  -94.936  -0.114 0.4000000060
2986  -22.702  -94.192  -2.782 0.4000000060
2987  -23.330  -94.217  -2.863 0.4000000060
2988  -24.714  -93.537  -2.376 0.3000000119
2993  -22.422  -93.804  -3.129 0.4000000060
3269  -27.038  -92.462  6.711 0.6000000238
3310  -23.246  -92.710  2.963 0.6999999881
3335  -22.517  -93.330  -0.631 0.6000000238
3336  -27.041  -93.039  -0.690 0.4000000060
3359  -24.409  -93.226  -3.126 0.3000000119
3365  -22.440  -93.277  -3.664 0.4000000060
3677  -23.367  -92.227  5.297 0.6000000238
3725  -29.375  -91.264  -0.206 0.3000000119
3734  -22.926  -92.189  -0.704 0.6000000238
3751  -27.263  -92.147  -1.189 0.3000000119
3752  -28.443  -91.299  -0.798 0.3000000119
3765  -22.306  -92.316  -3.981 0.4000000060
3786  -25.155  -91.271  -5.305 0.4000000060
4015  -19.754  -90.442  9.504 0.5000000000
4016  -20.498  -90.239  9.944 0.5000000000
4052  -28.273  -90.844  7.989 0.5000000000
4095  -23.677  -90.992  2.587 0.6999999881
4120  -24.080  -89.359  1.221 0.6000000238
4143  -26.243  -91.047  -1.559 0.3000000119
4153  -22.541  -90.503  -2.398 0.5000000000
4154  -25.484  -91.082  -3.034 0.3000000119
4173  -22.354  -90.854  -5.139 0.4000000060
4186  -26.734  -90.698  -4.894 0.4000000060
4472  -19.002  -89.129  9.013 0.5000000000
4487  -22.567  -89.397  8.012 0.5000000000
4493  -22.837  -89.807  7.189 0.5000000000
4521  -23.856  -88.982  3.901 0.6000000238
4538  -26.686  -89.172  2.059 0.3000000119
4564  -23.750  -89.452  -0.248 0.6000000238
4609  -21.893  -88.783  -5.753 0.4000000060
4619  -22.438  -89.322  -6.189 0.4000000060
4622  -27.483  -89.659  -5.439 0.4000000060
4633  -24.284  -89.082  -6.711 0.4000000060
4634  -25.755  -89.928  -6.061 0.4000000060
4938  -20.070  -88.057  9.005 0.5000000000
4939  -21.091  -88.285  9.027 0.4000000060
4940  -21.979  -88.850  8.797 0.4000000060
4946  -19.004  -87.580  8.035 0.5000000000
4966  -23.636  -87.852  5.820 0.5000000000
4987  -20.328  -88.663  3.369 0.5000000000
4988  -23.834  -88.316  3.269 0.6000000238
5000  -26.938  -87.918  2.184 0.3000000119
5025  -19.236  -88.827  0.663 0.5000000000
5026  -23.832  -88.339  0.319 0.6000000238
5027  -24.086  -88.793  0.762 0.6000000238
5034  -23.301  -87.953  -0.157 0.5000000000
5067  -21.527  -88.456  -4.184 0.5000000000
5102  -24.776  -88.493  -6.659 0.4000000060
5103  -25.724  -88.906  -6.473 0.4000000060
5105  -27.314  -88.128  -6.281 0.4000000060
5106  -28.179  -87.972  -6.029 0.4000000060
5413  -19.740  -87.421  8.365 0.5000000000
5420  -18.790  -87.685  7.307 0.5000000000
5431  -19.201  -87.387  6.708 0.5000000000
5445  -19.498  -87.525  5.880 0.5000000000
5447  -23.730  -87.087  5.566 0.5000000000
5473  -23.802  -86.934  3.983 0.6000000238
5474  -23.813  -87.701  2.700 0.6000000238
5482  -20.067  -87.998  3.036 0.5000000000
5483  -23.723  -86.959  2.148 0.6000000238
5485  -28.011  -87.030  1.922 0.3000000119
5494  -18.883  -87.743  1.843 0.5000000000
5517  -22.473  -87.526  -0.613 0.5000000000
5564  -21.746  -87.076  -5.047 0.5000000000
5574  -23.591  -87.850  -6.427 0.5000000000
5585  -22.776  -88.199  -6.651 0.4000000060
5587  -24.139  -88.151  -6.651 0.5000000000
5590  -27.524  -87.154  -6.375 0.4000000060
5911  -21.146  -86.528  7.353 0.5000000000
5912  -22.107  -86.800  7.352 0.5000000000
5936  -20.828  -86.280  5.381 0.5000000000
5939  -23.270  -86.436  5.902 0.6000000238
5961  -20.570  -85.736  4.076 0.5000000000
5962  -23.573  -86.200  3.635 0.6000000238
5964  -26.806  -86.011  3.040 0.3000000119
5972  -18.242  -86.092  2.322 0.5000000000
5973  -18.869  -86.349  2.995 0.5000000000
5987  -17.695  -85.643  1.093 0.5000000000
6003  -17.744  -86.279  0.403 0.5000000000
6004  -21.888  -86.165  -0.041 0.6000000238
6005  -22.673  -86.563  0.438 0.6999999881
6006  -23.342  -86.933  0.807 0.6999999881
6020  -17.696  -85.623  -0.322 0.5000000000
6022  -21.837  -86.786  -0.729 0.5000000000
6064  -26.042  -86.239  -3.741 0.4000000060
6075  -21.985  -86.402  -4.715 0.5000000000
6077  -24.537  -86.811  -3.918 0.5000000000
6083  -26.488  -86.906  -5.878 0.5000000000
6085  -29.877  -86.810  -5.627 0.4000000060
6090  -26.953  -86.965  -6.395 0.5000000000
6460  -21.388  -85.369  4.203 0.5000000000
6461  -22.153  -85.370  4.335 0.6000000238
6462  -22.882  -85.614  4.536 0.5000000000
6463  -23.231  -85.692  3.996 0.6999999881
6471  -20.025  -85.353  3.618 0.5000000000
6487  -23.032  -85.516  2.521 0.6999999881
6497  -18.007  -85.373  1.869 0.5000000000
6498  -21.944  -84.900  1.712 0.6999999881
6550  -23.589  -85.464  -2.785 0.6000000238
6552  -26.180  -85.375  -2.470 0.5000000000
6561  -21.643  -85.132  -3.595 0.6000000238
6989  -18.636  -84.831  2.325 0.6000000238
6990  -19.328  -84.739  2.703 0.6000000238
7004  -21.329  -84.639  1.352 0.6000000238
7035  -17.863  -83.997  -0.208 0.6000000238
7036  -21.137  -84.816  -0.138 0.6000000238
7037  -24.611  -84.273  -0.777 0.6000000238
7038  -25.365  -84.422  -0.803 0.6000000238
7053  -25.401  -84.797  -1.312 0.5000000000
7068  -22.940  -84.611  -2.727 0.6000000238
7070  -25.760  -85.104  -1.777 0.5000000000
7071  -26.521  -84.800  -2.007 0.5000000000
7086  -22.238  -84.703  -3.326 0.6000000238
7606  -25.612  -83.482  0.272 0.6000000238
7608  -27.110  -83.092  0.072 0.6000000238
7618  -18.231  -83.256  -0.729 0.6999999881
7619  -19.481  -83.065  -0.165 0.6999999881
7624  -25.100  -83.938  -0.217 0.6000000238
7635  -17.796  -83.665  -1.950 0.6000000238
7636  -18.073  -83.047  -1.506 0.6999999881
7642  -27.334  -83.815  -1.543 0.4000000060
7661  -18.545  -83.286  -4.101 0.5000000000
7682  -30.654  -83.654  -5.600 0.4000000060
8212  -24.659  -82.736  0.733 0.6000000238
8214  -26.024  -83.094  0.733 0.6000000238
8227  -20.294  -82.720  -0.749 0.6000000238
8228  -20.944  -83.003  -0.832 0.6000000238
8238  -19.258  -82.179  -1.606 0.6999999881
8243  -27.632  -83.226  -1.131 0.5000000000
8252  -18.592  -82.367  -2.823 0.6999999881
8263  -19.329  -81.878  -3.464 0.6000000238
8270  -19.644  -82.066  -4.800 0.6000000238
8289  -31.051  -83.164  -5.408 0.4000000060
8835  -25.830  -81.031  2.437 0.5000000000
8848  -25.531  -81.786  1.929 0.6000000238
8850  -27.614  -81.572  1.708 0.6000000238
8851  -28.254  -81.333  1.286 0.4000000060
8862  -28.600  -81.269  0.464 0.4000000060
8881  -21.056  -81.761  -1.972 0.6999999881
8884  -28.626  -81.968  -1.313 0.4000000060
8890  -19.888  -81.440  -3.014 0.6999999881
8894  -23.559  -81.577  -2.487 0.6000000238
8895  -24.360  -80.972  -2.885 0.6000000238
8901  -20.782  -80.701  -4.419 0.6000000238
8915  -19.903  -81.489  -5.320 0.6000000238
8932  -20.010  -81.163  -5.366 0.6000000238
9533  -25.777  -80.182  2.679 0.5000000000
9554  -16.618  -80.917  1.191 0.6000000238
9555  -17.205  -80.465  1.515 0.6000000238
9573  -24.419  -80.558  -0.594 0.5000000000
9585  -15.442  -80.462  -0.885 0.5000000000
9597  -22.139  -80.719  -3.214 0.6999999881
9607  -22.193  -80.265  -3.975 0.6999999881
9630  -21.980  -79.767  -4.668 0.6000000238
9632  -24.371  -80.219  -4.383 0.6000000238
10164  -22.986  -79.203  6.016 0.6000000238
10179  -22.716  -79.414  5.238 0.6000000238
10181  -25.382  -79.206  5.257 0.6000000238
10191  -23.320  -79.558  4.580 0.6000000238
10202  -15.776  -79.398  3.061 0.5000000000
10205  -18.250  -79.411  2.992 0.6999999881
10206  -22.066  -79.421  3.730 0.6000000238
10229  -17.569  -80.020  2.658 0.6000000238
10233  -24.660  -79.705  2.386 0.5000000000
10234  -25.266  -79.836  2.654 0.5000000000
10235  -28.507  -79.725  2.777 0.5000000000
10236  -29.158  -79.404  2.365 0.5000000000
10246  -18.195  -79.559  2.224 0.6999999881
10247  -21.560  -79.120  2.041 0.6000000238
10248  -22.329  -79.401  1.620 0.6000000238
10249  -23.373  -79.532  1.358 0.6000000238
10252  -29.704  -79.214  0.893 0.4000000060
10262  -23.693  -79.550  0.525 0.6000000238
10276  -24.070  -79.551  -0.428 0.6000000238
10277  -24.486  -79.913  -0.242 0.6000000238
10306  -25.516  -79.915  -2.928 0.6000000238
10320  -25.947  -79.735  -4.172 0.6000000238
10333  -20.765  -80.153  -5.045 0.6000000238
10334  -22.073  -79.315  -4.777 0.5000000000
10336  -24.767  -79.440  -5.091 0.6000000238
10829  -22.136  -77.945  7.002 0.5000000000
10843  -21.722  -78.509  5.838 0.5000000000
10845  -23.355  -78.738  6.738 0.6000000238
10861  -21.656  -78.817  5.178 0.6000000238
10884  -16.107  -78.812  3.303 0.5000000000
10885  -16.713  -78.601  3.574 0.6000000238
10905  -18.808  -79.010  2.669 0.6999999881
10906  -19.567  -78.341  2.595 0.6999999881
10909  -30.183  -78.305  2.082 0.4000000060
10920  -20.911  -78.382  1.780 0.5000000000
10926  -18.729  -78.482  0.660 0.6000000238
10958  -24.075  -78.365  -2.134 0.6000000238
10969  -25.766  -78.286  -3.620 0.6000000238
10987  -20.834  -78.585  -4.330 0.4000000060
10989  -25.000  -78.354  -5.169 0.6000000238
10990  -25.407  -77.791  -4.787 0.5000000000
11559  -22.893  -76.906  8.115 0.5000000000
11567  -21.746  -77.244  6.976 0.6000000238
11611  -21.096  -77.711  4.048 0.5000000000
11623  -16.639  -77.730  3.623 0.5000000000
11625  -20.148  -77.233  3.506 0.6000000238
11626  -20.528  -77.639  3.198 0.6000000238
11644  -20.635  -77.987  2.462 0.5000000000
11660  -15.092  -77.122  1.674 0.5000000000
11662  -20.281  -78.151  1.419 0.6000000238
11677  -20.742  -77.605  -0.323 0.6000000238
11685  -18.638  -77.505  -0.671 0.6000000238
11689  -22.012  -77.533  -1.423 0.6000000238
11697  -19.354  -76.411  -1.358 0.5000000000
11698  -21.827  -76.333  -1.940 0.6000000238
11707  -17.122  -76.939  -2.595 0.6000000238
11708  -23.210  -76.358  -3.197 0.6000000238
11709  -24.270  -76.893  -3.631 0.5000000000
11726  -22.595  -77.441  -4.355 0.5000000000
12273  -21.689  -76.307  7.125 0.5000000000
12299  -21.067  -76.676  4.904 0.6000000238
12309  -20.180  -76.043  4.398 0.6000000238
12319  -16.940  -76.450  3.836 0.6999999881
12335  -16.231  -76.273  3.051 0.6999999881
12367  -19.644  -75.701  -1.932 0.5000000000
12368  -20.487  -75.541  -1.982 0.5000000000
12379  -18.380  -76.235  -2.757 0.5000000000
12380  -19.324  -75.787  -2.624 0.5000000000
12387  -21.633  -75.750  -3.193 0.6000000238
12892  -21.883  -75.059  7.683 0.5000000000
12922  -17.855  -74.921  4.338 0.6000000238
12949  -16.312  -75.293  2.461 0.6999999881
12983  -20.622  -75.442  -2.505 0.5000000000
12984  -21.153  -75.504  -2.410 0.5000000000
12991  -20.220  -75.544  -2.824 0.5000000000
13568  -19.657  -74.154  5.398 0.6000000238
13569  -20.398  -74.617  5.592 0.5000000000
13603  -16.513  -74.446  1.757 0.6999999881
13618  -16.350  -74.344  0.740 0.6000000238
14159  -22.416  -73.418  8.544 0.5000000000
14170  -22.096  -73.519  7.692 0.5000000000
14181  -20.543  -73.322  6.264 0.5000000000
14218  -17.279  -73.540  3.588 0.6000000238
14237  -16.880  -73.732  1.000 0.6999999881
14250  -15.264  -73.326  -0.517 0.6000000238
14775  -22.003  -72.959  7.217 0.5000000000
14788  -22.063  -72.316  7.027 0.5000000000
14798  -18.721  -72.059  5.425 0.6000000238
14800  -20.013  -72.747  6.091 0.6000000238
14812  -17.707  -72.523  4.288 0.6000000238
15421  -22.053  -71.675  6.807 0.5000000000
15435  -21.012  -71.259  6.073 0.6000000238
15445  -18.031  -71.656  4.308 0.6000000238
15460  -17.874  -71.763  2.448 0.6000000238
15490  -16.980  -71.813  0.244 0.6000000238
16036  -22.609  -70.890  7.552 0.5000000000
16057  -19.818  -70.720  5.219 0.6000000238
16082  -18.733  -70.527  3.020 0.6000000238
16106  -18.202  -70.886  0.749 0.6000000238
16107  -18.735  -70.219  0.967 0.6000000238
16118  -16.869  -71.145  0.380 0.6000000238
16671  -22.693  -70.241  6.870 0.5000000000
16695  -20.364  -69.552  3.923 0.6000000238
16719  -19.808  -69.378  2.235 0.6000000238
16730  -17.008  -69.043  1.356 0.4000000060
16742  -18.500  -69.675  0.942 0.5000000000
17325  -18.354  -68.225  8.943 0.3000000119
17348  -23.055  -68.302  6.260 0.5000000000
17373  -21.358  -68.303  3.427 0.6999999881
17392  -20.630  -68.452  2.231 0.6000000238
17404  -15.853  -68.959  1.586 0.5000000000
18076  -25.973  -67.240  9.010 0.4000000060
18118  -22.863  -67.687  5.851 0.5000000000
18158  -19.443  -67.251  1.875 0.6000000238
18159  -20.625  -67.740  1.979 0.6000000238
18171  -19.955  -67.903  1.517 0.6000000238
18911  -25.002  -66.703  7.976 0.4000000060
18948  -23.429  -66.619  6.400 0.4000000060
18961  -22.057  -66.198  4.396 0.6000000238
18992  -21.115  -66.280  2.629 0.6000000238
19830  -20.584  -65.469  8.350 0.3000000119
19846  -17.531  -65.473  7.255 0.3000000119
19847  -18.449  -65.478  7.274 0.3000000119
19848  -19.334  -65.334  7.429 0.3000000119
19867  -23.874  -65.030  6.514 0.4000000060
19915  -19.544  -65.831  2.808 0.5000000000
20861  -17.058  -64.744  6.962 0.3000000119
20914  -21.856  -63.966  4.338 0.4000000060
20928  -20.005  -64.353  3.248 0.4000000060
21798  -20.049  -62.999  3.858 0.4000000060
22481  -15.830  -61.402  6.214 0.4000000060
22483  -18.603  -62.070  6.482 0.4000000060
22497  -14.878  -61.281  5.737 0.3000000119
22498  -22.786  -62.153  5.251 0.3000000119
23164  -15.749  -60.915  5.850 0.4000000060
23165  -16.261  -60.772  5.757 0.4000000060
23168  -19.523  -61.697  6.600 0.4000000060
23184  -16.182  -61.093  5.183 0.4000000060
23186  -17.727  -60.804  4.498 0.3000000119
23202  -21.047  -61.817  3.865 0.3000000119
23862  -16.645  -60.573  5.494 0.4000000060
23864  -18.363  -60.052  6.135 0.4000000060
23871  -17.159  -60.113  5.246 0.4000000060
23893  -19.587  -60.123  4.001 0.3000000119
24600  -19.675  -59.159  6.491 0.3000000119
24609  -17.564  -59.285  5.166 0.3000000119
24610  -17.855  -58.622  5.117 0.3000000119
24620  -17.730  -59.166  4.935 0.3000000119
24633  -19.054  -59.439  4.162 0.3000000119
25376  -18.122  -58.083  5.011 0.3000000119
25377  -18.246  -57.385  5.007 0.3000000119
25388  -20.268  -57.785  3.984 0.3000000119
25397  -18.892  -58.484  4.321 0.3000000119
25399  -20.678  -58.821  3.844 0.3000000119
26159  -21.389  -56.602  4.477 0.3000000119
97104  -23.852  -87.868  4.189 0.6000000238
97185  -23.232  -91.677  5.785 0.6999999881
97650  -29.245  -91.207  -0.413 0.3000000119
98168  -24.582  -80.949  1.153 0.5000000000
98559  -18.497  -77.739  3.763 0.6999999881
99139  -23.014  -93.443  2.151 0.6999999881
99563  -26.067  -79.044  -3.575 0.6000000238
99644  -18.456  -89.674  8.543 0.5000000000
99863  -21.176  -76.166  5.544 0.6999999881
99901  -25.694  -87.035  -5.147 0.5000000000
99942  -24.689  -92.335  -4.247 0.4000000060
101227  -19.752  -71.946  6.006 0.5000000000
101404  -19.156  -77.062  -0.796 0.6000000238
102497  -21.860  -69.371  4.801 0.6999999881
102793  -24.237  -79.493  4.665 0.6000000238
103593  -21.364  -79.901  -4.906 0.6000000238
103740  -17.394  -79.087  3.548 0.6000000238
103914  -17.898  -62.391  6.458 0.4000000060
104317  -17.437  -72.786  3.498 0.6000000238
105098  -17.227  -60.343  4.826 0.3000000119
105103  -22.286  -87.977  -6.353 0.4000000060
105674  -20.267  -60.009  3.829 0.3000000119
105788  -18.936  -70.255  2.087 0.6000000238
105906  -28.645  -84.832  -5.986 0.5000000000
106820  -17.675  -85.036  -0.918 0.5000000000
106854  -22.435  -85.063  2.345 0.6000000238
107491  -22.649  -79.494  2.976 0.6000000238
107620  -21.431  -87.289  -2.092 0.5000000000
107806  -22.918  -95.248  1.695 0.6000000238
108064  -23.466  -88.577  6.000 0.5000000000
108148  -23.981  -78.450  -5.059 0.6000000238
108700  -24.469  -81.066  -2.302 0.6000000238
108917  -27.492  -91.274  7.819 0.5000000000
109209  -22.869  -64.698  5.690 0.5000000000
109428  -24.765  -95.628  -0.064 0.4000000060
110287  -21.266  -76.907  5.626 0.6000000238
110327  -23.040  -96.186  -0.249 0.4000000060
110372  -23.948  -90.043  0.960 0.6999999881
111015  -18.095  -73.287  4.806 0.6000000238
111575  -20.044  -66.929  9.017 0.3000000119
111586  -18.784  -82.895  -0.526 0.6999999881
112256  -24.145  -92.233  7.380 0.5000000000
112267  -26.946  -94.762  1.931 0.4000000060
112449  -18.417  -87.756  0.167 0.5000000000
112565  -21.919  -88.115  -5.996 0.4000000060
113778  -24.169  -93.434  5.490 0.5000000000
113794  -20.995  -86.267  6.777 0.5000000000
113910  -16.596  -63.994  6.773 0.4000000060
113922  -23.278  -88.456  -6.781 0.4000000060
114215  -23.849  -87.032  -4.534 0.5000000000
114431  -21.775  -89.367  -4.040 0.5000000000
114657  -18.428  -75.668  4.356 0.6999999881
114837  -18.469  -60.705  4.290 0.3000000119
115007  -22.313  -94.256  -0.386 0.4000000060
115195  -21.894  -84.227  -2.409 0.6000000238
115347  -16.586  -79.568  -0.768 0.5000000000
115529  -26.598  -65.895  9.073 0.3000000119
115654  -19.871  -74.829  5.099 0.6999999881
115737  -18.066  -71.422  0.757 0.6000000238
115907  -20.789  -78.286  1.082 0.5000000000
116432  -17.512  -72.394  2.769 0.6000000238
116526  -17.698  -84.381  -0.743 0.5000000000
116642  -26.782  -89.611  1.867 0.3000000119
116654  -27.726  -95.714  2.484 0.5000000000
117004  -23.475  -96.083  -0.534 0.4000000060
117010  -21.009  -86.780  -2.958 0.5000000000
117013  -25.931  -79.506  -5.003 0.6000000238
117046  -23.481  -77.643  -4.663 0.6000000238
