#!ascii label  , from subject sub-v1s23x0050617_ses-1 vox2ras=TkReg
985
2245  -28.503  -55.300  -32.424 0.5000000000
2249  -26.677  -56.175  -32.695 0.6000000238
78630  -34.564  -52.284  -31.488 0.3000000119
1985  -26.562  -56.549  -33.505 0.5000000000
3187  -33.527  -52.688  -32.991 0.4000000060
3541  -33.917  -51.915  -32.979 0.4000000060
3519  -34.438  -51.717  -32.206 0.4000000060
87114  -34.743  -51.542  -31.427 0.3000000119
2583  -28.502  -53.641  -29.743 0.5000000000
2595  -28.885  -54.057  -30.439 0.5000000000
2244  -27.623  -55.250  -31.607 0.5000000000
2594  -27.207  -54.512  -30.092 0.6000000238
2237  -26.824  -55.118  -30.837 0.5000000000
2243  -26.807  -55.654  -31.813 0.6000000238
74529  -34.911  -51.871  -30.736 0.3000000119
2242  -25.930  -55.939  -31.942 0.5000000000
3540  -33.158  -51.974  -33.347 0.5000000000
3186  -32.836  -52.848  -33.164 0.5000000000
3893  -34.983  -51.024  -30.950 0.3000000119
89620  -26.145  -55.487  -31.252 0.6000000238
1984  -25.699  -56.384  -32.930 0.5000000000
3905  -34.322  -50.871  -32.765 0.4000000060
3898  -34.740  -50.891  -31.809 0.3000000119
89569  -32.769  -50.840  -33.288 0.4000000060
3904  -33.563  -51.036  -33.185 0.4000000060
3914  -34.013  -50.398  -33.537 0.4000000060
3536  -28.689  -51.348  -32.551 0.6999999881
3515  -28.455  -51.775  -31.574 0.6999999881
3170  -29.095  -52.334  -30.844 0.6999999881
2607  -29.198  -54.738  -32.265 0.5000000000
3535  -27.719  -51.395  -32.405 0.6999999881
3514  -27.567  -51.681  -31.487 0.6999999881
3159  -28.841  -52.598  -30.089 0.8000000119
3152  -28.846  -52.974  -29.641 0.5000000000
3151  -27.907  -53.147  -29.401 0.6999999881
2604  -30.536  -54.208  -32.615 0.5000000000
3499  -27.319  -51.873  -30.570 0.6999999881
2892  -30.960  -53.509  -32.493 0.4000000060
3184  -31.414  -53.065  -32.597 0.5000000000
74533  -35.172  -51.340  -30.127 0.3000000119
2581  -26.672  -54.143  -29.470 0.6000000238
3518  -31.477  -52.385  -32.590 0.5000000000
3539  -32.355  -52.266  -33.133 0.5000000000
86729  -35.464  -50.566  -30.502 0.3000000119
2593  -26.476  -54.681  -30.101 0.5000000000
84630  -32.414  -51.400  -33.118 0.5000000000
3912  -32.415  -50.090  -33.659 0.4000000060
3913  -33.197  -50.291  -33.570 0.4000000060
4372  -34.893  -50.110  -33.380 0.4000000060
3906  -35.101  -50.348  -32.417 0.4000000060
4391  -33.626  -49.893  -34.164 0.3000000119
3571  -26.365  -51.197  -35.027 0.5000000000
3926  -27.059  -50.897  -35.288 0.6000000238
3909  -27.717  -50.904  -34.488 0.6000000238
3556  -28.372  -50.953  -33.650 0.6000000238
3581  -25.323  -51.574  -35.158 0.5000000000
3570  -25.650  -51.595  -34.936 0.5000000000
3555  -26.945  -51.074  -34.297 0.6000000238
3534  -26.918  -51.222  -33.171 0.6999999881
2873  -29.235  -53.361  -30.133 0.6000000238
74523  -35.744  -53.553  -27.764 0.3000000119
3198  -24.373  -52.757  -34.815 0.6999999881
3569  -24.926  -52.211  -34.973 0.6000000238
3553  -25.347  -51.807  -34.428 0.6000000238
3554  -26.112  -51.428  -34.024 0.6000000238
83151  -26.172  -51.495  -32.599 0.6999999881
3513  -26.673  -51.600  -31.486 0.6999999881
89094  -30.241  -52.157  -31.593 0.6000000238
2883  -30.130  -52.965  -30.860 0.6000000238
2889  -30.239  -53.422  -31.509 0.5000000000
3205  -24.264  -52.707  -35.337 0.6999999881
3552  -24.790  -52.175  -34.122 0.6000000238
3533  -25.349  -51.733  -33.282 0.6000000238
78712  -25.670  -51.648  -31.541 0.6999999881
3498  -26.359  -51.759  -30.540 0.6999999881
76103  -35.354  -51.787  -29.240 0.3000000119
3209  -23.661  -52.994  -35.959 0.6999999881
3204  -23.803  -53.134  -35.327 0.6000000238
3197  -23.569  -52.903  -34.359 0.6999999881
3532  -24.953  -51.748  -32.229 0.6000000238
3512  -24.651  -51.703  -31.093 0.6000000238
79155  -26.865  -53.287  -29.203 0.6999999881
3517  -30.823  -51.874  -32.079 0.5000000000
3538  -31.564  -51.403  -32.720 0.5000000000
3551  -24.085  -52.481  -33.736 0.6000000238
77434  -24.104  -51.888  -32.069 0.6000000238
3485  -26.048  -52.028  -29.678 0.6000000238
2872  -25.896  -53.618  -29.021 0.6000000238
2592  -25.747  -54.491  -29.692 0.6000000238
3902  -30.993  -50.594  -33.255 0.5000000000
3183  -23.229  -52.482  -33.276 0.6000000238
3531  -23.812  -52.216  -32.824 0.6000000238
85625  -24.766  -51.774  -30.099 0.5000000000
3148  -24.846  -52.420  -28.993 0.5000000000
2591  -24.751  -54.591  -29.829 0.5000000000
84637  -25.201  -54.997  -30.409 0.5000000000
3903  -31.928  -50.614  -33.205 0.5000000000
4429  -34.257  -49.187  -36.357 0.3000000119
4413  -34.111  -49.616  -34.984 0.3000000119
4392  -34.462  -49.890  -34.230 0.3000000119
4393  -35.799  -49.634  -33.807 0.4000000060
4373  -35.579  -49.910  -32.952 0.4000000060
2235  -24.346  -55.259  -30.713 0.5000000000
4412  -33.300  -49.595  -35.209 0.3000000119
3938  -25.664  -50.698  -35.429 0.5000000000
3582  -26.006  -51.113  -35.344 0.5000000000
3939  -26.457  -50.482  -36.058 0.5000000000
3583  -26.597  -50.809  -35.565 0.5000000000
4407  -24.817  -50.012  -34.693 0.5000000000
3925  -25.053  -50.467  -35.162 0.5000000000
3940  -27.208  -50.606  -36.275 0.5000000000
3927  -27.863  -50.842  -35.547 0.6000000238
78527  -28.561  -50.798  -34.482 0.6000000238
3937  -24.883  -51.189  -35.287 0.5000000000
3516  -29.429  -51.934  -31.546 0.8000000119
78521  -36.663  -54.094  -26.890 0.3000000119
3936  -24.036  -51.514  -35.464 0.6000000238
78800  -24.056  -52.423  -35.616 0.6000000238
3580  -24.623  -52.057  -35.254 0.6000000238
3910  -29.482  -50.637  -34.374 0.4000000060
74525  -37.223  -53.327  -27.254 0.3000000119
3901  -30.126  -50.699  -33.485 0.5000000000
85362  -29.871  -51.552  -32.177 0.6000000238
75920  -35.690  -52.229  -28.314 0.3000000119
74530  -35.853  -51.188  -28.847 0.3000000119
3214  -22.971  -52.722  -36.451 0.6999999881
3911  -30.427  -50.366  -34.260 0.4000000060
74532  -36.217  -50.458  -29.329 0.3000000119
2898  -23.093  -53.385  -35.792 0.6000000238
3203  -22.973  -53.357  -34.970 0.6999999881
3899  -35.426  -50.289  -31.476 0.3000000119
2897  -22.273  -53.583  -35.557 0.6000000238
3202  -21.993  -53.331  -34.680 0.6999999881
3530  -23.140  -52.002  -32.157 0.6000000238
3511  -23.646  -51.738  -31.133 0.5000000000
3497  -24.055  -51.732  -30.184 0.5000000000
90678  -25.269  -53.488  -28.885 0.6000000238
4410  -31.758  -49.686  -35.595 0.4000000060
84499  -31.493  -50.061  -34.144 0.4000000060
4440  -33.966  -48.742  -37.509 0.3000000119
4441  -34.569  -48.631  -37.210 0.3000000119
4430  -35.086  -48.745  -36.677 0.3000000119
4431  -35.640  -48.700  -35.984 0.3000000119
78939  -35.224  -49.692  -34.320 0.4000000060
4360  -36.393  -49.577  -31.793 0.3000000119
91409  -22.306  -51.891  -31.842 0.6000000238
3496  -23.197  -51.693  -30.185 0.5000000000
3482  -23.607  -51.884  -29.380 0.5000000000
3147  -23.997  -52.321  -28.926 0.5000000000
2579  -24.281  -54.108  -29.112 0.5000000000
2590  -23.819  -54.702  -29.921 0.6000000238
2234  -23.315  -55.325  -30.638 0.5000000000
84644  -32.601  -49.533  -35.890 0.3000000119
4428  -33.332  -49.238  -36.932 0.3000000119
3510  -22.758  -51.724  -31.100 0.5000000000
3131  -23.515  -52.700  -28.635 0.5000000000
2578  -23.381  -54.231  -29.118 0.5000000000
2577  -22.497  -54.364  -29.152 0.5000000000
4388  -25.347  -49.424  -34.215 0.5000000000
4408  -25.470  -49.938  -35.193 0.5000000000
86723  -26.554  -49.564  -35.971 0.5000000000
4425  -27.087  -49.418  -36.468 0.5000000000
4434  -27.470  -49.756  -37.216 0.5000000000
3948  -27.068  -50.146  -36.832 0.5000000000
4406  -24.106  -50.208  -34.441 0.5000000000
3950  -28.457  -50.087  -37.628 0.4000000060
3924  -24.400  -50.586  -35.101 0.5000000000
89117  -36.465  -54.290  -26.198 0.3000000119
77347  -37.733  -53.180  -26.832 0.3000000119
3923  -23.545  -50.664  -34.987 0.6000000238
3942  -29.076  -50.380  -36.746 0.4000000060
78395  -28.785  -50.722  -35.593 0.4000000060
3935  -23.051  -51.329  -35.720 0.6000000238
3579  -23.350  -52.154  -36.077 0.6000000238
3866  -37.134  -52.003  -27.582 0.3000000119
74526  -36.318  -51.514  -28.095 0.3000000119
3588  -22.692  -52.121  -36.529 0.6000000238
3928  -30.771  -50.008  -35.415 0.4000000060
80710  -21.535  -52.749  -36.732 0.6000000238
4426  -31.139  -49.616  -36.815 0.4000000060
4338  -36.080  -50.188  -30.134 0.3000000119
91415  -21.753  -53.418  -36.394 0.6999999881
4439  -33.146  -48.822  -37.796 0.3000000119
4409  -26.122  -49.364  -35.029 0.5000000000
4958  -27.000  -49.016  -35.310 0.5000000000
4970  -28.227  -48.608  -36.096 0.4000000060
4977  -27.701  -49.112  -36.916 0.4000000060
88007  -28.050  -49.317  -37.574 0.4000000060
4387  -24.486  -49.649  -33.889 0.6000000238
3952  -28.952  -49.514  -38.046 0.4000000060
3951  -29.390  -49.773  -37.646 0.4000000060
3453  -38.146  -52.484  -27.155 0.3000000119
77507  -22.086  -51.140  -36.087 0.6000000238
3943  -30.091  -50.004  -36.723 0.4000000060
87565  -29.773  -50.404  -35.489 0.4000000060
4437  -30.444  -49.369  -37.781 0.4000000060
89315  -31.459  -49.159  -37.833 0.4000000060
4427  -32.280  -49.292  -37.258 0.3000000119
2901  -20.929  -53.492  -36.427 0.6000000238
4389  -26.012  -49.064  -33.989 0.5000000000
4945  -27.496  -48.595  -34.184 0.5000000000
4959  -27.858  -48.586  -35.114 0.4000000060
4371  -25.646  -49.023  -33.408 0.5000000000
4929  -26.361  -48.790  -33.087 0.5000000000
4370  -24.924  -49.135  -33.105 0.6000000238
4928  -25.675  -48.873  -32.524 0.6000000238
4978  -28.469  -48.768  -37.255 0.4000000060
90174  -23.582  -50.305  -34.365 0.6000000238
4369  -24.052  -49.403  -33.036 0.6000000238
4972  -30.255  -48.110  -36.976 0.4000000060
4980  -30.540  -48.682  -37.979 0.4000000060
3922  -22.559  -50.725  -35.177 0.6000000238
4981  -31.785  -48.633  -37.887 0.4000000060
4443  -31.122  -48.959  -38.110 0.4000000060
5517  -32.425  -48.010  -37.517 0.4000000060
86661  -36.416  -50.775  -28.621 0.3000000119
75495  -37.070  -50.803  -27.998 0.3000000119
4982  -32.902  -48.613  -37.835 0.4000000060
88935  -37.232  -49.482  -30.137 0.3000000119
4328  -36.878  -50.208  -28.950 0.3000000119
91418  -21.414  -51.320  -36.508 0.6000000238
82100  -21.020  -51.901  -36.802 0.6000000238
3947  -20.662  -51.067  -36.500 0.6999999881
4405  -21.109  -50.086  -34.601 0.6999999881
3920  -20.768  -50.128  -35.487 0.6999999881
4404  -20.438  -49.450  -35.005 0.6999999881
3934  -20.373  -50.223  -36.091 0.6000000238
4383  -20.659  -49.510  -33.822 0.6999999881
4927  -21.062  -49.009  -32.243 0.6000000238
91676  -20.217  -49.578  -35.681 0.6999999881
4943  -20.169  -48.652  -33.479 0.6999999881
4944  -26.678  -48.858  -34.146 0.5000000000
78001  -27.983  -48.441  -33.251 0.5000000000
81567  -26.344  -48.753  -32.117 0.5000000000
79910  -27.030  -48.644  -32.296 0.5000000000
76262  -27.201  -48.605  -33.224 0.5000000000
78785  -28.808  -48.270  -33.154 0.5000000000
4946  -28.353  -48.371  -34.109 0.4000000060
4960  -28.758  -48.301  -35.048 0.4000000060
81992  -24.398  -49.093  -32.391 0.6000000238
4358  -24.993  -48.910  -32.030 0.6000000238
4918  -25.802  -48.788  -31.412 0.6000000238
4919  -26.782  -48.637  -31.416 0.6000000238
4971  -29.258  -48.279  -36.254 0.4000000060
3908  -22.992  -50.386  -34.357 0.6000000238
4917  -24.844  -48.897  -31.053 0.6000000238
84331  -30.099  -47.873  -35.838 0.4000000060
4385  -22.622  -50.022  -33.629 0.6000000238
4368  -23.172  -49.526  -32.924 0.6000000238
4356  -23.662  -49.153  -32.086 0.6000000238
4903  -24.524  -48.800  -30.104 0.6000000238
4904  -25.475  -48.717  -30.343 0.6000000238
5516  -31.319  -47.963  -37.401 0.4000000060
5502  -32.420  -47.408  -35.437 0.4000000060
4367  -22.196  -49.593  -32.878 0.6000000238
4355  -22.709  -49.250  -32.099 0.6000000238
88292  -23.085  -49.057  -31.346 0.6000000238
4888  -24.184  -48.510  -29.305 0.6000000238
4877  -24.592  -48.092  -28.839 0.6000000238
5509  -31.897  -47.515  -36.470 0.4000000060
5510  -32.889  -47.670  -36.675 0.4000000060
3907  -22.040  -50.376  -34.435 0.6000000238
4902  -23.611  -48.748  -29.885 0.6000000238
4876  -23.911  -48.165  -28.853 0.6000000238
78617  -24.885  -47.380  -28.590 0.6999999881
82204  -21.168  -50.702  -36.093 0.6999999881
4384  -21.597  -49.939  -33.675 0.6000000238
4354  -21.846  -49.202  -32.121 0.6000000238
4901  -22.348  -48.679  -30.310 0.6000000238
5429  -24.110  -47.573  -28.619 0.6000000238
5981  -24.378  -46.722  -28.471 0.6000000238
79216  -25.117  -44.913  -28.672 0.6000000238
4886  -22.019  -48.315  -29.744 0.6000000238
5428  -23.364  -47.798  -28.721 0.6000000238
5980  -23.559  -46.989  -28.469 0.6000000238
6518  -24.728  -45.798  -28.509 0.6000000238
4915  -21.469  -48.749  -31.430 0.6000000238
4900  -21.733  -48.518  -30.576 0.6000000238
5427  -21.937  -47.214  -28.700 0.5000000000
84517  -23.030  -46.506  -28.440 0.6000000238
77739  -23.708  -45.965  -28.437 0.6000000238
4885  -21.299  -47.934  -30.084 0.5000000000
4957  -20.055  -48.731  -34.556 0.6999999881
4926  -20.437  -48.447  -32.592 0.6999999881
4914  -20.771  -48.299  -31.791 0.5000000000
5426  -21.100  -46.964  -28.908 0.5000000000
5979  -22.330  -46.508  -28.490 0.5000000000
5437  -20.832  -47.243  -29.665 0.6000000238
7116  -14.814  -44.043  -33.172 0.6000000238
7641  -15.114  -43.213  -33.893 0.6000000238
7126  -14.654  -43.850  -34.928 0.6000000238
4930  -27.662  -48.493  -32.521 0.5000000000
4931  -28.323  -48.333  -32.361 0.5000000000
4947  -29.235  -48.139  -34.033 0.5000000000
4961  -29.639  -47.971  -34.981 0.4000000060
4890  -26.063  -48.391  -29.744 0.5000000000
4905  -26.399  -48.568  -30.557 0.5000000000
4891  -26.908  -48.203  -29.934 0.5000000000
5500  -30.486  -47.673  -34.951 0.4000000060
5489  -30.866  -47.630  -33.966 0.4000000060
5442  -27.333  -47.587  -29.463 0.5000000000
5508  -30.899  -47.625  -36.149 0.4000000060
5501  -31.463  -47.459  -34.979 0.4000000060
81292  -32.161  -47.436  -34.373 0.4000000060
5430  -25.362  -47.851  -28.839 0.5000000000
5431  -26.085  -47.481  -28.856 0.5000000000
5441  -26.539  -47.874  -29.290 0.5000000000
84610  -25.571  -47.201  -28.640 0.6000000238
5983  -26.215  -46.596  -28.611 0.6000000238
6519  -25.678  -45.703  -28.555 0.6000000238
6520  -26.630  -45.591  -28.611 0.5000000000
81276  -25.446  -44.096  -28.938 0.4000000060
81257  -26.398  -43.916  -28.965 0.4000000060
81273  -23.676  -44.188  -28.636 0.6000000238
81277  -24.566  -44.174  -28.767 0.6000000238
7619  -24.874  -43.449  -28.944 0.5000000000
80832  -25.667  -43.348  -29.141 0.4000000060
79144  -26.678  -42.628  -29.266 0.4000000060
8636  -26.701  -41.223  -29.018 0.4000000060
4422  -19.604  -49.495  -36.154 0.6999999881
6517  -22.779  -45.782  -28.461 0.6000000238
80716  -26.258  -41.966  -29.154 0.4000000060
5471  -20.247  -47.670  -32.242 0.6000000238
5977  -20.945  -46.239  -28.898 0.5000000000
6516  -21.986  -45.733  -28.538 0.5000000000
7618  -24.062  -43.431  -28.654 0.5000000000
89466  -24.445  -42.874  -28.733 0.5000000000
8140  -25.426  -42.038  -28.830 0.4000000060
8635  -25.823  -41.259  -28.760 0.4000000060
5450  -20.675  -47.404  -30.576 0.6000000238
79162  -22.762  -44.179  -28.641 0.5000000000
7113  -16.255  -44.223  -31.762 0.6999999881
7117  -15.544  -43.652  -32.582 0.6000000238
7637  -15.942  -43.444  -32.023 0.6999999881
7642  -15.365  -42.693  -33.336 0.6000000238
8158  -15.072  -41.874  -31.449 0.6000000238
7644  -15.357  -42.465  -34.732 0.6000000238
8161  -15.741  -41.591  -33.848 0.6000000238
8660  -15.424  -41.199  -32.490 0.6000000238
8655  -15.173  -41.196  -31.242 0.6000000238
9160  -15.536  -40.876  -30.893 0.6000000238
7127  -15.365  -43.304  -35.167 0.5000000000
8163  -16.089  -41.646  -35.093 0.6000000238
8664  -16.401  -40.961  -34.404 0.6000000238
89452  -15.925  -40.786  -33.418 0.6000000238
8656  -15.932  -40.622  -32.387 0.6000000238
4932  -29.725  -47.974  -33.024 0.5000000000
6574  -15.282  -44.318  -35.107 0.5000000000
7648  -16.170  -42.567  -35.381 0.5000000000
8661  -16.671  -40.489  -33.616 0.5000000000
4920  -27.701  -48.419  -31.635 0.4000000060
4907  -28.106  -48.093  -30.863 0.5000000000
4948  -30.068  -47.859  -34.017 0.4000000060
7128  -16.758  -43.801  -35.387 0.5000000000
8166  -16.685  -42.057  -35.386 0.5000000000
8665  -17.366  -40.946  -34.406 0.5000000000
9172  -17.265  -40.294  -32.774 0.5000000000
76195  -31.086  -47.560  -33.057 0.4000000060
5473  -31.826  -47.331  -32.800 0.4000000060
5465  -32.597  -47.139  -32.617 0.4000000060
6575  -16.384  -44.835  -35.059 0.5000000000
7646  -18.560  -42.813  -35.139 0.5000000000
8165  -18.421  -41.749  -34.466 0.6000000238
5490  -31.646  -47.493  -33.735 0.4000000060
7123  -19.036  -43.967  -34.885 0.6000000238
90338  -19.223  -43.467  -34.681 0.6000000238
5432  -26.892  -47.166  -28.882 0.4000000060
5984  -27.211  -46.298  -28.747 0.5000000000
4954  -17.735  -48.196  -34.812 0.6000000238
83046  -27.367  -43.979  -28.757 0.4000000060
4955  -18.841  -48.151  -35.031 0.6000000238
82731  -26.975  -44.710  -28.697 0.4000000060
4942  -19.739  -48.074  -33.918 0.6000000238
8154  -27.831  -41.767  -29.233 0.4000000060
5470  -19.893  -47.220  -32.628 0.6000000238
6004  -20.408  -46.560  -30.323 0.6000000238
80289  -20.410  -45.674  -30.160 0.6000000238
6530  -20.752  -45.582  -29.359 0.5000000000
80375  -21.741  -45.056  -28.794 0.5000000000
90807  -16.692  -43.924  -31.449 0.6999999881
7638  -16.235  -43.199  -31.318 0.6999999881
8156  -15.632  -42.444  -30.438 0.6000000238
77438  -14.924  -41.646  -30.455 0.6000000238
8155  -14.881  -41.881  -29.460 0.6000000238
8651  -14.966  -41.380  -30.063 0.6000000238
9143  -15.293  -41.096  -29.670 0.6999999881
9161  -16.236  -40.637  -30.429 0.6000000238
9167  -16.779  -40.446  -31.587 0.6000000238
5461  -28.757  -47.794  -30.982 0.5000000000
5462  -29.236  -47.761  -31.466 0.5000000000
4922  -29.102  -48.101  -32.233 0.5000000000
5472  -29.802  -47.738  -32.028 0.5000000000
9168  -18.269  -40.398  -32.040 0.6000000238
9162  -17.822  -40.325  -30.767 0.5000000000
80086  -29.809  -47.430  -31.363 0.5000000000
88650  -30.446  -47.736  -33.298 0.5000000000
8663  -19.117  -41.203  -32.948 0.6000000238
8657  -18.524  -40.675  -32.810 0.6000000238
5443  -28.149  -47.281  -29.711 0.5000000000
77819  -18.146  -47.065  -33.661 0.6000000238
6045  -18.496  -46.519  -33.843 0.4000000060
6570  -19.024  -44.918  -34.507 0.6000000238
7647  -19.384  -42.884  -34.137 0.6000000238
8162  -19.209  -41.852  -33.453 0.6000000238
8658  -19.402  -40.812  -32.369 0.6000000238
5985  -28.089  -46.024  -28.957 0.4000000060
5992  -28.555  -46.553  -29.418 0.4000000060
85063  -18.963  -45.798  -34.054 0.5000000000
78317  -19.491  -44.625  -34.282 0.6000000238
7124  -19.666  -44.025  -34.190 0.6999999881
7118  -19.950  -43.603  -33.340 0.6000000238
78255  -19.865  -42.658  -33.017 0.6000000238
8159  -19.948  -41.703  -32.429 0.6000000238
6521  -27.554  -45.402  -28.718 0.5000000000
5498  -18.459  -47.635  -34.112 0.6000000238
6565  -19.985  -45.017  -33.733 0.6000000238
86428  -20.085  -44.390  -33.434 0.6000000238
7643  -20.327  -43.252  -32.358 0.6000000238
7639  -20.184  -42.495  -32.390 0.6000000238
8160  -20.547  -41.406  -31.702 0.6000000238
7086  -27.845  -44.610  -28.707 0.4000000060
5486  -18.839  -47.087  -33.560 0.5000000000
6046  -19.330  -46.392  -33.518 0.6000000238
77844  -20.377  -45.019  -32.925 0.6000000238
80597  -20.723  -43.314  -31.443 0.6000000238
5499  -19.197  -47.765  -34.076 0.6000000238
5487  -19.461  -47.288  -33.187 0.6000000238
6030  -19.796  -46.543  -32.944 0.6000000238
78743  -20.562  -44.958  -32.015 0.6000000238
7115  -20.642  -44.116  -31.758 0.6000000238
78605  -20.361  -45.825  -31.208 0.6000000238
76746  -20.347  -46.722  -31.212 0.6000000238
7083  -21.243  -44.742  -29.317 0.5000000000
7084  -21.854  -44.200  -28.892 0.5000000000
6544  -17.434  -44.928  -30.652 0.6999999881
7109  -17.153  -43.394  -30.223 0.6999999881
5989  -17.803  -45.759  -29.490 0.6999999881
6529  -18.276  -44.839  -29.668 0.6999999881
6545  -17.827  -44.362  -30.263 0.6999999881
7630  -15.919  -42.499  -29.237 0.6000000238
8134  -15.231  -41.897  -28.457 0.6000000238
9127  -16.053  -41.125  -28.192 0.5000000000
8629  -15.372  -41.413  -28.691 0.6999999881
77431  -17.009  -40.696  -28.538 0.5000000000
9144  -16.382  -40.714  -29.298 0.5000000000
9145  -18.047  -40.360  -29.501 0.5000000000
5463  -30.422  -47.324  -31.720 0.5000000000
6020  -31.016  -46.751  -31.420 0.5000000000
76247  -31.143  -47.264  -32.210 0.5000000000
5464  -31.914  -46.806  -31.871 0.4000000060
5444  -29.008  -47.009  -29.962 0.4000000060
5454  -30.221  -46.982  -30.987 0.4000000060
8652  -19.397  -40.297  -31.635 0.6000000238
8659  -20.248  -40.817  -31.816 0.6000000238
8157  -20.934  -41.708  -31.180 0.6000000238
8653  -20.969  -40.629  -31.229 0.6000000238
7110  -20.808  -44.104  -30.847 0.6000000238
7636  -20.917  -43.447  -30.689 0.6000000238
81190  -20.606  -44.918  -30.995 0.6000000238
8151  -21.076  -42.226  -30.369 0.5000000000
83727  -20.732  -44.822  -30.073 0.6000000238
7100  -21.038  -44.022  -30.049 0.5000000000
88960  -21.397  -43.882  -29.467 0.5000000000
5976  -17.903  -45.987  -28.689 0.6999999881
6514  -18.361  -45.375  -29.071 0.6999999881
7081  -18.711  -44.589  -28.898 0.6999999881
7098  -18.172  -43.916  -29.587 0.6999999881
7099  -18.568  -43.623  -28.827 0.6000000238
7631  -17.578  -43.078  -29.204 0.6999999881
8135  -15.844  -41.962  -27.868 0.4000000060
5971  -17.821  -46.066  -27.856 0.6999999881
6511  -18.404  -45.428  -28.286 0.6999999881
7072  -18.801  -44.734  -27.885 0.6000000238
7082  -19.028  -44.098  -28.306 0.6000000238
8630  -15.693  -41.615  -28.014 0.5000000000
5402  -16.769  -47.215  -26.441 0.6999999881
5957  -17.187  -46.670  -26.718 0.6999999881
8618  -16.291  -41.318  -27.777 0.5000000000
5384  -17.053  -46.592  -25.764 0.6999999881
9120  -16.965  -40.895  -27.729 0.5000000000
5925  -16.662  -46.898  -24.855 0.6000000238
87079  -16.678  -46.508  -24.161 0.6000000238
5916  -16.290  -46.429  -23.409 0.6000000238
6991  -15.515  -45.098  -21.970 0.5000000000
6983  -15.970  -44.336  -21.754 0.5000000000
6006  -30.722  -46.195  -30.619 0.4000000060
6007  -31.616  -46.154  -31.080 0.4000000060
8646  -21.389  -41.315  -30.338 0.6000000238
8137  -18.404  -42.611  -27.640 0.5000000000
8136  -16.880  -42.173  -27.769 0.5000000000
6504  -18.238  -45.404  -27.248 0.6000000238
7062  -18.758  -44.615  -26.965 0.6000000238
7073  -19.142  -44.054  -27.547 0.6000000238
7600  -19.164  -43.307  -27.246 0.6000000238
8123  -17.548  -41.923  -27.264 0.5000000000
8122  -16.491  -41.647  -27.630 0.5000000000
8619  -16.999  -41.139  -27.478 0.5000000000
78821  -17.856  -45.633  -26.392 0.6000000238
82790  -18.328  -45.088  -26.452 0.6000000238
7037  -18.654  -44.499  -25.968 0.6000000238
7038  -19.158  -43.677  -25.745 0.6000000238
9121  -17.544  -40.471  -27.026 0.5000000000
5926  -17.166  -46.054  -24.774 0.6999999881
6483  -17.547  -45.827  -25.662 0.6000000238
7014  -18.207  -44.635  -24.415 0.6000000238
6472  -18.354  -44.801  -25.228 0.6000000238
7015  -18.895  -44.196  -25.051 0.6000000238
6470  -16.912  -45.900  -23.831 0.6000000238
83034  -17.459  -45.310  -24.187 0.6000000238
7003  -17.649  -44.693  -23.609 0.6000000238
7004  -18.274  -44.121  -23.581 0.6000000238
6457  -16.506  -45.702  -23.126 0.6000000238
6450  -16.635  -45.111  -22.714 0.6000000238
6993  -17.207  -44.636  -22.889 0.6000000238
6994  -17.736  -44.185  -23.052 0.6000000238
83159  -16.197  -44.977  -22.130 0.5000000000
6992  -16.708  -44.531  -22.222 0.5000000000
7541  -17.393  -43.945  -22.306 0.6000000238
6547  -31.407  -45.558  -30.449 0.4000000060
7527  -14.406  -43.599  -21.786 0.5000000000
7540  -16.711  -43.969  -21.841 0.6000000238
7530  -17.112  -43.366  -21.695 0.6000000238
8043  -14.746  -42.623  -21.540 0.5000000000
8559  -15.406  -41.922  -21.205 0.5000000000
8044  -15.786  -42.749  -21.356 0.4000000060
7529  -16.274  -43.475  -21.564 0.5000000000
8045  -16.687  -42.719  -21.362 0.6000000238
8124  -18.726  -42.473  -26.922 0.6000000238
8112  -18.085  -41.615  -26.710 0.5000000000
89162  -17.251  -41.359  -27.189 0.5000000000
7592  -19.274  -43.142  -26.414 0.6000000238
8113  -18.975  -42.265  -26.205 0.5000000000
8611  -17.657  -40.749  -26.724 0.5000000000
7564  -19.481  -43.385  -24.827 0.6999999881
87848  -19.847  -42.675  -25.076 0.6999999881
7563  -18.935  -43.904  -24.194 0.6000000238
7552  -19.410  -43.250  -23.826 0.6999999881
7551  -18.832  -43.605  -23.458 0.6000000238
7542  -18.283  -43.587  -22.765 0.6000000238
7543  -19.123  -43.106  -22.961 0.6999999881
7531  -17.920  -43.186  -21.941 0.6000000238
8056  -18.682  -42.885  -22.221 0.6999999881
76037  -13.876  -41.140  -21.526 0.5000000000
8558  -14.588  -41.598  -21.314 0.5000000000
8029  -16.264  -42.003  -21.095 0.6000000238
8046  -17.519  -42.612  -21.477 0.6000000238
9064  -14.519  -40.629  -20.935 0.5000000000
85271  -15.856  -41.298  -20.776 0.5000000000
8612  -18.541  -41.271  -26.115 0.5000000000
8102  -19.425  -42.038  -25.574 0.6000000238
79068  -19.939  -41.959  -24.885 0.5000000000
8607  -19.246  -40.988  -25.446 0.5000000000
84220  -19.846  -42.700  -24.310 0.6999999881
8070  -19.744  -42.504  -23.325 0.6999999881
8057  -19.353  -42.445  -22.418 0.6000000238
8047  -18.282  -42.462  -21.649 0.6999999881
8030  -17.092  -41.972  -21.112 0.6000000238
8031  -17.887  -41.888  -21.200 0.6000000238
88747  -15.408  -40.592  -20.546 0.4000000060
8544  -16.670  -41.317  -20.718 0.6000000238
9620  -14.753  -39.173  -20.512 0.4000000060
9049  -14.971  -39.863  -20.437 0.4000000060
9050  -15.843  -39.922  -20.204 0.5000000000
83192  -16.254  -40.625  -20.405 0.5000000000
8592  -19.965  -41.276  -24.507 0.5000000000
8083  -20.002  -42.066  -24.030 0.6000000238
8583  -20.140  -40.769  -23.891 0.5000000000
8573  -19.914  -41.834  -22.596 0.6000000238
8574  -20.239  -41.083  -22.860 0.5000000000
8561  -19.440  -41.715  -21.781 0.6000000238
8546  -18.261  -41.162  -20.851 0.6999999881
8547  -19.053  -41.063  -21.073 0.5000000000
8545  -17.469  -41.264  -20.746 0.6000000238
9051  -17.055  -40.622  -20.348 0.5000000000
9621  -15.466  -39.211  -20.207 0.4000000060
83008  -16.708  -39.962  -20.091 0.5000000000
13110  -12.669  -34.179  -25.418 0.4000000060
11987  -13.063  -35.077  -24.504 0.3000000119
12549  -13.169  -34.474  -24.925 0.4000000060
8562  -20.081  -41.160  -22.029 0.5000000000
9088  -20.462  -40.292  -23.220 0.5000000000
11976  -13.407  -35.405  -23.769 0.3000000119
9065  -19.672  -40.950  -21.447 0.5000000000
11358  -13.202  -36.124  -23.572 0.3000000119
9053  -18.640  -40.364  -20.500 0.6000000238
83276  -17.377  -39.996  -20.075 0.6999999881
9624  -18.038  -39.631  -20.024 0.6000000238
10182  -15.980  -38.594  -20.080 0.5000000000
9623  -17.210  -39.413  -19.881 0.5000000000
10183  -16.883  -38.761  -19.829 0.4000000060
13637  -11.032  -32.952  -25.263 0.3000000119
13118  -12.069  -33.507  -26.048 0.3000000119
13119  -12.905  -33.632  -26.322 0.3000000119
13111  -13.341  -33.924  -25.510 0.4000000060
9078  -20.452  -40.458  -22.268 0.5000000000
12550  -13.669  -34.087  -24.750 0.4000000060
9066  -20.124  -40.438  -21.518 0.5000000000
11977  -14.028  -35.124  -23.178 0.4000000060
9054  -19.535  -40.235  -20.826 0.5000000000
9055  -20.128  -39.790  -21.072 0.5000000000
11963  -13.703  -35.838  -22.939 0.4000000060
9625  -19.007  -39.513  -20.246 0.5000000000
10184  -17.699  -38.897  -19.767 0.5000000000
10185  -18.478  -38.863  -19.940 0.5000000000
91457  -14.991  -37.615  -20.547 0.3000000119
77345  -15.662  -37.821  -20.246 0.4000000060
79321  -16.522  -38.002  -20.048 0.4000000060
79314  -18.057  -38.401  -19.831 0.4000000060
14260  -10.378  -31.745  -25.157 0.3000000119
13644  -11.268  -32.879  -26.878 0.3000000119
9675  -20.725  -39.245  -24.186 0.4000000060
88158  -21.154  -39.321  -23.005 0.4000000060
12539  -13.660  -34.610  -24.045 0.4000000060
77903  -20.552  -39.785  -21.671 0.4000000060
82544  -14.240  -33.863  -24.005 0.4000000060
9626  -19.791  -39.320  -20.613 0.5000000000
11947  -14.771  -35.984  -21.492 0.3000000119
10186  -19.385  -38.607  -20.229 0.5000000000
10754  -15.411  -37.049  -20.486 0.3000000119
14269  -10.153  -32.301  -26.572 0.3000000119
13651  -11.756  -32.729  -27.857 0.3000000119
13645  -12.319  -33.084  -27.085 0.3000000119
13646  -13.167  -32.976  -27.162 0.4000000060
13120  -13.584  -33.197  -26.118 0.4000000060
86642  -14.307  -32.441  -25.675 0.3000000119
10239  -20.868  -38.554  -24.566 0.4000000060
10804  -21.416  -37.869  -24.710 0.4000000060
13112  -14.141  -33.365  -24.970 0.4000000060
9648  -21.341  -38.974  -22.551 0.4000000060
9635  -20.420  -39.132  -21.110 0.4000000060
12525  -14.407  -34.428  -23.275 0.3000000119
10187  -20.095  -38.659  -20.671 0.4000000060
11964  -14.336  -35.537  -22.316 0.3000000119
78599  -14.577  -34.881  -22.614 0.3000000119
79226  -17.373  -38.200  -19.876 0.4000000060
14914  -9.803  -30.919  -27.055 0.3000000119
14287  -11.957  -32.327  -28.786 0.4000000060
13653  -13.396  -32.340  -28.085 0.4000000060
13647  -13.863  -32.513  -26.901 0.4000000060
11375  -21.626  -36.560  -25.419 0.4000000060
10240  -21.770  -38.285  -24.044 0.4000000060
10223  -22.082  -38.068  -23.337 0.4000000060
9636  -20.991  -39.038  -21.768 0.4000000060
10208  -21.749  -38.393  -22.725 0.4000000060
13101  -14.929  -33.762  -23.284 0.3000000119
10194  -20.711  -38.217  -21.199 0.4000000060
12526  -15.063  -34.344  -22.615 0.3000000119
78742  -20.057  -38.066  -20.560 0.5000000000
11965  -15.098  -35.029  -21.855 0.3000000119
10759  -19.471  -37.671  -20.272 0.5000000000
91593  -16.530  -36.808  -20.245 0.3000000119
10757  -17.954  -37.705  -19.972 0.4000000060
10755  -16.173  -37.225  -20.195 0.4000000060
14915  -10.539  -31.315  -27.795 0.3000000119
90916  -14.239  -32.079  -26.482 0.3000000119
10812  -21.784  -37.276  -24.904 0.4000000060
13629  -14.883  -33.080  -23.926 0.3000000119
10805  -22.316  -37.615  -24.126 0.4000000060
11368  -22.482  -36.860  -24.680 0.3000000119
10195  -21.429  -38.303  -22.024 0.4000000060
13089  -15.621  -33.736  -22.753 0.3000000119
12527  -15.778  -34.289  -22.095 0.3000000119
10760  -20.087  -37.456  -20.649 0.4000000060
11948  -15.576  -35.703  -21.146 0.3000000119
11934  -16.439  -35.611  -20.896 0.3000000119
11328  -16.976  -36.315  -20.403 0.3000000119
11937  -18.695  -36.354  -20.411 0.3000000119
13638  -14.852  -32.554  -24.642 0.3000000119
14261  -15.045  -31.825  -24.997 0.3000000119
90890  -15.268  -32.581  -24.131 0.3000000119
10794  -22.891  -36.880  -23.891 0.3000000119
10782  -21.978  -37.617  -22.504 0.4000000060
10793  -22.541  -37.294  -23.271 0.4000000060
82633  -16.238  -33.730  -22.367 0.3000000119
10768  -21.355  -37.520  -21.695 0.4000000060
10769  -21.814  -36.851  -22.010 0.4000000060
12508  -16.049  -34.909  -21.444 0.3000000119
89816  -19.770  -37.198  -20.497 0.3000000119
11936  -17.872  -35.873  -20.558 0.3000000119
13102  -16.209  -33.104  -22.890 0.3000000119
12509  -16.675  -34.155  -21.801 0.3000000119
83867  -22.854  -36.031  -22.704 0.3000000119
11949  -16.930  -34.901  -21.234 0.3000000119
11332  -20.114  -36.733  -20.753 0.3000000119
11935  -17.183  -35.527  -20.799 0.3000000119
11331  -19.398  -36.877  -20.385 0.3000000119
13618  -16.927  -32.769  -22.670 0.3000000119
13619  -17.401  -32.145  -22.872 0.3000000119
13078  -17.363  -33.715  -21.905 0.3000000119
11341  -21.518  -36.214  -21.648 0.3000000119
13091  -17.664  -33.017  -22.270 0.3000000119
10756  -17.048  -37.296  -20.077 0.4000000060
11339  -15.246  -36.397  -20.904 0.3000000119
11327  -16.015  -36.421  -20.527 0.3000000119
3160  -29.553  -52.893  -30.271 0.6000000238
2596  -29.505  -53.716  -30.929 0.5000000000
2602  -28.411  -54.645  -31.277 0.5000000000
2601  -27.605  -54.777  -30.778 0.5000000000
79935  -29.162  -54.269  -31.310 0.5000000000
3185  -32.091  -53.160  -33.081 0.5000000000
3500  -28.224  -52.100  -30.697 0.6999999881
3557  -29.336  -50.952  -33.282 0.6999999881
3158  -27.971  -52.462  -29.835 0.6999999881
3157  -26.936  -52.109  -29.794 0.6999999881
4411  -32.383  -49.757  -34.623 0.3000000119
3941  -28.117  -50.542  -36.633 0.6000000238
3949  -27.638  -50.163  -37.309 0.5000000000
80407  -24.520  -52.068  -33.023 0.6000000238
90191  -25.531  -51.634  -32.418 0.6000000238
3537  -30.489  -51.138  -32.702 0.5000000000
3172  -30.676  -52.727  -31.758 0.6000000238
83919  -25.455  -51.756  -30.392 0.6000000238
3149  -25.680  -52.479  -29.123 0.6999999881
2853  -25.296  -52.984  -28.766 0.5000000000
4348  -35.962  -49.995  -30.889 0.3000000119
3196  -22.589  -52.846  -33.957 0.6000000238
2852  -24.385  -52.828  -28.667 0.5000000000
4414  -35.005  -49.341  -35.383 0.3000000119
2560  -22.906  -53.696  -28.693 0.5000000000
4986  -28.717  -49.164  -37.942 0.4000000060
3867  -37.889  -51.478  -27.501 0.3000000119
4366  -21.301  -49.474  -32.918 0.6000000238
4899  -21.053  -48.127  -30.952 0.6000000238
4357  -24.351  -48.980  -31.693 0.6000000238
4906  -27.288  -48.373  -30.712 0.5000000000
4889  -25.153  -48.455  -29.414 0.6000000238
5440  -25.848  -48.086  -29.175 0.5000000000
4887  -23.384  -48.375  -29.154 0.6000000238
79525  -26.042  -44.807  -28.755 0.4000000060
4956  -19.555  -48.314  -34.910 0.6000000238
5488  -20.039  -47.836  -33.023 0.6999999881
5991  -27.720  -46.841  -29.134 0.4000000060
8141  -27.584  -42.632  -29.113 0.4000000060
4968  -19.189  -48.653  -35.787 0.6000000238
76124  -15.327  -42.274  -32.586 0.6000000238
4933  -30.448  -47.609  -32.540 0.5000000000
7649  -18.111  -43.523  -35.377 0.5000000000
7129  -18.195  -44.438  -35.083 0.4000000060
86384  -20.336  -45.749  -32.194 0.5000000000
7119  -20.341  -44.221  -32.668 0.6000000238
6566  -20.155  -45.792  -32.998 0.5000000000
5362  -16.211  -47.241  -23.983 0.6000000238
7528  -15.358  -43.557  -21.573 0.5000000000
7063  -19.116  -43.909  -26.659 0.5000000000
6484  -18.096  -45.219  -25.767 0.6000000238
7585  -19.537  -42.940  -25.652 0.6000000238
6458  -17.077  -45.241  -23.406 0.6000000238
8560  -18.648  -41.785  -21.376 0.6000000238
90989  -15.141  -41.221  -20.906 0.5000000000
9052  -17.813  -40.508  -20.379 0.6000000238
12548  -12.644  -34.776  -24.819 0.3000000119
10181  -15.034  -38.428  -20.397 0.3000000119
9662  -20.818  -39.608  -23.459 0.4000000060
9647  -20.875  -39.689  -22.539 0.4000000060
10758  -18.678  -38.123  -19.992 0.5000000000
14268  -9.810  -31.567  -27.159 0.3000000119
11329  -17.868  -36.790  -20.186 0.3000000119
11330  -18.689  -37.256  -20.130 0.4000000060
15525  -11.128  -30.386  -27.378 0.3000000119
10767  -20.685  -37.275  -21.120 0.4000000060
13090  -16.847  -33.390  -22.280 0.3000000119
1962  -19.439  -56.351  -29.145 0.5000000000
2221  -20.415  -55.441  -29.518 0.5000000000
2222  -21.191  -55.192  -29.708 0.4000000060
82511  -19.127  -55.076  -28.468 0.5000000000
2208  -19.858  -55.017  -28.832 0.5000000000
2557  -20.221  -54.086  -28.496 0.5000000000
2575  -20.744  -54.669  -29.053 0.5000000000
2559  -22.111  -53.814  -28.660 0.5000000000
2847  -18.755  -53.741  -28.420 0.4000000060
78340  -19.613  -53.412  -28.361 0.5000000000
2849  -21.257  -52.970  -28.381 0.5000000000
3130  -22.646  -52.599  -28.605 0.4000000060
3127  -19.895  -52.387  -28.536 0.5000000000
3464  -20.418  -51.788  -28.892 0.5000000000
2848  -20.514  -53.153  -28.351 0.5000000000
3128  -20.874  -52.378  -28.536 0.5000000000
3479  -20.869  -51.501  -29.483 0.5000000000
3480  -21.828  -51.620  -29.398 0.5000000000
3495  -22.319  -51.572  -30.191 0.4000000060
3492  -19.720  -51.437  -29.567 0.5000000000
3493  -20.464  -51.366  -30.360 0.5000000000
3494  -21.413  -51.461  -30.262 0.5000000000
88438  -21.901  -51.653  -31.097 0.5000000000
3527  -18.255  -51.476  -32.915 0.5000000000
80534  -19.627  -51.295  -30.509 0.5000000000
3507  -19.181  -51.262  -31.186 0.5000000000
3508  -20.101  -51.455  -31.216 0.5000000000
77164  -19.677  -51.570  -32.032 0.5000000000
3529  -20.612  -51.809  -32.026 0.5000000000
91666  -21.528  -51.921  -31.971 0.5000000000
3528  -19.212  -51.777  -32.890 0.5000000000
3549  -18.765  -51.912  -33.647 0.5000000000
3577  -17.884  -52.067  -36.122 0.5000000000
3200  -19.327  -53.050  -35.205 0.5000000000
3199  -18.683  -52.694  -35.749 0.5000000000
3550  -20.134  -52.145  -32.904 0.5000000000
3201  -20.104  -53.280  -34.811 0.5000000000
3194  -20.569  -52.735  -33.813 0.5000000000
3181  -21.096  -52.314  -32.856 0.5000000000
3182  -22.197  -52.321  -32.817 0.5000000000
4421  -18.559  -49.202  -36.528 0.5000000000
4433  -18.863  -50.113  -36.661 0.6000000238
3585  -18.423  -51.814  -36.473 0.5000000000
3206  -19.320  -53.200  -36.063 0.5000000000
83800  -19.090  -51.258  -36.579 0.5000000000
3207  -20.015  -53.431  -36.278 0.5000000000
3212  -20.318  -52.723  -36.689 0.5000000000
76657  -21.026  -53.323  -34.650 0.5000000000
87686  -21.486  -53.611  -35.318 0.5000000000
3195  -21.569  -52.778  -33.783 0.5000000000
4966  -17.043  -48.883  -36.057 0.5000000000
4967  -18.197  -48.656  -35.976 0.5000000000
6029  -13.721  -45.316  -32.494 0.5000000000
6017  -14.336  -45.708  -31.629 0.5000000000
6557  -14.797  -44.956  -32.117 0.5000000000
7112  -15.552  -44.377  -32.126 0.6000000238
6558  -16.001  -45.100  -31.449 0.6000000238
6018  -15.173  -45.739  -31.170 0.5000000000
87594  -15.940  -45.831  -30.757 0.6000000238
6002  -16.415  -46.321  -30.156 0.5000000000
6559  -16.843  -44.638  -31.189 0.6000000238
6543  -16.693  -45.462  -30.732 0.6000000238
5449  -16.521  -46.936  -29.537 0.5000000000
6003  -17.256  -45.720  -30.150 0.6000000238
82244  -17.842  -45.160  -30.125 0.6000000238
5435  -16.170  -47.529  -29.165 0.5000000000
5988  -17.086  -46.420  -29.544 0.5000000000
5416  -16.455  -47.766  -26.972 0.5000000000
5401  -16.417  -47.733  -26.257 0.6000000238
91871  -15.394  -48.224  -23.857 0.6000000238
4823  -15.687  -48.385  -24.979 0.5000000000
5417  -16.858  -47.217  -27.289 0.6000000238
5975  -17.421  -46.614  -28.384 0.5000000000
5371  -16.209  -47.676  -24.876 0.5000000000
5908  -15.585  -46.524  -22.823 0.6000000238
5915  -15.812  -47.066  -23.238 0.6000000238
6449  -16.042  -45.508  -22.458 0.6000000238
4935  -38.307  -48.252  -33.672 0.3000000119
4951  -39.023  -47.404  -34.474 0.3000000119
4394  -36.686  -49.071  -34.336 0.3000000119
4374  -36.451  -49.452  -33.092 0.3000000119
4359  -35.753  -49.901  -32.294 0.3000000119
3481  -22.735  -51.765  -29.361 0.4000000060
3587  -20.066  -51.694  -36.703 0.5000000000
7120  -14.101  -44.240  -33.969 0.5000000000
88555  -21.853  -53.180  -28.454 0.4000000060
3129  -21.781  -52.500  -28.565 0.5000000000
77975  -18.733  -51.361  -32.001 0.5000000000
3548  -17.975  -51.665  -34.021 0.5000000000
3567  -18.038  -52.101  -35.240 0.5000000000
3193  -19.553  -52.511  -33.964 0.5000000000
3586  -19.365  -52.294  -36.573 0.5000000000
4375  -37.360  -48.948  -32.748 0.3000000119
4949  -37.490  -48.378  -35.014 0.3000000119
4934  -37.472  -48.724  -33.949 0.3000000119
4950  -38.199  -47.885  -34.711 0.3000000119
11349  -22.453  -36.773  -22.638 0.3000000119
2220  -19.799  -55.726  -29.271 0.5000000000
2223  -22.032  -55.004  -29.814 0.5000000000
2250  -27.707  -55.870  -32.736 0.5000000000
2556  -19.353  -54.339  -28.406 0.5000000000
2558  -21.197  -53.785  -28.547 0.5000000000
2576  -21.623  -54.485  -29.128 0.4000000060
2580  -25.133  -53.982  -29.117 0.5000000000
2582  -27.604  -53.932  -29.517 0.6999999881
2603  -29.804  -54.179  -31.943 0.5000000000
2850  -22.482  -53.209  -28.495 0.4000000060
2851  -23.774  -53.433  -28.649 0.5000000000
2854  -26.077  -52.940  -28.918 0.6000000238
2871  -24.708  -53.446  -28.794 0.5000000000
2882  -29.779  -53.191  -30.613 0.5000000000
2893  -31.572  -53.798  -32.868 0.5000000000
2896  -20.645  -53.672  -35.652 0.5000000000
2899  -21.573  -53.793  -36.012 0.6999999881
2900  -22.374  -53.546  -36.163 0.6999999881
2902  -22.365  -53.090  -36.524 0.6999999881
3150  -26.482  -52.540  -29.312 0.6999999881
3171  -29.976  -52.569  -31.013 0.6000000238
3208  -22.960  -53.228  -36.234 0.6999999881
3210  -18.885  -52.602  -36.253 0.5000000000
3211  -19.550  -52.959  -36.430 0.5000000000
3213  -22.343  -52.469  -36.655 0.6000000238
3465  -21.340  -51.875  -28.858 0.5000000000
3466  -22.250  -52.016  -28.857 0.4000000060
3467  -23.133  -52.176  -28.881 0.5000000000
3483  -24.431  -51.962  -29.420 0.5000000000
3484  -25.221  -52.023  -29.529 0.5000000000
3509  -21.018  -51.563  -31.170 0.5000000000
3568  -18.706  -52.366  -34.643 0.5000000000
3578  -22.654  -51.699  -36.318 0.6000000238
3894  -35.576  -50.835  -29.655 0.3000000119
3921  -21.608  -50.535  -35.361 0.6999999881
3933  -19.793  -50.625  -36.424 0.6000000238
4346  -22.979  -48.871  -30.519 0.6000000238
4347  -23.862  -48.944  -30.928 0.6000000238
4365  -20.643  -49.158  -32.956 0.6999999881
4386  -23.607  -49.951  -33.773 0.6000000238
4390  -32.940  -49.857  -34.127 0.4000000060
4403  -19.905  -48.891  -35.462 0.6999999881
4423  -26.096  -50.001  -35.906 0.5000000000
4424  -26.732  -49.931  -36.577 0.5000000000
4435  -28.185  -49.690  -37.755 0.4000000060
4436  -29.681  -49.264  -38.083 0.4000000060
4438  -32.173  -48.908  -37.978 0.4000000060
4442  -30.257  -49.028  -38.239 0.4000000060
4916  -22.289  -48.958  -31.167 0.6000000238
4921  -28.557  -48.118  -31.558 0.4000000060
4969  -27.512  -48.922  -36.024 0.4000000060
4974  -35.595  -48.190  -36.554 0.3000000119
4979  -29.429  -48.619  -37.658 0.4000000060
4984  -34.343  -48.404  -37.410 0.3000000119
4987  -29.575  -49.067  -38.179 0.4000000060
5361  -15.484  -47.775  -23.468 0.6000000238
5370  -15.761  -48.024  -24.200 0.6000000238
5383  -16.555  -47.352  -25.645 0.5000000000
5425  -16.922  -47.156  -28.117 0.5000000000
5436  -16.949  -47.042  -28.942 0.5000000000
5438  -21.576  -47.695  -29.247 0.5000000000
5439  -22.518  -48.011  -28.976 0.6000000238
5451  -27.716  -47.899  -30.148 0.5000000000
5452  -28.511  -47.586  -30.381 0.5000000000
5459  -13.443  -46.122  -31.717 0.5000000000
5460  -20.475  -47.526  -31.457 0.6000000238
5485  -17.642  -47.527  -33.927 0.6000000238
5909  -15.972  -46.013  -22.814 0.6000000238
5958  -17.620  -46.102  -27.001 0.6999999881
5970  -17.317  -46.670  -27.565 0.6999999881
5978  -21.558  -46.419  -28.644 0.5000000000
5982  -25.256  -46.581  -28.513 0.6000000238
5990  -20.567  -46.405  -29.423 0.5000000000
6019  -20.158  -46.687  -32.138 0.6000000238
6471  -17.811  -45.326  -24.998 0.6000000238
6503  -17.439  -46.163  -26.296 0.6999999881
6515  -21.306  -45.622  -28.827 0.5000000000
6569  -18.112  -45.599  -34.421 0.6000000238
6571  -19.509  -45.371  -33.931 0.5000000000
6576  -17.312  -44.907  -34.994 0.4000000060
7085  -23.258  -45.004  -28.534 0.6000000238
7114  -17.198  -44.043  -30.877 0.6999999881
7121  -14.545  -43.812  -34.385 0.5000000000
7122  -14.958  -43.329  -34.799 0.6000000238
7613  -17.989  -42.809  -28.405 0.6000000238
7614  -18.951  -43.407  -28.076 0.6000000238
7620  -27.004  -43.306  -29.071 0.4000000060
7640  -20.552  -42.344  -31.821 0.6000000238
7645  -17.305  -42.687  -35.479 0.5000000000
8048  -18.910  -42.298  -21.857 0.6999999881
8149  -14.950  -41.560  -29.180 0.6999999881
8150  -16.297  -42.372  -28.301 0.4000000060
8164  -17.283  -41.657  -35.167 0.5000000000
8582  -20.092  -41.654  -23.478 0.6000000238
8662  -18.149  -40.836  -33.613 0.6000000238
9622  -16.376  -39.308  -20.012 0.5000000000
9663  -21.425  -38.892  -23.479 0.4000000060
11340  -20.854  -36.436  -21.210 0.3000000119
13652  -12.641  -32.658  -28.192 0.4000000060
13658  -12.790  -32.244  -28.775 0.4000000060
14276  -10.783  -32.232  -27.961 0.3000000119
14908  -9.657  -30.911  -26.423 0.3000000119
74519  -37.170  -53.774  -26.579 0.3000000119
76115  -36.446  -52.805  -27.768 0.3000000119
76864  -22.794  -48.568  -29.694 0.6000000238
77121  -19.829  -53.462  -35.679 0.5000000000
77653  -23.081  -53.110  -28.514 0.5000000000
77861  -22.777  -47.227  -28.564 0.6000000238
79236  -24.184  -44.993  -28.601 0.6000000238
79401  -28.076  -54.301  -30.175 0.5000000000
80202  -19.837  -45.807  -33.489 0.6000000238
80314  -17.479  -46.441  -29.024 0.5000000000
80331  -21.257  -36.852  -21.513 0.3000000119
81623  -22.392  -44.987  -28.611 0.5000000000
82610  -27.248  -52.652  -29.472 0.6999999881
83309  -27.701  -51.079  -33.450 0.6000000238
84972  -26.997  -51.414  -32.216 0.6999999881
85286  -25.126  -42.758  -28.983 0.4000000060
85290  -20.916  -42.684  -30.973 0.5000000000
87764  -25.899  -42.657  -29.184 0.4000000060
89199  -19.779  -51.794  -28.913 0.5000000000
90396  -20.297  -46.251  -31.687 0.6000000238
90456  -21.997  -51.862  -36.646 0.6000000238
91324  -17.759  -51.441  -33.301 0.5000000000
91526  -26.324  -43.181  -29.197 0.4000000060
91609  -22.202  -52.846  -28.475 0.4000000060
91810  -20.382  -37.752  -20.870 0.4000000060
