#!ascii label  , from subject sub-v1s23x0050617_ses-1 vox2ras=TkReg
406
32914  24.687  -2.486  -36.545 0.1428571492
78627  23.817  -2.659  -36.542 0.1428571492
33699  24.120  -1.465  -37.509 0.1428571492
33687  24.868  -1.807  -36.938 0.2857142985
33688  23.955  -2.030  -36.989 0.1428571492
79382  24.847  -0.332  -38.458 0.5714285970
33697  25.787  -0.984  -37.434 0.1428571492
35351  26.966  -0.536  -37.656 0.2857142985
34511  26.153  -0.555  -37.752 0.2857142985
35350  27.241  -0.041  -38.148 0.1428571492
36276  27.943  1.541  -39.590 0.2857142985
36261  27.657  1.022  -39.117 0.1428571492
37096  28.467  2.655  -40.524 0.2857142985
36275  28.809  1.702  -39.549 0.2857142985
78915  28.665  3.155  -40.876 0.2857142985
37840  28.740  4.132  -41.779 0.2857142985
39462  29.161  5.598  -43.408 0.8571428657
39457  28.717  5.068  -42.946 0.4285714328
37834  29.261  3.601  -41.096 0.2857142985
40932  29.763  6.744  -44.105 0.7142857313
40201  29.516  6.187  -43.798 0.7142857313
40937  30.291  7.600  -44.957 0.8571428657
40938  29.806  6.989  -44.814 0.5714285970
40208  29.298  6.429  -44.544 0.7142857313
40202  28.852  5.850  -44.171 0.7142857313
42396  30.798  8.887  -45.598 0.4285714328
40944  30.519  7.835  -45.856 0.7142857313
74690  30.071  7.056  -45.791 0.8571428657
42416  30.630  9.508  -46.348 0.2857142985
81513  30.535  10.190  -47.006 0.5714285970
41684  30.565  8.386  -46.622 0.8571428657
43889  31.236  11.017  -46.915 0.1428571492
43118  31.039  10.417  -46.157 0.1428571492
42424  30.436  9.082  -47.409 0.5714285970
44712  31.401  12.484  -47.831 0.1428571492
44704  31.237  11.610  -47.604 0.1428571492
43890  30.652  10.677  -47.710 0.4285714328
45492  31.294  13.256  -48.091 0.1428571492
44713  30.835  11.900  -48.313 0.4285714328
43899  30.406  11.012  -48.487 0.5714285970
43130  30.248  10.120  -48.394 0.7142857313
42425  30.278  9.310  -48.292 0.8571428657
46258  31.150  13.912  -48.454 0.1428571492
46264  30.925  14.153  -49.079 0.1428571492
45500  30.651  13.228  -48.711 0.1428571492
44726  30.349  12.243  -48.806 0.5714285970
43136  30.098  10.353  -49.192 0.8571428657
46263  31.391  14.664  -48.668 0.1428571492
46991  31.139  15.004  -49.427 0.2857142985
45510  30.290  13.651  -49.284 0.1428571492
44714  30.245  11.532  -48.900 0.7142857313
44727  30.105  11.594  -49.605 0.8571428657
47568  30.915  16.293  -49.982 0.1428571492
47000  30.599  15.331  -50.155 0.4285714328
46274  29.884  14.482  -50.345 0.8571428657
45511  29.782  13.569  -49.829 0.8571428657
76972  29.489  12.490  -50.142 0.8571428657
78235  29.867  11.767  -50.063 0.8571428657
46282  29.285  14.390  -50.817 0.8571428657
45517  29.240  13.453  -50.374 0.8571428657
47571  30.611  16.584  -50.164 0.1428571492
48152  30.815  17.415  -50.132 0.2857142985
47009  30.399  15.789  -50.592 0.5714285970
47572  30.113  16.083  -50.852 0.8571428657
47001  30.009  15.173  -50.850 0.8571428657
46286  29.454  15.142  -51.221 0.8571428657
48692  30.424  18.072  -50.370 0.2857142985
48153  30.157  16.964  -50.249 0.7142857313
47011  29.533  15.691  -51.340 0.8571428657
47578  28.806  15.919  -51.681 0.8571428657
79541  29.601  17.429  -50.389 0.8571428657
80141  28.665  17.418  -50.503 0.8571428657
48154  29.303  16.560  -50.794 0.8571428657
48155  28.281  16.715  -51.073 0.7142857313
48693  29.319  18.260  -50.347 0.8571428657
48694  28.251  18.325  -50.362 0.8571428657
49209  27.988  19.178  -50.264 0.8571428657
48162  27.607  17.551  -50.773 0.7142857313
78273  28.690  19.752  -50.230 0.7142857313
49788  28.645  20.374  -50.037 0.8571428657
49789  27.774  20.038  -50.172 0.8571428657
50409  28.475  21.786  -49.691 0.7142857313
51588  30.166  22.913  -50.772 0.1428571492
78445  28.122  20.919  -49.846 0.8571428657
51600  29.670  23.542  -51.797 0.1428571492
51003  28.910  22.809  -49.905 0.5714285970
51589  29.011  23.924  -50.008 0.5714285970
51582  28.359  24.380  -49.696 0.5714285970
52211  29.367  24.306  -50.552 0.1428571492
52223  28.574  24.439  -53.651 0.1428571492
52212  28.934  24.808  -50.059 0.5714285970
52879  28.810  25.394  -51.777 0.1428571492
52227  27.855  24.813  -55.031 0.1428571492
52872  28.944  25.249  -50.727 0.1428571492
52224  27.958  25.604  -54.440 0.1428571492
52221  28.512  25.509  -53.098 0.1428571492
85303  28.602  26.084  -51.396 0.1428571492
52884  28.286  26.301  -54.007 0.1428571492
32100  23.787  -3.283  -36.085 0.1428571492
33698  25.030  -1.178  -37.427 0.2857142985
33686  25.879  -1.576  -36.952 0.1428571492
34498  26.520  -1.036  -37.275 0.2857142985
36260  28.530  1.119  -39.007 0.2857142985
79436  28.056  0.682  -38.696 0.2857142985
35362  27.381  0.510  -38.640 0.1428571492
37841  28.348  3.550  -41.399 0.2857142985
39456  29.544  5.308  -42.703 0.4285714328
38648  29.143  4.728  -42.249 0.5714285970
86642  30.319  8.166  -47.370 0.8571428657
43129  30.362  9.863  -47.803 0.7142857313
45501  29.955  12.610  -49.432 0.8571428657
43913  30.037  11.188  -50.197 0.8571428657
88462  29.275  19.547  -50.264 0.8571428657
50408  29.131  21.064  -49.811 0.8571428657
78244  29.261  21.978  -49.890 0.7142857313
81351  29.589  23.434  -50.460 0.2857142985
52220  28.968  24.422  -52.319 0.1428571492
82911  26.838  24.067  -57.437 0.1428571492
32915  23.035  -2.866  -36.440 0.1428571492
34512  25.305  -0.627  -37.885 0.4285714328
86884  26.551  -0.190  -38.099 0.2857142985
37085  29.083  2.219  -40.023 0.2857142985
37086  28.179  2.113  -40.075 0.2857142985
76055  31.785  12.440  -47.185 0.1428571492
46257  31.531  14.182  -47.794 0.1428571492
46999  31.318  15.921  -49.598 0.1428571492
46273  30.417  14.416  -49.684 0.8571428657
43910  30.232  10.980  -49.564 0.8571428657
48151  31.186  17.286  -49.860 0.1428571492
47579  27.902  16.105  -51.956 0.8571428657
49207  29.866  19.136  -50.322 0.5714285970
49787  29.434  20.084  -50.107 0.5714285970
51002  29.734  22.537  -50.324 0.2857142985
78344  29.890  23.657  -50.952 0.1428571492
52218  29.381  24.450  -51.208 0.1428571492
52873  28.628  25.527  -50.089 0.2857142985
52876  28.470  26.097  -50.693 0.1428571492
52880  28.545  26.478  -52.495 0.1428571492
53473  28.347  26.988  -51.546 0.1428571492
50407  29.946  20.793  -49.886 0.4285714328
79814  29.846  21.694  -50.021 0.4285714328
34513  24.247  -0.820  -38.127 0.4285714328
34514  23.237  -1.205  -38.077 0.2857142985
41685  30.172  7.409  -46.795 0.8571428657
78700  30.961  12.615  -48.324 0.2857142985
47010  29.949  15.547  -51.056 0.8571428657
47017  28.810  15.215  -51.593 0.8571428657
49208  28.932  19.078  -50.336 0.8571428657
51619  27.763  24.130  -55.400 0.1428571492
52228  27.029  24.479  -56.143 0.1428571492
35361  28.637  0.558  -38.413 0.1428571492
34519  25.740  -0.090  -38.379 0.4285714328
37097  27.554  2.524  -40.700 0.5714285970
53460  28.191  26.163  -50.134 0.1428571492
37098  26.546  2.378  -40.895 0.5714285970
37099  25.540  2.148  -41.088 0.2857142985
37104  26.969  3.017  -41.444 0.5714285970
37843  26.164  3.312  -42.139 0.5714285970
36287  25.155  1.596  -40.641 0.4285714328
37106  24.884  2.495  -41.695 0.2857142985
37844  25.187  3.073  -42.183 0.4285714328
38641  27.865  3.959  -41.990 0.4285714328
37842  27.031  3.675  -42.082 0.5714285970
37852  26.381  3.875  -42.693 0.5714285970
38651  25.773  4.131  -43.243 0.4285714328
37851  27.274  4.269  -42.733 0.5714285970
39458  27.888  4.774  -43.256 0.7142857313
38659  27.087  4.510  -43.615 0.4285714328
37845  24.174  2.966  -42.154 0.2857142985
38649  28.266  4.503  -42.483 0.7142857313
39474  28.116  5.524  -44.540 0.7142857313
40210  27.828  5.771  -45.418 0.4285714328
80865  27.875  6.085  -46.205 0.7142857313
40957  28.416  6.435  -46.870 0.7142857313
40229  27.369  6.251  -46.730 0.2857142985
39463  28.393  5.289  -43.733 0.5714285970
40209  28.637  6.116  -44.995 0.5714285970
40945  29.421  6.671  -46.408 0.7142857313
40966  28.377  7.014  -47.585 0.7142857313
41695  28.836  7.563  -48.028 0.7142857313
40967  27.705  7.476  -48.149 0.4285714328
41700  28.367  8.008  -48.785 0.4285714328
40219  29.333  6.574  -45.429 0.5714285970
40220  28.606  6.249  -45.911 0.5714285970
40956  29.268  7.020  -47.296 0.5714285970
41699  29.393  8.205  -48.506 0.7142857313
42432  29.068  8.741  -49.197 0.7142857313
42433  27.874  8.696  -49.305 0.5714285970
76081  28.373  10.028  -50.372 0.5714285970
76544  29.753  7.782  -47.704 0.5714285970
41694  30.117  8.528  -48.079 0.7142857313
43137  29.713  9.707  -49.474 0.8571428657
43142  29.328  10.245  -50.251 0.7142857313
43914  29.581  10.960  -50.623 0.7142857313
43147  28.785  10.728  -50.872 0.5714285970
43141  30.043  10.556  -50.020 0.8571428657
43918  28.909  11.423  -51.085 0.7142857313
44742  28.178  12.271  -51.820 0.2857142985
77798  30.079  9.670  -48.851 0.7142857313
76730  27.939  13.715  -51.666 0.7142857313
44734  29.419  11.657  -50.615 0.8571428657
44738  28.739  12.100  -51.294 0.8571428657
46283  28.604  14.225  -51.287 0.8571428657
45522  28.290  12.985  -51.497 0.5714285970
46287  27.960  14.569  -51.815 0.8571428657
45518  28.750  13.226  -50.934 0.8571428657
47018  28.027  15.385  -52.045 0.8571428657
48695  27.270  18.552  -50.503 0.7142857313
83444  26.711  18.527  -50.718 0.7142857313
49210  27.234  19.309  -50.340 0.5714285970
48702  26.309  18.589  -50.994 0.7142857313
48696  26.718  18.824  -50.567 0.7142857313
49790  27.187  20.705  -50.024 0.7142857313
49211  26.661  19.729  -50.273 0.7142857313
51005  27.102  22.187  -49.555 0.7142857313
77337  26.912  21.978  -49.599 0.5714285970
50410  27.567  21.565  -49.692 0.7142857313
51591  26.487  22.783  -49.445 0.5714285970
76006  27.164  23.076  -49.454 0.4285714328
51004  27.875  22.467  -49.559 0.5714285970
51006  26.249  22.686  -49.430 0.5714285970
51583  27.401  24.017  -49.460 0.5714285970
52213  26.277  23.667  -49.407 0.5714285970
51592  25.845  23.200  -49.411 0.4285714328
51593  25.435  23.289  -49.459 0.5714285970
52214  25.223  23.658  -49.458 0.5714285970
52215  25.057  23.758  -49.468 0.4285714328
51007  25.813  21.992  -49.355 0.4285714328
52207  24.780  24.428  -49.464 0.5714285970
52867  23.895  25.597  -49.643 0.4285714328
52208  24.123  24.301  -49.136 0.4285714328
79967  23.426  25.101  -49.113 0.2857142985
36286  26.096  1.818  -40.426 0.5714285970
37835  27.939  3.052  -41.084 0.2857142985
81573  27.624  3.458  -41.587 0.5714285970
37853  25.461  3.656  -42.691 0.4285714328
38650  26.547  4.249  -43.217 0.4285714328
37854  24.451  3.588  -42.560 0.2857142985
39475  27.361  5.271  -44.764 0.5714285970
40200  30.172  6.559  -43.514 0.2857142985
40221  27.054  5.809  -46.010 0.2857142985
48701  26.766  18.064  -50.972 0.7142857313
48163  26.924  17.350  -51.654 0.7142857313
50411  26.818  21.345  -49.944 0.7142857313
51590  28.152  23.450  -49.615 0.5714285970
52206  25.556  24.460  -49.438 0.5714285970
38660  26.261  4.407  -43.844 0.4285714328
44737  29.046  12.436  -50.665 0.7142857313
37105  25.900  2.721  -41.591 0.5714285970
85285  25.686  1.390  -40.075 0.5714285970
39464  27.633  4.955  -44.077 0.5714285970
39485  27.071  5.481  -45.336 0.4285714328
42438  28.644  9.467  -49.760 0.7142857313
42431  29.886  8.974  -48.806 0.5714285970
43924  28.449  11.726  -51.602 0.5714285970
44743  27.542  12.576  -51.957 0.2857142985
38661  25.267  4.538  -43.826 0.1428571492
39466  25.990  4.772  -44.458 0.4285714328
37084  29.925  2.342  -39.880 0.1428571492
37095  29.375  2.867  -40.447 0.1428571492
39451  30.003  4.922  -42.068 0.1428571492
38640  29.626  4.313  -41.594 0.1428571492
76323  29.947  3.337  -40.634 0.1428571492
77136  30.286  7.291  -44.024 0.1428571492
79708  27.564  16.831  -51.542 0.5714285970
54034  28.196  27.676  -51.666 0.1428571492
47019  27.217  15.628  -52.507 0.4285714328
54035  27.702  27.873  -51.408 0.1428571492
86104  28.124  26.633  -50.724 0.1428571492
48164  26.192  18.066  -51.868 0.4285714328
84055  25.730  18.854  -51.546 0.4285714328
54022  26.007  27.037  -49.676 0.2857142985
52865  26.008  25.390  -49.469 0.2857142985
52205  26.684  24.663  -49.429 0.2857142985
52864  27.133  25.529  -49.531 0.2857142985
49222  24.281  19.704  -52.876 0.1428571492
49218  25.983  19.124  -50.728 0.5714285970
53462  25.252  26.217  -49.541 0.2857142985
73769  25.040  19.611  -51.207 0.4285714328
50412  26.932  21.000  -49.928 0.5714285970
49795  25.963  19.983  -50.130 0.4285714328
50414  26.238  20.617  -49.562 0.2857142985
83824  24.054  25.748  -49.661 0.1428571492
52866  24.809  25.201  -49.512 0.1428571492
53464  22.931  25.933  -49.808 0.1428571492
53463  24.038  26.658  -49.518 0.1428571492
52868  22.688  26.402  -49.654 0.2857142985
52855  22.619  25.335  -47.792 0.1428571492
80236  22.606  27.175  -49.500 0.1428571492
53465  21.817  26.533  -49.545 0.1428571492
53456  20.964  26.853  -49.280 0.1428571492
54017  20.822  27.360  -48.654 0.1428571492
34520  24.023  -0.340  -38.945 0.4285714328
35365  23.929  0.107  -39.489 0.2857142985
38632  30.153  3.901  -41.005 0.1428571492
39455  30.356  5.530  -42.492 0.1428571492
48167  26.395  17.095  -52.608 0.2857142985
52204  27.730  24.892  -49.543 0.2857142985
54023  24.985  27.272  -49.449 0.2857142985
53461  26.531  26.242  -49.579 0.2857142985
54024  23.951  27.579  -49.331 0.2857142985
35374  23.196  0.572  -39.988 0.2857142985
79381  27.988  0.226  -38.206 0.1428571492
36259  29.373  1.364  -38.990 0.1428571492
36274  29.645  1.859  -39.471 0.1428571492
40196  29.915  5.885  -43.134 0.1428571492
80667  24.933  19.507  -50.532 0.1428571492
47580  27.078  16.491  -52.273 0.4285714328
49220  24.739  19.685  -51.954 0.2857142985
52863  28.041  25.608  -49.756 0.2857142985
81019  27.507  26.225  -49.803 0.2857142985
54021  26.929  26.860  -50.006 0.2857142985
54030  27.217  27.374  -50.751 0.1428571492
54031  26.408  27.635  -50.305 0.1428571492
54029  27.858  27.208  -51.080 0.1428571492
53469  27.667  26.715  -50.374 0.1428571492
40936  30.702  7.888  -44.253 0.2857142985
52203  28.454  25.082  -49.782 0.4285714328
54547  25.550  27.962  -49.789 0.2857142985
35364  24.857  0.158  -39.057 0.4285714328
49212  25.788  19.562  -50.405 0.5714285970
49791  26.503  20.378  -50.100 0.5714285970
51013  26.860  21.957  -49.599 0.5714285970
37094  30.302  2.858  -40.197 0.1428571492
85962  25.509  18.560  -52.310 0.2857142985
49219  25.342  19.376  -51.305 0.4285714328
35366  23.013  -0.106  -39.448 0.2857142985
39450  30.821  5.126  -41.887 0.1428571492
55099  24.328  29.939  -48.703 0.1428571492
55104  25.357  29.825  -49.421 0.1428571492
82467  21.926  28.719  -48.235 0.1428571492
54543  24.114  29.087  -49.029 0.1428571492
54548  25.094  29.000  -49.459 0.1428571492
54544  22.387  28.911  -48.539 0.1428571492
55096  22.619  29.490  -48.009 0.1428571492
55100  23.194  30.390  -48.086 0.1428571492
76701  24.614  30.880  -48.789 0.1428571492
54015  23.132  28.470  -49.071 0.1428571492
77956  23.162  29.479  -48.457 0.1428571492
55612  23.870  30.840  -47.301 0.1428571492
74346  23.626  30.901  -48.209 0.1428571492
43919  28.228  11.203  -51.423 0.2857142985
55095  23.296  30.294  -47.821 0.1428571492
55616  23.859  31.592  -48.134 0.1428571492
85277  25.337  30.710  -49.633 0.1428571492
54549  24.555  28.252  -49.385 0.1428571492
55103  26.000  28.757  -50.139 0.1428571492
55617  23.492  31.034  -47.953 0.1428571492
55091  23.803  29.939  -46.885 0.1428571492
36262  26.701  0.893  -39.141 0.2857142985
75167  27.193  1.377  -39.540 0.1428571492
37087  27.155  1.891  -40.151 0.2857142985
74908  25.815  0.502  -39.002 0.2857142985
35371  25.793  1.000  -39.566 0.4285714328
36277  26.444  1.406  -39.792 0.2857142985
35372  25.170  0.644  -39.489 0.2857142985
35373  24.372  0.535  -39.760 0.2857142985
79428  24.891  1.073  -40.079 0.2857142985
39465  26.846  4.757  -44.325 0.2857142985
39476  26.596  5.173  -44.899 0.2857142985
39486  26.387  5.546  -45.478 0.2857142985
40958  27.542  6.764  -47.422 0.1428571492
43925  27.565  11.796  -51.818 0.1428571492
45524  27.041  13.185  -52.073 0.1428571492
45526  27.214  13.909  -52.016 0.1428571492
45527  26.587  13.692  -52.329 0.1428571492
47021  27.235  14.813  -52.344 0.1428571492
47022  26.631  15.051  -52.997 0.1428571492
48168  25.549  17.745  -52.998 0.1428571492
48706  24.095  19.072  -53.812 0.1428571492
48705  24.895  18.765  -53.011 0.1428571492
88336  24.685  23.301  -49.311 0.1428571492
51585  24.483  23.441  -49.195 0.1428571492
47023  26.009  15.263  -53.588 0.1428571492
48703  25.139  19.264  -52.182 0.1428571492
34521  23.096  -0.708  -38.820 0.2857142985
41701  27.275  8.025  -48.867 0.1428571492
80397  27.219  9.590  -49.804 0.1428571492
43148  27.525  10.500  -50.691 0.1428571492
43926  26.506  12.034  -51.827 0.1428571492
44744  26.887  12.614  -52.008 0.1428571492
44748  26.388  13.266  -52.264 0.1428571492
45528  26.010  13.810  -52.713 0.1428571492
47583  26.529  16.039  -53.227 0.1428571492
48169  24.695  18.044  -53.812 0.1428571492
51594  24.808  22.767  -49.287 0.1428571492
39477  25.774  5.304  -44.999 0.2857142985
45523  27.732  13.032  -51.888 0.1428571492
85489  26.267  21.076  -48.779 0.1428571492
46290  26.581  14.287  -52.604 0.1428571492
79004  26.013  12.626  -52.043 0.1428571492
35367  22.081  -0.187  -39.067 0.1428571492
36288  24.023  1.380  -40.825 0.1428571492
41673  30.672  8.371  -44.834 0.1428571492
49786  30.273  19.857  -49.978 0.1428571492
36278  23.882  0.884  -40.339 0.1428571492
37107  23.840  2.442  -41.708 0.1428571492
49204  30.856  18.894  -50.157 0.1428571492
37100  24.525  1.945  -41.250 0.1428571492
38652  24.721  4.198  -43.117 0.1428571492
34522  22.272  -0.771  -38.396 0.1428571492
35375  22.098  0.603  -39.536 0.1428571492
54025  21.223  27.123  -49.337 0.1428571492
54539  22.308  28.710  -47.341 0.1428571492
82897  26.820  23.668  -56.621 0.1428571492
88042  28.443  24.067  -54.598 0.1428571492
