#!ascii label  , from subject sub-v1s23x0050623_ses-1 vox2ras=TkReg
2096
28564  41.171  -48.638  -45.717 0.6000000238
29555  40.366  -48.879  -44.862 0.5000000000
32613  41.308  -45.443  -44.654 0.6999999881
32629  41.904  -45.552  -45.334 0.6000000238
32628  42.360  -44.967  -45.621 0.6000000238
34612  42.163  -43.716  -44.969 0.6000000238
31571  40.655  -46.761  -44.481 0.6999999881
30566  40.987  -47.209  -44.985 0.6000000238
114424  41.590  -46.938  -45.494 0.5000000000
31585  42.024  -46.309  -45.715 0.5000000000
111624  42.676  -46.290  -46.361 0.5000000000
33629  42.577  -44.244  -45.553 0.6000000238
115410  42.510  -42.986  -45.063 0.6000000238
115242  40.225  -47.500  -44.209 0.5000000000
28565  40.707  -49.498  -45.541 0.5000000000
113943  41.845  -48.089  -46.301 0.6000000238
34611  42.825  -43.429  -45.491 0.6000000238
27511  39.714  -50.741  -44.717 0.5000000000
26511  39.398  -51.516  -44.336 0.5000000000
36630  41.202  -41.195  -42.922 0.6000000238
37646  41.832  -41.020  -43.583 0.6999999881
33596  40.235  -45.089  -43.174 0.6000000238
33595  40.687  -44.629  -43.729 0.6999999881
35609  41.123  -42.530  -43.378 0.6000000238
35625  41.784  -42.369  -44.066 0.6000000238
35641  42.025  -43.003  -44.542 0.6000000238
32593  40.185  -45.907  -43.530 0.6000000238
112100  40.679  -46.068  -44.279 0.6999999881
35640  42.505  -42.241  -44.710 0.6000000238
29556  39.739  -48.171  -43.476 0.5000000000
31552  39.799  -46.499  -43.041 0.5000000000
36666  43.174  -41.700  -45.076 0.6000000238
28551  39.656  -49.069  -43.813 0.5000000000
36665  43.759  -41.938  -45.613 0.6000000238
27496  39.488  -50.074  -43.819 0.5000000000
36677  44.309  -42.107  -46.079 0.6000000238
38597  44.545  -39.769  -45.722 0.6999999881
36664  44.408  -41.460  -45.932 0.6000000238
115296  45.170  -40.308  -46.160 0.6999999881
37669  45.239  -41.062  -46.340 0.6000000238
36675  46.164  -41.488  -47.016 0.6000000238
37671  47.231  -41.250  -48.091 0.6000000238
36674  46.954  -41.153  -47.583 0.6000000238
117176  45.752  -37.321  -48.575 0.5000000000
42637  45.312  -35.541  -48.749 0.6999999881
40674  44.928  -37.855  -48.430 0.6000000238
42638  44.513  -35.335  -48.518 0.8000000119
41698  43.656  -36.519  -48.255 0.6999999881
37624  41.528  -40.562  -43.089 0.6000000238
38566  41.547  -39.828  -42.856 0.6999999881
35602  40.430  -43.118  -42.356 0.6999999881
34586  40.706  -43.322  -43.181 0.6999999881
36639  40.843  -41.970  -42.793 0.6000000238
36657  42.155  -41.598  -44.119 0.6999999881
38565  42.157  -39.503  -43.527 0.6999999881
32586  40.081  -45.340  -42.386 0.6000000238
35589  40.309  -43.584  -42.028 0.6000000238
38586  42.643  -39.300  -44.161 0.8000000119
31529  40.209  -46.403  -41.873 0.5000000000
32573  40.235  -45.620  -41.901 0.5000000000
39636  42.887  -38.483  -44.308 0.8000000119
37660  43.137  -40.853  -44.813 0.6000000238
30512  40.165  -47.161  -41.975 0.5000000000
30526  39.799  -47.091  -42.433 0.5000000000
38585  43.262  -39.218  -44.741 0.8000000119
115192  43.762  -41.114  -45.374 0.6000000238
27462  39.673  -50.455  -42.833 0.5000000000
120203  43.969  -39.113  -45.293 0.8000000119
39642  44.303  -38.322  -45.419 0.8000000119
37659  43.686  -40.089  -45.195 0.6999999881
39640  45.289  -38.446  -45.986 0.6999999881
114223  47.148  -38.543  -46.933 0.6999999881
120350  46.137  -38.223  -46.386 0.6999999881
38601  45.552  -39.558  -46.262 0.6999999881
40663  47.693  -37.918  -47.219 0.6000000238
37667  47.365  -40.422  -47.705 0.6000000238
38600  46.764  -39.864  -46.919 0.6000000238
40671  48.621  -38.002  -48.052 0.6999999881
126036  48.189  -39.242  -48.039 0.6999999881
39645  47.543  -39.437  -47.486 0.6000000238
41694  48.049  -37.432  -48.532 0.6999999881
39654  47.363  -38.928  -48.415 0.6000000238
43751  46.299  -36.069  -48.875 0.8000000119
41695  46.618  -36.927  -48.700 0.8000000119
40673  46.122  -38.120  -48.501 0.6000000238
43757  46.582  -34.919  -49.202 0.8999999762
42640  42.923  -35.865  -47.973 0.6999999881
43752  45.616  -34.819  -48.916 0.8000000119
41699  42.619  -36.685  -47.883 0.6999999881
127421  41.360  -39.239  -42.321 0.6000000238
39616  41.799  -38.977  -42.932 0.6999999881
40616  41.941  -37.056  -41.637 0.6999999881
37608  41.030  -40.531  -42.413 0.6000000238
40629  42.282  -37.184  -42.667 0.6000000238
36600  40.919  -41.064  -40.721 0.4000000060
36619  40.407  -42.083  -41.356 0.6000000238
37609  40.707  -40.517  -41.571 0.6000000238
39600  41.993  -38.126  -42.889 0.6999999881
35574  40.608  -42.696  -40.994 0.6000000238
40645  42.620  -37.710  -43.668 0.8000000119
33573  41.238  -44.578  -41.271 0.4000000060
33574  40.663  -44.360  -41.481 0.5000000000
34563  40.402  -43.872  -41.699 0.6000000238
31528  40.671  -46.697  -41.717 0.5000000000
117557  43.227  -37.709  -44.428 0.8000000119
30511  40.745  -47.483  -41.862 0.4000000060
119369  44.362  -36.778  -45.069 0.8000000119
29526  40.440  -48.985  -42.314 0.5000000000
40659  45.581  -37.571  -45.994 0.8000000119
110208  47.422  -36.130  -46.669 0.8000000119
40664  46.546  -37.655  -46.498 0.6999999881
41682  45.152  -36.825  -45.563 0.8000000119
42632  49.139  -36.664  -47.904 0.8000000119
41686  47.013  -36.934  -46.601 0.6999999881
42631  49.578  -35.869  -48.323 0.8999999762
41689  49.139  -36.670  -48.183 0.8999999762
41685  48.233  -37.102  -47.429 0.6999999881
41693  48.870  -37.093  -48.307 0.8999999762
40668  48.566  -38.153  -47.919 0.6999999881
123000  47.614  -35.100  -49.339 0.8999999762
42642  48.500  -35.707  -49.183 0.8999999762
43753  43.454  -34.280  -48.042 0.8000000119
118513  41.815  -34.798  -47.277 0.8000000119
43754  43.221  -35.014  -47.965 0.8000000119
42633  42.361  -35.290  -47.625 0.8000000119
124925  44.958  -34.127  -48.744 0.8000000119
42639  43.818  -35.572  -48.271 0.6999999881
130340  41.812  -37.056  -41.013 0.6999999881
42570  42.785  -35.807  -40.576 0.6000000238
38548  41.127  -39.122  -41.504 0.6000000238
129792  41.426  -38.152  -40.840 0.5000000000
42584  42.799  -35.784  -41.499 0.6999999881
37561  41.715  -39.949  -40.117 0.4000000060
38534  41.494  -39.345  -40.185 0.5000000000
38535  41.089  -39.568  -40.745 0.6000000238
41656  42.767  -36.423  -42.870 0.6999999881
36599  41.340  -41.284  -40.492 0.5000000000
41668  43.163  -36.398  -43.524 0.6999999881
35571  42.932  -42.437  -40.696 0.5000000000
35573  41.094  -42.574  -40.704 0.6000000238
34560  42.706  -44.061  -41.196 0.4000000060
34546  42.328  -43.271  -40.843 0.4000000060
43736  44.895  -34.844  -44.224 0.8000000119
41679  44.082  -36.031  -44.480 0.8000000119
32570  42.360  -45.508  -41.486 0.4000000060
42621  44.896  -35.997  -45.132 0.8000000119
42616  44.638  -35.456  -44.568 0.8000000119
40661  43.862  -37.530  -44.960 0.8000000119
30510  41.445  -47.679  -41.884 0.3000000119
43738  47.529  -34.335  -46.085 0.8000000119
43739  46.591  -34.559  -45.559 0.8000000119
42620  45.623  -35.571  -45.457 0.8000000119
43743  48.574  -34.601  -46.834 0.8000000119
42627  46.311  -36.001  -46.065 0.8000000119
43746  49.705  -34.795  -47.785 0.8999999762
42624  48.947  -35.638  -47.514 0.8999999762
44735  50.464  -34.244  -48.528 0.8999999762
42630  49.905  -35.399  -48.824 0.8999999762
43755  50.467  -34.096  -49.225 0.8999999762
42641  49.451  -35.495  -49.136 0.8999999762
43756  48.689  -34.671  -49.499 0.8999999762
44737  43.259  -33.544  -47.883 0.8000000119
130231  41.501  -34.521  -46.998 0.8000000119
113838  47.159  -34.317  -49.422 0.8999999762
113556  44.055  -33.800  -48.328 0.8000000119
44747  46.589  -33.387  -49.385 0.8000000119
41621  42.436  -36.487  -40.089 0.6000000238
41639  42.227  -36.512  -41.023 0.6000000238
42569  43.313  -35.180  -40.131 0.6000000238
126812  42.407  -37.188  -39.616 0.6000000238
38526  42.947  -39.329  -39.568 0.4000000060
39568  42.724  -38.581  -39.397 0.4000000060
39569  41.694  -38.605  -39.963 0.4000000060
40596  41.976  -37.902  -39.806 0.5000000000
42596  42.977  -35.827  -42.376 0.6999999881
37560  42.398  -39.985  -39.904 0.4000000060
42595  43.528  -35.364  -42.775 0.6999999881
37580  43.638  -40.711  -40.282 0.5000000000
37581  42.743  -40.744  -40.196 0.4000000060
43725  44.093  -34.924  -43.227 0.6999999881
132108  44.329  -40.648  -40.423 0.5000000000
43723  45.280  -34.193  -43.680 0.8000000119
42606  44.279  -35.251  -43.982 0.8000000119
44729  47.092  -33.736  -45.223 0.8000000119
43735  45.557  -34.449  -44.489 0.8000000119
44732  48.480  -33.081  -46.122 0.8000000119
44736  49.960  -33.617  -47.677 0.8999999762
45713  50.757  -33.205  -48.492 0.8999999762
44745  49.862  -33.965  -49.543 0.8999999762
112033  48.828  -33.620  -49.763 1.0000000000
45715  43.046  -32.577  -47.719 0.8000000119
45723  48.101  -32.813  -49.884 1.0000000000
45724  46.891  -32.603  -49.612 1.0000000000
44741  45.535  -33.353  -48.986 0.8000000119
45718  45.180  -32.688  -48.872 0.8000000119
43671  43.762  -34.545  -39.629 0.6000000238
41615  42.837  -36.508  -39.357 0.6000000238
43680  43.848  -34.507  -40.525 0.6999999881
39551  43.263  -38.036  -38.959 0.4000000060
40582  43.062  -37.203  -38.937 0.4000000060
43709  44.039  -34.672  -42.361 0.6999999881
119322  44.909  -39.513  -39.871 0.5000000000
39549  44.988  -38.284  -38.759 0.4000000060
124699  44.796  -34.167  -42.860 0.8000000119
44726  46.076  -33.710  -43.960 0.8000000119
44700  45.901  -33.035  -42.060 0.8000000119
44724  47.565  -32.973  -44.775 0.8000000119
44725  46.885  -33.330  -44.340 0.8000000119
45711  48.449  -32.442  -46.091 0.8000000119
44728  47.824  -33.363  -45.627 0.8000000119
45710  49.209  -32.940  -46.809 0.8999999762
44739  50.899  -32.803  -49.338 0.8999999762
46628  50.736  -32.237  -48.560 0.8999999762
45721  50.686  -32.400  -49.600 1.0000000000
45722  49.760  -32.842  -49.874 1.0000000000
46640  49.004  -31.922  -50.301 1.0000000000
45719  44.526  -32.397  -48.569 0.8000000119
44738  42.476  -33.342  -47.407 0.8000000119
112608  47.543  -31.895  -50.001 1.0000000000
46636  45.267  -31.879  -49.028 0.8000000119
45725  45.921  -32.622  -49.249 0.8000000119
42547  43.577  -35.367  -38.471 0.6000000238
42562  42.946  -35.848  -39.735 0.6000000238
43656  43.715  -34.618  -38.752 0.6000000238
44685  44.569  -33.800  -40.920 0.6999999881
125013  44.707  -33.267  -40.290 0.6999999881
40562  44.295  -37.032  -37.947 0.4000000060
40581  43.637  -36.793  -38.348 0.5000000000
41602  43.237  -36.501  -38.795 0.5000000000
43697  44.666  -34.021  -41.881 0.8000000119
44666  45.172  -33.002  -40.811 0.8000000119
39550  44.095  -38.204  -38.779 0.4000000060
44701  45.312  -33.603  -42.237 0.8000000119
40578  46.379  -37.680  -38.278 0.4000000060
40579  45.497  -37.716  -38.249 0.4000000060
44712  46.730  -33.020  -43.432 0.8000000119
111428  45.824  -33.472  -42.953 0.8000000119
45702  47.303  -32.613  -43.979 0.8000000119
45708  47.989  -32.620  -45.377 0.8000000119
45714  49.994  -32.679  -47.669 0.8999999762
46630  48.712  -31.456  -47.055 0.8000000119
46634  50.812  -31.733  -49.435 1.0000000000
46639  50.674  -31.668  -49.709 1.0000000000
45726  50.293  -31.753  -50.059 1.0000000000
47500  47.636  -30.180  -50.433 1.0000000000
46637  44.353  -31.590  -48.575 0.8999999762
45716  42.260  -32.467  -47.166 0.8000000119
46631  43.048  -31.634  -47.769 0.8999999762
46642  45.811  -31.039  -49.456 1.0000000000
47502  45.324  -30.197  -49.384 1.0000000000
47497  44.002  -30.827  -48.515 1.0000000000
129257  47.718  -29.534  -50.598 1.0000000000
48346  47.994  -28.898  -50.806 1.0000000000
49254  46.636  -28.724  -50.389 1.0000000000
49255  45.381  -28.489  -49.807 1.0000000000
50158  48.554  -27.118  -51.052 1.0000000000
50154  46.390  -27.864  -50.361 1.0000000000
44642  44.036  -33.419  -38.276 0.6999999881
44655  44.029  -33.800  -39.052 0.6999999881
45632  44.054  -32.689  -38.296 0.6999999881
43629  44.093  -34.350  -37.081 0.6000000238
44626  44.007  -33.769  -37.551 0.6000000238
45658  44.471  -33.034  -39.548 0.6999999881
42533  43.856  -35.585  -37.697 0.6000000238
41584  44.727  -36.534  -37.384 0.5000000000
46576  44.962  -31.772  -40.189 0.8000000119
41582  46.419  -36.645  -37.207 0.4000000060
45671  45.736  -32.631  -41.365 0.8000000119
45691  46.512  -32.672  -42.627 0.8000000119
121709  47.070  -32.283  -43.197 0.8000000119
46611  47.703  -32.249  -44.629 0.8000000119
46612  47.371  -31.846  -43.902 0.8000000119
46625  48.329  -31.806  -46.191 0.6999999881
46621  48.045  -31.986  -45.359 0.8000000119
46629  49.796  -31.807  -47.732 0.8999999762
47490  48.160  -30.597  -47.323 0.8000000119
46635  50.420  -31.283  -48.744 0.8999999762
47495  48.700  -30.234  -48.141 1.0000000000
116071  50.614  -31.068  -49.894 1.0000000000
48334  49.162  -29.551  -48.755 1.0000000000
121990  49.947  -28.665  -49.543 1.0000000000
47504  50.203  -30.137  -50.446 1.0000000000
48343  50.367  -29.550  -50.537 1.0000000000
49258  50.285  -28.134  -51.032 1.0000000000
48345  48.675  -29.480  -50.799 1.0000000000
47503  44.382  -30.119  -48.891 1.0000000000
46638  43.229  -30.827  -48.082 1.0000000000
49259  49.525  -27.742  -51.153 1.0000000000
48341  45.852  -29.435  -49.861 1.0000000000
48342  44.799  -29.354  -49.347 1.0000000000
130190  45.474  -27.635  -49.928 1.0000000000
51081  47.593  -26.605  -50.757 1.0000000000
112093  44.004  -33.031  -37.728 0.6999999881
45644  44.260  -32.431  -38.974 0.6999999881
44615  44.629  -33.539  -36.291 0.5000000000
114448  44.035  -33.004  -37.092 0.6999999881
45643  44.582  -32.149  -39.590 0.6999999881
42521  44.147  -35.063  -37.037 0.6000000238
42519  45.593  -35.383  -36.527 0.5000000000
42520  44.787  -35.262  -36.664 0.5000000000
46575  45.379  -31.392  -40.789 0.8000000119
46584  45.778  -30.967  -41.408 0.8000000119
46594  46.323  -31.430  -41.929 0.6999999881
46603  46.471  -31.114  -42.655 0.8000000119
46622  47.388  -31.427  -44.912 0.8000000119
47471  46.769  -30.939  -44.102 0.8000000119
47486  47.810  -31.096  -46.487 0.6999999881
47481  46.663  -30.543  -45.163 0.6999999881
48331  46.720  -29.456  -46.799 0.8999999762
48328  46.077  -29.154  -45.975 0.8000000119
49244  46.025  -28.166  -46.075 0.8000000119
50146  46.038  -27.280  -45.897 0.8000000119
48330  47.778  -29.577  -47.695 0.8999999762
49243  46.432  -28.602  -46.747 0.8000000119
50145  46.404  -27.716  -46.730 0.8000000119
113922  48.590  -28.908  -48.505 1.0000000000
49247  46.959  -28.150  -47.366 0.8999999762
50148  47.027  -27.300  -47.406 0.8999999762
117524  46.507  -26.786  -46.719 0.8000000119
113054  47.816  -27.734  -48.007 0.8999999762
49249  48.845  -28.135  -48.701 1.0000000000
49253  50.462  -28.238  -50.626 1.0000000000
48344  49.995  -29.424  -50.830 1.0000000000
123323  49.982  -26.712  -50.714 1.0000000000
50157  49.673  -26.888  -51.057 1.0000000000
124727  44.592  -27.799  -49.568 1.0000000000
51074  49.800  -26.186  -50.336 1.0000000000
51080  48.851  -26.390  -50.889 1.0000000000
50155  44.958  -27.031  -49.755 1.0000000000
51079  49.538  -26.295  -50.631 1.0000000000
52001  48.931  -25.504  -50.669 1.0000000000
51998  46.653  -25.932  -50.440 1.0000000000
45601  44.273  -32.907  -36.459 0.6999999881
45602  43.952  -32.341  -36.755 0.6999999881
45616  43.847  -32.249  -37.540 0.6999999881
46541  43.683  -31.277  -37.847 0.6999999881
46556  43.851  -31.093  -38.880 0.6999999881
45587  44.697  -32.812  -35.933 0.6000000238
46577  44.428  -31.396  -39.628 0.6999999881
43609  45.632  -34.041  -35.994 0.5000000000
112688  44.787  -30.999  -40.252 0.6999999881
43626  46.079  -34.718  -36.256 0.5000000000
47450  45.080  -30.598  -40.910 0.8000000119
47465  46.031  -30.324  -43.008 0.6999999881
47456  46.006  -30.606  -42.140 0.6999999881
47472  46.173  -30.284  -43.766 0.6999999881
47482  46.159  -30.101  -44.602 0.6999999881
48327  46.524  -30.079  -46.058 0.6999999881
125546  46.166  -29.859  -45.396 0.6999999881
50137  45.721  -27.591  -45.170 0.8000000119
50129  45.540  -27.323  -44.358 0.8000000119
51965  45.647  -25.727  -44.132 0.8000000119
51059  45.802  -26.769  -45.071 0.8000000119
51975  45.934  -25.887  -44.836 0.8000000119
51974  46.329  -25.220  -45.311 0.8000000119
116823  47.926  -26.906  -48.086 1.0000000000
51988  46.780  -25.863  -46.811 0.8999999762
113367  46.648  -25.205  -46.154 0.8000000119
51993  47.531  -25.648  -47.568 1.0000000000
52976  47.003  -24.417  -46.331 0.8000000119
50150  50.106  -27.652  -49.845 1.0000000000
51071  49.998  -26.751  -49.993 1.0000000000
125864  49.623  -26.141  -49.628 1.0000000000
111973  49.549  -24.815  -50.077 1.0000000000
51076  45.384  -26.237  -49.912 1.0000000000
50156  43.944  -27.169  -49.448 1.0000000000
122078  49.280  -24.699  -50.453 1.0000000000
52991  49.235  -24.001  -50.621 1.0000000000
52992  48.553  -24.440  -50.717 1.0000000000
54001  48.718  -23.539  -50.828 1.0000000000
120811  44.102  -31.164  -36.148 0.6999999881
47402  43.889  -30.539  -36.555 0.6999999881
47429  43.554  -30.412  -38.181 0.6000000238
47438  43.601  -30.156  -39.064 0.6000000238
47445  44.433  -30.230  -40.342 0.6000000238
48292  44.653  -29.796  -40.983 0.6999999881
48300  45.065  -29.418  -42.140 0.6999999881
115634  44.723  -29.312  -41.576 0.6999999881
123452  45.589  -29.587  -43.274 0.6999999881
48313  45.758  -29.538  -44.059 0.6999999881
50130  45.357  -27.551  -43.643 0.8000000119
48319  45.808  -29.311  -45.007 0.6999999881
126925  45.558  -28.001  -44.682 0.8000000119
51958  45.404  -25.169  -43.519 0.8000000119
115156  45.982  -24.999  -44.442 0.8000000119
128019  46.621  -24.611  -45.696 0.8000000119
52981  47.218  -25.026  -46.965 0.8000000119
115889  49.086  -25.786  -48.878 1.0000000000
51992  48.026  -24.909  -47.822 1.0000000000
53982  47.664  -23.389  -46.854 0.6999999881
52984  48.572  -24.158  -48.221 1.0000000000
53991  48.238  -23.417  -47.599 0.8999999762
53994  49.018  -23.379  -48.642 1.0000000000
52983  49.377  -24.094  -49.437 1.0000000000
54960  49.251  -22.635  -49.062 1.0000000000
51078  43.278  -26.468  -49.212 1.0000000000
53997  49.542  -23.255  -49.936 1.0000000000
54963  49.270  -22.566  -50.310 1.0000000000
52988  46.387  -24.999  -50.347 1.0000000000
51999  44.704  -25.584  -49.677 1.0000000000
52993  47.293  -24.495  -50.641 1.0000000000
47418  43.614  -30.543  -37.291 0.6999999881
48293  44.361  -29.089  -41.014 0.6000000238
49210  44.421  -28.561  -41.428 0.6999999881
49216  44.939  -28.119  -42.557 0.6999999881
110537  44.790  -28.740  -42.078 0.6999999881
49232  45.452  -28.080  -44.017 0.6999999881
50121  45.105  -27.352  -42.962 0.8000000119
51966  45.328  -26.110  -43.570 0.6999999881
127190  46.147  -23.558  -44.120 0.6999999881
53970  46.503  -23.647  -44.822 0.6999999881
53969  46.934  -22.850  -45.141 0.6999999881
113803  47.783  -22.060  -46.410 0.8000000119
53983  47.371  -22.942  -46.149 0.6999999881
54958  48.646  -22.656  -47.961 0.8999999762
54957  48.911  -21.825  -48.449 1.0000000000
52000  43.774  -25.621  -49.407 1.0000000000
112022  49.275  -22.109  -49.555 1.0000000000
52994  46.153  -24.015  -50.321 1.0000000000
54002  47.818  -22.923  -50.857 1.0000000000
48268  43.547  -29.845  -37.637 0.6000000238
48275  43.466  -29.542  -38.363 0.6000000238
125293  43.565  -29.186  -39.281 0.6000000238
49197  43.409  -28.319  -39.089 0.6000000238
48288  44.024  -29.310  -40.311 0.6000000238
49203  43.641  -28.393  -39.849 0.6000000238
50101  43.695  -27.500  -40.335 0.6000000238
119989  44.140  -27.789  -41.225 0.6000000238
50112  44.709  -27.487  -42.325 0.6000000238
51039  44.168  -26.511  -41.660 0.6999999881
51950  44.865  -25.830  -42.773 0.6999999881
52937  45.313  -24.339  -43.172 0.6999999881
52936  45.750  -24.277  -43.848 0.6999999881
54911  45.957  -22.235  -43.048 0.6999999881
54927  46.277  -22.746  -43.854 0.6999999881
54926  46.739  -22.351  -44.445 0.6999999881
58479  51.918  -18.085  -40.981 0.3000000119
54950  47.386  -22.111  -45.575 0.6999999881
54938  47.084  -22.051  -44.942 0.6999999881
59312  52.191  -17.653  -41.715 0.3000000119
55959  47.578  -21.355  -45.900 0.8000000119
49225  41.940  -28.579  -43.991 0.8999999762
113112  48.312  -21.954  -47.325 1.0000000000
50138  42.036  -27.170  -46.296 1.0000000000
51073  42.646  -26.154  -48.635 1.0000000000
124809  42.268  -26.699  -47.916 1.0000000000
55972  49.050  -21.318  -49.338 1.0000000000
55979  47.894  -21.278  -50.657 1.0000000000
54965  48.614  -21.899  -50.571 1.0000000000
126360  44.210  -25.018  -49.531 1.0000000000
54967  46.893  -22.313  -50.671 1.0000000000
49190  43.624  -29.000  -37.545 0.6000000238
113403  43.440  -28.646  -38.449 0.6000000238
125188  43.636  -27.422  -38.260 0.6000000238
50092  43.516  -27.044  -38.799 0.6000000238
51025  43.749  -26.021  -38.938 0.6000000238
122735  43.582  -26.003  -39.791 0.6999999881
51941  43.730  -25.632  -40.562 0.6999999881
51031  43.645  -26.512  -40.409 0.6000000238
51946  44.025  -25.788  -41.459 0.6999999881
53903  48.948  -24.053  -40.050 0.3000000119
53904  48.574  -23.383  -39.466 0.3000000119
51945  44.381  -25.322  -42.038 0.6999999881
52926  44.969  -23.976  -42.521 0.6999999881
54898  45.467  -22.780  -42.564 0.6999999881
58463  51.414  -18.617  -40.520 0.3000000119
58464  50.611  -18.376  -40.215 0.4000000060
59295  51.129  -17.833  -40.677 0.4000000060
59314  50.700  -17.152  -41.051 0.4000000060
112536  40.630  -30.058  -42.494 0.6999999881
48302  40.228  -29.412  -42.462 0.6999999881
60955  51.507  -15.286  -43.057 0.3000000119
56871  47.267  -20.652  -45.510 0.6999999881
112783  42.070  -27.846  -44.593 0.8999999762
60123  51.404  -16.123  -43.210 0.3000000119
59322  51.587  -17.032  -42.180 0.3000000119
55958  47.930  -21.280  -46.754 0.8000000119
50131  42.164  -27.119  -45.135 0.8999999762
60114  51.091  -16.382  -42.568 0.3000000119
60105  50.952  -16.756  -41.768 0.3000000119
56886  47.845  -20.465  -47.199 0.8000000119
56893  48.313  -20.248  -48.257 1.0000000000
52986  43.105  -24.739  -48.758 1.0000000000
57744  49.005  -20.002  -50.098 1.0000000000
114518  44.906  -23.814  -49.791 1.0000000000
125783  44.190  -24.344  -49.493 1.0000000000
55978  48.546  -21.066  -50.409 1.0000000000
53998  45.466  -23.128  -50.188 1.0000000000
55980  47.042  -21.532  -50.667 1.0000000000
55981  46.267  -21.801  -50.500 1.0000000000
55976  46.294  -21.075  -50.444 1.0000000000
51937  44.088  -24.999  -39.074 0.6999999881
51938  43.764  -25.300  -39.692 0.6999999881
52889  47.870  -24.449  -38.742 0.3000000119
53893  48.017  -23.620  -38.942 0.4000000060
52912  43.887  -24.761  -40.362 0.6999999881
52919  44.012  -24.999  -41.229 0.6999999881
123673  44.465  -24.468  -41.866 0.6999999881
54866  48.157  -22.890  -39.145 0.4000000060
53927  45.150  -23.297  -42.382 0.6999999881
115251  48.624  -22.420  -39.395 0.3000000119
112307  47.901  -22.181  -39.108 0.5000000000
114844  45.541  -22.167  -42.202 0.6999999881
120190  45.899  -21.451  -42.431 0.6999999881
55878  48.447  -21.523  -39.287 0.5000000000
55921  46.284  -21.236  -43.182 0.6999999881
57656  50.113  -19.618  -39.784 0.4000000060
57659  47.557  -19.739  -39.611 0.6000000238
58446  49.289  -18.579  -39.708 0.5000000000
55920  46.520  -21.842  -43.814 0.6999999881
57676  50.801  -19.277  -40.142 0.3000000119
55936  46.914  -21.532  -44.486 0.6999999881
122041  49.527  -13.827  -42.714 0.4000000060
59298  48.581  -17.604  -40.264 0.4000000060
56858  46.916  -20.633  -44.733 0.6999999881
49218  40.589  -28.608  -42.657 0.6999999881
61863  50.193  -14.025  -42.635 0.4000000060
59296  50.297  -17.637  -40.465 0.4000000060
60095  49.875  -16.964  -40.872 0.4000000060
47460  39.923  -30.329  -42.184 0.6000000238
60944  50.873  -15.492  -42.710 0.3000000119
110637  50.538  -14.636  -42.622 0.4000000060
60106  50.251  -16.536  -41.515 0.4000000060
60096  48.997  -16.904  -40.786 0.4000000060
114431  47.129  -19.908  -45.902 0.6999999881
57717  46.493  -19.337  -45.514 0.6999999881
49226  41.516  -28.155  -43.318 0.6999999881
60946  49.315  -15.179  -42.317 0.4000000060
60107  49.435  -16.300  -41.460 0.4000000060
60108  48.523  -16.354  -41.375 0.4000000060
57737  47.357  -19.797  -46.749 0.8000000119
60115  50.476  -16.143  -42.209 0.3000000119
60935  49.526  -15.721  -42.029 0.4000000060
116809  47.707  -19.728  -47.547 0.8000000119
124461  42.435  -25.913  -47.954 1.0000000000
57736  48.023  -19.258  -48.262 0.8999999762
57745  48.744  -19.642  -49.245 1.0000000000
54964  45.184  -22.456  -50.000 1.0000000000
57751  47.479  -19.840  -51.046 1.0000000000
56900  48.110  -20.451  -50.766 1.0000000000
56899  48.704  -20.365  -50.450 1.0000000000
55977  45.495  -21.677  -50.118 1.0000000000
56897  46.368  -20.116  -50.568 1.0000000000
56898  45.588  -20.719  -50.006 1.0000000000
51935  44.416  -25.495  -38.468 0.6000000238
52891  45.606  -24.543  -38.468 0.6000000238
52902  45.140  -24.054  -38.805 0.6000000238
52903  44.491  -24.142  -39.295 0.6999999881
52890  46.489  -24.453  -38.416 0.5000000000
53895  45.935  -23.660  -38.752 0.6000000238
52911  44.190  -24.047  -40.115 0.6999999881
53894  47.085  -23.740  -38.668 0.5000000000
54858  46.548  -22.879  -39.006 0.4000000060
53914  44.532  -23.435  -40.640 0.6999999881
53920  44.700  -23.542  -41.636 0.6999999881
54889  44.894  -22.776  -41.070 0.6999999881
54867  47.034  -22.119  -39.128 0.6000000238
126248  45.323  -22.168  -41.439 0.6999999881
55879  47.557  -21.373  -39.257 0.6000000238
56801  47.173  -20.610  -39.537 0.6000000238
56826  45.860  -20.838  -41.701 0.6999999881
56837  46.040  -20.604  -42.595 0.6999999881
57658  48.443  -19.573  -39.485 0.5000000000
57677  47.065  -19.136  -40.070 0.6000000238
57678  46.473  -19.512  -40.541 0.6000000238
62868  47.938  -13.622  -43.870 0.4000000060
58465  49.828  -18.136  -39.997 0.4000000060
126257  48.013  -18.095  -40.050 0.4000000060
58467  47.368  -18.346  -40.341 0.5000000000
58469  46.255  -19.128  -41.147 0.6000000238
56846  46.202  -20.349  -43.380 0.6999999881
62851  48.724  -13.768  -42.910 0.4000000060
58466  47.729  -17.645  -40.566 0.5000000000
124717  46.400  -20.115  -44.149 0.6999999881
61864  49.008  -14.491  -42.556 0.4000000060
62852  47.990  -13.951  -43.264 0.5000000000
60097  48.142  -16.996  -40.874 0.4000000060
57709  46.518  -19.795  -44.818 0.6999999881
50122  42.105  -27.024  -44.062 0.8999999762
60945  50.073  -15.390  -42.372 0.4000000060
60937  48.118  -15.793  -41.937 0.4000000060
58527  46.633  -18.339  -46.626 0.6999999881
57726  46.843  -19.163  -46.344 0.6999999881
60936  48.906  -15.732  -41.889 0.4000000060
51060  42.259  -26.412  -45.637 0.8999999762
58553  48.618  -18.760  -49.125 0.8999999762
51989  42.541  -25.299  -47.370 0.8999999762
53999  44.584  -22.977  -49.579 1.0000000000
52982  42.891  -24.598  -47.916 1.0000000000
58560  49.168  -19.086  -50.229 1.0000000000
52985  43.556  -24.045  -49.038 1.0000000000
58563  48.824  -18.860  -50.888 1.0000000000
121629  43.900  -23.260  -49.011 1.0000000000
53995  43.508  -23.501  -48.411 1.0000000000
58564  47.829  -18.920  -51.269 1.0000000000
61032  46.267  -15.991  -50.192 0.8999999762
60180  47.052  -16.410  -50.790 1.0000000000
58565  46.732  -18.598  -50.934 1.0000000000
57749  45.521  -19.871  -49.960 1.0000000000
55973  44.931  -21.221  -49.387 1.0000000000
58566  46.026  -18.010  -50.538 1.0000000000
115624  45.379  -19.108  -49.949 1.0000000000
57746  44.869  -19.505  -49.415 0.8999999762
58562  45.235  -18.321  -50.039 1.0000000000
58554  44.754  -18.720  -49.498 0.8999999762
53906  45.134  -23.475  -39.244 0.6000000238
54870  45.140  -22.944  -39.706 0.6999999881
54880  44.948  -22.808  -40.268 0.6999999881
54868  46.176  -22.125  -39.372 0.6999999881
55890  45.703  -21.526  -40.362 0.6999999881
55880  46.695  -21.392  -39.460 0.6000000238
122162  46.444  -20.763  -39.856 0.6000000238
55898  45.598  -21.516  -41.081 0.6999999881
56802  46.236  -20.312  -40.383 0.6999999881
56815  45.907  -20.838  -40.790 0.6000000238
125579  46.065  -19.953  -41.171 0.6000000238
113320  45.939  -19.938  -42.062 0.6000000238
63738  48.941  -12.535  -44.008 0.3000000119
57660  46.759  -19.970  -39.921 0.6000000238
57692  45.890  -19.747  -42.837 0.6000000238
62878  48.270  -13.094  -44.277 0.4000000060
63751  48.674  -12.490  -44.788 0.4000000060
59300  46.946  -17.795  -41.053 0.6000000238
110939  45.717  -18.590  -42.334 0.6000000238
59316  46.401  -17.378  -41.748 0.5000000000
57699  45.868  -19.408  -43.679 0.6000000238
59315  47.009  -17.080  -41.466 0.4000000060
58506  45.636  -18.754  -44.394 0.6000000238
61879  47.363  -14.223  -43.858 0.5000000000
60116  47.327  -15.874  -42.168 0.4000000060
60109  47.599  -16.518  -41.513 0.4000000060
58515  45.796  -18.510  -45.313 0.6000000238
61866  47.500  -14.640  -43.015 0.5000000000
60948  47.808  -15.227  -42.499 0.4000000060
59351  46.002  -17.952  -46.066 0.6000000238
60949  47.081  -15.348  -42.746 0.4000000060
51055  42.281  -26.311  -44.708 0.8999999762
58541  47.847  -18.372  -48.145 0.8999999762
59366  47.125  -17.927  -47.333 0.8000000119
125962  42.403  -25.803  -45.236 0.8999999762
51976  42.489  -25.066  -46.369 0.8999999762
110877  43.000  -23.569  -46.442 0.8999999762
53993  43.154  -23.710  -47.556 0.8999999762
58559  49.102  -18.307  -50.476 1.0000000000
59385  47.323  -17.891  -50.996 1.0000000000
129088  43.816  -22.918  -48.468 1.0000000000
55974  44.334  -21.688  -48.631 0.8999999762
59381  45.119  -17.353  -49.995 1.0000000000
58555  44.426  -19.087  -48.958 1.0000000000
57747  44.380  -19.858  -48.630 0.8999999762
119153  44.531  -17.223  -49.421 1.0000000000
58543  43.935  -18.966  -48.253 0.8999999762
54869  45.489  -22.234  -39.875 0.6999999881
63737  49.972  -11.845  -43.995 0.3000000119
63750  49.347  -11.990  -44.614 0.3000000119
63762  48.602  -12.578  -45.591 0.3000000119
126466  47.686  -13.714  -45.296 0.5000000000
130301  48.149  -13.218  -45.706 0.4000000060
59324  45.764  -17.682  -42.352 0.5000000000
60110  46.703  -16.546  -41.996 0.5000000000
60118  45.714  -17.024  -42.741 0.5000000000
59331  45.255  -17.723  -43.778 0.5000000000
62879  47.726  -13.648  -44.513 0.5000000000
60117  46.102  -16.362  -42.738 0.5000000000
60125  45.507  -16.746  -43.471 0.5000000000
61893  47.192  -14.236  -44.799 0.5000000000
60124  45.921  -15.983  -43.430 0.5000000000
61894  46.681  -14.799  -44.295 0.5000000000
61880  46.850  -14.976  -43.446 0.5000000000
59350  46.509  -17.497  -46.646 0.6999999881
61925  46.904  -15.045  -45.989 0.5000000000
61909  46.674  -14.842  -45.176 0.5000000000
60163  47.099  -17.048  -47.224 0.6000000238
59375  48.672  -17.897  -48.934 0.8999999762
58552  49.342  -18.191  -49.867 0.8999999762
59380  49.341  -17.413  -50.206 0.8999999762
61031  47.234  -15.604  -50.890 0.8999999762
114977  47.443  -17.038  -50.799 0.8999999762
59384  48.380  -17.362  -50.891 0.8999999762
59383  48.979  -17.635  -50.621 1.0000000000
54959  43.927  -22.336  -48.134 0.8999999762
53992  43.581  -22.944  -47.800 0.8999999762
118277  44.089  -21.143  -48.133 0.8999999762
60177  45.352  -16.357  -49.868 0.8000000119
60178  44.678  -16.601  -49.466 0.6999999881
55969  43.910  -21.685  -47.763 0.8999999762
57727  43.823  -19.766  -47.786 0.8999999762
56887  44.018  -20.492  -48.035 0.8999999762
64630  50.044  -11.230  -44.983 0.3000000119
64631  49.267  -11.871  -45.355 0.3000000119
64643  49.939  -10.935  -45.974 0.4000000060
123301  50.001  -10.283  -46.599 0.3000000119
64644  49.182  -11.960  -46.210 0.3000000119
63769  49.489  -11.139  -46.875 0.4000000060
62900  48.643  -12.923  -46.591 0.4000000060
109534  45.386  -18.151  -43.000 0.6000000238
62901  47.901  -13.797  -46.109 0.5000000000
60983  45.721  -16.085  -45.043 0.5000000000
60132  45.342  -16.935  -44.566 0.5000000000
61924  47.580  -14.567  -46.448 0.5000000000
60970  46.133  -15.398  -44.676 0.5000000000
60140  45.639  -16.756  -45.392 0.5000000000
60997  46.653  -15.816  -46.300 0.5000000000
60148  46.531  -16.643  -46.525 0.5000000000
60996  47.318  -15.359  -46.757 0.5000000000
61934  48.026  -14.861  -47.279 0.5000000000
61013  47.864  -15.718  -47.562 0.6000000238
60162  47.815  -16.596  -47.808 0.6000000238
61020  50.236  -15.224  -49.452 0.6999999881
60171  49.532  -16.451  -49.409 0.6999999881
59374  49.359  -17.279  -49.673 0.6999999881
61025  50.480  -15.540  -49.994 0.6999999881
60175  50.322  -16.108  -50.226 0.8000000119
60176  49.938  -16.588  -50.086 0.8000000119
53984  43.387  -22.922  -46.898 0.8999999762
61030  48.704  -15.717  -51.096 0.8999999762
120421  49.401  -16.627  -50.673 0.8999999762
61949  46.146  -15.090  -50.180 0.6999999881
55960  43.704  -21.559  -46.912 0.8999999762
56880  43.732  -20.342  -47.350 0.8999999762
59376  44.103  -17.444  -48.846 1.0000000000
65613  50.112  -9.462  -46.657 0.3000000119
65621  49.609  -10.166  -47.113 0.4000000060
66450  49.854  -8.486  -46.638 0.3000000119
63770  49.159  -12.100  -46.950 0.4000000060
66456  49.481  -9.200  -47.166 0.3000000119
63778  49.118  -12.600  -47.429 0.4000000060
64658  49.309  -10.986  -47.432 0.4000000060
64659  49.121  -10.345  -47.516 0.4000000060
61923  48.252  -13.957  -47.019 0.4000000060
63777  49.230  -11.921  -47.634 0.4000000060
64663  49.138  -11.602  -47.853 0.4000000060
62910  49.039  -13.401  -47.743 0.4000000060
62909  49.264  -12.770  -48.023 0.4000000060
62912  49.450  -14.038  -48.429 0.5000000000
61933  48.805  -14.342  -47.891 0.5000000000
62921  49.604  -14.293  -49.670 0.6000000238
61946  48.747  -14.543  -50.407 0.8000000119
61943  45.340  -14.519  -49.613 0.6999999881
57738  43.537  -19.162  -47.490 0.8999999762
57728  43.448  -19.746  -46.832 0.8999999762
113449  43.596  -17.247  -48.169 0.8999999762
59367  43.197  -17.610  -47.681 0.8000000119
58544  43.396  -18.455  -47.614 0.8000000119
60164  43.021  -16.648  -47.737 0.6999999881
59368  42.501  -17.215  -47.267 0.8000000119
67279  49.073  -7.668  -46.720 0.3000000119
67278  48.942  -8.140  -47.232 0.3000000119
66457  48.737  -9.026  -47.577 0.3000000119
67283  48.065  -7.859  -47.680 0.4000000060
64664  48.745  -11.287  -48.121 0.4000000060
65625  48.387  -10.143  -47.970 0.4000000060
64665  47.937  -11.068  -48.449 0.5000000000
63781  49.180  -12.587  -48.229 0.5000000000
64669  48.340  -12.013  -48.700 0.5000000000
63784  49.290  -13.144  -48.799 0.5000000000
63786  47.859  -12.613  -49.247 0.5000000000
62915  49.174  -13.624  -49.372 0.5000000000
62916  48.394  -13.392  -49.585 0.6000000238
62923  48.042  -13.955  -50.200 0.6999999881
62924  46.987  -14.068  -50.197 0.6999999881
112443  45.287  -13.726  -49.441 0.6999999881
110098  44.698  -13.223  -48.953 0.6999999881
61944  44.761  -14.842  -49.207 0.6999999881
62919  44.643  -13.867  -48.987 0.6999999881
61023  44.273  -15.214  -48.788 0.8000000119
61941  43.803  -14.746  -48.218 0.6999999881
67270  49.764  -7.941  -46.229 0.3000000119
116608  48.118  -7.469  -46.579 0.3000000119
67280  47.452  -7.361  -47.414 0.4000000060
115959  48.168  -7.429  -47.331 0.3000000119
67284  47.300  -7.434  -47.686 0.4000000060
67289  47.168  -7.792  -48.020 0.4000000060
65626  47.445  -10.028  -48.334 0.4000000060
66461  46.872  -8.880  -48.276 0.3000000119
64666  46.985  -10.942  -48.660 0.5000000000
64670  47.409  -11.811  -48.873 0.6000000238
66462  45.895  -8.789  -48.380 0.3000000119
65631  45.998  -10.939  -48.711 0.5000000000
65628  45.383  -9.888  -48.598 0.4000000060
62917  47.327  -13.318  -49.686 0.6999999881
63787  46.610  -12.510  -49.216 0.6999999881
64672  45.689  -11.859  -48.953 0.6000000238
62918  46.207  -13.455  -49.648 0.6999999881
62925  46.027  -14.258  -50.036 0.6999999881
63788  45.335  -12.790  -49.157 0.6999999881
63789  44.396  -12.488  -48.718 0.6000000238
67285  46.685  -7.414  -47.723 0.3000000119
67290  46.492  -7.494  -47.855 0.3000000119
116906  45.573  -7.892  -48.063 0.3000000119
114141  45.943  -7.754  -47.496 0.3000000119
67286  45.223  -8.035  -47.860 0.3000000119
66453  44.160  -9.099  -47.430 0.3000000119
66463  44.909  -8.844  -48.333 0.3000000119
67288  43.703  -8.938  -47.943 0.4000000060
65632  44.823  -11.059  -48.745 0.5000000000
65629  44.223  -9.837  -48.526 0.5000000000
66459  43.161  -9.627  -47.957 0.5000000000
65633  43.717  -10.883  -48.636 0.6000000238
63790  43.699  -12.029  -48.462 0.6000000238
66430  47.874  -8.713  -44.746 0.4000000060
67272  47.411  -8.180  -45.734 0.3000000119
67281  46.861  -7.591  -46.886 0.3000000119
66444  46.714  -9.132  -45.599 0.3000000119
119000  46.608  -8.484  -46.169 0.3000000119
65614  46.183  -9.467  -46.056 0.3000000119
66451  45.835  -8.521  -46.772 0.3000000119
65615  45.416  -9.729  -46.486 0.3000000119
65616  44.584  -9.961  -47.050 0.3000000119
65622  43.562  -9.919  -47.519 0.4000000060
64660  44.125  -10.872  -47.171 0.4000000060
64668  43.047  -11.216  -48.265 0.6000000238
64661  43.179  -10.753  -47.739 0.4000000060
64653  43.733  -11.757  -47.458 0.4000000060
63779  43.542  -12.074  -48.025 0.5000000000
63783  43.700  -12.232  -48.323 0.6000000238
61016  42.494  -15.755  -47.368 0.6999999881
59352  42.051  -17.724  -46.677 0.8000000119
65595  47.379  -9.666  -44.161 0.4000000060
66431  47.063  -9.346  -44.969 0.3000000119
65606  46.346  -10.138  -45.315 0.3000000119
65607  45.791  -10.327  -45.927 0.3000000119
64651  45.068  -10.840  -46.343 0.3000000119
64647  45.155  -11.780  -45.750 0.4000000060
64652  44.476  -11.775  -46.568 0.4000000060
63771  44.057  -12.606  -46.685 0.4000000060
63772  43.814  -12.767  -47.397 0.4000000060
120805  43.912  -13.206  -47.855 0.5000000000
62902  43.684  -13.314  -46.757 0.4000000060
113734  43.923  -14.004  -48.175 0.6000000238
62903  43.445  -13.658  -47.166 0.4000000060
61015  43.199  -15.142  -47.745 0.6999999881
61936  42.617  -14.962  -47.148 0.4000000060
61912  42.522  -15.080  -46.297 0.4000000060
60998  42.022  -15.673  -46.649 0.5000000000
60166  41.725  -16.155  -46.892 0.6000000238
60150  41.790  -16.857  -46.902 0.6999999881
59353  41.269  -17.396  -46.517 0.6999999881
65578  47.638  -10.072  -43.410 0.3000000119
65596  46.668  -10.313  -44.489 0.3000000119
64645  46.154  -10.857  -44.785 0.3000000119
64633  45.863  -11.418  -44.735 0.3000000119
63764  44.672  -12.534  -45.897 0.4000000060
62894  44.152  -13.418  -45.921 0.3000000119
62881  44.585  -13.749  -44.950 0.3000000119
61910  43.864  -14.370  -45.322 0.3000000119
61926  42.937  -14.396  -46.963 0.4000000060
110384  43.303  -14.163  -46.377 0.3000000119
61911  43.119  -14.916  -45.538 0.3000000119
60984  42.601  -15.567  -44.977 0.3000000119
111606  41.708  -15.713  -45.710 0.4000000060
60999  41.188  -15.980  -46.297 0.5000000000
60151  41.021  -16.555  -46.524 0.5000000000
59354  40.509  -17.132  -46.493 0.5000000000
64614  47.073  -10.796  -42.904 0.3000000119
64615  46.525  -11.216  -43.304 0.3000000119
63739  46.027  -12.003  -43.388 0.3000000119
63753  45.647  -12.079  -44.374 0.3000000119
62880  45.129  -13.037  -44.454 0.3000000119
61896  44.316  -14.508  -44.370 0.3000000119
110407  43.530  -15.134  -44.683 0.3000000119
60973  41.714  -15.723  -44.633 0.3000000119
61000  40.445  -16.021  -46.262 0.4000000060
60152  40.129  -16.522  -46.431 0.5000000000
64600  46.613  -11.708  -42.584 0.3000000119
62869  45.727  -12.861  -43.042 0.3000000119
63740  45.554  -12.692  -43.756 0.3000000119
62870  45.212  -13.495  -43.520 0.3000000119
61895  44.810  -13.806  -44.197 0.3000000119
60959  43.268  -15.274  -43.457 0.3000000119
60960  42.611  -15.367  -43.546 0.3000000119
60985  40.833  -15.804  -45.297 0.4000000060
60986  39.771  -15.649  -45.644 0.4000000060
123450  39.181  -15.818  -46.273 0.4000000060
60987  38.730  -15.319  -45.755 0.4000000060
60153  39.165  -16.300  -46.483 0.5000000000
65542  47.895  -10.772  -40.963 0.3000000119
64587  47.372  -11.303  -41.336 0.3000000119
62853  45.950  -12.987  -42.290 0.3000000119
62854  45.410  -13.526  -42.596 0.3000000119
61867  44.906  -14.137  -42.926 0.3000000119
61882  44.338  -14.702  -43.194 0.3000000119
61869  43.058  -15.029  -42.818 0.3000000119
60972  42.362  -15.632  -44.163 0.3000000119
60961  41.726  -15.446  -43.782 0.3000000119
126430  41.066  -15.559  -44.353 0.3000000119
60974  40.231  -15.392  -44.602 0.4000000060
63703  46.851  -11.854  -41.716 0.3000000119
63721  46.405  -12.437  -42.045 0.3000000119
63690  46.233  -12.370  -40.499 0.3000000119
62836  45.487  -13.409  -41.674 0.3000000119
61853  44.908  -14.008  -42.135 0.3000000119
62838  43.583  -13.646  -41.374 0.3000000119
61868  43.861  -14.712  -42.579 0.3000000119
62839  43.302  -14.387  -42.079 0.3000000119
61884  42.194  -15.017  -43.038 0.3000000119
64574  46.614  -11.764  -40.067 0.3000000119
63705  45.867  -12.936  -40.978 0.3000000119
63691  45.453  -12.622  -40.296 0.3000000119
62824  45.072  -13.182  -40.830 0.3000000119
62837  44.594  -13.688  -41.398 0.3000000119
61870  42.513  -14.437  -42.409 0.3000000119
61871  41.891  -14.381  -42.711 0.3000000119
61885  41.350  -14.643  -43.273 0.3000000119
63676  45.828  -12.099  -39.752 0.3000000119
64561  45.303  -11.578  -39.257 0.3000000119
63692  44.604  -12.667  -40.281 0.3000000119
63677  44.960  -12.189  -39.707 0.4000000060
62826  43.492  -12.933  -40.881 0.3000000119
63706  42.884  -12.931  -41.301 0.3000000119
62855  42.704  -13.703  -41.819 0.3000000119
63679  43.583  -12.019  -40.189 0.4000000060
63678  44.143  -12.114  -39.886 0.4000000060
63694  43.195  -12.237  -40.763 0.4000000060
64562  44.425  -11.542  -39.396 0.3000000119
65517  43.419  -10.553  -39.588 0.4000000060
46645  48.282  -31.061  -50.398 1.0000000000
46641  46.934  -31.059  -49.965 0.8999999762
61028  44.760  -15.747  -49.345 0.6999999881
61024  43.776  -15.584  -48.320 0.8000000119
119591  43.264  -15.898  -47.901 0.8000000119
34595  41.074  -43.940  -43.921 0.6000000238
33610  41.602  -44.114  -44.558 0.6000000238
37645  42.481  -40.738  -44.181 0.6000000238
29544  39.544  -48.754  -42.985 0.5000000000
29527  39.864  -48.863  -42.595 0.5000000000
112947  40.403  -42.354  -42.130 0.6000000238
42636  48.347  -36.530  -48.819 0.8999999762
115052  40.583  -41.217  -41.115 0.5000000000
33572  42.106  -44.774  -41.283 0.4000000060
34547  41.450  -43.218  -40.805 0.5000000000
31527  41.397  -46.987  -41.699 0.4000000060
115249  43.523  -36.385  -44.069 0.6999999881
42625  47.921  -35.351  -46.719 0.8999999762
42583  43.297  -35.138  -41.022 0.6999999881
36598  42.167  -41.600  -40.406 0.5000000000
35570  43.903  -42.035  -40.819 0.5000000000
43724  44.639  -34.653  -43.605 0.8000000119
31526  42.089  -46.337  -41.601 0.4000000060
43740  45.838  -34.813  -45.210 0.8000000119
43698  43.955  -34.544  -41.439 0.6999999881
38525  43.877  -39.454  -39.586 0.4000000060
46624  49.057  -32.228  -46.897 0.8000000119
45720  43.749  -32.090  -48.199 0.8000000119
42561  43.405  -35.253  -39.291 0.6000000238
40580  44.629  -37.654  -38.311 0.4000000060
39565  45.399  -38.793  -39.398 0.4000000060
111432  46.283  -32.262  -41.921 0.8000000119
46644  49.701  -30.979  -50.426 1.0000000000
41583  45.555  -36.638  -37.219 0.5000000000
42532  44.390  -35.840  -37.133 0.5000000000
47501  46.358  -30.249  -49.894 1.0000000000
44616  44.229  -33.679  -36.798 0.6999999881
48333  50.316  -29.575  -49.739 1.0000000000
47505  49.128  -30.210  -50.645 1.0000000000
127663  47.984  -25.938  -50.719 1.0000000000
114492  49.123  -24.960  -48.910 1.0000000000
52963  46.404  -24.416  -45.063 0.8000000119
51069  48.099  -26.135  -48.154 1.0000000000
51072  49.046  -26.491  -48.821 1.0000000000
51049  45.105  -26.584  -43.050 0.6999999881
54949  47.965  -22.725  -47.035 0.8000000119
55967  48.779  -21.012  -48.576 1.0000000000
55975  49.037  -21.633  -50.061 1.0000000000
50098  43.474  -26.748  -39.568 0.6000000238
51034  43.941  -26.975  -41.093 0.6999999881
56814  50.548  -20.182  -40.049 0.4000000060
49233  42.163  -28.622  -44.980 1.0000000000
51068  42.208  -26.308  -46.493 1.0000000000
58445  50.027  -18.874  -39.810 0.4000000060
57748  46.707  -19.289  -50.891 1.0000000000
129701  49.495  -21.145  -39.618 0.4000000060
57657  49.348  -19.431  -39.558 0.5000000000
117831  48.975  -20.175  -39.412 0.5000000000
61865  48.245  -14.517  -42.733 0.4000000060
60947  48.569  -15.168  -42.363 0.4000000060
127814  45.977  -19.440  -50.395 1.0000000000
59299  47.477  -17.199  -41.084 0.5000000000
59377  43.751  -18.021  -48.248 0.8000000119
61908  47.306  -14.374  -45.633 0.5000000000
61014  47.151  -16.185  -47.034 0.5000000000
60172  48.706  -17.020  -48.694 0.6999999881
61012  48.669  -15.217  -48.154 0.6000000238
61938  49.873  -14.424  -49.042 0.5000000000
62914  49.723  -13.992  -49.146 0.5000000000
63782  48.939  -12.312  -48.405 0.5000000000
62913  44.210  -13.410  -48.393 0.6999999881
61935  43.398  -14.276  -47.579 0.6000000238
62893  44.753  -13.026  -45.258 0.3000000119
111120  47.433  -40.473  -48.045 0.5000000000
129821  48.170  -38.980  -48.182 0.5000000000
34635  46.329  -43.496  -49.468 0.5000000000
36685  46.398  -41.729  -48.771 0.5000000000
34626  46.623  -43.267  -48.636 0.5000000000
35658  46.801  -42.687  -48.848 0.5000000000
36684  46.934  -42.054  -48.531 0.5000000000
33641  46.267  -44.068  -48.650 0.5000000000
33636  44.777  -43.897  -47.137 0.4000000060
129051  45.414  -42.517  -46.940 0.5000000000
33637  43.838  -44.292  -46.651 0.4000000060
35650  44.596  -42.603  -46.473 0.5000000000
33638  42.977  -44.797  -46.201 0.5000000000
34621  44.075  -43.369  -46.427 0.5000000000
44703  40.586  -33.293  -42.281 0.6999999881
44686  40.037  -33.742  -41.831 0.6999999881
124775  41.646  -32.564  -44.692 0.8000000119
46627  42.047  -31.883  -46.611 0.8000000119
45703  41.849  -32.210  -45.765 0.8000000119
46632  42.621  -30.877  -47.534 0.8999999762
45685  40.784  -32.491  -42.121 0.6999999881
46623  42.134  -31.364  -45.936 0.8999999762
46613  42.084  -31.653  -44.929 0.8999999762
120876  42.228  -30.943  -46.821 0.8999999762
47492  42.736  -30.131  -47.946 0.8999999762
112163  41.332  -31.183  -42.626 0.6000000238
46595  41.327  -32.037  -42.653 0.8000000119
47483  42.279  -30.645  -46.108 0.8999999762
48332  42.320  -29.500  -47.770 0.8999999762
48336  42.900  -29.365  -48.353 0.8999999762
49256  44.190  -28.547  -49.307 0.8999999762
49147  46.257  -28.428  -35.786 0.5000000000
49149  44.978  -29.187  -35.904 0.5000000000
49176  44.086  -29.084  -36.699 0.5000000000
47391  45.179  -30.355  -35.620 0.6000000238
47401  44.403  -30.478  -35.945 0.5000000000
48252  43.729  -29.791  -36.959 0.5000000000
46514  44.826  -31.294  -35.683 0.6000000238
47459  40.745  -30.806  -42.260 0.6000000238
47467  41.722  -30.678  -43.257 0.8999999762
117164  42.322  -30.028  -45.784 0.8999999762
46604  42.129  -31.038  -44.103 0.8999999762
126760  42.138  -29.599  -47.174 0.8999999762
48337  42.318  -28.781  -48.162 0.8999999762
49250  43.072  -28.404  -48.827 0.8999999762
50083  45.143  -26.956  -37.082 0.5000000000
51011  44.529  -26.694  -37.668 0.5000000000
50067  45.859  -27.245  -36.550 0.5000000000
50068  44.989  -27.691  -36.695 0.5000000000
50084  44.545  -27.359  -37.231 0.5000000000
49173  46.298  -27.776  -36.066 0.5000000000
49174  45.608  -28.067  -36.172 0.5000000000
48308  42.128  -29.341  -44.484 0.8999999762
48309  41.543  -29.812  -43.276 0.6999999881
120560  42.309  -30.023  -44.860 0.8999999762
48329  42.108  -29.278  -46.466 0.8999999762
49248  42.015  -28.195  -47.755 0.8999999762
50152  42.630  -27.726  -48.719 0.8999999762
51010  45.788  -26.535  -37.104 0.5000000000
51012  43.869  -26.774  -38.252 0.5000000000
50985  46.504  -26.670  -36.777 0.5000000000
50984  47.308  -26.757  -36.591 0.5000000000
49238  42.100  -28.689  -45.847 0.8999999762
49245  41.962  -28.245  -46.701 0.8999999762
50149  42.239  -27.546  -48.199 0.8999999762
51909  44.865  -25.950  -37.898 0.5000000000
51908  45.722  -25.859  -37.625 0.5000000000
51933  46.108  -25.162  -38.084 0.5000000000
51907  46.611  -25.684  -37.633 0.5000000000
124112  47.227  -24.565  -38.458 0.4000000060
120542  40.141  -27.872  -42.577 0.6000000238
50114  40.433  -27.056  -42.651 0.6000000238
117667  41.758  -26.628  -43.465 0.8000000119
51040  41.192  -26.702  -42.923 0.6999999881
51041  40.560  -26.357  -42.710 0.6999999881
127697  39.275  -25.725  -42.863 0.6999999881
114835  38.955  -25.102  -43.243 0.6999999881
51051  41.591  -25.963  -43.322 0.8000000119
51050  42.094  -26.107  -43.899 0.8000000119
51952  40.979  -25.834  -42.879 0.6999999881
51961  40.581  -25.068  -42.922 0.6999999881
117768  39.694  -25.050  -42.954 0.6999999881
52940  41.048  -24.372  -43.196 0.6999999881
53941  40.553  -23.528  -43.415 0.6999999881
52950  42.559  -24.507  -44.782 0.8000000119
116909  42.465  -23.976  -44.343 0.8000000119
52964  42.721  -24.245  -45.754 0.8000000119
119633  41.222  -22.817  -43.652 0.6999999881
54912  42.013  -23.040  -43.853 0.6999999881
53958  42.508  -23.280  -44.297 0.8000000119
53971  42.970  -23.413  -45.562 0.8000000119
54929  42.465  -22.440  -44.269 0.6999999881
126122  42.872  -21.692  -44.743 0.8000000119
55938  41.595  -21.368  -44.159 0.6000000238
127070  43.511  -22.176  -46.402 0.8000000119
114640  43.294  -22.017  -45.485 0.8000000119
56860  42.173  -20.256  -44.820 0.6000000238
130062  41.710  -20.623  -44.498 0.6000000238
57712  40.372  -20.002  -44.785 0.6000000238
56859  42.888  -20.703  -45.111 0.8000000119
56874  42.555  -19.857  -45.388 0.6000000238
57720  41.430  -19.213  -45.354 0.6000000238
129197  43.331  -20.843  -45.728 0.8000000119
57721  40.827  -19.428  -45.108 0.6000000238
57718  42.862  -19.359  -46.096 0.6999999881
58516  42.425  -18.576  -46.362 0.6000000238
58517  41.534  -18.353  -46.002 0.6999999881
58518  40.587  -18.682  -45.563 0.6000000238
58530  40.664  -17.815  -46.152 0.6000000238
58529  42.777  -18.076  -47.092 0.6999999881
123489  43.057  -45.591  -46.468 0.4000000060
118703  43.691  -45.156  -46.867 0.5000000000
34610  43.402  -43.178  -45.854 0.5000000000
35655  46.273  -42.773  -47.704 0.5000000000
36680  46.882  -41.942  -47.882 0.5000000000
48335  43.787  -29.308  -48.857 0.8999999762
51931  47.725  -25.129  -38.415 0.3000000119
51967  42.360  -25.395  -44.497 0.8000000119
34625  46.843  -43.027  -49.036 0.5000000000
117376  45.449  -44.273  -47.801 0.5000000000
45692  41.550  -32.373  -43.526 0.8000000119
48235  45.428  -29.582  -35.677 0.5000000000
52938  42.282  -24.587  -44.052 0.8000000119
52939  41.769  -24.500  -43.568 0.6999999881
53957  42.776  -23.698  -44.884 0.8000000119
55923  41.182  -22.030  -43.874 0.6999999881
55937  42.288  -21.736  -44.247 0.6999999881
41568  46.830  -36.050  -36.867 0.4000000060
42516  47.829  -35.181  -36.772 0.4000000060
43625  47.094  -34.716  -36.396 0.4000000060
122065  47.181  -35.475  -36.693 0.4000000060
44597  46.861  -33.140  -35.799 0.5000000000
43624  48.032  -34.349  -36.572 0.4000000060
43639  48.576  -34.834  -37.032 0.4000000060
45585  46.258  -32.506  -35.600 0.5000000000
46513  45.610  -31.880  -35.541 0.5000000000
45600  47.745  -32.884  -36.003 0.5000000000
45599  48.559  -32.585  -36.310 0.4000000060
44613  47.442  -33.765  -36.179 0.4000000060
44611  49.063  -33.138  -36.788 0.4000000060
44625  49.494  -33.633  -37.337 0.4000000060
115041  45.883  -30.945  -35.509 0.5000000000
45584  47.151  -32.273  -35.698 0.5000000000
45598  49.319  -32.285  -36.671 0.4000000060
45597  50.062  -31.993  -37.021 0.4000000060
46538  52.301  -31.226  -37.843 0.4000000060
46539  51.517  -31.435  -37.633 0.4000000060
45614  50.481  -32.454  -37.666 0.4000000060
46554  52.621  -31.672  -38.515 0.4000000060
46555  51.881  -31.878  -38.290 0.4000000060
120787  46.761  -30.834  -35.499 0.5000000000
46511  47.396  -31.389  -35.610 0.5000000000
45583  48.012  -32.003  -35.863 0.4000000060
51022  55.673  -26.546  -38.363 0.3000000119
46525  48.827  -31.700  -36.168 0.4000000060
50079  55.146  -27.935  -37.879 0.3000000119
46523  50.366  -31.206  -36.731 0.4000000060
50091  55.874  -27.597  -38.367 0.3000000119
49196  55.535  -28.638  -38.177 0.3000000119
48264  54.849  -29.298  -37.869 0.3000000119
47415  53.487  -29.765  -37.360 0.3000000119
46537  52.776  -30.417  -37.428 0.4000000060
47417  51.906  -30.712  -37.255 0.4000000060
46540  50.770  -31.682  -37.371 0.4000000060
48265  54.251  -29.900  -37.756 0.3000000119
47428  53.615  -30.450  -37.833 0.4000000060
47389  46.771  -30.046  -35.486 0.4000000060
47388  47.573  -30.423  -35.527 0.4000000060
46509  49.162  -30.760  -35.958 0.4000000060
46510  48.262  -31.091  -35.732 0.4000000060
51023  54.843  -26.482  -37.995 0.3000000119
51925  54.153  -26.002  -37.855 0.3000000119
51000  55.066  -27.191  -37.938 0.3000000119
50080  54.507  -27.713  -37.576 0.3000000119
49187  53.526  -28.650  -37.148 0.3000000119
48267  52.722  -29.529  -36.969 0.4000000060
47416  52.214  -30.109  -36.945 0.4000000060
46522  51.130  -30.938  -36.986 0.4000000060
49185  54.689  -28.497  -37.645 0.3000000119
49186  54.045  -29.089  -37.396 0.3000000119
48266  53.356  -29.153  -37.129 0.3000000119
47390  45.968  -30.111  -35.504 0.4000000060
50979  52.192  -27.078  -36.873 0.3000000119
50062  50.799  -27.682  -36.416 0.3000000119
49171  50.631  -28.627  -36.204 0.4000000060
49172  49.945  -28.146  -36.108 0.4000000060
48250  49.538  -29.388  -35.839 0.4000000060
47387  48.488  -30.197  -35.624 0.4000000060
51002  53.528  -26.651  -37.460 0.3000000119
51003  52.700  -26.482  -37.297 0.3000000119
50061  51.668  -27.592  -36.613 0.3000000119
49170  51.506  -28.351  -36.447 0.4000000060
48249  50.308  -29.435  -36.097 0.4000000060
47386  49.171  -29.973  -35.743 0.4000000060
50082  52.990  -27.279  -37.103 0.3000000119
49169  52.415  -27.979  -36.734 0.3000000119
48247  52.163  -28.922  -36.624 0.4000000060
48248  51.270  -29.359  -36.397 0.4000000060
118834  49.916  -30.766  -36.285 0.4000000060
50081  53.771  -27.474  -37.337 0.3000000119
49188  53.283  -28.052  -37.058 0.3000000119
47398  51.547  -30.193  -36.710 0.4000000060
47399  50.638  -30.302  -36.394 0.4000000060
50065  47.594  -27.391  -36.121 0.4000000060
50064  48.416  -27.528  -36.105 0.4000000060
50039  47.024  -28.007  -35.780 0.4000000060
113266  46.834  -28.735  -35.588 0.4000000060
114642  49.881  -27.372  -36.413 0.3000000119
50063  49.192  -27.787  -36.082 0.4000000060
49145  48.330  -28.732  -35.675 0.4000000060
48233  47.106  -29.344  -35.498 0.4000000060
50981  50.508  -26.865  -36.733 0.4000000060
49144  49.196  -28.623  -35.839 0.4000000060
121087  47.890  -29.518  -35.537 0.4000000060
130026  40.524  -22.892  -43.617 0.6000000238
54913  39.784  -22.920  -43.778 0.6000000238
56861  40.991  -20.648  -44.403 0.5000000000
55939  40.531  -21.470  -44.150 0.5000000000
56862  40.203  -20.762  -44.518 0.5000000000
120111  40.179  -19.329  -45.204 0.5000000000
58531  39.751  -17.955  -46.055 0.5000000000
130140  40.171  -17.484  -46.318 0.4000000060
63741  41.131  -12.697  -43.193 0.3000000119
117278  41.505  -11.884  -43.028 0.3000000119
63742  40.436  -12.632  -43.730 0.3000000119
64589  42.603  -12.026  -41.518 0.3000000119
63722  42.287  -12.856  -41.942 0.3000000119
63723  41.721  -12.780  -42.585 0.3000000119
117280  40.763  -11.818  -43.630 0.3000000119
117121  40.107  -11.862  -44.125 0.3000000119
64617  40.215  -11.090  -44.192 0.3000000119
117007  43.005  -11.470  -40.915 0.3000000119
114464  42.718  -11.229  -41.550 0.3000000119
119477  42.083  -12.020  -42.321 0.3000000119
64602  42.005  -11.195  -42.765 0.3000000119
65562  41.951  -10.321  -43.124 0.3000000119
64616  41.201  -10.902  -43.614 0.3000000119
65581  40.431  -10.181  -44.364 0.3000000119
66432  39.699  -9.691  -44.648 0.3000000119
64564  43.211  -11.025  -40.274 0.3000000119
65543  43.031  -10.619  -41.067 0.3000000119
65561  42.552  -10.621  -42.167 0.3000000119
66396  42.434  -9.731  -42.668 0.3000000119
66397  41.916  -9.600  -43.383 0.3000000119
65580  41.285  -9.859  -43.863 0.3000000119
66413  40.619  -9.185  -44.441 0.3000000119
65530  43.185  -10.347  -40.177 0.3000000119
66368  43.168  -9.731  -40.647 0.3000000119
66382  42.948  -9.797  -41.705 0.3000000119
67219  42.875  -9.035  -42.322 0.3000000119
66411  42.273  -9.036  -43.218 0.3000000119
66412  41.515  -9.066  -43.879 0.3000000119
67242  41.872  -8.386  -43.690 0.3000000119
125340  43.206  -8.887  -40.148 0.3000000119
113510  43.250  -8.989  -41.278 0.3000000119
110542  43.383  -8.237  -41.996 0.3000000119
67229  42.691  -8.346  -42.963 0.3000000119
129937  43.235  -8.304  -40.057 0.3000000119
67207  43.379  -8.160  -40.768 0.3000000119
68056  43.556  -7.528  -41.509 0.3000000119
131129  43.526  -7.658  -42.139 0.3000000119
68845  43.266  -7.317  -40.520 0.3000000119
125691  43.017  -6.631  -40.134 0.3000000119
45631  50.911  -32.835  -38.298 0.4000000060
42517  47.613  -35.910  -37.002 0.4000000060
42531  48.350  -35.628  -37.235 0.4000000060
44624  50.249  -33.354  -37.892 0.4000000060
43638  49.257  -34.444  -37.415 0.4000000060
46553  53.362  -31.493  -38.700 0.4000000060
45629  52.239  -32.284  -38.927 0.4000000060
50090  56.722  -27.615  -38.809 0.3000000119
49195  56.451  -28.339  -38.734 0.3000000119
48273  55.478  -29.483  -38.348 0.3000000119
47427  54.287  -30.571  -38.298 0.3000000119
130874  53.694  -30.960  -38.336 0.3000000119
51924  55.017  -25.807  -38.269 0.3000000119
51900  53.212  -25.855  -37.698 0.3000000119
51008  47.829  -26.336  -37.041 0.4000000060
51007  48.530  -26.497  -36.920 0.4000000060
50982  49.028  -26.991  -36.521 0.4000000060
51005  50.995  -26.327  -37.209 0.3000000119
51004  51.858  -26.364  -37.201 0.3000000119
51009  47.021  -26.207  -37.147 0.4000000060
52942  39.216  -24.487  -43.404 0.6000000238
66343  43.374  -9.223  -38.969 0.3000000119
131278  43.260  -8.922  -39.359 0.3000000119
67190  43.211  -8.341  -39.502 0.3000000119
68812  42.942  -7.077  -39.523 0.3000000119
68800  42.902  -6.911  -38.812 0.3000000119
51923  55.899  -25.639  -38.615 0.3000000119
42518  46.468  -35.423  -36.557 0.4000000060
44598  45.966  -33.324  -35.733 0.5000000000
46524  49.612  -31.458  -36.470 0.4000000060
51001  54.321  -26.904  -37.650 0.3000000119
50038  47.921  -28.048  -35.769 0.4000000060
68070  43.177  -7.677  -42.729 0.3000000119
69640  42.683  -6.161  -39.252 0.3000000119
40559  46.847  -37.150  -37.723 0.3000000119
116358  48.076  -36.352  -37.507 0.3000000119
41691  41.298  -36.354  -47.360 0.6000000238
42635  40.870  -35.945  -47.050 0.6999999881
122650  40.426  -36.274  -46.761 0.6999999881
42530  49.059  -35.257  -37.570 0.3000000119
110357  42.998  -45.924  -41.709 0.3000000119
117815  43.627  -44.064  -41.438 0.3000000119
42618  39.706  -35.780  -44.659 0.6999999881
39547  46.776  -38.106  -38.965 0.3000000119
41681  39.472  -36.523  -44.951 0.6999999881
41683  40.069  -36.174  -46.282 0.6999999881
40576  48.105  -37.340  -38.602 0.3000000119
41599  48.512  -36.734  -38.137 0.3000000119
42629  40.544  -35.637  -46.533 0.6999999881
41598  49.287  -36.415  -38.439 0.3000000119
43670  50.840  -34.678  -39.035 0.3000000119
41597  50.034  -36.016  -38.783 0.3000000119
41579  49.540  -35.645  -38.161 0.3000000119
43669  51.396  -34.304  -39.413 0.3000000119
43653  51.051  -33.890  -38.962 0.3000000119
42546  50.214  -35.158  -38.578 0.3000000119
35587  43.755  -42.730  -41.064 0.3000000119
37579  44.882  -40.237  -40.424 0.4000000060
42617  40.127  -35.110  -44.450 0.6999999881
40595  47.629  -37.886  -39.169 0.3000000119
39564  46.303  -38.630  -39.554 0.3000000119
110267  40.400  -34.916  -45.215 0.6999999881
42622  40.218  -35.498  -45.846 0.6999999881
41613  49.733  -36.746  -39.177 0.3000000119
41612  50.510  -36.338  -39.486 0.3000000119
43655  49.727  -34.807  -37.977 0.3000000119
43668  52.078  -34.329  -40.034 0.3000000119
36595  44.830  -40.932  -40.768 0.4000000060
43726  40.223  -34.584  -43.403 0.6999999881
38532  46.393  -39.492  -40.659 0.3000000119
38524  45.902  -39.207  -40.044 0.3000000119
40594  48.466  -37.635  -39.412 0.3000000119
39563  47.156  -38.416  -39.742 0.3000000119
44730  41.145  -33.860  -45.888 0.6999999881
40593  49.327  -37.395  -39.684 0.3000000119
43742  40.733  -34.764  -46.076 0.6999999881
44640  51.296  -33.186  -38.881 0.3000000119
44641  50.780  -33.474  -38.500 0.3000000119
44653  52.306  -33.342  -39.851 0.3000000119
45642  51.890  -32.891  -39.286 0.3000000119
113637  41.187  -33.458  -44.993 0.6999999881
39575  47.518  -38.674  -40.505 0.3000000119
45709  41.507  -33.040  -45.742 0.6999999881
40601  49.694  -37.728  -40.576 0.3000000119
40602  48.795  -37.920  -40.255 0.3000000119
44734  41.561  -33.502  -46.495 0.6999999881
45641  52.583  -32.647  -39.582 0.3000000119
39574  48.306  -38.446  -40.756 0.3000000119
45712  41.808  -32.705  -46.491 0.6999999881
46565  52.946  -32.049  -39.178 0.3000000119
127415  48.943  -25.907  -37.974 0.3000000119
122545  42.269  -37.456  -47.746 0.5000000000
40662  39.529  -37.682  -45.941 0.6999999881
40670  40.800  -37.450  -47.240 0.6000000238
39647  40.068  -38.031  -46.763 0.6000000238
116981  41.782  -36.832  -47.584 0.6000000238
41671  38.853  -36.845  -43.505 0.6999999881
42607  39.766  -35.419  -43.847 0.6999999881
35586  44.547  -42.534  -41.322 0.3000000119
41657  39.479  -35.430  -42.857 0.6999999881
36618  44.682  -41.681  -41.034 0.4000000060
44713  40.743  -33.680  -43.105 0.6999999881
127757  45.975  -40.687  -41.236 0.4000000060
37578  45.483  -40.497  -40.862 0.4000000060
38547  46.791  -39.784  -41.185 0.3000000119
38546  47.477  -39.584  -41.443 0.3000000119
38545  48.283  -39.447  -41.862 0.3000000119
41600  47.708  -36.996  -37.879 0.3000000119
131935  40.722  -33.966  -43.861 0.6999999881
41692  40.641  -36.726  -47.088 0.6000000238
39588  48.648  -38.754  -41.455 0.3000000119
37596  46.551  -40.435  -41.424 0.3000000119
37675  46.167  -40.857  -48.667 0.5000000000
39656  44.719  -38.589  -48.428 0.5000000000
38612  43.740  -39.877  -48.445 0.5000000000
111168  46.989  -40.396  -48.382 0.4000000060
34589  35.904  -43.485  -42.998 0.4000000060
33614  32.730  -44.200  -44.281 0.5000000000
118284  45.213  -39.256  -48.503 0.4000000060
122813  46.555  -39.549  -48.472 0.5000000000
39657  43.821  -38.187  -48.269 0.5000000000
33602  30.734  -44.908  -43.714 0.4000000060
32602  29.365  -45.416  -43.167 0.4000000060
121788  33.847  -44.143  -43.589 0.5000000000
40676  43.182  -37.382  -48.066 0.4000000060
31545  28.255  -46.734  -42.556 0.4000000060
33616  31.295  -44.411  -44.509 0.4000000060
34590  33.950  -43.265  -43.517 0.5000000000
33615  32.137  -44.013  -44.920 0.4000000060
121153  36.555  -42.308  -42.874 0.5000000000
36640  37.983  -41.363  -43.457 0.4000000060
40669  41.467  -37.499  -47.488 0.5000000000
38598  39.213  -39.647  -45.908 0.4000000060
37647  38.685  -40.572  -44.634 0.4000000060
39653  40.187  -38.687  -46.957 0.4000000060
31561  27.857  -46.085  -42.963 0.4000000060
33622  24.524  -45.069  -44.605 0.4000000060
33633  31.478  -43.848  -45.446 0.4000000060
34602  26.426  -43.706  -44.672 0.4000000060
34598  33.338  -42.818  -44.696 0.5000000000
33632  32.156  -43.529  -45.545 0.4000000060
34619  28.060  -43.266  -44.901 0.4000000060
35614  34.522  -42.404  -43.129 0.5000000000
36673  29.884  -41.481  -45.329 0.4000000060
35629  28.466  -42.513  -44.783 0.4000000060
36642  36.104  -41.655  -42.725 0.5000000000
37652  30.057  -40.456  -44.953 0.4000000060
115772  29.343  -40.377  -44.345 0.4000000060
36641  37.242  -41.712  -42.951 0.5000000000
117439  37.577  -40.774  -43.044 0.6000000238
115908  38.610  -39.854  -44.082 0.6000000238
38587  39.197  -39.016  -45.516 0.5000000000
113341  25.333  -45.084  -44.498 0.4000000060
33621  25.839  -44.307  -44.626 0.4000000060
33604  28.860  -44.797  -43.957 0.4000000060
126570  27.098  -43.923  -44.762 0.4000000060
34614  32.936  -42.778  -45.526 0.5000000000
34616  31.691  -43.256  -45.946 0.4000000060
35648  28.707  -43.114  -45.151 0.4000000060
35615  33.819  -42.219  -43.865 0.5000000000
37666  30.738  -41.106  -45.583 0.4000000060
121438  29.074  -42.665  -45.257 0.4000000060
36643  35.058  -41.606  -42.852 0.5000000000
37626  37.950  -39.843  -43.245 0.5000000000
38592  30.505  -39.608  -44.698 0.4000000060
38567  38.473  -39.114  -43.681 0.6000000238
39637  39.254  -38.218  -45.127 0.6000000238
32620  26.169  -44.885  -44.357 0.4000000060
34617  30.854  -43.463  -45.877 0.4000000060
33620  27.432  -44.256  -44.637 0.4000000060
33619  28.419  -44.214  -44.788 0.4000000060
36671  31.348  -41.774  -46.020 0.4000000060
36644  34.249  -41.469  -43.428 0.5000000000
37665  31.672  -40.946  -45.683 0.4000000060
37651  31.073  -40.227  -45.287 0.4000000060
37628  35.622  -40.842  -42.738 0.5000000000
38591  31.474  -39.571  -44.836 0.4000000060
41684  39.661  -36.824  -45.951 0.6000000238
39638  38.863  -38.358  -44.109 0.6000000238
38568  37.967  -39.049  -43.121 0.6000000238
32604  27.382  -45.438  -43.642 0.4000000060
33605  27.861  -44.794  -44.166 0.4000000060
111431  30.315  -42.923  -46.066 0.4000000060
34618  29.363  -43.219  -45.531 0.4000000060
36645  33.763  -41.349  -44.327 0.5000000000
35644  32.682  -42.331  -45.852 0.5000000000
36670  32.233  -41.689  -45.919 0.5000000000
37663  33.063  -40.917  -45.378 0.5000000000
37649  32.828  -40.262  -45.237 0.5000000000
37612  36.128  -40.113  -42.699 0.5000000000
37630  34.000  -40.589  -43.887 0.5000000000
38569  34.293  -39.860  -43.351 0.5000000000
37650  32.024  -40.184  -45.340 0.4000000060
37610  37.348  -39.271  -42.815 0.6000000238
38571  32.945  -39.312  -44.037 0.5000000000
38572  31.903  -39.123  -44.103 0.4000000060
40658  39.121  -37.700  -44.467 0.6000000238
39617  38.314  -38.419  -43.304 0.6000000238
38557  36.525  -39.401  -42.641 0.6000000238
37613  35.192  -40.056  -42.846 0.5000000000
38589  33.129  -39.845  -44.744 0.5000000000
39618  37.611  -38.530  -42.794 0.6000000238
39604  36.065  -38.803  -42.443 0.6000000238
38559  34.813  -39.337  -42.765 0.5000000000
39602  38.025  -37.811  -42.824 0.6000000238
40646  39.127  -37.023  -44.295 0.6000000238
42571  38.077  -35.197  -40.848 0.5000000000
110053  37.879  -35.962  -41.230 0.6000000238
112709  37.134  -36.430  -41.150 0.5000000000
41640  38.394  -36.189  -41.914 0.6000000238
41641  37.747  -36.640  -41.737 0.6000000238
40619  35.512  -37.585  -41.519 0.5000000000
39592  34.049  -38.099  -41.850 0.5000000000
39603  36.848  -38.704  -42.532 0.6000000238
39605  35.268  -38.780  -42.396 0.5000000000
38560  34.039  -39.090  -42.992 0.5000000000
39619  33.234  -38.923  -43.125 0.5000000000
115367  32.787  -38.438  -42.488 0.5000000000
43700  38.819  -34.752  -41.095 0.5000000000
43681  38.950  -33.978  -40.935 0.5000000000
43710  40.329  -33.980  -42.532 0.6000000238
42585  39.260  -35.076  -41.802 0.6000000238
40633  36.361  -37.713  -41.787 0.6000000238
39591  34.932  -38.179  -41.894 0.5000000000
41658  38.827  -36.340  -42.786 0.6000000238
41659  38.236  -36.723  -42.331 0.6000000238
38613  42.174  -39.756  -47.880 0.4000000060
39650  41.894  -38.214  -47.649 0.4000000060
41697  44.671  -36.879  -48.497 0.5000000000
40675  44.010  -37.340  -48.342 0.4000000060
40631  38.393  -37.090  -42.912 0.6000000238
37676  44.879  -40.413  -48.663 0.5000000000
37678  42.859  -40.486  -48.296 0.5000000000
37677  43.967  -40.852  -48.683 0.5000000000
128920  42.860  -39.618  -48.079 0.5000000000
117130  34.945  -43.326  -43.017 0.5000000000
33603  29.827  -44.847  -43.770 0.4000000060
33618  29.398  -44.378  -44.629 0.4000000060
114876  27.645  -42.724  -44.511 0.4000000060
36660  29.313  -41.110  -44.638 0.4000000060
33635  29.258  -43.857  -45.231 0.4000000060
120103  31.141  -42.940  -46.172 0.4000000060
32605  26.516  -45.487  -43.855 0.4000000060
125076  36.422  -38.285  -42.219 0.6000000238
116954  24.980  -44.349  -44.690 0.3000000119
132133  27.997  -42.075  -44.232 0.3000000119
35630  26.056  -42.942  -44.436 0.3000000119
37653  28.762  -40.812  -43.965 0.3000000119
36662  27.314  -42.131  -43.910 0.3000000119
37654  27.951  -41.320  -43.617 0.3000000119
36646  26.941  -41.389  -43.324 0.3000000119
27481  39.393  -50.445  -43.215 0.5000000000
27495  39.978  -49.742  -44.708 0.5000000000
28523  39.994  -49.720  -42.600 0.5000000000
28524  39.503  -49.629  -42.979 0.5000000000
29513  40.977  -48.274  -42.055 0.3000000119
29570  40.715  -48.039  -44.966 0.6999999881
30525  40.209  -48.037  -42.197 0.4000000060
30540  40.147  -46.678  -43.815 0.6000000238
30565  41.414  -47.677  -45.609 0.6000000238
31541  39.906  -46.229  -42.288 0.5000000000
31570  41.328  -46.333  -44.993 0.6000000238
32571  41.472  -45.490  -41.440 0.4000000060
32572  40.654  -45.808  -41.635 0.5000000000
32601  30.312  -45.442  -43.088 0.4000000060
32603  28.345  -45.420  -43.393 0.4000000060
32614  40.654  -45.290  -43.994 0.6999999881
32619  26.968  -44.825  -44.251 0.4000000060
32621  24.724  -45.625  -44.412 0.4000000060
32633  42.487  -45.582  -45.955 0.5000000000
33556  41.019  -43.785  -41.084 0.5000000000
33571  43.114  -44.960  -41.489 0.4000000060
33575  40.293  -44.703  -41.897 0.6000000238
33587  40.498  -44.207  -43.186 0.6999999881
33588  40.255  -44.538  -42.514 0.6000000238
33611  41.208  -44.684  -44.324 0.6000000238
33617  30.285  -44.449  -44.514 0.4000000060
33630  41.883  -44.674  -45.016 0.6000000238
33634  30.611  -44.045  -45.311 0.4000000060
33643  44.577  -44.682  -47.351 0.4000000060
34548  40.876  -43.147  -40.899 0.6000000238
34559  43.250  -43.320  -41.086 0.4000000060
34561  41.781  -43.956  -41.054 0.4000000060
34562  40.640  -43.469  -41.253 0.6000000238
34575  40.388  -43.807  -42.551 0.6000000238
34576  40.274  -44.102  -42.087 0.6000000238
34594  41.403  -43.120  -43.932 0.6000000238
34599  32.756  -43.444  -45.120 0.4000000060
34600  28.601  -43.617  -45.085 0.4000000060
34601  27.782  -43.829  -44.909 0.4000000060
34603  25.474  -43.620  -44.644 0.3000000119
34615  32.458  -43.017  -45.838 0.4000000060
34620  45.115  -43.119  -47.064 0.5000000000
34622  43.256  -43.882  -46.023 0.6000000238
34627  45.862  -43.600  -47.789 0.5000000000
34630  46.674  -43.117  -49.135 0.5000000000
34631  46.582  -43.749  -49.356 0.5000000000
35572  41.870  -42.527  -40.603 0.5000000000
35588  40.365  -43.022  -41.626 0.6000000238
35610  40.641  -42.654  -42.758 0.6999999881
35613  35.617  -42.537  -42.848 0.5000000000
35616  26.434  -42.193  -43.834 0.3000000119
35627  33.528  -42.013  -44.763 0.5000000000
35628  29.159  -41.962  -45.027 0.4000000060
35639  43.128  -42.584  -45.407 0.6000000238
35643  33.175  -42.182  -45.394 0.5000000000
35645  31.859  -42.525  -46.143 0.4000000060
35646  31.030  -42.465  -46.169 0.4000000060
35647  29.688  -42.401  -45.618 0.4000000060
35649  46.036  -42.137  -47.188 0.5000000000
35651  43.844  -42.629  -45.961 0.5000000000
35654  46.813  -42.562  -48.615 0.5000000000
35662  46.601  -42.496  -49.025 0.5000000000
36596  44.118  -41.255  -40.613 0.5000000000
36597  43.248  -41.467  -40.485 0.5000000000
36616  46.278  -41.162  -41.606 0.3000000119
36631  40.532  -41.380  -42.017 0.6000000238
36638  41.496  -41.772  -43.506 0.6000000238
36656  42.710  -41.433  -44.581 0.6000000238
36659  33.357  -41.424  -45.150 0.5000000000
36661  28.615  -41.633  -44.360 0.4000000060
36669  32.909  -41.586  -45.644 0.5000000000
36672  30.479  -42.021  -45.886 0.4000000060
36676  45.150  -41.918  -46.514 0.6000000238
36686  45.193  -41.235  -48.868 0.5000000000
36688  42.371  -41.187  -48.288 0.5000000000
37558  44.155  -40.119  -40.042 0.5000000000
37559  43.275  -40.066  -39.870 0.4000000060
37577  46.133  -40.090  -40.985 0.4000000060
37582  41.890  -40.689  -40.213 0.4000000060
37583  41.302  -40.552  -40.462 0.4000000060
37595  47.677  -40.167  -41.912 0.3000000119
37597  40.894  -40.394  -40.837 0.5000000000
37611  37.072  -40.063  -42.773 0.6000000238
37623  42.027  -40.267  -43.551 0.6999999881
37625  38.283  -40.655  -43.696 0.4000000060
37627  36.656  -40.874  -42.721 0.5000000000
37629  34.679  -40.723  -43.070 0.5000000000
37644  42.938  -40.020  -44.530 0.6000000238
37648  33.435  -40.553  -44.795 0.5000000000
37658  44.437  -40.628  -45.771 0.6999999881
37664  32.499  -40.916  -45.575 0.5000000000
37668  46.248  -40.575  -46.827 0.6000000238
37674  47.013  -41.236  -48.338 0.5000000000
38523  46.734  -38.937  -40.260 0.3000000119
38527  42.102  -39.180  -39.745 0.4000000060
38531  47.130  -39.216  -40.897 0.3000000119
38533  45.616  -39.816  -40.495 0.4000000060
38549  40.875  -39.866  -41.295 0.6000000238
38556  40.995  -39.814  -42.014 0.6000000238
38558  35.655  -39.428  -42.636 0.6000000238
38570  33.642  -39.874  -44.175 0.5000000000
38588  38.883  -39.053  -44.598 0.6000000238
38590  32.420  -39.652  -44.817 0.4000000060
38599  38.947  -39.759  -45.062 0.4000000060
38603  48.097  -39.259  -48.156 0.5000000000
38604  47.843  -39.734  -48.080 0.6000000238
38609  47.618  -39.757  -48.229 0.4000000060
38610  45.753  -40.032  -48.560 0.5000000000
38611  44.684  -39.722  -48.536 0.4000000060
39548  45.893  -38.248  -38.829 0.4000000060
39562  47.964  -38.138  -39.998 0.3000000119
39566  44.457  -38.833  -39.274 0.4000000060
39567  43.536  -38.729  -39.250 0.4000000060
39573  49.081  -38.256  -41.010 0.3000000119
39576  41.313  -38.717  -40.645 0.5000000000
39589  47.866  -38.965  -41.205 0.3000000119
39590  41.383  -38.298  -41.375 0.5000000000
39601  41.507  -38.562  -42.200 0.6000000238
39606  34.455  -38.667  -42.405 0.5000000000
39607  33.620  -38.546  -42.440 0.5000000000
39615  42.342  -38.677  -43.607 0.6999999881
39620  32.353  -38.758  -43.243 0.5000000000
39635  43.539  -38.379  -44.903 0.8000000119
39641  44.692  -39.019  -45.725 0.8000000119
39643  39.463  -38.425  -46.021 0.5000000000
39644  48.110  -38.792  -47.739 0.6000000238
39646  46.418  -39.018  -46.605 0.6000000238
39648  39.783  -38.684  -46.559 0.4000000060
39649  48.359  -38.821  -48.044 0.6999999881
39651  41.099  -38.170  -47.389 0.5000000000
39652  40.479  -38.072  -47.101 0.4000000060
39655  45.770  -38.698  -48.483 0.6000000238
39658  42.787  -38.195  -47.887 0.4000000060
40560  45.972  -37.219  -37.661 0.4000000060
40561  45.106  -37.169  -37.740 0.4000000060
40575  48.940  -37.092  -38.851 0.3000000119
40577  47.251  -37.538  -38.409 0.3000000119
40603  41.591  -38.036  -40.384 0.5000000000
40617  41.583  -37.617  -41.068 0.6999999881
40618  37.084  -37.178  -41.680 0.6000000238
40630  41.704  -37.770  -41.997 0.6999999881
40632  37.776  -37.246  -42.290 0.6000000238
40634  35.748  -38.232  -42.051 0.6000000238
40644  43.175  -37.011  -44.051 0.6999999881
40647  38.723  -37.605  -43.600 0.6000000238
40657  39.366  -37.313  -45.178 0.6000000238
40660  44.716  -37.563  -45.519 0.8000000119
40665  40.291  -37.398  -46.922 0.6000000238
40666  39.875  -37.438  -46.507 0.6999999881
40667  48.951  -37.399  -48.016 0.8999999762
40672  48.124  -38.481  -48.283 0.6999999881
41569  45.991  -36.076  -36.781 0.4000000060
41570  45.138  -36.009  -36.844 0.5000000000
41580  48.837  -36.052  -37.784 0.3000000119
41581  47.268  -36.541  -37.319 0.4000000060
41585  44.018  -36.344  -37.740 0.5000000000
41601  43.540  -36.091  -38.319 0.6000000238
41614  43.219  -35.924  -38.998 0.6000000238
41622  41.929  -37.240  -40.388 0.6000000238
41623  37.213  -35.613  -40.750 0.5000000000
41642  36.248  -36.896  -41.161 0.5000000000
41655  43.183  -35.931  -43.058 0.6999999881
41669  42.773  -36.928  -43.389 0.6999999881
41670  39.289  -36.188  -43.866 0.6999999881
41680  43.727  -36.825  -44.534 0.8000000119
41687  45.977  -36.853  -46.045 0.8000000119
41688  40.113  -36.794  -46.652 0.6999999881
41690  42.051  -36.100  -47.659 0.6000000238
41696  45.469  -36.422  -48.676 0.8000000119
42560  50.702  -35.530  -39.192 0.3000000119
42586  38.584  -35.507  -41.455 0.6000000238
42615  45.189  -35.171  -44.892 0.8000000119
42619  46.202  -35.232  -45.702 0.8000000119
42623  39.796  -36.032  -45.528 0.6999999881
42626  46.918  -35.243  -46.152 0.8000000119
42628  41.147  -35.071  -46.883 0.6999999881
42634  41.551  -35.593  -47.346 0.6999999881
42643  47.246  -35.776  -49.122 0.8999999762
43610  44.996  -34.020  -36.181 0.5000000000
43623  48.806  -33.993  -36.897 0.4000000060
43627  45.226  -34.657  -36.321 0.5000000000
43628  44.547  -34.384  -36.602 0.6000000238
43637  49.833  -34.088  -37.803 0.4000000060
43640  43.860  -34.703  -37.796 0.6000000238
43654  50.392  -34.203  -38.393 0.3000000119
43682  38.272  -34.403  -40.755 0.5000000000
43699  39.460  -34.260  -41.441 0.5000000000
43711  39.842  -34.531  -42.264 0.6000000238
43734  46.281  -34.055  -44.846 0.8000000119
43737  40.535  -34.440  -44.435 0.6999999881
43741  40.805  -34.206  -45.193 0.6999999881
43744  41.300  -34.281  -46.601 0.6999999881
43745  50.117  -35.097  -48.606 0.8999999762
43747  42.624  -34.321  -47.619 0.8000000119
43748  41.837  -33.976  -47.105 0.8000000119
43749  50.405  -34.633  -48.959 0.8999999762
43750  50.004  -34.852  -49.226 0.8999999762
44599  45.165  -33.428  -35.893 0.5000000000
44612  48.297  -33.463  -36.437 0.4000000060
44614  46.515  -33.972  -35.999 0.5000000000
44654  51.663  -33.631  -39.422 0.3000000119
44667  44.263  -33.852  -39.992 0.6999999881
44684  45.263  -33.354  -41.529 0.8000000119
44702  41.131  -32.885  -42.851 0.6999999881
44727  40.881  -33.858  -44.482 0.6999999881
44731  49.063  -33.770  -46.874 0.8999999762
44733  41.936  -33.187  -46.969 0.6999999881
44740  50.814  -33.584  -49.079 0.8999999762
44742  44.687  -33.208  -48.612 0.8000000119
44743  43.891  -32.932  -48.213 0.8000000119
44744  50.607  -33.287  -49.426 1.0000000000
44746  47.715  -33.661  -49.634 1.0000000000
45586  45.396  -32.699  -35.669 0.6000000238
45613  51.167  -32.124  -38.020 0.4000000060
45615  49.763  -32.803  -37.249 0.4000000060
45630  51.558  -32.534  -38.637 0.4000000060
45640  53.307  -32.435  -39.823 0.3000000119
45656  45.434  -32.201  -40.735 0.8000000119
45657  44.906  -32.565  -40.198 0.6999999881
45672  40.179  -32.937  -41.667 0.6999999881
45684  46.765  -31.898  -42.504 0.6999999881
45717  51.029  -32.656  -49.147 0.8999999762
46512  46.520  -31.643  -35.541 0.5000000000
46526  44.246  -32.038  -36.120 0.6999999881
46527  43.767  -31.456  -36.826 0.6999999881
46566  44.215  -31.780  -39.109 0.6999999881
46585  40.191  -31.288  -41.873 0.6000000238
46596  40.837  -31.661  -42.122 0.6000000238
46602  46.911  -31.502  -43.227 0.8000000119
46605  41.720  -31.536  -43.301 0.8000000119
46614  41.887  -31.847  -44.069 0.8000000119
46626  47.708  -31.484  -45.743 0.6999999881
46633  50.847  -32.262  -49.452 1.0000000000
46643  50.499  -30.936  -50.129 1.0000000000
47400  49.804  -30.106  -35.990 0.4000000060
47446  44.146  -30.641  -39.680 0.6000000238
47457  45.261  -30.111  -41.675 0.6999999881
47458  41.190  -30.331  -42.740 0.6999999881
47464  46.486  -30.842  -43.335 0.8000000119
47466  42.053  -30.116  -43.978 0.8999999762
47473  42.328  -30.771  -45.150 0.8999999762
47487  47.173  -30.830  -45.854 0.6999999881
47488  42.318  -30.182  -47.351 0.8999999762
47489  49.240  -30.984  -47.963 1.0000000000
47491  47.227  -30.299  -46.746 0.8000000119
47493  50.565  -30.562  -49.750 1.0000000000
47494  49.834  -30.352  -48.871 1.0000000000
47496  44.864  -30.943  -48.945 1.0000000000
47498  43.479  -30.092  -48.441 0.8999999762
47499  50.424  -30.253  -50.186 1.0000000000
48232  48.766  -29.400  -35.670 0.4000000060
48234  46.267  -29.287  -35.569 0.4000000060
48236  44.743  -29.766  -35.867 0.5000000000
48246  52.928  -28.708  -36.908 0.3000000119
48251  44.173  -29.816  -36.341 0.5000000000
48274  54.981  -30.066  -38.271 0.3000000119
48301  41.012  -29.388  -42.785 0.6999999881
48306  45.500  -29.862  -42.511 0.6999999881
48307  45.146  -28.984  -42.816 0.6999999881
48320  42.226  -29.332  -45.408 0.8999999762
48338  50.434  -29.567  -50.358 1.0000000000
48339  50.525  -28.960  -50.407 1.0000000000
48340  46.934  -29.525  -50.363 1.0000000000
49146  47.517  -28.710  -35.594 0.4000000060
49148  45.533  -28.834  -35.840 0.5000000000
49175  44.806  -28.589  -36.330 0.5000000000
49189  44.159  -28.143  -37.111 0.5000000000
49206  44.029  -28.442  -40.710 0.6000000238
49217  41.138  -28.562  -42.928 0.6999999881
49223  45.411  -28.841  -43.672 0.6999999881
49224  45.241  -28.151  -43.275 0.6999999881
49231  45.574  -28.685  -44.474 0.6999999881
49237  45.739  -28.388  -45.314 0.8000000119
49246  47.721  -28.576  -47.906 0.8999999762
49251  42.360  -28.145  -48.404 0.8999999762
49252  50.432  -28.877  -50.805 1.0000000000
49257  43.145  -27.452  -49.107 0.8999999762
49260  47.851  -27.994  -50.850 1.0000000000
50037  48.614  -28.131  -35.840 0.4000000060
50066  46.760  -27.268  -36.256 0.5000000000
50085  43.992  -27.392  -37.710 0.6000000238
50105  44.544  -27.992  -41.908 0.6000000238
50113  44.328  -27.250  -41.786 0.6000000238
50115  39.542  -27.195  -42.611 0.6000000238
50123  41.617  -27.339  -43.335 0.8000000119
50147  42.003  -27.435  -47.350 0.8999999762
50151  49.027  -27.268  -48.807 1.0000000000
50153  50.255  -27.376  -50.839 1.0000000000
50159  47.268  -27.307  -50.725 1.0000000000
50980  51.360  -26.952  -36.770 0.3000000119
50983  48.122  -26.887  -36.504 0.4000000060
51024  44.233  -26.169  -38.227 0.5000000000
51038  44.636  -26.725  -42.397 0.6999999881
51042  39.798  -26.430  -42.650 0.6999999881
51054  45.596  -26.450  -44.270 0.8000000119
51067  46.215  -26.132  -45.844 0.8000000119
51070  47.209  -26.447  -47.464 1.0000000000
51075  46.197  -26.953  -50.298 1.0000000000
51077  44.288  -26.354  -49.575 1.0000000000
51932  46.957  -25.127  -38.133 0.3000000119
51934  45.245  -25.282  -38.197 0.5000000000
51951  44.372  -26.036  -42.090 0.6999999881
51953  40.167  -25.736  -42.729 0.6999999881
51959  41.983  -25.290  -43.694 0.8000000119
51960  41.394  -25.174  -43.195 0.6999999881
51962  38.444  -25.658  -43.369 0.6999999881
51977  42.373  -25.737  -45.977 0.8999999762
51990  42.275  -26.101  -47.261 1.0000000000
51994  42.745  -25.366  -48.344 1.0000000000
51995  49.566  -25.595  -49.830 1.0000000000
51996  43.077  -25.515  -49.042 1.0000000000
51997  49.446  -25.571  -50.344 1.0000000000
52002  47.678  -25.222  -50.690 1.0000000000
52892  44.770  -24.715  -38.669 0.6000000238
52904  43.998  -24.616  -39.680 0.6999999881
52918  44.215  -24.184  -40.979 0.6999999881
52941  40.093  -24.348  -43.134 0.6999999881
52962  46.845  -23.800  -45.656 0.8000000119
52965  42.483  -25.124  -45.427 0.8000000119
52975  47.282  -23.739  -46.412 0.8000000119
52977  42.739  -24.394  -46.919 0.8999999762
52980  47.662  -24.150  -47.161 0.6999999881
52987  49.457  -24.042  -50.372 1.0000000000
52989  45.137  -24.756  -49.853 1.0000000000
52990  43.571  -24.862  -49.243 1.0000000000
53905  45.691  -22.856  -39.301 0.6000000238
53907  44.660  -23.428  -39.845 0.6999999881
53938  45.604  -23.399  -43.217 0.6999999881
53939  42.131  -23.838  -43.887 0.8000000119
53940  41.520  -23.692  -43.557 0.6999999881
53942  39.546  -23.766  -43.553 0.6000000238
53956  46.546  -23.042  -44.469 0.6999999881
53959  38.960  -23.392  -44.101 0.6000000238
53996  43.215  -24.117  -48.376 1.0000000000
54000  49.293  -23.416  -50.598 1.0000000000
54003  46.590  -23.093  -50.604 1.0000000000
54857  47.466  -22.895  -38.980 0.4000000060
54879  45.298  -22.167  -40.646 0.6999999881
54888  45.138  -22.782  -41.891 0.6999999881
54928  42.987  -22.754  -44.917 0.8000000119
54939  43.469  -21.435  -46.047 0.8000000119
54940  43.216  -22.808  -45.930 0.8000000119
54951  43.713  -22.283  -47.299 0.8999999762
54961  44.767  -22.084  -49.464 1.0000000000
54962  44.209  -22.534  -48.895 1.0000000000
54966  47.888  -22.126  -50.755 1.0000000000
54968  45.904  -22.410  -50.409 1.0000000000
55877  49.251  -21.799  -39.614 0.3000000119
55881  46.020  -21.474  -39.809 0.6999999881
55922  41.870  -22.225  -43.915 0.6999999881
55950  47.250  -21.390  -45.159 0.6999999881
55951  43.249  -21.317  -45.342 0.8000000119
55968  48.390  -21.143  -47.703 1.0000000000
56798  49.754  -20.482  -39.655 0.4000000060
56799  49.051  -20.927  -39.415 0.4000000060
56800  48.166  -20.529  -39.331 0.6000000238
56803  46.039  -20.966  -40.216 0.6999999881
56845  46.660  -20.936  -43.914 0.6999999881
56872  43.581  -20.713  -46.574 0.8999999762
56873  43.180  -20.167  -45.880 0.8000000119
56879  47.537  -20.583  -46.297 0.6999999881
56892  48.882  -20.516  -49.287 1.0000000000
56894  44.955  -20.337  -49.353 0.8999999762
56895  44.497  -20.799  -48.667 0.8999999762
56896  48.865  -20.808  -49.949 1.0000000000
56901  47.172  -20.687  -50.730 1.0000000000
57685  45.991  -19.189  -41.776 0.6000000238
57710  41.964  -19.650  -45.126 0.6000000238
57711  41.383  -19.931  -44.787 0.6000000238
57719  42.146  -19.155  -45.663 0.6000000238
57750  48.624  -19.631  -50.840 1.0000000000
58447  48.607  -18.299  -39.804 0.4000000060
58448  47.933  -18.828  -39.767 0.6000000238
58468  46.680  -18.691  -40.757 0.5000000000
58480  46.202  -18.335  -41.577 0.6000000238
58496  45.426  -18.530  -43.661 0.6000000238
58507  45.314  -18.242  -44.121 0.5000000000
58528  46.288  -18.668  -46.006 0.6999999881
58542  47.309  -18.918  -47.283 0.8000000119
58561  45.976  -18.802  -50.461 1.0000000000
59276  49.161  -17.971  -39.896 0.4000000060
59297  49.463  -17.514  -40.326 0.4000000060
59313  51.455  -17.395  -41.341 0.4000000060
59323  46.077  -16.968  -42.264 0.5000000000
59339  45.318  -17.968  -44.619 0.5000000000
59345  45.550  -17.540  -45.378 0.5000000000
59365  47.798  -17.484  -48.018 0.8999999762
59382  44.620  -17.909  -49.498 1.0000000000
60139  46.051  -16.284  -45.839 0.5000000000
60149  45.952  -17.107  -46.028 0.5000000000
60165  42.273  -16.463  -47.267 0.6999999881
60173  44.270  -16.074  -48.899 0.8000000119
60174  43.786  -16.520  -48.403 0.8999999762
60179  48.089  -16.464  -51.117 0.8999999762
60181  46.299  -17.007  -50.470 0.8999999762
60934  49.937  -16.030  -41.937 0.3000000119
60956  46.216  -15.414  -43.827 0.5000000000
60957  45.670  -16.020  -44.163 0.5000000000
60958  43.847  -15.063  -43.817 0.3000000119
60971  43.067  -15.470  -44.090 0.3000000119
60982  46.294  -15.537  -45.519 0.5000000000
61001  39.785  -16.077  -46.319 0.5000000000
61021  49.569  -15.606  -49.048 0.6999999881
61022  48.640  -16.106  -48.440 0.6999999881
61026  50.345  -15.946  -49.809 0.6999999881
61027  45.423  -15.418  -49.714 0.6999999881
61029  49.917  -15.698  -50.606 0.8000000119
61854  44.160  -14.268  -41.931 0.3000000119
61881  44.702  -14.243  -43.670 0.3000000119
61883  43.703  -15.055  -43.134 0.3000000119
61939  49.555  -14.757  -48.705 0.5000000000
61940  44.279  -14.350  -48.651 0.6999999881
61942  50.132  -14.810  -49.564 0.5000000000
61945  49.781  -14.826  -50.255 0.6000000238
61947  47.893  -14.804  -50.703 0.8999999762
61948  46.800  -14.786  -50.424 0.6999999881
62825  44.188  -13.161  -40.806 0.3000000119
62835  46.091  -12.907  -41.647 0.3000000119
62911  49.397  -13.504  -48.568 0.5000000000
62920  44.244  -12.873  -48.493 0.6999999881
62922  49.043  -14.012  -50.053 0.6000000238
63693  43.830  -12.551  -40.418 0.4000000060
63704  46.442  -12.458  -41.286 0.3000000119
63752  48.080  -13.068  -45.020 0.5000000000
63763  45.198  -12.402  -45.147 0.3000000119
63780  43.106  -11.409  -48.191 0.6000000238
63785  48.776  -12.811  -49.087 0.5000000000
64560  46.172  -11.415  -39.361 0.3000000119
64563  43.644  -11.418  -39.767 0.4000000060
64575  43.311  -11.643  -40.366 0.3000000119
64588  46.855  -11.898  -40.897 0.3000000119
64599  47.318  -11.179  -42.132 0.3000000119
64601  42.397  -11.415  -42.076 0.3000000119
64632  46.239  -11.210  -44.096 0.3000000119
64646  45.708  -11.060  -45.407 0.3000000119
64662  42.872  -10.879  -48.052 0.6000000238
64667  43.305  -11.642  -48.379 0.6000000238
64671  46.547  -11.645  -48.874 0.6999999881
64673  44.140  -11.760  -48.774 0.6000000238
64674  43.376  -11.471  -48.502 0.6000000238
64675  43.149  -10.876  -48.432 0.6000000238
65515  44.731  -10.976  -38.906 0.3000000119
65623  42.944  -10.042  -47.891 0.5000000000
65624  42.945  -10.450  -48.132 0.5000000000
65627  46.445  -9.935  -48.545 0.5000000000
65630  43.337  -10.139  -48.395 0.5000000000
66354  43.257  -9.671  -39.616 0.3000000119
66452  44.996  -9.130  -47.051 0.3000000119
66458  43.472  -9.274  -47.823 0.4000000060
66460  47.813  -8.949  -47.929 0.4000000060
66464  44.132  -9.000  -48.253 0.4000000060
67282  45.046  -8.461  -47.435 0.3000000119
67287  44.261  -8.617  -47.797 0.4000000060
67291  44.526  -8.392  -48.008 0.3000000119
68044  43.171  -7.814  -39.854 0.3000000119
109309  43.587  -28.049  -37.902 0.6000000238
109574  45.598  -18.952  -42.980 0.6000000238
109922  43.898  -29.915  -39.761 0.6000000238
110120  42.026  -28.944  -47.385 0.8999999762
110218  41.188  -33.277  -43.902 0.6999999881
110339  39.771  -47.322  -43.256 0.5000000000
110390  43.126  -18.870  -46.876 0.6999999881
110681  44.125  -34.717  -48.358 0.6999999881
110686  46.064  -19.191  -44.906 0.6999999881
110992  27.219  -43.411  -44.681 0.4000000060
111241  42.321  -21.027  -44.507 0.6999999881
111351  43.971  -31.911  -38.450 0.6999999881
111417  43.646  -35.733  -43.617 0.6999999881
111569  44.872  -24.851  -42.669 0.6999999881
111593  40.512  -45.104  -41.685 0.5000000000
111650  26.876  -42.800  -44.359 0.4000000060
111677  46.406  -15.597  -43.056 0.4000000060
111739  45.557  -11.787  -45.095 0.3000000119
111985  44.252  -18.365  -48.905 0.8999999762
112269  45.552  -36.242  -45.654 0.8000000119
112314  39.753  -47.993  -42.646 0.5000000000
112698  44.209  -33.088  -38.819 0.6999999881
112714  40.828  -45.070  -41.475 0.4000000060
112726  48.717  -18.913  -39.597 0.5000000000
112776  41.013  -27.748  -42.811 0.6000000238
113246  47.005  -28.888  -47.318 0.8000000119
113249  49.639  -28.641  -51.105 1.0000000000
113365  47.109  -40.137  -41.579 0.3000000119
113399  37.154  -37.938  -42.281 0.6000000238
113673  41.228  -46.279  -41.570 0.5000000000
114112  41.664  -43.575  -44.412 0.6000000238
114149  41.866  -27.786  -43.832 0.8999999762
114190  46.345  -31.851  -49.536 0.8999999762
114262  46.321  -26.180  -37.239 0.5000000000
114272  49.095  -15.092  -50.757 0.8000000119
114478  28.908  -46.218  -42.681 0.4000000060
114630  45.928  -31.811  -41.309 0.8000000119
114907  43.834  -20.997  -47.470 0.8999999762
114918  44.536  -36.020  -48.516 0.6999999881
115070  42.409  -36.406  -42.037 0.6999999881
115407  48.265  -33.774  -46.302 0.8000000119
115526  33.270  -43.757  -44.140 0.5000000000
115921  42.094  -27.950  -45.593 1.0000000000
115939  41.484  -28.971  -43.314 0.6999999881
116106  47.319  -36.551  -48.857 0.8000000119
116177  44.876  -34.896  -48.676 0.8000000119
116408  49.249  -36.164  -48.647 0.8999999762
116796  42.620  -27.017  -48.733 0.8999999762
116899  39.325  -50.903  -43.780 0.5000000000
116936  30.012  -43.620  -45.648 0.4000000060
117225  45.352  -26.891  -43.639 0.8000000119
117510  43.432  -27.618  -39.344 0.6000000238
117554  40.488  -22.346  -43.811 0.6000000238
117726  42.461  -39.964  -44.001 0.8000000119
117746  43.908  -34.065  -38.287 0.6999999881
118163  43.405  -35.203  -41.920 0.6999999881
118318  26.643  -44.285  -44.593 0.4000000060
118494  39.441  -39.037  -46.152 0.4000000060
118628  47.556  -23.754  -50.727 1.0000000000
118851  44.167  -23.671  -49.379 1.0000000000
118885  48.532  -18.226  -50.961 1.0000000000
118942  47.042  -37.883  -48.538 0.6000000238
119505  39.753  -38.030  -46.413 0.6000000238
119880  43.437  -27.832  -38.613 0.6000000238
119954  44.529  -29.276  -36.192 0.5000000000
120157  34.540  -44.104  -43.249 0.5000000000
120276  45.208  -26.386  -37.459 0.5000000000
120376  44.812  -12.019  -48.927 0.5000000000
120808  45.439  -17.463  -43.055 0.5000000000
120815  44.160  -39.090  -48.406 0.5000000000
120846  46.030  -34.137  -49.108 0.8000000119
121010  44.087  -43.317  -41.398 0.3000000119
121125  41.398  -41.971  -40.553 0.5000000000
121197  53.981  -28.249  -37.321 0.3000000119
121231  46.385  -7.973  -48.178 0.3000000119
121302  48.345  -36.201  -47.274 0.8999999762
121491  40.036  -35.473  -45.162 0.6999999881
121526  48.750  -22.762  -50.815 1.0000000000
121901  43.809  -37.506  -38.493 0.4000000060
121923  42.404  -38.974  -47.813 0.4000000060
122028  42.218  -30.103  -46.664 0.8999999762
122043  49.782  -14.596  -42.513 0.4000000060
122456  43.252  -38.992  -48.100 0.5000000000
122530  40.804  -41.847  -40.790 0.6000000238
122789  46.905  -20.062  -45.275 0.6999999881
123600  49.768  -26.753  -36.781 0.4000000060
123839  43.645  -9.449  -48.257 0.4000000060
124411  46.087  -42.929  -49.429 0.5000000000
124660  42.360  -25.698  -46.698 0.8999999762
125316  45.626  -21.619  -41.774 0.6999999881
125516  45.859  -29.946  -43.530 0.6999999881
125722  41.834  -29.364  -43.778 0.8999999762
125780  42.561  -37.887  -39.350 0.4000000060
125843  42.416  -31.634  -47.229 0.8999999762
126067  53.075  -31.064  -38.074 0.4000000060
126159  45.621  -25.510  -50.023 1.0000000000
126165  43.086  -11.334  -47.964 0.5000000000
126620  29.884  -44.099  -45.178 0.4000000060
126624  39.268  -51.547  -43.707 0.5000000000
127272  51.998  -29.627  -36.685 0.4000000060
127273  48.317  -25.491  -48.241 1.0000000000
127278  45.977  -7.541  -47.895 0.3000000119
127539  45.812  -19.264  -42.396 0.6000000238
127609  39.963  -46.744  -42.045 0.5000000000
128221  44.884  -32.157  -35.697 0.5000000000
128278  50.322  -8.417  -46.078 0.3000000119
128440  41.152  -36.957  -47.362 0.6000000238
128545  44.474  -14.410  -42.541 0.3000000119
128684  43.489  -37.262  -44.496 0.8000000119
128893  43.669  -31.396  -48.239 1.0000000000
128954  43.840  -26.277  -41.054 0.6999999881
128977  44.275  -16.781  -49.047 1.0000000000
129385  39.933  -45.806  -42.877 0.6000000238
129399  48.865  -28.303  -51.120 1.0000000000
129432  43.731  -27.882  -49.298 0.8999999762
129467  40.084  -48.330  -44.267 0.5000000000
129619  46.351  -30.488  -35.491 0.5000000000
129744  47.263  -33.100  -49.629 1.0000000000
129880  45.854  -27.847  -45.625 0.8000000119
129894  46.147  -24.184  -44.473 0.6999999881
130466  42.677  -32.072  -47.453 0.8999999762
130522  49.929  -28.833  -35.969 0.4000000060
130555  46.096  -19.460  -44.391 0.6999999881
130800  42.059  -26.734  -47.077 1.0000000000
130886  38.932  -35.730  -42.152 0.6000000238
131003  46.703  -15.921  -42.505 0.4000000060
131234  47.345  -29.821  -35.495 0.4000000060
131384  41.279  -39.961  -40.439 0.5000000000
131587  42.164  -38.426  -39.633 0.4000000060
131600  42.238  -30.503  -44.492 0.8999999762
132160  44.341  -14.656  -43.770 0.3000000119
132171  49.448  -22.656  -49.801 1.0000000000
132220  33.650  -39.405  -43.572 0.5000000000
132239  26.639  -43.263  -44.553 0.4000000060
132293  39.948  -47.587  -42.227 0.5000000000
132344  45.766  -43.384  -49.696 0.5000000000
132348  46.165  -35.403  -48.991 0.8999999762
132513  46.149  -12.411  -42.672 0.3000000119
