#!ascii label  , from subject sub-v1s23x0050613_ses-1 vox2ras=TkReg
1193
122920  18.909  -44.172  38.835 0.0000000000
37241  11.882  -50.882  18.912 0.0000000000
35945  12.389  -52.646  36.441 0.0000000000
42074  13.869  -46.244  31.476 0.0000000000
45181  7.604  -43.800  24.493 0.0000000000
38083  15.897  -50.333  40.024 0.0000000000
40988  15.022  -46.466  37.605 0.0000000000
42013  21.812  -45.957  38.068 0.0000000000
37023  19.280  -51.447  37.304 0.0000000000
32831  15.054  -55.148  35.238 0.0000000000
46213  7.681  -43.118  32.076 0.0000000000
42127  10.376  -45.759  27.440 0.0000000000
49305  9.068  -39.531  28.417 0.0000000000
34896  10.309  -53.519  30.822 0.0000000000
38168  12.483  -50.942  29.229 0.0000000000
39118  14.102  -49.567  34.017 0.0000000000
131747  10.359  -45.610  34.610 0.0000000000
40156  16.122  -47.891  24.793 0.0000000000
41183  13.796  -46.660  20.774 0.0000000000
44153  10.916  -44.774  20.522 0.0000000000
49355  7.117  -39.734  20.354 0.0000000000
40975  17.652  -47.322  40.419 0.0000000000
42947  16.142  -45.639  39.502 0.0000000000
124704  21.099  -45.755  39.527 0.0000000000
39092  21.068  -48.925  38.193 0.0000000000
39079  19.649  -49.290  39.953 0.0000000000
37015  18.178  -51.289  39.252 0.0000000000
47323  7.946  -41.516  29.944 0.0000000000
35960  11.008  -53.068  33.958 0.0000000000
37064  11.609  -51.448  33.000 0.0000000000
38118  12.723  -50.816  35.074 0.0000000000
45068  12.472  -43.975  36.682 0.0000000000
116276  12.751  -45.666  35.870 0.0000000000
33851  13.453  -54.223  36.467 0.0000000000
31805  12.921  -55.617  33.827 0.0000000000
32835  12.096  -54.627  34.218 0.0000000000
32851  10.777  -55.455  32.024 0.0000000000
121282  15.476  -48.302  30.769 0.0000000000
39178  14.297  -49.182  27.160 0.0000000000
42110  15.567  -46.651  28.837 0.0000000000
42142  8.678  -46.293  26.100 0.0000000000
43109  12.663  -45.755  24.289 0.0000000000
124102  9.706  -47.306  22.802 0.0000000000
41185  10.683  -47.118  20.673 0.0000000000
44138  8.395  -44.822  22.407 0.0000000000
35938  13.782  -52.113  38.380 0.0000000000
39095  13.827  -49.920  37.614 0.0000000000
127388  14.952  -49.048  39.253 0.0000000000
43964  14.261  -44.205  38.023 0.0000000000
116652  22.293  -45.277  36.291 0.0000000000
123280  21.410  -47.118  33.769 0.0000000000
133496  21.521  -47.969  35.877 0.0000000000
37045  20.110  -50.811  34.733 0.0000000000
34851  17.274  -53.467  36.435 0.0000000000
34843  15.378  -53.236  38.289 0.0000000000
42077  9.445  -45.991  32.284 0.0000000000
120435  12.090  -45.888  29.398 0.0000000000
43049  9.106  -44.353  30.505 0.0000000000
122028  9.408  -44.317  28.619 0.0000000000
46255  10.321  -41.913  26.201 0.0000000000
49210  20.647  -40.511  37.088 0.0000000000
116858  25.540  -44.650  34.003 0.0000000000
43978  26.868  -43.924  35.938 0.0000000000
43966  23.630  -43.492  36.782 0.0000000000
133739  22.794  -41.819  37.717 0.0000000000
33911  9.082  -54.169  28.740 0.0000000000
36019  10.014  -52.657  27.820 0.0000000000
37091  10.757  -52.380  29.970 0.0000000000
38149  13.433  -50.259  31.647 0.0000000000
130055  15.184  -47.557  33.346 0.0000000000
40018  15.102  -48.119  36.523 0.0000000000
41001  14.016  -46.558  35.341 0.0000000000
41017  11.662  -46.393  34.059 0.0000000000
43994  8.221  -45.001  34.257 0.0000000000
37165  11.211  -51.438  25.479 0.0000000000
122083  12.703  -50.577  23.857 0.0000000000
38275  14.753  -50.037  21.477 0.0000000000
43082  14.065  -44.942  26.418 0.0000000000
42205  15.723  -46.134  22.743 0.0000000000
39241  14.565  -49.002  18.193 0.0000000000
41215  12.209  -47.468  16.845 0.0000000000
132985  10.201  -45.953  17.954 0.0000000000
50329  10.052  -37.868  26.124 0.0000000000
48353  9.757  -39.960  24.033 0.0000000000
50350  9.290  -38.031  22.084 0.0000000000
47383  7.565  -41.485  22.406 0.0000000000
128456  9.188  -42.559  22.010 0.0000000000
122843  18.100  -45.689  39.882 0.0000000000
43958  17.407  -44.533  39.212 0.0000000000
47229  18.032  -42.717  38.313 0.0000000000
43954  20.075  -44.478  39.188 0.0000000000
40972  20.276  -46.966  40.160 0.0000000000
41999  19.443  -46.260  40.258 0.0000000000
40008  18.759  -48.544  40.392 0.0000000000
38313  10.341  -50.881  17.906 0.0000000000
38328  10.847  -50.180  17.383 0.0000000000
34870  11.464  -53.143  34.652 0.0000000000
37048  11.504  -52.144  34.428 0.0000000000
37031  12.004  -52.382  35.742 0.0000000000
43007  21.402  -45.268  32.437 0.0000000000
33847  12.734  -53.545  36.290 0.0000000000
32826  12.481  -54.395  34.908 0.0000000000
33862  11.938  -53.953  34.601 0.0000000000
33876  11.106  -54.157  33.626 0.0000000000
41052  15.316  -47.036  31.199 0.0000000000
40100  15.724  -47.998  29.316 0.0000000000
126450  14.647  -46.018  30.071 0.0000000000
43098  7.722  -45.282  24.939 0.0000000000
41138  8.721  -46.927  24.777 0.0000000000
42168  7.850  -46.052  23.731 0.0000000000
42209  9.003  -46.650  22.369 0.0000000000
44121  7.727  -44.568  22.874 0.0000000000
124794  14.650  -51.222  39.077 0.0000000000
38088  14.390  -50.689  38.998 0.0000000000
39083  15.195  -49.579  39.627 0.0000000000
128899  15.474  -44.785  38.830 0.0000000000
47244  13.705  -42.763  36.986 0.0000000000
120542  22.081  -45.962  36.919 0.0000000000
42022  21.732  -47.129  35.825 0.0000000000
134871  21.995  -46.609  37.395 0.0000000000
38092  20.206  -50.293  37.250 0.0000000000
39097  20.697  -49.752  36.747 0.0000000000
37027  19.872  -51.065  35.987 0.0000000000
35943  18.327  -52.416  37.226 0.0000000000
37012  17.068  -50.952  39.970 0.0000000000
35937  16.597  -52.660  38.717 0.0000000000
35933  15.367  -52.060  39.099 0.0000000000
34840  14.430  -52.811  38.332 0.0000000000
43022  8.525  -44.113  32.318 0.0000000000
42094  8.949  -45.140  31.380 0.0000000000
44027  8.869  -43.758  31.250 0.0000000000
123148  8.726  -40.866  29.052 0.0000000000
46233  9.131  -42.891  29.223 0.0000000000
120150  9.505  -41.241  28.444 0.0000000000
45145  9.982  -43.149  27.130 0.0000000000
47336  9.930  -40.644  27.759 0.0000000000
42957  24.854  -43.870  36.241 0.0000000000
33904  9.339  -54.140  29.381 0.0000000000
36001  9.827  -53.192  28.902 0.0000000000
35992  10.476  -52.879  30.246 0.0000000000
131800  12.828  -50.497  33.326 0.0000000000
38150  12.585  -50.864  31.908 0.0000000000
39126  13.935  -49.745  33.133 0.0000000000
39134  14.686  -49.206  32.739 0.0000000000
133740  15.233  -48.457  33.768 0.0000000000
40014  14.969  -48.383  38.192 0.0000000000
39098  14.535  -49.118  36.971 0.0000000000
40016  15.003  -48.270  37.417 0.0000000000
42028  11.774  -45.730  35.047 0.0000000000
40997  13.183  -46.059  35.714 0.0000000000
120469  12.097  -46.052  34.915 0.0000000000
41016  13.138  -46.592  34.231 0.0000000000
41004  10.627  -46.075  34.196 0.0000000000
42045  9.276  -45.796  33.871 0.0000000000
138821  8.965  -45.349  34.492 0.0000000000
120859  21.320  -48.498  32.950 0.0000000000
40070  21.334  -48.069  31.718 0.0000000000
33867  15.872  -54.917  34.047 0.0000000000
119060  15.303  -55.416  32.785 0.0000000000
136067  15.164  -55.413  33.735 0.0000000000
31826  12.006  -55.944  32.561 0.0000000000
31825  12.603  -56.260  32.546 0.0000000000
33891  10.248  -54.399  31.038 0.0000000000
32879  9.259  -54.861  29.864 0.0000000000
37136  10.936  -51.691  27.755 0.0000000000
37152  10.441  -52.193  26.426 0.0000000000
38190  12.161  -50.721  27.410 0.0000000000
40147  15.125  -48.590  25.988 0.0000000000
39199  13.757  -49.534  25.780 0.0000000000
39205  14.770  -49.115  24.473 0.0000000000
38265  13.749  -50.310  22.314 0.0000000000
39213  15.141  -49.197  23.375 0.0000000000
42114  10.955  -45.710  28.366 0.0000000000
42125  13.128  -45.483  27.941 0.0000000000
133998  12.184  -45.584  27.446 0.0000000000
43121  12.438  -46.432  23.122 0.0000000000
42183  14.688  -45.621  23.013 0.0000000000
42229  14.930  -46.407  21.248 0.0000000000
41190  16.162  -47.544  19.980 0.0000000000
41200  15.015  -47.264  18.991 0.0000000000
40187  14.098  -48.252  17.796 0.0000000000
41201  13.885  -47.122  18.673 0.0000000000
43168  9.881  -46.023  20.354 0.0000000000
42246  10.365  -46.365  19.023 0.0000000000
43180  10.278  -45.671  19.331 0.0000000000
51367  10.237  -37.383  25.504 0.0000000000
133109  10.387  -38.703  24.899 0.0000000000
50338  10.342  -38.375  24.254 0.0000000000
51410  8.136  -38.010  20.189 0.0000000000
50356  8.005  -38.722  21.228 0.0000000000
50345  8.494  -39.414  22.549 0.0000000000
48368  7.444  -40.504  21.418 0.0000000000
46331  8.110  -42.057  21.721 0.0000000000
47423  8.254  -41.155  20.535 0.0000000000
39077  16.806  -48.806  40.362 0.0000000000
40004  15.915  -48.003  40.072 0.0000000000
42002  16.891  -46.390  39.942 0.0000000000
40982  21.423  -46.423  38.894 0.0000000000
40986  21.567  -47.487  38.315 0.0000000000
40983  21.250  -47.158  39.184 0.0000000000
132375  20.586  -48.500  39.449 0.0000000000
38090  19.568  -50.687  38.578 0.0000000000
37014  18.922  -51.088  38.949 0.0000000000
38079  19.078  -49.957  39.971 0.0000000000
119699  17.873  -49.585  40.298 0.0000000000
47300  7.164  -41.239  32.153 0.0000000000
46215  7.764  -42.525  30.877 0.0000000000
137954  7.175  -40.016  30.806 0.0000000000
49295  7.790  -39.248  29.979 0.0000000000
50310  8.705  -38.736  29.092 0.0000000000
34887  10.750  -53.383  32.443 0.0000000000
35984  10.798  -52.747  31.200 0.0000000000
35969  11.158  -52.315  33.618 0.0000000000
37047  11.986  -51.386  34.543 0.0000000000
38117  13.435  -50.106  34.548 0.0000000000
42016  13.937  -45.323  36.952 0.0000000000
42018  14.281  -45.757  36.850 0.0000000000
42959  12.309  -44.800  36.315 0.0000000000
42960  11.693  -44.926  35.831 0.0000000000
120472  9.978  -44.774  34.887 0.0000000000
43983  8.866  -44.287  34.773 0.0000000000
131551  14.188  -54.704  36.286 0.0000000000
32832  14.445  -55.441  34.581 0.0000000000
32824  13.369  -54.913  35.345 0.0000000000
31806  12.562  -55.306  33.863 0.0000000000
31817  11.550  -55.293  32.915 0.0000000000
31828  11.057  -55.759  32.086 0.0000000000
32844  11.172  -54.882  33.150 0.0000000000
33883  10.779  -54.332  32.761 0.0000000000
39161  13.950  -49.801  29.427 0.0000000000
39169  13.676  -49.912  28.486 0.0000000000
39168  14.474  -49.298  28.831 0.0000000000
137153  15.440  -48.251  27.353 0.0000000000
41098  16.041  -47.280  26.464 0.0000000000
136185  9.654  -46.436  26.620 0.0000000000
42139  11.042  -46.324  26.410 0.0000000000
42152  10.183  -47.076  25.210 0.0000000000
41155  10.971  -47.144  23.808 0.0000000000
41170  11.541  -47.306  21.915 0.0000000000
41194  11.580  -47.078  20.107 0.0000000000
117623  10.375  -47.284  21.514 0.0000000000
43169  9.637  -46.273  20.975 0.0000000000
44136  9.867  -44.902  21.555 0.0000000000
50374  6.807  -38.988  18.797 0.0000000000
48381  8.356  -40.824  19.848 0.0000000000
48410  7.680  -40.279  18.510 0.0000000000
35942  12.766  -52.675  37.157 0.0000000000
37026  12.678  -52.036  37.253 0.0000000000
37025  13.400  -51.531  38.176 0.0000000000
39090  14.596  -49.343  38.692 0.0000000000
40987  15.236  -47.447  38.251 0.0000000000
40981  15.496  -47.571  39.288 0.0000000000
42011  15.199  -46.393  38.504 0.0000000000
42015  14.727  -45.881  37.689 0.0000000000
43968  13.561  -44.069  37.551 0.0000000000
42984  22.163  -45.147  34.743 0.0000000000
42995  21.534  -45.564  34.149 0.0000000000
42985  21.623  -45.737  34.868 0.0000000000
130505  21.493  -48.186  37.085 0.0000000000
130795  20.986  -49.451  35.423 0.0000000000
125015  20.399  -50.415  33.891 0.0000000000
126003  16.847  -54.088  34.891 0.0000000000
33860  16.147  -54.309  36.242 0.0000000000
35941  17.691  -52.769  37.603 0.0000000000
34848  16.415  -53.578  37.586 0.0000000000
33849  15.328  -54.524  36.590 0.0000000000
33844  14.259  -54.141  37.195 0.0000000000
33842  13.609  -53.424  37.458 0.0000000000
126147  11.890  -46.481  31.688 0.0000000000
42090  13.210  -46.031  30.813 0.0000000000
131518  11.034  -46.114  30.648 0.0000000000
42105  9.781  -45.337  29.934 0.0000000000
42116  9.965  -45.211  29.004 0.0000000000
45118  8.781  -43.430  30.639 0.0000000000
44053  9.109  -44.164  29.680 0.0000000000
43074  9.769  -45.163  27.626 0.0000000000
44068  9.081  -45.280  26.897 0.0000000000
45157  8.615  -44.259  26.288 0.0000000000
46269  8.289  -42.841  25.155 0.0000000000
47227  19.399  -42.489  38.388 0.0000000000
42982  24.425  -44.421  34.246 0.0000000000
42972  27.910  -44.571  34.603 0.0000000000
45081  28.031  -43.741  35.064 0.0000000000
42973  27.322  -44.680  34.704 0.0000000000
42974  26.676  -44.638  34.743 0.0000000000
116854  25.131  -44.488  34.728 0.0000000000
116195  24.015  -44.424  35.086 0.0000000000
120885  23.163  -44.274  36.546 0.0000000000
42954  22.369  -44.306  37.409 0.0000000000
45060  23.532  -42.811  37.193 0.0000000000
42944  21.951  -44.102  38.065 0.0000000000
45056  21.885  -43.402  38.316 0.0000000000
46156  20.529  -43.106  38.505 0.0000000000
36009  10.102  -52.702  28.617 0.0000000000
37105  11.409  -51.710  29.494 0.0000000000
37076  11.279  -51.937  31.623 0.0000000000
38160  12.006  -51.420  31.280 0.0000000000
38158  13.232  -50.415  30.044 0.0000000000
39144  14.183  -49.698  31.350 0.0000000000
40073  15.281  -48.484  31.696 0.0000000000
42056  14.439  -46.615  32.080 0.0000000000
38096  13.300  -50.407  36.500 0.0000000000
39099  14.058  -49.620  36.234 0.0000000000
39108  14.915  -48.728  35.165 0.0000000000
40996  14.408  -46.398  36.202 0.0000000000
41000  15.077  -47.246  36.019 0.0000000000
40035  15.298  -48.113  34.597 0.0000000000
40034  15.118  -47.529  34.195 0.0000000000
41014  14.484  -46.942  33.607 0.0000000000
42058  12.468  -46.549  32.380 0.0000000000
42060  10.085  -46.294  32.787 0.0000000000
42062  8.745  -45.449  33.426 0.0000000000
45095  8.048  -44.221  32.821 0.0000000000
45083  8.086  -43.760  34.774 0.0000000000
46204  7.755  -43.228  34.255 0.0000000000
124315  7.331  -42.204  32.664 0.0000000000
32855  15.359  -55.489  31.074 0.0000000000
32841  13.918  -55.939  33.469 0.0000000000
128720  12.592  -50.246  26.054 0.0000000000
38237  12.555  -50.503  24.715 0.0000000000
37231  13.212  -50.773  19.960 0.0000000000
42101  14.308  -45.797  29.423 0.0000000000
42124  15.049  -45.600  27.623 0.0000000000
42149  16.167  -46.080  25.299 0.0000000000
43096  12.778  -45.458  25.153 0.0000000000
43118  15.430  -45.268  24.293 0.0000000000
117216  16.334  -47.489  23.126 0.0000000000
134094  16.417  -48.139  21.707 0.0000000000
38286  14.880  -50.059  19.684 0.0000000000
119614  13.339  -49.944  18.302 0.0000000000
38326  12.919  -49.535  17.647 0.0000000000
137562  11.718  -46.966  19.275 0.0000000000
41210  11.277  -46.774  17.477 0.0000000000
50322  9.072  -38.237  28.590 0.0000000000
51341  9.886  -37.132  27.286 0.0000000000
49314  9.560  -39.059  27.740 0.0000000000
48341  10.592  -40.351  26.341 0.0000000000
47358  9.572  -41.179  24.834 0.0000000000
46284  7.985  -42.092  24.401 0.0000000000
49333  9.011  -39.463  23.068 0.0000000000
131335  8.072  -40.466  23.292 0.0000000000
123900  7.452  -43.120  23.366 0.0000000000
45202  8.038  -43.959  22.573 0.0000000000
130231  9.186  -43.310  22.271 0.0000000000
138870  10.306  -44.039  21.886 0.0000000000
135704  11.713  -42.694  21.753 0.0000000000
42940  18.281  -44.962  39.546 0.0000000000
43957  17.886  -44.633  39.248 0.0000000000
45050  18.409  -43.794  38.685 0.0000000000
43955  19.337  -44.394  39.003 0.0000000000
132064  19.641  -45.340  40.094 0.0000000000
131846  18.879  -44.737  39.424 0.0000000000
42000  18.593  -46.310  40.205 0.0000000000
37242  10.844  -51.333  19.237 0.0000000000
136732  10.907  -51.031  18.513 0.0000000000
38312  11.443  -50.549  18.048 0.0000000000
35946  11.963  -52.891  35.598 0.0000000000
35952  11.650  -52.749  35.065 0.0000000000
42993  23.669  -44.308  33.659 0.0000000000
43006  22.040  -44.752  32.869 0.0000000000
42994  22.343  -44.766  33.746 0.0000000000
34853  12.312  -53.169  36.001 0.0000000000
33853  12.465  -53.782  35.517 0.0000000000
34861  11.916  -53.228  35.122 0.0000000000
42073  14.763  -46.533  31.327 0.0000000000
42088  15.202  -46.579  30.479 0.0000000000
42089  14.296  -46.095  30.731 0.0000000000
44093  7.752  -44.508  25.091 0.0000000000
42154  7.832  -46.042  24.621 0.0000000000
125263  7.664  -45.369  24.060 0.0000000000
137518  7.713  -45.490  23.402 0.0000000000
44112  7.566  -44.734  23.465 0.0000000000
121462  15.362  -51.081  39.557 0.0000000000
38084  14.934  -50.494  39.437 0.0000000000
136653  15.391  -50.244  39.752 0.0000000000
42017  22.036  -45.887  37.671 0.0000000000
40989  21.858  -46.720  38.031 0.0000000000
38093  19.694  -50.831  37.726 0.0000000000
37022  19.787  -50.946  36.830 0.0000000000
37036  19.466  -51.559  35.574 0.0000000000
37028  19.393  -51.535  36.430 0.0000000000
125155  18.499  -52.438  36.495 0.0000000000
37029  18.896  -52.008  36.884 0.0000000000
37013  16.213  -51.020  39.959 0.0000000000
37018  15.899  -51.537  39.527 0.0000000000
44006  8.319  -44.035  32.290 0.0000000000
44014  8.517  -43.769  31.678 0.0000000000
130030  8.585  -43.655  31.328 0.0000000000
48330  8.555  -39.970  29.098 0.0000000000
48329  9.161  -40.302  28.435 0.0000000000
47335  10.215  -41.546  27.700 0.0000000000
136051  9.757  -53.595  29.585 0.0000000000
35993  9.986  -53.259  29.556 0.0000000000
34904  10.088  -53.293  30.116 0.0000000000
38128  13.368  -50.087  33.712 0.0000000000
139211  13.320  -50.131  33.177 0.0000000000
39125  14.750  -49.117  33.531 0.0000000000
39117  14.892  -48.921  34.342 0.0000000000
40991  15.188  -47.351  37.629 0.0000000000
42025  11.283  -45.558  35.050 0.0000000000
41003  11.448  -45.903  34.735 0.0000000000
42029  10.833  -45.951  34.444 0.0000000000
116321  9.945  -45.866  34.319 0.0000000000
42030  9.653  -45.707  34.379 0.0000000000
134348  15.789  -54.839  34.865 0.0000000000
138774  15.311  -55.210  34.495 0.0000000000
30858  12.176  -56.551  31.912 0.0000000000
120088  9.789  -54.853  30.533 0.0000000000
33897  9.779  -54.014  30.131 0.0000000000
117498  11.796  -51.319  28.715 0.0000000000
38179  11.620  -51.245  28.027 0.0000000000
38178  12.346  -50.831  28.313 0.0000000000
40157  15.381  -48.550  25.088 0.0000000000
39198  14.525  -49.099  25.417 0.0000000000
40164  15.751  -48.502  24.153 0.0000000000
118131  11.881  -45.656  28.142 0.0000000000
42126  11.117  -45.849  27.314 0.0000000000
42230  13.712  -46.353  21.653 0.0000000000
41182  14.932  -46.698  20.468 0.0000000000
41192  14.093  -46.894  19.737 0.0000000000
43167  10.348  -45.563  20.029 0.0000000000
44171  10.942  -44.858  19.837 0.0000000000
53247  10.767  -36.279  25.763 0.0000000000
52292  10.493  -36.932  25.081 0.0000000000
51372  10.395  -37.597  24.435 0.0000000000
50361  7.702  -38.473  20.381 0.0000000000
51400  8.392  -38.048  20.901 0.0000000000
50362  7.373  -39.067  20.615 0.0000000000
49349  7.411  -39.656  21.205 0.0000000000
48383  7.322  -40.490  20.544 0.0000000000
47424  7.822  -41.017  20.644 0.0000000000
40002  17.256  -48.073  40.471 0.0000000000
40003  16.515  -48.012  40.313 0.0000000000
40976  16.984  -47.284  40.260 0.0000000000
46160  17.275  -43.580  38.666 0.0000000000
42004  21.350  -45.632  38.803 0.0000000000
42005  21.172  -46.422  39.406 0.0000000000
40979  19.895  -47.892  40.191 0.0000000000
40005  20.577  -47.829  39.782 0.0000000000
39085  20.277  -49.271  39.397 0.0000000000
38085  20.034  -50.075  39.002 0.0000000000
39086  19.706  -49.833  39.555 0.0000000000
38086  19.350  -50.418  39.300 0.0000000000
40001  18.122  -48.125  40.538 0.0000000000
39075  18.294  -48.992  40.418 0.0000000000
39076  17.573  -48.861  40.447 0.0000000000
39080  17.130  -49.563  40.283 0.0000000000
48298  7.113  -40.555  31.383 0.0000000000
50287  7.756  -38.330  30.434 0.0000000000
49294  8.332  -39.300  29.444 0.0000000000
50298  8.216  -38.585  29.717 0.0000000000
35970  10.912  -52.841  33.038 0.0000000000
123564  11.793  -52.068  35.105 0.0000000000
38129  12.725  -50.650  34.134 0.0000000000
43970  12.698  -44.484  36.694 0.0000000000
42956  13.086  -44.974  36.685 0.0000000000
43976  11.407  -44.472  35.771 0.0000000000
42968  10.947  -44.945  35.368 0.0000000000
43981  10.547  -44.448  35.260 0.0000000000
45076  10.138  -43.801  35.111 0.0000000000
32814  13.680  -54.609  36.070 0.0000000000
32815  13.196  -54.460  35.799 0.0000000000
32834  12.578  -54.912  34.453 0.0000000000
31807  12.187  -55.043  33.881 0.0000000000
31816  12.023  -55.400  33.246 0.0000000000
32843  11.756  -54.948  33.540 0.0000000000
34871  11.204  -53.596  34.113 0.0000000000
34880  10.887  -53.599  33.390 0.0000000000
132698  14.979  -48.920  30.360 0.0000000000
40101  15.408  -48.464  29.883 0.0000000000
41074  15.756  -47.429  28.850 0.0000000000
40112  15.571  -48.117  28.270 0.0000000000
123275  15.787  -47.148  28.110 0.0000000000
41085  15.782  -47.621  27.338 0.0000000000
42141  9.296  -46.435  26.461 0.0000000000
41100  9.615  -46.651  26.327 0.0000000000
41118  9.017  -46.782  25.782 0.0000000000
41157  9.398  -47.249  23.563 0.0000000000
41136  10.097  -47.263  24.243 0.0000000000
41156  10.237  -47.373  23.355 0.0000000000
137747  11.750  -47.089  22.623 0.0000000000
41171  10.744  -47.407  22.605 0.0000000000
138369  10.740  -47.434  21.823 0.0000000000
41172  10.033  -47.362  22.159 0.0000000000
42233  8.612  -46.130  22.266 0.0000000000
42232  9.168  -46.363  21.732 0.0000000000
43153  8.714  -45.579  22.077 0.0000000000
43152  9.292  -45.642  21.510 0.0000000000
44137  9.078  -44.855  22.096 0.0000000000
51421  7.849  -38.040  19.453 0.0000000000
120839  7.198  -38.406  18.861 0.0000000000
49370  7.048  -39.700  18.086 0.0000000000
35939  13.121  -52.330  37.810 0.0000000000
136437  12.964  -51.841  37.784 0.0000000000
39087  14.681  -49.915  39.191 0.0000000000
39088  14.276  -50.167  38.773 0.0000000000
40012  15.054  -48.344  38.794 0.0000000000
42003  16.272  -46.389  39.748 0.0000000000
40980  15.820  -47.207  39.637 0.0000000000
42007  15.725  -46.288  39.387 0.0000000000
42008  15.262  -46.045  38.926 0.0000000000
127818  14.897  -45.673  38.271 0.0000000000
42955  14.292  -45.255  37.594 0.0000000000
123813  13.907  -44.676  37.565 0.0000000000
42026  21.970  -45.518  35.512 0.0000000000
131345  21.629  -47.009  35.049 0.0000000000
40999  21.489  -47.789  35.181 0.0000000000
40015  21.390  -48.216  37.832 0.0000000000
39096  21.177  -48.961  37.172 0.0000000000
38105  20.247  -50.584  35.509 0.0000000000
39107  20.664  -49.930  35.844 0.0000000000
126107  20.644  -50.047  34.893 0.0000000000
39116  20.864  -49.753  34.163 0.0000000000
38116  19.801  -51.174  34.020 0.0000000000
35966  19.006  -52.121  33.604 0.0000000000
34859  17.617  -53.267  35.670 0.0000000000
34860  16.921  -53.886  35.740 0.0000000000
37021  18.341  -51.732  38.501 0.0000000000
35930  17.739  -51.824  39.015 0.0000000000
34842  16.144  -53.228  38.264 0.0000000000
34841  16.954  -53.067  38.033 0.0000000000
33848  15.870  -54.054  37.115 0.0000000000
34849  15.622  -53.695  37.812 0.0000000000
33843  15.014  -54.129  37.373 0.0000000000
33840  15.059  -53.664  37.900 0.0000000000
137056  14.201  -52.406  38.420 0.0000000000
122368  14.151  -53.320  37.914 0.0000000000
34845  13.716  -52.822  38.049 0.0000000000
34846  13.103  -53.043  37.396 0.0000000000
125714  10.211  -46.238  31.862 0.0000000000
42076  11.085  -46.303  31.376 0.0000000000
42092  10.261  -46.022  31.007 0.0000000000
43035  9.118  -44.954  30.585 0.0000000000
42093  9.595  -45.543  30.734 0.0000000000
42115  10.429  -45.573  29.194 0.0000000000
43048  9.359  -44.919  29.811 0.0000000000
47316  7.557  -41.556  30.381 0.0000000000
46221  8.329  -42.749  30.697 0.0000000000
127652  7.985  -42.285  30.364 0.0000000000
45131  8.980  -43.429  29.787 0.0000000000
45130  9.186  -43.719  28.987 0.0000000000
44052  9.536  -44.701  28.767 0.0000000000
44067  9.591  -44.639  27.685 0.0000000000
131875  10.276  -42.393  26.774 0.0000000000
45156  9.243  -43.609  26.509 0.0000000000
46256  9.731  -42.689  26.178 0.0000000000
45167  8.433  -43.663  25.767 0.0000000000
46268  9.060  -42.506  25.493 0.0000000000
48214  20.162  -41.488  37.949 0.0000000000
49205  19.279  -41.301  37.319 0.0000000000
49211  19.954  -40.772  36.994 0.0000000000
42991  25.849  -44.727  33.330 0.0000000000
43004  25.133  -44.532  32.805 0.0000000000
42992  24.830  -44.491  33.501 0.0000000000
128510  27.138  -43.403  36.025 0.0000000000
45074  27.409  -43.289  35.801 0.0000000000
43977  27.474  -43.739  35.541 0.0000000000
43987  27.435  -44.221  35.235 0.0000000000
42961  26.879  -44.266  35.419 0.0000000000
117184  24.681  -44.361  35.528 0.0000000000
43974  24.191  -43.471  36.621 0.0000000000
42958  23.683  -43.803  36.742 0.0000000000
42953  23.182  -43.755  37.122 0.0000000000
128494  22.822  -44.218  36.988 0.0000000000
47233  23.865  -41.847  37.373 0.0000000000
45054  22.952  -42.877  37.665 0.0000000000
133664  22.712  -43.417  37.672 0.0000000000
45055  22.486  -43.110  38.068 0.0000000000
43960  22.206  -43.595  38.085 0.0000000000
46163  22.202  -42.816  38.240 0.0000000000
48213  20.964  -41.220  37.799 0.0000000000
124081  21.178  -41.815  38.254 0.0000000000
48206  20.748  -41.656  38.149 0.0000000000
135520  19.979  -42.414  38.434 0.0000000000
32909  8.927  -55.000  27.494 0.0000000000
33918  9.062  -54.189  27.946 0.0000000000
36000  10.272  -52.802  29.396 0.0000000000
37106  10.597  -52.270  29.053 0.0000000000
37065  11.232  -51.870  32.443 0.0000000000
37066  11.023  -52.308  31.859 0.0000000000
38159  12.873  -50.778  30.995 0.0000000000
118051  12.209  -51.220  30.274 0.0000000000
127616  13.618  -50.183  30.879 0.0000000000
133519  15.420  -48.134  33.080 0.0000000000
40059  15.183  -48.609  32.488 0.0000000000
40058  15.472  -48.115  32.291 0.0000000000
41027  15.346  -47.601  32.502 0.0000000000
41028  14.835  -47.085  32.709 0.0000000000
132462  12.991  -51.314  37.630 0.0000000000
38097  12.797  -51.208  36.902 0.0000000000
38094  13.253  -50.567  37.299 0.0000000000
124239  14.765  -48.779  35.999 0.0000000000
133486  14.355  -49.353  35.545 0.0000000000
42023  13.570  -45.845  36.152 0.0000000000
40992  14.726  -46.334  36.886 0.0000000000
41006  15.018  -47.441  35.096 0.0000000000
40025  15.216  -48.044  35.600 0.0000000000
41015  14.518  -46.998  34.555 0.0000000000
41029  13.328  -46.641  33.112 0.0000000000
41030  12.076  -46.567  33.295 0.0000000000
42059  11.232  -46.503  32.394 0.0000000000
41018  10.893  -46.451  33.427 0.0000000000
42046  8.905  -45.561  34.012 0.0000000000
42996  8.522  -45.208  33.569 0.0000000000
43009  8.263  -44.511  33.198 0.0000000000
127745  8.034  -44.683  33.535 0.0000000000
45082  8.388  -44.159  34.797 0.0000000000
42043  21.272  -46.201  33.570 0.0000000000
42055  21.204  -46.007  32.721 0.0000000000
125538  21.277  -46.988  32.875 0.0000000000
32848  15.345  -55.425  31.925 0.0000000000
32842  13.546  -55.628  34.091 0.0000000000
31814  13.168  -56.064  33.258 0.0000000000
33919  8.811  -54.933  28.317 0.0000000000
37151  11.039  -51.486  26.192 0.0000000000
37166  10.680  -51.922  25.773 0.0000000000
37178  11.321  -51.585  24.771 0.0000000000
39179  13.644  -49.725  27.505 0.0000000000
39188  12.915  -50.101  26.892 0.0000000000
39187  13.671  -49.570  26.632 0.0000000000
38236  13.304  -50.108  24.353 0.0000000000
38219  13.091  -50.037  25.332 0.0000000000
37177  11.962  -51.052  24.291 0.0000000000
38252  12.843  -50.646  22.986 0.0000000000
39223  14.921  -49.687  22.378 0.0000000000
38277  13.026  -50.762  21.659 0.0000000000
38276  13.890  -50.472  21.218 0.0000000000
37208  13.145  -50.873  20.827 0.0000000000
37218  13.977  -50.525  20.332 0.0000000000
42102  12.595  -45.953  30.090 0.0000000000
123779  13.726  -45.871  30.090 0.0000000000
119116  13.188  -45.749  29.413 0.0000000000
43072  14.072  -45.226  27.352 0.0000000000
43059  14.227  -45.488  28.068 0.0000000000
43081  14.757  -45.147  26.926 0.0000000000
43071  15.451  -45.578  26.741 0.0000000000
43093  15.632  -45.406  25.910 0.0000000000
42165  11.931  -46.217  24.909 0.0000000000
42150  11.949  -45.936  25.805 0.0000000000
43119  14.596  -45.224  23.889 0.0000000000
42182  15.635  -45.674  23.595 0.0000000000
42164  16.090  -45.910  24.389 0.0000000000
41169  16.233  -46.945  22.542 0.0000000000
40170  16.419  -47.827  22.422 0.0000000000
125017  16.287  -47.286  21.678 0.0000000000
135731  15.623  -48.546  18.835 0.0000000000
39233  16.269  -48.527  20.189 0.0000000000
39237  15.111  -49.251  18.806 0.0000000000
132932  14.170  -49.858  18.753 0.0000000000
39242  13.820  -49.248  17.898 0.0000000000
40193  13.129  -47.825  17.277 0.0000000000
41195  10.799  -46.821  19.678 0.0000000000
42250  10.507  -46.266  18.233 0.0000000000
42255  10.464  -46.232  17.392 0.0000000000
42256  10.305  -45.929  17.287 0.0000000000
51356  9.884  -37.783  27.062 0.0000000000
50321  9.521  -38.332  27.759 0.0000000000
49321  9.996  -38.598  26.858 0.0000000000
136107  10.000  -39.381  27.171 0.0000000000
49320  10.396  -39.468  26.304 0.0000000000
49332  10.177  -39.168  24.126 0.0000000000
119926  10.476  -39.576  25.066 0.0000000000
131731  9.978  -40.404  24.574 0.0000000000
48354  9.117  -40.629  24.103 0.0000000000
51388  9.623  -37.384  22.027 0.0000000000
52326  10.070  -37.046  22.585 0.0000000000
51379  9.919  -37.464  22.641 0.0000000000
51380  9.815  -38.106  22.889 0.0000000000
50344  9.224  -38.797  22.579 0.0000000000
49344  7.857  -40.053  22.678 0.0000000000
49337  8.334  -39.896  23.058 0.0000000000
48359  7.608  -40.847  23.004 0.0000000000
47360  7.882  -41.296  23.686 0.0000000000
119756  7.503  -42.310  22.922 0.0000000000
46313  7.794  -43.103  22.704 0.0000000000
46314  7.752  -42.301  22.179 0.0000000000
131920  8.478  -42.101  21.672 0.0000000000
127941  8.549  -42.822  22.242 0.0000000000
45213  9.549  -44.046  22.165 0.0000000000
45212  10.078  -43.189  22.179 0.0000000000
47422  9.234  -41.245  20.554 0.0000000000
119173  17.902  -46.528  40.207 0.0000000000
42001  17.487  -46.006  39.900 0.0000000000
42941  17.674  -45.251  39.634 0.0000000000
132210  17.643  -43.707  38.689 0.0000000000
47230  17.445  -42.821  38.288 0.0000000000
42937  20.637  -44.737  39.191 0.0000000000
42006  20.808  -46.264  39.903 0.0000000000
41998  20.227  -45.830  40.143 0.0000000000
40973  19.535  -47.216  40.298 0.0000000000
40007  19.424  -48.579  40.212 0.0000000000
135411  18.985  -46.982  40.339 0.0000000000
40974  18.370  -47.196  40.423 0.0000000000
38329  9.533  -50.568  17.293 0.0000000000
35959  11.297  -52.732  34.385 0.0000000000
37037  12.206  -51.617  35.518 0.0000000000
33852  12.963  -54.054  36.138 0.0000000000
32836  11.597  -54.395  33.852 0.0000000000
33868  11.453  -53.903  34.139 0.0000000000
40088  15.750  -47.907  30.066 0.0000000000
41051  15.580  -47.463  30.635 0.0000000000
41062  15.702  -47.165  29.694 0.0000000000
42100  15.165  -46.272  29.541 0.0000000000
43097  8.021  -45.926  25.580 0.0000000000
42153  8.360  -46.506  25.217 0.0000000000
42167  8.226  -46.566  24.228 0.0000000000
42185  8.253  -46.523  23.381 0.0000000000
41173  9.398  -47.045  22.433 0.0000000000
42210  8.391  -46.352  22.730 0.0000000000
117948  8.166  -45.581  22.542 0.0000000000
44120  7.948  -44.855  22.647 0.0000000000
35935  14.364  -51.869  38.688 0.0000000000
37019  14.053  -51.408  38.709 0.0000000000
131574  15.281  -48.771  39.566 0.0000000000
42948  15.588  -45.550  39.161 0.0000000000
45061  14.805  -43.671  38.259 0.0000000000
45062  14.029  -43.546  37.894 0.0000000000
46176  14.039  -42.960  37.666 0.0000000000
42966  22.275  -45.052  36.859 0.0000000000
42021  21.894  -46.150  36.121 0.0000000000
40993  21.910  -46.862  36.712 0.0000000000
40994  21.652  -47.696  36.554 0.0000000000
39093  20.654  -49.610  37.691 0.0000000000
38095  20.260  -50.444  36.348 0.0000000000
37035  19.882  -51.115  35.312 0.0000000000
35944  17.883  -52.946  36.634 0.0000000000
37016  17.425  -51.411  39.463 0.0000000000
35931  17.053  -52.062  39.153 0.0000000000
37017  16.636  -51.519  39.570 0.0000000000
35932  16.220  -52.137  39.209 0.0000000000
34838  15.745  -52.719  38.769 0.0000000000
34839  15.045  -52.750  38.602 0.0000000000
134932  14.708  -52.286  38.645 0.0000000000
42078  8.919  -45.444  32.167 0.0000000000
122719  9.448  -45.770  31.549 0.0000000000
134150  8.846  -45.114  31.936 0.0000000000
43036  8.929  -44.386  31.290 0.0000000000
44026  9.005  -44.060  31.152 0.0000000000
48319  8.144  -40.688  29.590 0.0000000000
46227  8.492  -42.555  29.991 0.0000000000
47322  8.393  -41.456  29.574 0.0000000000
47329  9.008  -41.888  29.146 0.0000000000
126625  9.632  -43.157  28.520 0.0000000000
45146  9.693  -43.765  28.002 0.0000000000
46243  9.990  -42.991  27.919 0.0000000000
46242  10.250  -42.392  27.457 0.0000000000
121099  10.518  -41.741  26.908 0.0000000000
42034  26.503  -44.910  33.742 0.0000000000
43965  24.716  -43.105  36.652 0.0000000000
48204  22.234  -41.331  37.782 0.0000000000
34920  9.436  -53.619  28.445 0.0000000000
34911  9.575  -53.649  29.103 0.0000000000
37055  12.095  -51.046  33.604 0.0000000000
38140  11.759  -51.434  32.203 0.0000000000
38139  12.305  -50.910  32.779 0.0000000000
38138  13.204  -50.291  32.588 0.0000000000
39135  14.047  -49.747  32.220 0.0000000000
138334  15.128  -48.694  33.137 0.0000000000
39094  14.483  -49.196  37.922 0.0000000000
42024  12.178  -45.601  35.490 0.0000000000
121304  12.530  -45.793  35.543 0.0000000000
41002  12.811  -46.152  35.323 0.0000000000
41007  12.890  -46.358  34.826 0.0000000000
126676  12.170  -46.296  34.550 0.0000000000
41009  10.675  -46.203  34.096 0.0000000000
42036  9.968  -46.091  34.039 0.0000000000
42037  9.442  -45.826  34.169 0.0000000000
42986  8.593  -45.372  34.106 0.0000000000
41013  21.365  -47.844  33.279 0.0000000000
128255  21.341  -47.965  32.525 0.0000000000
33874  16.453  -54.445  33.587 0.0000000000
33875  15.869  -54.938  33.182 0.0000000000
132398  14.617  -55.791  33.181 0.0000000000
33884  10.585  -54.831  31.940 0.0000000000
32857  10.251  -55.364  31.203 0.0000000000
132000  8.910  -54.890  29.122 0.0000000000
37137  10.433  -52.205  27.358 0.0000000000
124640  10.941  -51.659  26.965 0.0000000000
38191  11.593  -51.043  26.746 0.0000000000
39186  14.375  -49.125  26.303 0.0000000000
39206  13.888  -49.586  24.877 0.0000000000
39214  14.129  -49.706  23.935 0.0000000000
38251  13.500  -50.218  23.419 0.0000000000
39224  14.281  -49.862  23.089 0.0000000000
136550  11.676  -45.791  28.826 0.0000000000
42113  12.601  -45.696  28.760 0.0000000000
43073  13.060  -45.322  27.001 0.0000000000
139563  12.577  -46.029  23.733 0.0000000000
43120  13.410  -45.624  23.543 0.0000000000
42207  13.587  -45.975  22.544 0.0000000000
42206  14.845  -45.975  22.102 0.0000000000
42228  15.777  -46.526  21.835 0.0000000000
41181  15.868  -46.910  20.805 0.0000000000
41199  15.786  -47.506  19.288 0.0000000000
40183  15.487  -47.874  18.747 0.0000000000
41207  14.619  -47.692  18.325 0.0000000000
41208  13.603  -47.435  17.856 0.0000000000
41202  12.647  -46.999  18.461 0.0000000000
42244  10.217  -46.562  20.424 0.0000000000
43181  10.094  -46.290  19.715 0.0000000000
43192  10.257  -45.707  18.532 0.0000000000
120959  10.310  -36.879  25.871 0.0000000000
49326  10.312  -38.632  25.755 0.0000000000
50333  10.276  -38.018  25.186 0.0000000000
51389  9.065  -37.732  21.407 0.0000000000
51390  8.690  -38.206  21.471 0.0000000000
50351  8.661  -38.775  21.930 0.0000000000
49343  8.026  -39.437  21.941 0.0000000000
116613  7.589  -40.007  21.973 0.0000000000
48363  7.558  -40.640  22.234 0.0000000000
46332  7.767  -41.698  21.716 0.0000000000
47403  7.863  -41.405  21.189 0.0000000000
47402  8.203  -41.523  21.129 0.0000000000
47401  9.030  -41.807  21.281 0.0000000000
39081  16.369  -49.561  40.204 0.0000000000
39082  15.706  -49.565  40.011 0.0000000000
39078  16.101  -48.779  40.224 0.0000000000
40977  16.372  -47.201  40.041 0.0000000000
42942  17.173  -45.515  39.706 0.0000000000
135732  16.309  -44.397  39.039 0.0000000000
42010  21.581  -45.871  38.338 0.0000000000
40985  21.571  -46.786  38.561 0.0000000000
119249  21.394  -47.550  38.805 0.0000000000
40013  21.283  -48.193  38.610 0.0000000000
40978  20.879  -47.073  39.728 0.0000000000
40011  21.075  -47.994  39.232 0.0000000000
39084  20.895  -48.794  38.964 0.0000000000
39089  20.553  -49.507  38.598 0.0000000000
38089  20.129  -50.179  38.157 0.0000000000
37020  19.116  -51.320  38.157 0.0000000000
38087  18.627  -50.656  39.588 0.0000000000
119834  18.973  -49.190  40.242 0.0000000000
38080  18.261  -50.194  40.066 0.0000000000
37011  17.857  -50.826  39.804 0.0000000000
38081  17.490  -50.260  40.123 0.0000000000
38082  16.689  -50.302  40.123 0.0000000000
125894  7.402  -42.326  31.626 0.0000000000
134634  7.842  -42.934  31.468 0.0000000000
47308  7.230  -41.515  31.084 0.0000000000
48310  7.266  -40.708  30.553 0.0000000000
49285  7.399  -39.280  30.646 0.0000000000
120849  7.439  -39.994  30.204 0.0000000000
48320  7.628  -40.709  29.994 0.0000000000
121006  7.916  -39.983  29.710 0.0000000000
49306  8.752  -39.266  28.908 0.0000000000
34895  10.626  -53.115  31.493 0.0000000000
34903  10.452  -53.054  30.725 0.0000000000
121703  10.864  -52.686  32.096 0.0000000000
35976  11.021  -52.230  32.669 0.0000000000
123710  11.236  -51.857  33.086 0.0000000000
37056  11.528  -51.651  33.722 0.0000000000
42019  13.320  -45.469  36.356 0.0000000000
42020  12.537  -45.360  36.065 0.0000000000
43975  12.089  -44.476  36.296 0.0000000000
42967  11.916  -45.298  35.679 0.0000000000
137873  11.332  -45.239  35.354 0.0000000000
125690  10.617  -45.150  35.078 0.0000000000
42969  9.701  -45.224  34.687 0.0000000000
43982  9.646  -44.422  34.895 0.0000000000
32813  14.813  -54.915  36.088 0.0000000000
32823  14.136  -55.085  35.543 0.0000000000
124956  13.624  -55.312  34.865 0.0000000000
32833  13.038  -55.226  34.545 0.0000000000
32825  12.903  -54.726  35.113 0.0000000000
135977  11.769  -55.531  32.740 0.0000000000
31827  11.495  -55.718  32.344 0.0000000000
32850  11.150  -55.388  32.548 0.0000000000
134284  10.842  -55.083  32.557 0.0000000000
33890  10.577  -53.904  31.758 0.0000000000
38167  13.282  -50.342  29.158 0.0000000000
38177  12.984  -50.502  28.610 0.0000000000
124457  14.337  -49.313  28.002 0.0000000000
40113  15.160  -48.634  29.060 0.0000000000
130673  14.902  -48.827  28.369 0.0000000000
40124  14.925  -48.727  27.670 0.0000000000
40136  14.962  -48.666  26.847 0.0000000000
40135  15.634  -48.105  26.612 0.0000000000
40146  15.909  -47.896  25.683 0.0000000000
115869  10.165  -46.372  26.757 0.0000000000
42151  11.103  -46.638  25.549 0.0000000000
42166  11.085  -46.877  24.632 0.0000000000
41117  9.341  -47.110  25.157 0.0000000000
115271  11.896  -46.485  23.973 0.0000000000
42184  11.465  -47.049  23.243 0.0000000000
42208  12.542  -46.705  22.179 0.0000000000
41184  12.531  -46.948  21.315 0.0000000000
41193  12.584  -47.014  20.384 0.0000000000
115845  11.346  -47.249  21.112 0.0000000000
41186  9.584  -46.999  21.906 0.0000000000
42231  9.941  -46.820  21.227 0.0000000000
43151  9.747  -45.685  20.969 0.0000000000
44154  10.266  -45.292  20.768 0.0000000000
50366  7.362  -38.402  19.568 0.0000000000
50367  7.044  -39.202  19.757 0.0000000000
48398  7.174  -40.195  19.722 0.0000000000
49371  6.999  -39.896  18.950 0.0000000000
48424  7.921  -40.081  17.706 0.0000000000
129034  13.452  -50.669  37.968 0.0000000000
38091  13.870  -50.755  38.529 0.0000000000
39091  13.996  -50.014  38.301 0.0000000000
128752  15.584  -48.799  39.885 0.0000000000
40009  15.545  -48.113  39.639 0.0000000000
40010  15.274  -48.230  39.247 0.0000000000
124555  15.486  -46.823  39.084 0.0000000000
40984  15.340  -47.364  38.781 0.0000000000
42014  15.192  -46.663  38.196 0.0000000000
43969  13.288  -44.520  37.084 0.0000000000
45067  13.032  -43.996  37.087 0.0000000000
45066  13.428  -43.468  37.448 0.0000000000
42035  21.438  -46.408  34.476 0.0000000000
42027  21.658  -46.282  35.320 0.0000000000
121458  21.417  -47.886  33.922 0.0000000000
39124  20.861  -49.762  33.419 0.0000000000
40990  21.730  -47.424  37.443 0.0000000000
40017  21.380  -48.476  36.389 0.0000000000
39106  21.090  -49.241  36.178 0.0000000000
40024  21.297  -48.686  35.454 0.0000000000
39115  21.086  -49.283  34.715 0.0000000000
38126  20.470  -50.316  32.882 0.0000000000
37054  19.453  -51.610  33.391 0.0000000000
34869  17.042  -53.914  34.097 0.0000000000
33866  16.408  -54.447  34.456 0.0000000000
129807  16.324  -54.428  35.313 0.0000000000
33861  15.594  -54.749  35.727 0.0000000000
37024  18.694  -51.877  37.676 0.0000000000
35940  18.136  -52.257  37.907 0.0000000000
35936  17.514  -52.369  38.448 0.0000000000
34847  17.183  -53.332  37.222 0.0000000000
34852  16.649  -53.795  36.758 0.0000000000
118339  14.539  -54.522  36.735 0.0000000000
33850  13.926  -54.406  36.662 0.0000000000
34844  14.754  -53.253  38.147 0.0000000000
136372  14.027  -53.737  37.484 0.0000000000
33845  13.682  -54.010  37.062 0.0000000000
33846  13.135  -53.670  36.849 0.0000000000
34850  12.704  -53.140  36.737 0.0000000000
42075  12.818  -46.321  31.574 0.0000000000
42091  11.989  -46.244  30.858 0.0000000000
42103  11.529  -46.037  30.040 0.0000000000
42104  10.483  -45.839  30.106 0.0000000000
117950  11.155  -45.855  29.318 0.0000000000
135336  10.383  -45.446  28.310 0.0000000000
121030  8.033  -42.768  31.198 0.0000000000
45108  8.731  -43.501  31.088 0.0000000000
132329  8.997  -43.648  30.963 0.0000000000
134942  9.031  -43.885  30.292 0.0000000000
43061  9.230  -44.539  29.763 0.0000000000
43060  9.707  -44.959  28.828 0.0000000000
118391  10.005  -45.424  27.681 0.0000000000
42128  9.745  -46.147  26.890 0.0000000000
42129  9.240  -45.924  26.792 0.0000000000
43084  8.479  -45.704  26.277 0.0000000000
123343  9.510  -43.932  27.244 0.0000000000
44079  9.083  -44.498  26.841 0.0000000000
44080  8.434  -44.983  26.341 0.0000000000
44092  8.070  -44.425  25.732 0.0000000000
45168  7.886  -43.712  25.128 0.0000000000
46158  19.054  -43.442  38.562 0.0000000000
47228  18.711  -42.584  38.326 0.0000000000
48215  19.288  -41.625  37.820 0.0000000000
49212  19.234  -41.138  36.893 0.0000000000
43986  28.069  -44.085  34.960 0.0000000000
42033  26.939  -45.051  34.008 0.0000000000
42981  26.165  -44.693  34.380 0.0000000000
42962  26.135  -44.216  35.628 0.0000000000
42983  23.183  -44.483  34.518 0.0000000000
42976  22.860  -44.768  35.514 0.0000000000
42964  24.096  -44.154  36.229 0.0000000000
42012  22.059  -45.058  37.584 0.0000000000
45064  25.163  -42.552  36.828 0.0000000000
45065  23.994  -42.790  36.883 0.0000000000
46169  24.177  -42.190  37.166 0.0000000000
43962  23.187  -43.499  37.107 0.0000000000
43967  22.799  -43.842  37.390 0.0000000000
42949  22.173  -44.353  37.521 0.0000000000
42009  21.849  -45.160  37.648 0.0000000000
42950  21.686  -45.018  38.014 0.0000000000
42945  21.476  -44.758  38.365 0.0000000000
43961  21.130  -44.464  38.593 0.0000000000
138132  21.751  -42.106  38.303 0.0000000000
46155  21.177  -43.039  38.479 0.0000000000
43953  20.743  -44.112  38.686 0.0000000000
129690  20.105  -43.539  38.596 0.0000000000
46157  19.836  -43.224  38.529 0.0000000000
36010  9.709  -53.103  28.168 0.0000000000
37121  10.462  -52.204  28.211 0.0000000000
37120  11.077  -51.740  28.541 0.0000000000
37077  10.955  -52.439  30.944 0.0000000000
37090  11.345  -51.897  30.624 0.0000000000
39153  14.243  -49.623  30.396 0.0000000000
39152  14.875  -49.063  31.081 0.0000000000
39143  14.737  -49.152  31.924 0.0000000000
40072  15.504  -47.718  31.586 0.0000000000
41040  15.099  -47.058  31.910 0.0000000000
37030  12.386  -51.875  36.380 0.0000000000
38107  12.755  -51.009  36.017 0.0000000000
130051  13.744  -49.933  36.946 0.0000000000
38106  13.544  -50.110  35.534 0.0000000000
39109  14.255  -49.482  34.857 0.0000000000
40995  15.154  -47.249  36.877 0.0000000000
133527  15.396  -47.942  33.827 0.0000000000
130173  14.197  -46.725  32.758 0.0000000000
42057  13.549  -46.477  32.234 0.0000000000
42044  9.928  -46.168  33.646 0.0000000000
42061  9.106  -45.909  33.034 0.0000000000
43008  8.507  -44.841  32.897 0.0000000000
131400  7.809  -43.786  32.479 0.0000000000
42970  9.125  -44.895  34.724 0.0000000000
43988  8.501  -44.795  34.679 0.0000000000
43989  8.210  -44.451  34.634 0.0000000000
45088  7.945  -44.280  34.221 0.0000000000
45091  7.802  -43.999  33.352 0.0000000000
46209  7.582  -43.133  33.085 0.0000000000
48208  18.464  -42.158  38.092 0.0000000000
122446  21.544  -45.441  33.249 0.0000000000
134050  21.089  -45.771  32.054 0.0000000000
41026  21.264  -47.347  32.114 0.0000000000
137705  14.335  -55.678  33.830 0.0000000000
31813  13.968  -56.164  32.825 0.0000000000
31823  14.077  -56.329  32.055 0.0000000000
34936  10.103  -52.803  26.359 0.0000000000
39180  12.976  -50.302  27.869 0.0000000000
123476  12.217  -50.535  26.610 0.0000000000
38205  11.825  -50.821  25.933 0.0000000000
38204  13.184  -49.865  26.139 0.0000000000
38220  12.389  -50.467  25.419 0.0000000000
38221  11.857  -50.929  25.086 0.0000000000
37192  11.353  -51.829  23.954 0.0000000000
38266  12.834  -50.731  22.310 0.0000000000
37232  12.476  -50.913  19.636 0.0000000000
42111  14.884  -45.876  28.632 0.0000000000
42112  13.766  -45.578  28.724 0.0000000000
118864  15.512  -46.326  28.100 0.0000000000
119261  15.780  -46.527  27.243 0.0000000000
42137  16.033  -46.277  26.226 0.0000000000
135272  16.201  -47.455  25.188 0.0000000000
42138  11.993  -45.693  26.689 0.0000000000
43083  12.911  -45.269  26.081 0.0000000000
43095  13.786  -44.926  25.425 0.0000000000
43108  13.611  -45.183  24.485 0.0000000000
43107  14.655  -44.914  24.765 0.0000000000
43094  14.823  -44.857  25.660 0.0000000000
43106  15.630  -45.240  25.035 0.0000000000
41135  16.349  -46.942  24.672 0.0000000000
117405  16.340  -47.678  23.929 0.0000000000
40163  16.104  -48.306  23.223 0.0000000000
39222  15.975  -48.887  22.304 0.0000000000
39230  15.537  -49.483  21.606 0.0000000000
40177  16.287  -47.816  20.910 0.0000000000
39234  15.581  -49.626  20.608 0.0000000000
38299  13.910  -50.403  19.551 0.0000000000
38300  13.126  -50.538  19.025 0.0000000000
38311  12.479  -50.272  18.215 0.0000000000
38327  11.961  -49.872  17.442 0.0000000000
39257  11.338  -49.396  16.784 0.0000000000
117815  12.717  -46.988  19.410 0.0000000000
41209  12.458  -47.133  17.590 0.0000000000
41203  11.241  -46.831  18.582 0.0000000000
41216  11.080  -47.099  16.471 0.0000000000
51330  8.658  -38.091  29.355 0.0000000000
50309  9.077  -38.847  28.432 0.0000000000
51342  9.480  -37.683  27.933 0.0000000000
48335  10.253  -40.078  27.107 0.0000000000
47341  10.591  -41.162  26.271 0.0000000000
138110  10.619  -39.962  25.783 0.0000000000
115587  10.453  -40.565  25.455 0.0000000000
47348  10.226  -41.373  25.610 0.0000000000
47349  8.763  -41.962  24.926 0.0000000000
46270  7.706  -42.981  24.516 0.0000000000
50339  9.811  -38.816  23.374 0.0000000000
133905  9.536  -39.545  23.548 0.0000000000
49334  8.817  -40.124  23.515 0.0000000000
48355  8.399  -40.755  23.747 0.0000000000
119229  7.570  -42.337  23.774 0.0000000000
124549  7.495  -43.211  24.014 0.0000000000
45203  7.573  -43.913  23.048 0.0000000000
133043  8.171  -42.899  22.344 0.0000000000
137918  8.330  -43.391  22.450 0.0000000000
45214  8.696  -43.925  22.392 0.0000000000
44135  10.723  -44.479  21.294 0.0000000000
48382  7.685  -40.700  20.010 0.0000000000
46330  10.090  -42.319  21.820 0.0000000000
129484  11.138  -43.534  21.766 0.0000000000
44152  11.643  -44.342  20.368 0.0000000000
32816  12.814  -54.303  35.509 0.0000000000
33841  14.541  -53.719  37.679 0.0000000000
34862  11.598  -53.505  34.493 0.0000000000
35934  14.857  -51.695  39.012 0.0000000000
39160  14.723  -49.133  29.660 0.0000000000
39229  16.137  -48.816  21.227 0.0000000000
40000  19.018  -47.810  40.409 0.0000000000
40006  20.133  -48.600  39.908 0.0000000000
40182  16.106  -48.133  19.274 0.0000000000
40186  15.007  -48.397  18.384 0.0000000000
40998  12.253  -45.883  35.256 0.0000000000
41008  11.386  -46.118  34.487 0.0000000000
41099  9.632  -46.947  25.784 0.0000000000
41116  16.306  -46.995  25.605 0.0000000000
41137  9.241  -47.189  24.376 0.0000000000
41154  16.247  -46.657  23.559 0.0000000000
41174  8.874  -46.943  22.961 0.0000000000
41191  15.464  -47.022  19.827 0.0000000000
41997  20.771  -45.371  39.824 0.0000000000
42038  9.038  -45.583  34.340 0.0000000000
42079  8.677  -45.171  32.651 0.0000000000
42140  10.266  -46.785  26.083 0.0000000000
42938  20.209  -44.904  39.919 0.0000000000
42939  19.488  -44.760  39.630 0.0000000000
42946  21.047  -45.128  39.042 0.0000000000
42951  15.140  -45.435  38.723 0.0000000000
42977  8.710  -45.317  34.491 0.0000000000
42997  8.271  -45.091  33.696 0.0000000000
43021  8.727  -44.570  31.971 0.0000000000
43037  8.893  -44.197  31.689 0.0000000000
43085  7.945  -45.188  25.734 0.0000000000
43122  7.907  -45.950  23.045 0.0000000000
43123  7.763  -45.214  22.928 0.0000000000
43952  21.695  -44.027  38.230 0.0000000000
43956  18.560  -44.525  39.111 0.0000000000
43963  14.986  -44.292  38.422 0.0000000000
44040  9.071  -43.979  30.432 0.0000000000
44104  7.592  -44.586  24.322 0.0000000000
45046  21.268  -43.499  38.431 0.0000000000
45047  20.652  -43.557  38.554 0.0000000000
45048  20.064  -43.977  38.770 0.0000000000
45049  19.520  -43.787  38.677 0.0000000000
45051  17.843  -44.087  38.852 0.0000000000
45052  17.344  -44.066  38.897 0.0000000000
45059  24.452  -42.458  36.929 0.0000000000
45099  8.126  -43.732  31.771 0.0000000000
45166  8.938  -43.059  25.819 0.0000000000
45194  7.468  -43.891  23.791 0.0000000000
46154  21.697  -43.024  38.418 0.0000000000
46159  18.044  -43.526  38.598 0.0000000000
46161  23.373  -42.415  37.442 0.0000000000
46162  22.734  -42.613  37.820 0.0000000000
46164  21.748  -42.495  38.355 0.0000000000
46165  17.702  -43.225  38.497 0.0000000000
46177  13.515  -42.997  37.269 0.0000000000
46232  9.806  -42.308  28.420 0.0000000000
46267  9.642  -41.950  25.509 0.0000000000
47217  21.028  -42.677  38.470 0.0000000000
47218  20.386  -42.643  38.466 0.0000000000
47219  19.564  -42.856  38.459 0.0000000000
47220  18.887  -42.959  38.431 0.0000000000
47221  18.215  -42.940  38.385 0.0000000000
47222  23.102  -42.089  37.607 0.0000000000
47223  22.462  -42.298  37.986 0.0000000000
47224  22.218  -41.882  38.040 0.0000000000
47225  21.219  -42.220  38.397 0.0000000000
47226  20.590  -42.112  38.397 0.0000000000
47232  24.620  -41.628  37.126 0.0000000000
47235  17.699  -42.402  38.100 0.0000000000
47359  8.526  -41.298  24.249 0.0000000000
47372  7.576  -41.603  23.199 0.0000000000
47404  7.606  -41.137  21.612 0.0000000000
47425  7.590  -40.968  20.988 0.0000000000
48203  22.831  -41.329  37.661 0.0000000000
48207  19.331  -42.060  38.220 0.0000000000
48397  7.649  -40.421  19.301 0.0000000000
49203  20.798  -40.871  37.514 0.0000000000
49204  20.021  -41.071  37.452 0.0000000000
49218  19.914  -40.633  36.593 0.0000000000
49219  19.083  -41.073  36.527 0.0000000000
50213  20.563  -40.261  36.651 0.0000000000
51373  10.221  -38.085  23.613 0.0000000000
116031  10.542  -40.934  27.037 0.0000000000
116777  21.713  -41.779  38.172 0.0000000000
117616  9.630  -39.828  27.763 0.0000000000
118524  20.025  -42.019  38.339 0.0000000000
118876  17.363  -46.714  40.155 0.0000000000
120179  8.698  -46.956  23.839 0.0000000000
121396  17.229  -43.177  38.468 0.0000000000
123272  14.670  -50.249  20.675 0.0000000000
123763  18.285  -44.241  38.899 0.0000000000
123793  18.502  -43.339  38.523 0.0000000000
127926  18.883  -45.338  39.927 0.0000000000
128390  17.038  -44.973  39.543 0.0000000000
128712  15.791  -49.143  19.479 0.0000000000
129305  16.559  -44.997  39.437 0.0000000000
131051  13.665  -44.947  37.133 0.0000000000
131304  21.359  -43.898  38.425 0.0000000000
134208  22.614  -43.936  37.419 0.0000000000
134492  17.408  -44.949  39.498 0.0000000000
134759  15.006  -44.985  26.371 0.0000000000
135369  11.442  -51.258  27.390 0.0000000000
135647  10.868  -42.735  21.958 0.0000000000
137388  10.849  -47.330  23.253 0.0000000000
137706  9.689  -47.195  24.755 0.0000000000
138395  18.495  -49.591  40.212 0.0000000000
138717  20.930  -47.536  39.498 0.0000000000
138753  11.744  -52.990  35.120 0.0000000000
138908  17.439  -42.219  37.900 0.0000000000
