#!ascii label  , from subject sub-v1s23x0050555_ses-1 vox2ras=TkReg
1108
149569  -21.452  -1.841  -31.339 0.5555555820
71508  -22.217  -1.850  -32.090 0.6666666865
73376  -22.602  -0.393  -32.510 0.7777777910
73377  -23.197  -0.961  -32.959 0.7777777910
75255  -22.524  1.460  -32.836 0.8888888955
75268  -24.683  1.272  -33.599 0.8888888955
71486  -20.767  -2.759  -30.757 0.5555555820
139778  -21.071  -1.418  -30.964 0.5555555820
73364  -21.637  -0.310  -31.617 0.6666666865
73375  -22.071  0.101  -32.118 0.8888888955
74281  -23.047  0.101  -32.950 0.8888888955
75267  -23.798  1.429  -33.462 0.8888888955
76091  -23.701  2.441  -33.474 1.0000000000
75269  -25.168  1.739  -33.631 0.8888888955
76925  -26.147  3.347  -33.552 1.0000000000
74270  -20.999  0.125  -31.188 0.7777777910
75244  -21.150  1.604  -31.837 1.0000000000
76903  -20.976  2.957  -32.107 1.0000000000
129811  -22.290  2.293  -32.767 1.0000000000
76922  -22.827  3.605  -33.242 1.0000000000
140140  -21.750  3.055  -32.561 1.0000000000
76923  -23.576  3.350  -33.467 1.0000000000
77784  -22.624  4.399  -33.218 1.0000000000
77793  -23.387  4.210  -33.446 1.0000000000
133554  -25.458  4.690  -33.582 1.0000000000
138620  -23.157  4.978  -33.447 1.0000000000
138137  -23.936  4.923  -33.585 1.0000000000
78660  -26.237  4.884  -33.507 1.0000000000
79464  -24.600  6.203  -33.671 1.0000000000
79466  -26.181  6.349  -33.461 0.7777777910
76902  -20.400  3.579  -31.824 0.8888888955
76913  -21.232  3.904  -32.394 1.0000000000
77782  -20.990  4.973  -32.426 1.0000000000
78647  -22.425  5.198  -33.261 1.0000000000
78657  -23.873  5.839  -33.668 1.0000000000
79465  -25.267  6.676  -33.626 1.0000000000
136346  -26.985  6.950  -33.356 0.8888888955
80309  -25.980  7.272  -33.485 1.0000000000
80311  -28.814  7.458  -33.319 0.7777777910
78645  -19.801  5.822  -32.008 0.5555555820
80297  -20.482  7.213  -32.621 0.7777777910
79452  -21.010  6.312  -32.705 0.8888888955
79461  -21.817  6.443  -33.213 1.0000000000
78655  -22.296  5.891  -33.330 1.0000000000
80298  -21.308  7.198  -33.065 0.8888888955
80305  -22.080  7.246  -33.480 1.0000000000
80306  -23.673  7.404  -33.988 1.0000000000
80308  -25.102  7.588  -33.762 1.0000000000
132863  -25.788  8.237  -33.596 1.0000000000
133326  -26.792  7.878  -33.375 0.8888888955
81954  -28.654  9.051  -33.062 0.7777777910
81144  -30.229  7.964  -33.680 0.6666666865
81970  -30.167  8.857  -33.534 0.6666666865
80295  -18.063  7.508  -31.464 0.4444444478
80296  -19.530  7.283  -32.179 0.7777777910
81131  -19.631  8.726  -32.524 0.6666666865
81138  -21.086  8.762  -33.291 0.7777777910
135525  -21.571  7.999  -33.391 0.8888888955
131976  -22.320  8.038  -33.748 0.8888888955
81154  -23.184  8.797  -34.273 1.0000000000
81155  -23.906  8.792  -34.314 1.0000000000
81157  -25.287  8.922  -33.887 1.0000000000
138872  -25.932  9.007  -33.619 0.8888888955
137394  -27.508  9.448  -33.168 0.7777777910
81158  -30.550  8.437  -34.036 0.5555555820
137574  -29.267  9.834  -33.012 0.7777777910
81956  -30.094  9.700  -33.431 0.6666666865
137944  -19.226  10.256  -32.642 0.6666666865
81941  -18.484  9.600  -32.267 0.6666666865
81949  -20.636  9.476  -33.154 0.7777777910
82758  -20.198  10.195  -33.031 0.7777777910
81950  -21.292  9.492  -33.509 0.8888888955
81951  -21.969  9.547  -33.866 0.8888888955
81967  -23.452  9.507  -34.401 1.0000000000
81968  -24.223  9.516  -34.355 1.0000000000
81156  -24.610  8.842  -34.162 0.8888888955
82765  -26.068  10.283  -33.668 0.8888888955
82767  -27.797  10.222  -33.052 0.8888888955
138907  -28.391  9.836  -32.990 0.7777777910
83624  -25.684  10.977  -33.887 0.8888888955
83626  -27.564  10.915  -33.078 0.7777777910
82768  -28.663  10.607  -32.908 0.7777777910
82770  -30.408  10.342  -33.917 0.7777777910
82786  -30.481  10.025  -34.771 0.6666666865
82756  -18.023  10.684  -32.445 0.6666666865
139656  -18.768  11.188  -32.680 0.7777777910
135646  -20.633  10.686  -33.335 0.8888888955
134186  -21.399  10.282  -33.649 0.8888888955
83642  -21.901  11.104  -33.948 1.0000000000
82782  -22.979  10.256  -34.437 1.0000000000
147839  -24.984  10.910  -34.293 1.0000000000
82785  -25.313  10.262  -34.076 0.8888888955
83627  -28.343  11.489  -32.855 0.7777777910
139711  -29.776  11.920  -33.357 0.7777777910
83647  -30.482  11.107  -34.557 0.6666666865
145317  -30.239  10.557  -35.340 0.5555555820
82793  -29.982  9.678  -35.832 0.5555555820
83615  -17.781  11.846  -32.622 0.6666666865
82757  -19.732  11.065  -32.935 0.8888888955
135995  -22.581  11.016  -34.298 1.0000000000
149988  -25.291  11.508  -34.083 0.8888888955
138136  -26.616  12.601  -33.367 0.8888888955
83625  -26.556  11.029  -33.443 0.8888888955
84476  -29.244  12.517  -33.088 0.7777777910
84478  -30.499  12.622  -34.404 0.7777777910
139379  -30.528  11.954  -34.806 0.7777777910
83656  -30.154  11.417  -35.404 0.5555555820
85331  -28.532  13.101  -33.021 0.7777777910
84494  -30.428  12.487  -35.104 0.5555555820
136787  -29.054  11.158  -36.258 0.5555555820
85349  -30.553  13.303  -34.705 0.6666666865
85312  -14.681  13.587  -32.139 0.4444444478
84462  -17.049  12.708  -32.590 0.5555555820
140631  -19.661  12.776  -32.832 0.7777777910
133764  -21.548  11.724  -33.791 1.0000000000
84470  -20.224  12.188  -33.180 0.8888888955
84489  -21.881  12.399  -33.933 1.0000000000
84492  -24.348  12.370  -34.370 0.8888888955
84493  -25.148  12.234  -34.077 0.8888888955
134397  -27.490  12.838  -33.072 0.8888888955
139433  -30.310  13.312  -33.956 0.6666666865
140260  -28.737  12.631  -36.381 0.5555555820
86210  -19.620  14.399  -32.567 0.6666666865
85323  -19.582  13.500  -32.682 0.6666666865
85325  -21.191  13.984  -33.490 0.7777777910
129452  -22.879  13.102  -34.303 0.8888888955
85345  -22.684  13.816  -34.217 0.7777777910
85347  -24.290  13.872  -34.280 0.7777777910
134982  -24.096  13.091  -34.374 0.8888888955
85327  -25.163  13.878  -33.947 0.7777777910
85328  -25.765  13.015  -33.714 0.8888888955
86217  -26.953  14.341  -33.341 0.7777777910
85330  -27.772  13.733  -33.157 0.7777777910
86218  -28.923  13.935  -33.273 0.6666666865
136647  -27.048  15.227  -33.411 0.6666666865
86219  -29.422  14.740  -33.535 0.6666666865
85332  -29.961  14.007  -33.647 0.6666666865
87215  -29.956  15.913  -34.106 0.6666666865
87201  -30.209  15.316  -34.260 0.5555555820
86245  -30.227  14.339  -35.258 0.5555555820
85362  -30.128  13.269  -35.410 0.4444444478
86258  -29.635  14.999  -35.918 0.5555555820
88161  -20.604  16.244  -32.724 0.3333333433
88172  -20.372  15.908  -32.701 0.3333333433
87192  -21.311  15.592  -33.438 0.5555555820
86212  -20.936  14.818  -33.303 0.6666666865
87193  -22.147  15.669  -33.871 0.5555555820
86232  -22.416  14.672  -34.113 0.7777777910
86234  -23.920  14.717  -34.326 0.7777777910
87214  -24.913  15.882  -34.162 0.6666666865
86214  -24.709  14.605  -34.135 0.6666666865
150188  -25.002  15.177  -34.060 0.6666666865
86216  -26.188  14.895  -33.573 0.6666666865
87198  -27.870  15.734  -33.449 0.6666666865
88180  -28.537  16.356  -33.642 0.6666666865
88196  -29.800  16.639  -34.324 0.6666666865
87227  -30.116  16.000  -35.338 0.5555555820
87239  -29.620  15.966  -36.287 0.5555555820
88197  -30.157  16.743  -34.881 0.6666666865
89215  -21.225  16.583  -33.082 0.4444444478
89204  -20.564  17.372  -32.086 0.4444444478
88174  -21.602  16.364  -33.425 0.4444444478
89217  -22.649  17.395  -33.587 0.5555555820
87194  -22.914  16.124  -34.097 0.6666666865
87213  -23.629  15.579  -34.286 0.6666666865
136966  -24.215  15.983  -34.258 0.6666666865
87197  -26.292  15.703  -33.647 0.6666666865
88179  -27.541  16.545  -33.633 0.6666666865
89223  -28.217  17.161  -33.835 0.6666666865
89239  -29.991  17.408  -34.699 0.6666666865
89249  -30.280  17.535  -35.997 0.5555555820
88223  -29.828  16.756  -36.609 0.6666666865
89234  -24.069  17.152  -34.206 0.6666666865
88193  -24.451  16.569  -34.242 0.6666666865
89220  -25.623  16.920  -34.098 0.6666666865
88177  -25.632  16.177  -33.936 0.6666666865
88194  -25.084  16.557  -34.191 0.6666666865
89238  -28.855  17.653  -34.200 0.6666666865
131983  -22.442  0.648  -32.607 0.8888888955
74271  -21.492  0.693  -31.792 1.0000000000
75254  -21.906  1.397  -32.345 1.0000000000
76090  -22.941  2.786  -33.243 1.0000000000
148888  -24.459  3.036  -33.601 1.0000000000
81130  -18.816  8.663  -32.142 0.5555555820
81952  -25.636  9.599  -33.823 0.8888888955
83614  -17.183  11.405  -32.420 0.5555555820
85313  -16.875  13.060  -32.583 0.5555555820
83616  -18.908  11.808  -32.747 0.7777777910
83643  -22.235  11.723  -34.149 1.0000000000
84475  -28.286  12.294  -32.866 0.8888888955
85302  -14.544  13.670  -31.197 0.2222222239
137485  -30.525  13.922  -34.874 0.6666666865
148967  -23.729  14.158  -34.350 0.7777777910
85374  -29.222  13.809  -36.078 0.4444444478
88176  -22.974  16.862  -33.881 0.6666666865
89218  -23.422  17.462  -33.915 0.6666666865
137441  -18.031  8.888  -31.716 0.4444444478
82755  -17.290  10.830  -32.272 0.4444444478
88222  -29.035  15.988  -37.266 0.5555555820
89205  -21.295  17.792  -32.333 0.2222222239
89216  -21.997  17.063  -33.347 0.3333333433
88236  -29.471  16.837  -37.502 0.5555555820
129428  -21.463  -4.010  -31.733 0.5555555820
69735  -22.013  -3.822  -32.214 0.5555555820
71496  -21.762  -2.240  -31.695 0.6666666865
72436  -22.649  -1.416  -32.499 0.5555555820
72437  -23.113  -2.009  -32.875 0.5555555820
74293  -24.953  0.509  -33.599 0.7777777910
126728  -25.389  1.113  -33.623 0.8888888955
70626  -21.080  -3.318  -31.208 0.5555555820
135305  -23.594  -0.268  -33.191 0.6666666865
73386  -24.337  -0.098  -33.425 0.8888888955
150369  -25.723  1.657  -33.614 0.7777777910
75270  -26.460  1.817  -33.584 0.7777777910
71485  -20.391  -2.653  -30.176 0.4444444478
140096  -20.402  -1.197  -30.382 0.5555555820
77795  -26.091  4.107  -33.529 1.0000000000
74259  -19.613  0.514  -30.218 0.2222222239
75243  -20.619  1.064  -31.263 0.6666666865
78661  -27.142  5.124  -33.432 0.8888888955
137270  -28.045  5.557  -33.414 0.6666666865
79468  -28.116  6.597  -33.345 0.7777777910
133380  -29.172  6.620  -33.453 0.6666666865
76070  -20.218  2.669  -31.484 0.5555555820
80312  -29.705  7.340  -33.499 0.6666666865
77771  -19.111  3.968  -31.211 0.4444444478
81159  -30.856  8.367  -34.843 0.5555555820
79438  -18.305  6.125  -31.356 0.2222222239
81129  -18.245  8.202  -31.652 0.4444444478
81988  -30.211  9.042  -36.349 0.5555555820
82732  -15.963  10.268  -31.043 0.3333333433
82802  -29.571  9.553  -36.680 0.5555555820
84461  -16.435  12.724  -32.544 0.4444444478
131067  -29.173  9.996  -37.417 0.4444444478
85301  -14.203  13.273  -30.945 0.3333333433
83664  -28.448  11.547  -36.771 0.5555555820
89195  -19.124  16.692  -31.483 0.3333333433
88159  -18.691  16.334  -31.628 0.3333333433
87180  -18.666  15.071  -32.275 0.4444444478
86257  -28.612  14.234  -36.746 0.4444444478
87238  -28.784  15.061  -36.988 0.4444444478
88235  -28.397  16.107  -38.200 0.2222222239
89235  -25.612  17.683  -34.272 0.6666666865
89222  -27.148  17.398  -33.943 0.6666666865
89237  -27.971  17.931  -34.157 0.6666666865
90199  -28.669  18.457  -34.402 0.6666666865
90200  -30.134  18.757  -34.939 0.6666666865
90201  -30.195  18.070  -34.913 0.6666666865
90210  -30.453  18.392  -35.529 0.6666666865
89258  -30.048  17.419  -36.852 0.4444444478
89271  -29.066  16.995  -38.418 0.3333333433
89219  -24.156  17.829  -34.160 0.5555555820
71495  -21.212  -2.385  -31.183 0.5555555820
72425  -21.690  -1.318  -31.531 0.6666666865
70627  -21.644  -3.117  -31.731 0.6666666865
145577  -22.642  -2.252  -32.520 0.6666666865
72435  -22.194  -0.868  -32.013 0.7777777910
75266  -23.015  1.908  -33.199 1.0000000000
74291  -23.001  1.008  -33.165 0.8888888955
130795  -24.545  2.084  -33.597 1.0000000000
151733  -24.273  0.731  -33.508 0.8888888955
72412  -20.662  -2.038  -30.577 0.4444444478
73351  -20.646  -0.511  -30.758 0.6666666865
73363  -21.238  -0.674  -31.179 0.6666666865
150863  -21.976  0.728  -32.228 0.8888888955
74292  -23.631  0.495  -33.309 0.8888888955
76092  -25.523  2.522  -33.617 1.0000000000
76924  -25.228  3.773  -33.616 1.0000000000
74260  -20.218  0.352  -30.721 0.5555555820
135412  -20.480  1.852  -31.454 0.8888888955
76071  -20.860  2.274  -31.853 0.8888888955
76080  -21.480  2.268  -32.268 1.0000000000
76081  -22.387  3.108  -32.950 1.0000000000
76914  -22.133  3.791  -32.841 1.0000000000
77794  -24.224  3.998  -33.573 1.0000000000
77783  -21.846  4.635  -32.859 1.0000000000
134398  -24.751  4.650  -33.607 1.0000000000
150432  -25.061  5.089  -33.606 1.0000000000
148772  -23.512  5.379  -33.556 1.0000000000
78658  -24.610  5.389  -33.618 1.0000000000
78659  -25.456  5.606  -33.565 1.0000000000
148181  -26.413  5.593  -33.458 0.8888888955
79467  -27.148  6.030  -33.361 0.7777777910
77773  -20.483  4.330  -32.055 1.0000000000
77772  -19.765  4.160  -31.613 0.5555555820
76901  -19.606  3.397  -31.307 0.6666666865
136911  -21.642  5.573  -32.931 1.0000000000
79463  -23.357  6.585  -33.727 1.0000000000
141802  -24.000  6.621  -33.809 1.0000000000
132227  -24.479  7.082  -33.831 1.0000000000
80310  -27.819  7.595  -33.295 0.7777777910
79439  -19.109  5.536  -31.588 0.5555555820
138974  -19.069  4.668  -31.405 0.5555555820
79450  -19.264  6.385  -31.793 0.6666666865
79451  -20.096  6.448  -32.307 0.6666666865
78637  -19.960  5.023  -31.948 0.7777777910
78646  -20.496  5.695  -32.350 0.7777777910
132852  -20.049  8.017  -32.565 0.6666666865
80304  -20.827  8.005  -32.969 0.8888888955
133839  -21.056  5.632  -32.596 0.8888888955
132854  -22.852  7.309  -33.803 1.0000000000
80307  -24.338  8.012  -34.109 1.0000000000
81142  -26.664  8.763  -33.397 0.8888888955
81143  -27.663  8.490  -33.227 0.8888888955
133844  -29.438  8.320  -33.291 0.7777777910
81955  -29.598  9.182  -33.189 0.6666666865
80330  -30.847  7.564  -34.484 0.5555555820
81971  -30.564  9.266  -34.152 0.6666666865
133430  -19.363  8.094  -32.288 0.5555555820
80288  -17.550  7.224  -31.177 0.3333333433
79448  -17.964  6.851  -31.345 0.3333333433
79449  -18.652  6.998  -31.622 0.4444444478
81943  -19.920  9.490  -32.762 0.6666666865
81132  -20.390  8.769  -32.856 0.7777777910
81139  -21.792  8.780  -33.658 0.8888888955
80329  -23.619  8.197  -34.218 1.0000000000
81953  -26.435  9.557  -33.484 0.7777777910
82769  -29.789  10.536  -33.230 0.7777777910
81978  -30.561  8.947  -35.389 0.5555555820
82763  -20.835  10.037  -33.362 0.8888888955
82783  -23.802  10.225  -34.475 1.0000000000
83629  -30.168  11.214  -33.686 0.7777777910
81940  -17.752  9.764  -32.026 0.4444444478
83623  -21.209  11.093  -33.623 0.8888888955
138903  -23.390  10.968  -34.487 1.0000000000
138929  -24.221  10.929  -34.458 0.8888888955
143742  -29.020  11.913  -32.887 0.7777777910
140812  -30.369  11.932  -34.112 0.6666666865
132085  -29.337  10.373  -36.272 0.5555555820
139546  -16.719  12.165  -32.505 0.5555555820
84463  -18.128  12.511  -32.627 0.6666666865
83622  -20.410  11.414  -33.274 0.8888888955
83645  -23.839  11.687  -34.484 1.0000000000
84474  -27.223  11.864  -33.102 0.8888888955
85329  -26.735  13.422  -33.345 0.8888888955
84506  -29.610  12.101  -35.808 0.5555555820
84471  -21.108  12.365  -33.575 1.0000000000
131775  -20.528  13.127  -33.255 0.7777777910
140506  -18.728  13.000  -32.579 0.7777777910
84491  -23.456  12.566  -34.418 0.8888888955
135714  -21.509  13.140  -33.688 0.7777777910
84515  -27.866  11.941  -37.539 0.5555555820
136368  -18.951  14.846  -32.353 0.5555555820
85315  -18.526  13.892  -32.484 0.5555555820
87190  -19.847  15.306  -32.554 0.4444444478
85324  -20.416  14.087  -32.975 0.6666666865
139587  -17.603  13.173  -32.563 0.7777777910
85314  -17.568  13.624  -32.470 0.6666666865
133546  -28.138  14.756  -33.303 0.6666666865
88181  -29.423  16.151  -33.836 0.6666666865
87199  -28.912  15.540  -33.533 0.6666666865
86235  -30.426  14.609  -34.543 0.5555555820
88173  -20.934  16.129  -33.047 0.5555555820
87212  -22.928  15.270  -34.256 0.7777777910
88195  -29.108  16.918  -33.915 0.6666666865
88175  -22.341  16.628  -33.694 0.5555555820
88178  -26.468  16.575  -33.782 0.6666666865
132657  -29.593  18.103  -34.580 0.6666666865
86199  -15.803  14.225  -31.907 0.3333333433
81929  -17.568  8.852  -31.465 0.4444444478
82746  -16.171  10.374  -31.458 0.4444444478
89272  -30.108  17.777  -37.669 0.3333333433
74294  -25.726  0.421  -33.579 0.6666666865
70613  -20.562  -3.496  -30.540 0.4444444478
133971  -20.914  -4.206  -31.191 0.5555555820
148482  -26.557  3.731  -33.496 0.7777777910
70612  -20.222  -3.225  -29.812 0.3333333433
78621  -17.833  5.713  -31.047 0.1111111119
79437  -17.673  6.490  -31.079 0.1111111119
81928  -16.421  9.670  -31.092 0.4444444478
83602  -15.553  11.114  -31.330 0.3333333433
83612  -14.827  11.907  -31.780 0.3333333433
87179  -17.390  15.781  -31.370 0.3333333433
138534  -30.481  18.165  -36.530 0.4444444478
70629  -25.284  -3.585  -31.403 0.4444444478
128595  -26.120  -3.647  -30.095 0.2222222239
69725  -21.845  -4.585  -32.062 0.4444444478
69727  -23.010  -4.599  -32.084 0.4444444478
138821  -22.588  -3.652  -32.446 0.4444444478
70641  -23.138  -3.550  -32.658 0.4444444478
70643  -24.773  -3.328  -32.310 0.4444444478
71497  -25.739  -2.954  -31.930 0.4444444478
71498  -26.528  -2.519  -31.501 0.2222222239
71510  -23.633  -2.526  -33.123 0.4444444478
71511  -24.323  -2.841  -33.075 0.4444444478
71512  -25.283  -2.609  -32.765 0.4444444478
72413  -27.875  -1.488  -30.925 0.1111111119
72438  -25.655  -1.859  -33.037 0.4444444478
72439  -26.438  -1.472  -32.613 0.3333333433
72446  -23.735  -1.752  -33.235 0.4444444478
71522  -24.869  -2.163  -33.307 0.4444444478
72440  -27.125  -1.107  -32.189 0.3333333433
72428  -28.145  -0.988  -31.191 0.2222222239
72449  -25.949  -1.006  -33.200 0.4444444478
73385  -23.983  -0.923  -33.283 0.5555555820
72448  -25.182  -1.370  -33.389 0.4444444478
73380  -27.785  0.119  -32.182 0.2222222239
74272  -28.518  0.541  -31.684 0.1111111119
75246  -29.499  1.651  -31.552 0.1111111119
129091  -27.256  -0.038  -32.795 0.3333333433
74283  -27.493  0.674  -33.027 0.3333333433
76094  -27.242  2.352  -33.516 0.5555555820
76096  -29.053  3.066  -33.358 0.4444444478
76926  -27.040  3.262  -33.545 0.6666666865
76929  -30.102  3.956  -33.293 0.3333333433
147418  -27.746  3.704  -33.496 0.6666666865
77798  -28.943  4.289  -33.586 0.5555555820
77796  -26.973  4.189  -33.432 0.6666666865
78662  -29.007  5.086  -33.617 0.5555555820
78663  -29.957  5.137  -33.650 0.5555555820
77799  -29.640  4.453  -33.582 0.4444444478
139940  -30.364  5.785  -33.682 0.3333333433
131635  -30.651  6.315  -33.829 0.4444444478
80313  -30.436  7.031  -33.833 0.5555555820
135004  -29.560  5.841  -33.584 0.4444444478
89221  -26.231  17.304  -34.064 0.5555555820
89236  -26.445  17.983  -34.239 0.5555555820
146283  -27.199  18.172  -34.232 0.5555555820
91031  -28.404  19.273  -34.585 0.5555555820
91032  -29.362  19.024  -34.657 0.5555555820
91838  -30.233  19.944  -35.745 0.5555555820
69728  -23.934  -4.333  -31.670 0.4444444478
70630  -26.131  -3.227  -30.914 0.2222222239
70640  -22.268  -2.870  -32.252 0.4444444478
72427  -27.523  -1.386  -31.505 0.2222222239
73366  -28.285  -0.236  -31.401 0.1111111119
75256  -27.920  1.328  -33.038 0.4444444478
75257  -28.464  1.641  -32.715 0.3333333433
75271  -27.338  1.506  -33.395 0.4444444478
76095  -28.084  2.890  -33.507 0.6666666865
80314  -31.217  6.648  -34.296 0.4444444478
81979  -30.910  8.440  -36.323 0.4444444478
91030  -27.364  19.512  -34.682 0.5555555820
150567  -26.631  19.416  -34.661 0.5555555820
71509  -22.974  -2.910  -32.777 0.4444444478
76083  -29.437  2.684  -32.698 0.2222222239
91039  -30.522  19.248  -35.533 0.5555555820
68771  -22.806  -5.749  -30.973 0.4444444478
69717  -23.367  -5.322  -31.045 0.4444444478
133348  -24.120  -4.922  -30.769 0.4444444478
70596  -25.721  -4.244  -29.554 0.2222222239
69685  -26.203  -4.132  -28.477 0.1111111119
69724  -21.276  -4.855  -31.651 0.4444444478
68783  -21.945  -5.693  -31.561 0.4444444478
71487  -26.787  -2.650  -30.683 0.1111111119
72402  -27.894  -1.750  -30.278 0.1111111119
70597  -26.414  -3.591  -29.311 0.1111111119
72403  -28.518  -1.450  -29.749 0.1111111119
73352  -28.676  -0.531  -30.726 0.1111111119
74262  -29.587  0.609  -30.541 0.1111111119
75247  -30.190  1.991  -31.159 0.1111111119
76072  -29.788  2.361  -31.884 0.1111111119
76084  -30.112  3.020  -32.263 0.2222222239
77800  -30.353  4.603  -33.397 0.1111111119
76916  -30.428  3.644  -32.635 0.2222222239
79470  -31.166  5.891  -33.735 0.2222222239
135163  -31.758  6.351  -34.077 0.2222222239
81160  -31.306  7.788  -35.352 0.4444444478
81167  -31.698  7.962  -36.147 0.3333333433
81176  -31.720  8.443  -36.807 0.3333333433
81989  -31.136  8.891  -37.058 0.3333333433
86201  -18.249  14.473  -32.354 0.4444444478
83665  -28.553  10.732  -37.032 0.4444444478
86271  -27.760  14.070  -37.675 0.3333333433
129876  -23.037  18.101  -33.596 0.4444444478
90222  -30.852  19.057  -36.201 0.5555555820
134808  -24.924  18.162  -34.357 0.5555555820
91029  -25.925  19.385  -34.626 0.5555555820
91036  -28.150  19.916  -34.876 0.5555555820
131793  -28.517  20.446  -35.437 0.5555555820
91837  -29.475  20.112  -35.378 0.5555555820
143484  -22.306  -4.255  -32.255 0.4444444478
131177  -24.669  -0.888  -33.427 0.5555555820
73387  -25.306  -0.390  -33.516 0.5555555820
148613  -26.338  0.476  -33.482 0.6666666865
76093  -26.486  2.661  -33.583 0.6666666865
130186  -28.783  5.944  -33.455 0.5555555820
79469  -29.995  6.488  -33.623 0.4444444478
81996  -30.472  9.233  -37.206 0.4444444478
74282  -26.833  0.188  -33.245 0.3333333433
73388  -26.191  -0.185  -33.422 0.3333333433
70628  -24.583  -3.828  -31.687 0.4444444478
70614  -25.539  -3.939  -30.537 0.3333333433
69729  -24.777  -4.216  -31.030 0.4444444478
71472  -26.640  -3.081  -30.021 0.1111111119
68782  -21.605  -5.279  -31.734 0.4444444478
69726  -22.264  -4.838  -32.072 0.4444444478
69736  -22.737  -4.163  -32.360 0.4444444478
68784  -22.750  -5.213  -31.662 0.4444444478
131527  -23.560  -3.091  -32.951 0.4444444478
69737  -23.391  -3.968  -32.346 0.4444444478
70642  -23.846  -3.423  -32.671 0.4444444478
71513  -26.143  -2.263  -32.365 0.4444444478
72426  -26.891  -1.847  -31.904 0.4444444478
71499  -27.292  -2.033  -30.989 0.1111111119
72414  -28.371  -1.188  -30.513 0.1111111119
71474  -28.043  -1.991  -29.554 0.1111111119
73379  -27.318  -0.471  -32.361 0.3333333433
73378  -26.746  -0.603  -32.865 0.3333333433
73365  -27.685  -0.684  -31.784 0.2222222239
74284  -28.168  0.929  -32.454 0.2222222239
75245  -28.806  1.297  -31.967 0.1111111119
74273  -29.221  0.922  -31.254 0.1111111119
75258  -29.118  2.001  -32.311 0.1111111119
74295  -26.784  0.939  -33.476 0.3333333433
75272  -27.975  2.002  -33.278 0.4444444478
76915  -29.775  3.340  -33.023 0.3333333433
76082  -28.725  2.341  -33.076 0.4444444478
77785  -30.704  4.237  -32.941 0.1111111119
76928  -29.383  3.770  -33.454 0.4444444478
77797  -28.056  4.513  -33.473 0.5555555820
76927  -28.569  3.685  -33.519 0.5555555820
80331  -31.558  7.129  -35.063 0.4444444478
138220  -26.722  18.821  -34.457 0.5555555820
90197  -25.777  18.509  -34.414 0.5555555820
91037  -29.018  19.786  -34.865 0.5555555820
147969  -23.440  -4.897  -31.473 0.4444444478
74261  -28.922  0.205  -30.956 0.1111111119
91832  -26.521  19.920  -34.904 0.5555555820
68756  -23.597  -5.672  -30.248 0.4444444478
69701  -24.466  -5.248  -29.786 0.4444444478
136006  -25.098  -4.858  -29.420 0.2222222239
69718  -25.000  -4.607  -30.192 0.4444444478
151545  -21.103  -5.505  -31.511 0.4444444478
71473  -27.356  -2.421  -29.946 0.1111111119
70598  -27.056  -2.998  -29.139 0.1111111119
73343  -28.955  -0.795  -30.018 0.1111111119
63506  -23.678  -11.846  -26.325 0.1111111119
64411  -20.587  -10.418  -28.638 0.3333333433
64398  -22.496  -10.530  -27.654 0.2222222239
63505  -22.991  -11.828  -27.017 0.2222222239
139438  -23.435  -11.230  -26.599 0.1111111119
64388  -23.520  -10.524  -26.544 0.1111111119
66958  -18.948  -8.043  -28.972 0.3333333433
65253  -19.411  -9.410  -28.763 0.3333333433
64410  -19.707  -10.307  -28.625 0.3333333433
66110  -21.511  -8.935  -29.042 0.3333333433
65256  -22.142  -9.368  -28.425 0.3333333433
66092  -22.907  -8.973  -28.033 0.2222222239
64399  -23.091  -10.089  -27.107 0.2222222239
65244  -23.294  -9.299  -27.283 0.2222222239
150494  -18.927  -6.587  -29.236 0.2222222239
66975  -18.849  -7.261  -29.186 0.2222222239
66108  -19.507  -8.539  -29.240 0.3333333433
65262  -20.079  -8.980  -29.388 0.3333333433
66109  -20.705  -9.182  -29.201 0.3333333433
147159  -19.767  -5.630  -29.984 0.2222222239
67875  -19.309  -6.896  -29.818 0.3333333433
68770  -20.269  -5.815  -30.733 0.3333333433
66996  -19.933  -7.144  -30.382 0.3333333433
67890  -20.535  -6.501  -30.837 0.3333333433
66977  -20.303  -7.823  -30.192 0.3333333433
66978  -21.176  -7.605  -30.278 0.3333333433
66959  -22.676  -7.826  -29.030 0.3333333433
66979  -22.209  -7.463  -29.872 0.3333333433
66980  -23.026  -7.113  -29.378 0.3333333433
66960  -23.420  -7.437  -28.596 0.3333333433
66950  -23.771  -7.758  -27.839 0.1111111119
69700  -19.763  -4.867  -29.501 0.2222222239
69715  -20.157  -4.980  -30.318 0.2222222239
68781  -20.761  -5.862  -31.235 0.3333333433
67901  -21.163  -6.008  -31.372 0.3333333433
67891  -21.054  -6.773  -30.870 0.3333333433
67892  -22.242  -6.291  -30.824 0.3333333433
67876  -22.607  -6.754  -30.132 0.3333333433
67893  -22.939  -6.175  -30.359 0.3333333433
67857  -23.710  -6.674  -28.917 0.3333333433
66961  -24.057  -7.008  -28.153 0.1111111119
128099  -20.143  -4.057  -29.812 0.3333333433
67877  -23.333  -6.378  -29.699 0.3333333433
79486  -31.994  6.622  -34.726 0.2222222239
80340  -31.904  7.481  -35.627 0.2222222239
80332  -32.371  7.056  -35.299 0.2222222239
82810  -30.322  9.665  -37.788 0.3333333433
147207  -21.330  -10.485  -28.436 0.3333333433
64412  -21.961  -10.145  -28.200 0.3333333433
64387  -23.002  -10.919  -27.099 0.2222222239
65232  -23.729  -9.655  -26.490 0.1111111119
141442  -19.307  -6.135  -29.610 0.3333333433
66976  -19.532  -7.722  -29.686 0.3333333433
66129  -20.755  -8.472  -29.704 0.3333333433
66130  -21.796  -8.178  -29.471 0.3333333433
66111  -22.385  -8.578  -28.704 0.3333333433
66112  -23.147  -8.193  -28.297 0.3333333433
67889  -19.813  -6.421  -30.325 0.3333333433
69716  -20.675  -5.134  -31.143 0.3333333433
68757  -24.024  -5.905  -29.289 0.3333333433
62555  -22.558  -12.715  -27.092 0.1111111119
62556  -23.332  -12.576  -26.575 0.1111111119
64409  -18.846  -10.253  -28.164 0.3333333433
63526  -20.047  -11.068  -28.507 0.3333333433
63527  -20.975  -11.124  -28.383 0.3333333433
63517  -21.525  -11.815  -27.870 0.3333333433
63518  -22.378  -11.371  -27.577 0.3333333433
62557  -24.007  -12.547  -26.061 0.1111111119
63495  -23.964  -11.060  -25.953 0.1111111119
66107  -18.883  -8.759  -28.660 0.3333333433
67856  -18.813  -6.813  -28.535 0.2222222239
65223  -24.395  -9.677  -25.647 0.1111111119
68739  -19.085  -5.942  -28.762 0.2222222239
66094  -24.072  -8.049  -27.057 0.1111111119
66951  -24.339  -7.297  -27.351 0.1111111119
67846  -24.638  -6.557  -27.684 0.1111111119
145176  -24.363  -6.230  -28.476 0.1111111119
68758  -24.803  -5.422  -28.832 0.1111111119
70595  -19.962  -3.358  -29.156 0.1111111119
81168  -32.623  8.370  -36.628 0.2222222239
83674  -30.191  10.333  -38.552 0.2222222239
82811  -31.262  10.029  -38.340 0.2222222239
128541  -20.185  -1.890  -29.932 0.2222222239
148435  -20.187  1.534  -31.107 0.5555555820
144461  -20.473  -4.377  -30.622 0.4444444478
81990  -32.351  9.096  -37.206 0.2222222239
65254  -20.262  -9.711  -28.954 0.3333333433
64397  -21.823  -10.951  -28.102 0.3333333433
66949  -18.645  -7.667  -28.262 0.2222222239
66091  -18.404  -8.915  -28.074 0.2222222239
65252  -18.731  -9.388  -28.282 0.3333333433
65255  -21.224  -9.755  -28.708 0.3333333433
65243  -22.646  -9.734  -27.762 0.2222222239
66128  -20.008  -8.371  -29.788 0.3333333433
66075  -23.825  -8.801  -26.781 0.1111111119
66093  -23.511  -8.516  -27.549 0.1111111119
68755  -19.413  -5.489  -29.315 0.2222222239
66997  -20.555  -7.201  -30.591 0.3333333433
66998  -21.767  -6.905  -30.571 0.3333333433
134038  -19.792  -4.173  -28.927 0.2222222239
145195  -21.538  -6.321  -31.105 0.3333333433
61657  -22.995  -13.449  -26.653 0.1111111119
136733  -22.263  -12.092  -27.445 0.2222222239
149690  -19.291  -10.894  -28.382 0.3333333433
148070  -18.392  -10.416  -27.438 0.2222222239
63515  -19.387  -11.617  -28.138 0.3333333433
63516  -20.452  -11.805  -28.144 0.3333333433
140420  -18.614  -8.350  -28.379 0.2222222239
138739  -18.283  -8.397  -27.708 0.2222222239
80341  -32.818  7.704  -35.863 0.1111111119
81161  -33.940  7.792  -35.403 0.1111111119
81170  -34.590  8.614  -35.339 0.1111111119
81169  -33.707  8.606  -36.122 0.1111111119
81980  -33.842  9.617  -36.437 0.1111111119
82794  -34.238  10.379  -36.189 0.1111111119
81997  -31.531  9.506  -37.740 0.1111111119
82804  -33.622  10.399  -36.826 0.1111111119
140281  -32.513  9.788  -37.589 0.1111111119
82803  -32.966  10.381  -37.489 0.1111111119
84522  -28.023  11.340  -38.649 0.2222222239
82812  -32.182  10.217  -38.058 0.1111111119
83666  -32.608  11.043  -37.845 0.1111111119
85380  -27.507  13.140  -38.744 0.1111111119
85373  -27.905  13.096  -37.297 0.2222222239
87253  -27.278  14.001  -38.707 0.1111111119
141041  -27.620  12.211  -38.584 0.1111111119
85384  -27.203  12.781  -39.950 0.1111111119
87254  -27.702  14.992  -38.136 0.1111111119
91024  -24.015  19.479  -33.603 0.4444444478
90196  -25.103  19.007  -34.413 0.4444444478
87268  -27.242  15.391  -39.071 0.1111111119
90235  -30.705  18.782  -37.223 0.3333333433
88251  -27.834  16.250  -39.233 0.1111111119
88268  -27.277  16.371  -40.308 0.1111111119
91836  -27.355  20.347  -35.249 0.4444444478
92595  -26.991  21.154  -35.723 0.4444444478
92601  -27.662  21.571  -36.127 0.4444444478
92602  -28.474  21.158  -36.081 0.4444444478
91840  -29.450  20.694  -36.065 0.4444444478
92604  -29.782  21.133  -36.762 0.4444444478
92611  -30.328  21.270  -37.428 0.4444444478
91845  -30.719  20.432  -37.518 0.2222222239
91058  -30.952  19.752  -38.530 0.2222222239
90246  -30.574  18.737  -38.350 0.2222222239
91071  -30.625  19.290  -39.135 0.2222222239
90255  -29.887  18.511  -39.483 0.2222222239
94043  -29.817  24.505  -42.990 0.1111111119
92636  -30.658  21.620  -40.905 0.1111111119
91092  -29.534  19.162  -41.629 0.1111111119
91830  -24.798  20.350  -34.392 0.4444444478
91831  -25.556  20.266  -34.899 0.4444444478
91834  -25.500  20.998  -35.300 0.3333333433
92594  -26.018  21.445  -35.707 0.4444444478
93328  -27.504  22.169  -36.645 0.4444444478
93342  -28.363  22.540  -37.283 0.4444444478
93330  -29.021  22.119  -36.934 0.4444444478
92603  -29.129  21.482  -36.577 0.4444444478
94020  -27.409  23.376  -39.040 0.3333333433
93344  -30.079  22.201  -37.820 0.3333333433
93352  -30.143  22.540  -38.860 0.1111111119
92621  -30.822  21.138  -38.728 0.1111111119
92629  -30.765  21.326  -39.697 0.1111111119
91072  -30.901  19.952  -39.515 0.2222222239
91867  -30.822  20.691  -40.059 0.1111111119
140347  -24.326  20.395  -33.656 0.2222222239
93327  -26.427  22.301  -36.760 0.3333333433
93341  -27.120  22.581  -37.468 0.3333333433
93343  -29.370  22.471  -37.533 0.4444444478
94021  -28.384  23.370  -39.020 0.2222222239
94010  -29.009  23.058  -38.247 0.2222222239
94023  -29.887  23.091  -39.988 0.1111111119
94041  -27.820  23.926  -41.146 0.1111111119
94032  -28.664  23.637  -40.209 0.1111111119
93361  -30.502  22.280  -40.645 0.1111111119
94033  -29.404  23.530  -40.701 0.1111111119
93360  -30.231  22.799  -40.334 0.1111111119
92589  -24.853  21.048  -34.910 0.3333333433
92599  -25.644  22.208  -36.093 0.3333333433
93323  -24.902  22.492  -35.688 0.3333333433
93326  -25.029  22.725  -36.370 0.3333333433
93340  -25.941  22.636  -37.619 0.3333333433
134155  -26.517  23.016  -38.425 0.3333333433
151400  -26.539  23.456  -39.252 0.2222222239
94031  -27.087  23.796  -39.912 0.2222222239
94692  -26.623  24.183  -40.921 0.1111111119
94703  -28.364  24.519  -42.756 0.1111111119
95458  -29.766  25.774  -42.782 0.1111111119
151824  -24.819  23.024  -34.322 0.1111111119
93991  -24.625  23.227  -34.993 0.1111111119
93997  -24.283  23.575  -36.637 0.2222222239
94668  -24.158  24.194  -36.912 0.2222222239
94007  -24.499  23.088  -38.031 0.3333333433
94677  -24.226  24.232  -37.642 0.2222222239
94008  -25.256  22.940  -38.343 0.3333333433
94017  -24.379  23.867  -38.223 0.3333333433
94683  -24.675  24.407  -39.056 0.2222222239
94690  -25.117  24.925  -39.959 0.1111111119
95450  -25.316  26.101  -40.414 0.1111111119
94700  -25.646  25.220  -40.772 0.1111111119
95457  -26.105  25.956  -41.454 0.1111111119
94702  -27.272  24.563  -42.196 0.1111111119
94712  -27.871  24.976  -43.091 0.1111111119
95465  -28.143  25.746  -43.341 0.1111111119
94704  -29.458  25.057  -43.311 0.1111111119
94705  -30.614  25.228  -43.018 0.1111111119
94044  -30.245  24.530  -43.243 0.1111111119
93992  -25.059  23.620  -34.566 0.1111111119
94661  -25.341  24.432  -34.859 0.1111111119
94660  -24.719  23.950  -35.323 0.1111111119
95412  -25.543  25.306  -35.139 0.1111111119
143383  -25.043  26.357  -36.119 0.1111111119
95423  -24.757  25.730  -36.658 0.1111111119
95434  -24.452  24.923  -38.311 0.2222222239
96170  -25.045  26.669  -38.145 0.1111111119
132422  -24.799  26.086  -38.767 0.1111111119
96904  -25.327  27.738  -38.178 0.1111111119
96937  -25.244  27.356  -40.474 0.1111111119
96925  -25.354  28.168  -40.230 0.1111111119
96195  -26.560  27.006  -42.143 0.1111111119
94662  -26.194  24.888  -34.500 0.1111111119
95402  -26.981  25.345  -34.265 0.1111111119
95413  -26.294  25.785  -34.698 0.1111111119
96150  -25.625  26.375  -35.372 0.1111111119
96889  -25.988  27.566  -35.250 0.1111111119
96149  -25.325  27.194  -36.060 0.1111111119
96888  -25.459  28.179  -36.089 0.1111111119
131139  -25.503  28.652  -37.704 0.1111111119
96143  -27.564  26.834  -34.290 0.1111111119
96130  -28.211  26.206  -33.917 0.1111111119
145346  -26.766  27.483  -34.614 0.1111111119
81981  -34.449  9.379  -35.824 0.1111111119
82795  -34.895  10.175  -35.667 0.1111111119
84524  -30.974  11.300  -38.970 0.1111111119
83675  -31.655  10.759  -38.494 0.1111111119
86274  -27.022  13.409  -39.555 0.1111111119
91043  -30.727  19.649  -36.124 0.4444444478
90236  -30.870  19.355  -37.771 0.3333333433
89287  -29.644  17.804  -38.791 0.1111111119
89301  -29.072  17.748  -39.609 0.1111111119
88250  -26.343  15.235  -40.531 0.1111111119
92596  -27.784  20.918  -35.734 0.4444444478
91082  -30.364  19.323  -40.042 0.2222222239
92628  -30.579  21.980  -39.317 0.1111111119
91877  -30.702  20.931  -41.226 0.1111111119
94034  -29.800  23.600  -41.821 0.1111111119
95422  -24.440  24.932  -37.250 0.2222222239
95443  -24.789  25.494  -39.384 0.1111111119
96892  -25.205  27.873  -36.909 0.1111111119
97619  -25.408  28.911  -38.891 0.1111111119
96881  -26.509  28.306  -34.746 0.1111111119
96882  -27.390  27.939  -34.383 0.1111111119
81972  -35.728  9.661  -34.585 0.1111111119
138597  -35.175  9.465  -35.205 0.1111111119
83673  -28.752  10.515  -38.120 0.2222222239
87267  -26.740  14.238  -39.751 0.1111111119
90189  -24.256  18.723  -34.047 0.4444444478
91028  -25.206  19.723  -34.501 0.4444444478
93329  -28.378  21.898  -36.554 0.4444444478
92600  -26.749  21.869  -36.125 0.4444444478
93351  -29.714  22.710  -38.206 0.2222222239
94655  -26.916  24.546  -33.798 0.1111111119
95403  -27.642  25.828  -34.094 0.1111111119
96142  -26.509  26.693  -34.714 0.1111111119
81957  -35.297  8.796  -34.426 0.1111111119
135655  -32.687  6.777  -34.792 0.1111111119
141185  -33.245  7.152  -35.143 0.1111111119
82788  -36.109  10.337  -34.306 0.1111111119
81958  -35.968  9.512  -33.678 0.1111111119
83648  -35.419  10.856  -35.363 0.1111111119
83657  -33.993  11.168  -36.425 0.1111111119
84507  -34.448  12.041  -35.985 0.1111111119
83667  -33.363  11.158  -37.168 0.1111111119
139609  -31.679  12.319  -38.696 0.1111111119
84525  -32.180  11.683  -38.278 0.1111111119
133079  -33.038  11.891  -37.536 0.1111111119
84528  -30.319  11.961  -39.350 0.1111111119
85386  -29.762  12.571  -39.557 0.1111111119
86275  -27.680  12.787  -40.655 0.1111111119
140547  -23.646  18.183  -33.847 0.4444444478
147194  -27.115  13.297  -41.139 0.1111111119
87284  -26.311  13.966  -41.170 0.1111111119
89300  -28.147  17.250  -40.292 0.1111111119
88267  -26.580  15.682  -41.157 0.1111111119
91027  -24.597  19.614  -34.122 0.4444444478
90277  -28.192  18.044  -42.295 0.1111111119
137829  -29.945  19.619  -42.396 0.1111111119
92588  -24.528  21.148  -34.228 0.2222222239
92592  -24.576  21.936  -34.923 0.2222222239
91888  -30.647  21.229  -42.565 0.1111111119
93313  -24.525  22.050  -33.166 0.1111111119
93322  -24.669  22.841  -35.343 0.2222222239
93370  -30.549  24.337  -43.433 0.1111111119
144269  -31.259  24.872  -43.305 0.1111111119
93985  -24.743  22.577  -33.793 0.1111111119
148935  -25.674  22.539  -32.337 0.1111111119
93987  -26.417  23.726  -33.279 0.1111111119
93988  -27.300  24.070  -32.951 0.1111111119
95459  -30.471  25.568  -42.001 0.1111111119
94638  -28.076  24.312  -32.694 0.1111111119
97635  -25.937  28.982  -39.806 0.1111111119
96927  -26.639  28.432  -40.683 0.1111111119
96187  -28.609  27.263  -40.885 0.1111111119
96188  -29.407  26.619  -40.132 0.1111111119
129200  -28.235  25.467  -33.528 0.1111111119
97575  -25.845  28.691  -35.494 0.1111111119
98332  -25.603  29.767  -36.960 0.1111111119
97564  -27.158  28.879  -34.443 0.1111111119
83678  -28.350  10.892  -38.549 0.1111111119
89286  -28.559  17.092  -39.383 0.1111111119
91841  -30.315  20.391  -36.642 0.4444444478
149630  -33.167  9.036  -36.763 0.1111111119
91835  -26.303  20.645  -35.359 0.4444444478
81991  -33.172  9.709  -37.127 0.1111111119
83658  -34.747  11.067  -35.820 0.1111111119
127821  -28.777  11.804  -39.367 0.1111111119
85385  -28.122  12.415  -39.680 0.1111111119
89299  -27.489  16.565  -41.134 0.1111111119
92620  -30.548  21.727  -38.295 0.2222222239
91846  -30.974  20.439  -38.261 0.2222222239
91856  -30.959  20.509  -39.093 0.1111111119
91081  -29.696  19.066  -40.754 0.2222222239
90268  -29.548  18.679  -40.316 0.1111111119
93366  -30.146  23.376  -42.187 0.1111111119
129985  -30.085  25.298  -43.095 0.1111111119
93367  -30.440  22.841  -42.278 0.1111111119
92643  -30.625  22.038  -42.293 0.1111111119
90278  -28.544  18.518  -42.052 0.1111111119
90267  -28.788  18.482  -41.103 0.1111111119
131302  -30.272  19.602  -40.862 0.2222222239
94009  -27.856  23.067  -38.158 0.3333333433
91083  -30.724  20.118  -40.486 0.2222222239
137977  -25.409  22.583  -36.920 0.3333333433
143660  -29.088  23.358  -39.294 0.2222222239
94042  -28.976  24.163  -42.035 0.1111111119
92593  -25.107  21.707  -35.423 0.3333333433
93339  -24.539  22.957  -37.125 0.3333333433
137432  -25.036  22.769  -37.657 0.3333333433
94019  -25.637  23.391  -39.061 0.2222222239
94030  -26.108  23.905  -39.846 0.1111111119
94701  -26.341  24.928  -41.505 0.1111111119
94713  -28.670  25.143  -43.316 0.1111111119
96206  -29.130  26.445  -42.891 0.1111111119
96198  -29.339  26.573  -41.708 0.1111111119
93317  -25.166  22.628  -32.963 0.1111111119
93986  -25.420  23.249  -33.672 0.1111111119
93994  -24.580  23.529  -35.798 0.1111111119
94665  -24.388  24.151  -36.094 0.1111111119
94006  -24.165  23.553  -37.485 0.3333333433
94018  -24.862  23.526  -38.707 0.3333333433
94029  -25.283  24.096  -39.498 0.2222222239
94691  -25.792  24.563  -40.413 0.1111111119
96177  -25.004  26.699  -39.696 0.1111111119
96194  -25.677  26.970  -41.206 0.1111111119
94711  -27.022  25.593  -42.690 0.1111111119
96197  -28.508  27.123  -42.320 0.1111111119
96196  -27.560  27.321  -42.518 0.1111111119
94654  -25.907  24.068  -34.124 0.1111111119
94666  -24.867  24.737  -35.577 0.1111111119
95419  -24.989  25.599  -35.834 0.1111111119
96156  -25.025  26.753  -37.037 0.1111111119
95418  -24.540  24.893  -36.367 0.1111111119
95435  -24.737  25.806  -37.675 0.1111111119
130373  -25.010  27.210  -39.099 0.1111111119
150068  -25.089  27.649  -39.869 0.1111111119
96938  -25.792  27.807  -41.105 0.1111111119
96926  -25.865  28.464  -40.551 0.1111111119
96939  -26.593  27.944  -41.571 0.1111111119
147499  -27.548  25.158  -33.845 0.1111111119
95414  -27.012  26.084  -34.407 0.1111111119
146271  -25.353  28.642  -36.821 0.1111111119
97584  -25.551  29.278  -37.273 0.1111111119
80334  -34.663  7.934  -34.714 0.1111111119
82787  -35.692  10.242  -35.082 0.1111111119
84523  -29.199  10.969  -39.110 0.1111111119
89322  -28.139  17.581  -41.044 0.1111111119
91093  -30.498  20.150  -41.675 0.1111111119
91887  -30.434  20.368  -42.933 0.1111111119
97620  -25.717  29.216  -39.059 0.1111111119
83649  -36.026  11.036  -34.848 0.1111111119
94656  -27.757  24.747  -33.306 0.1111111119
86276  -29.413  13.262  -39.941 0.1111111119
90266  -28.141  17.922  -41.746 0.1111111119
91103  -29.742  19.507  -43.153 0.1111111119
92647  -30.912  22.445  -43.576 0.1111111119
144067  -24.590  22.513  -34.614 0.1111111119
93371  -30.854  23.414  -43.412 0.1111111119
93976  -25.988  23.047  -32.755 0.1111111119
96940  -27.571  27.810  -41.555 0.1111111119
98333  -25.666  29.742  -35.992 0.1111111119
129429  -25.883  30.632  -35.997 0.1111111119
98356  -25.911  29.735  -37.615 0.1111111119
76068  -18.975  2.948  -30.468 0.2222222239
77758  -18.527  4.281  -30.940 0.2222222239
73350  -19.968  -0.332  -30.271 0.3333333433
75242  -19.894  1.969  -31.022 0.3333333433
76900  -18.985  3.460  -30.834 0.3333333433
90187  -23.037  18.554  -33.399 0.2222222239
91826  -23.956  20.027  -33.262 0.1111111119
88158  -17.941  16.315  -31.311 0.2222222239
86200  -16.721  14.948  -31.540 0.1111111119
75235  -19.840  1.244  -30.701 0.2222222239
87168  -16.747  15.722  -30.571 0.1111111119
89196  -20.227  17.061  -31.702 0.1111111119
89186  -20.670  17.152  -31.612 0.1111111119
90181  -22.142  18.760  -31.801 0.1111111119
91016  -23.190  19.632  -31.530 0.1111111119
91822  -23.681  20.429  -31.957 0.1111111119
91827  -24.155  20.908  -33.003 0.1111111119
90183  -22.569  17.849  -33.369 0.2222222239
89197  -21.053  17.708  -31.915 0.1111111119
72401  -19.919  -1.028  -29.796 0.2222222239
81121  -17.607  8.067  -31.316 0.2222222239
90180  -21.649  18.383  -32.016 0.1111111119
80274  -17.559  6.896  -31.107 0.1111111119
81104  -17.547  8.284  -31.312 0.3333333433
90188  -23.519  18.758  -33.591 0.3333333433
91023  -23.537  19.241  -33.351 0.3333333433
149254  -19.462  1.906  -30.559 0.2222222239
90184  -22.214  18.885  -32.168 0.1111111119
91019  -23.110  19.812  -32.122 0.1111111119
89187  -21.410  17.635  -31.693 0.1111111119
91022  -22.691  19.306  -32.348 0.1111111119
90172  -21.694  18.211  -31.796 0.1111111119
90173  -22.356  18.327  -31.586 0.1111111119
91018  -22.629  19.274  -31.844 0.1111111119
76073  -30.503  2.672  -31.499 0.1111111119
62565  -18.999  -12.240  -27.673 0.1111111119
62567  -20.838  -12.537  -27.731 0.1111111119
61664  -21.143  -13.217  -27.465 0.1111111119
63504  -17.796  -12.032  -26.726 0.1111111119
63514  -18.313  -11.270  -27.323 0.1111111119
65242  -18.405  -9.616  -27.701 0.1111111119
66090  -17.994  -9.079  -27.077 0.1111111119
73330  -19.764  -0.790  -29.477 0.1111111119
76895  -18.752  3.584  -30.568 0.1111111119
76069  -19.404  2.650  -30.824 0.1111111119
83601  -14.884  11.788  -31.154 0.2222222239
84449  -14.155  12.571  -31.447 0.2222222239
83573  -15.633  11.917  -30.594 0.2222222239
84419  -15.975  12.688  -30.374 0.2222222239
63513  -17.707  -11.314  -26.544 0.1111111119
62553  -17.817  -12.961  -26.803 0.1111111119
61662  -19.376  -12.882  -27.579 0.1111111119
61663  -20.198  -13.265  -27.527 0.1111111119
62568  -21.728  -12.671  -27.488 0.1111111119
63503  -17.241  -11.762  -26.067 0.1111111119
64396  -17.861  -10.581  -26.659 0.1111111119
66074  -17.418  -9.436  -26.439 0.1111111119
125467  -17.015  -9.014  -26.430 0.1111111119
131550  -17.796  -8.873  -26.724 0.1111111119
66948  -18.250  -7.878  -27.311 0.1111111119
72395  -19.966  -1.870  -29.247 0.1111111119
73342  -19.652  -0.174  -29.789 0.1111111119
75228  -19.290  1.402  -30.139 0.1111111119
76057  -18.971  2.736  -30.312 0.1111111119
127664  -16.537  11.074  -30.529 0.2222222239
84420  -17.005  12.853  -30.352 0.2222222239
86156  -16.017  14.515  -30.390 0.1111111119
137150  -19.232  -13.561  -27.344 0.1111111119
85287  -15.047  13.832  -30.682 0.2222222239
86169  -15.542  14.269  -30.654 0.1111111119
82725  -16.289  10.377  -30.752 0.2222222239
78636  -18.335  5.175  -31.188 0.1111111119
68726  -19.413  -5.352  -27.832 0.1111111119
69683  -19.504  -5.019  -28.733 0.1111111119
63525  -18.727  -11.094  -28.032 0.1111111119
65241  -18.031  -9.812  -26.770 0.1111111119
127444  -18.699  -11.647  -27.724 0.1111111119
62566  -19.851  -12.409  -27.866 0.1111111119
76058  -19.135  2.291  -30.273 0.1111111119
62564  -18.368  -12.146  -27.259 0.1111111119
62554  -18.675  -12.907  -27.262 0.1111111119
143086  -17.128  -10.790  -25.874 0.1111111119
136336  -16.947  12.006  -30.369 0.1111111119
65231  -17.309  -10.037  -26.235 0.1111111119
149243  -20.100  -2.384  -28.542 0.1111111119
135843  -20.223  -1.526  -28.142 0.1111111119
85274  -17.108  13.853  -30.427 0.1111111119
86157  -16.635  15.117  -29.886 0.1111111119
88146  -18.274  16.704  -30.939 0.1111111119
81898  -17.463  9.417  -30.539 0.1111111119
88130  -17.469  16.328  -30.638 0.1111111119
88147  -19.267  16.759  -31.200 0.1111111119
89203  -19.853  16.935  -31.786 0.1111111119
69738  -24.100  -3.768  -32.155 0.4444444478
71521  -24.207  -2.247  -33.340 0.4444444478
72447  -24.451  -1.609  -33.408 0.5555555820
78656  -23.031  5.767  -33.535 1.0000000000
79462  -22.580  6.534  -33.535 1.0000000000
80328  -23.013  8.066  -34.111 1.0000000000
80333  -34.004  7.352  -34.625 0.1111111119
81140  -22.498  8.796  -33.998 1.0000000000
81141  -24.992  8.311  -33.916 1.0000000000
81166  -30.980  8.223  -35.685 0.4444444478
81897  -16.569  9.668  -30.837 0.1111111119
81939  -16.733  9.819  -31.513 0.4444444478
81942  -19.220  9.344  -32.475 0.6666666865
81966  -22.683  9.536  -34.240 1.0000000000
81969  -24.944  9.559  -34.152 1.0000000000
82764  -22.163  10.352  -34.056 1.0000000000
82766  -26.961  10.247  -33.312 0.8888888955
82784  -24.590  10.230  -34.343 1.0000000000
83584  -15.685  10.999  -30.866 0.2222222239
83613  -16.663  11.673  -32.360 0.4444444478
83621  -19.721  11.750  -32.953 0.7777777910
83628  -29.361  11.298  -33.022 0.7777777910
83644  -22.992  11.728  -34.432 1.0000000000
83646  -24.649  11.598  -34.337 1.0000000000
83672  -28.033  11.060  -37.774 0.5555555820
84418  -15.269  12.592  -30.512 0.2222222239
84432  -14.649  12.552  -30.788 0.2222222239
84460  -14.371  12.711  -32.147 0.2222222239
84464  -19.216  12.314  -32.764 0.6666666865
84472  -22.259  13.126  -34.045 0.8888888955
84473  -26.014  11.884  -33.654 0.8888888955
84477  -30.096  12.598  -33.675 0.7777777910
84490  -22.605  12.432  -34.258 1.0000000000
85273  -15.987  13.539  -30.407 0.2222222239
85286  -14.990  13.143  -30.513 0.3333333433
85311  -13.860  13.255  -31.639 0.3333333433
85326  -21.949  13.930  -33.923 0.7777777910
85333  -30.422  14.001  -34.239 0.5555555820
85346  -23.475  13.580  -34.358 0.7777777910
85348  -24.818  13.076  -34.180 0.8888888955
86158  -17.697  14.691  -30.214 0.1111111119
86188  -15.186  14.127  -31.325 0.2222222239
86189  -15.999  14.796  -30.901 0.1111111119
86211  -20.340  14.822  -32.825 0.4444444478
86213  -21.662  14.799  -33.727 0.7777777910
86215  -25.424  14.668  -33.841 0.6666666865
86220  -30.182  14.710  -33.918 0.5555555820
86233  -23.211  14.465  -34.328 0.7777777910
86286  -26.773  13.146  -40.584 0.1111111119
87151  -17.101  16.175  -30.019 0.1111111119
87152  -17.755  16.200  -29.963 0.1111111119
87191  -20.649  15.478  -32.972 0.5555555820
87195  -24.408  15.323  -34.232 0.6666666865
87196  -25.561  15.416  -33.862 0.6666666865
87200  -29.813  15.419  -33.811 0.6666666865
87216  -30.140  15.978  -34.596 0.6666666865
88131  -17.725  16.409  -30.360 0.1111111119
88160  -19.938  15.847  -32.497 0.3333333433
88192  -23.646  16.555  -34.175 0.6666666865
88210  -30.139  16.791  -35.660 0.6666666865
89240  -30.236  17.542  -35.184 0.6666666865
89353  -28.246  17.856  -42.566 0.1111111119
90198  -27.723  18.710  -34.385 0.5555555820
90254  -28.891  18.056  -40.296 0.1111111119
91038  -29.885  19.519  -35.089 0.5555555820
91048  -30.698  19.648  -37.026 0.3333333433
91049  -30.953  19.902  -37.818 0.2222222239
91102  -29.073  19.036  -42.594 0.1111111119
92610  -29.661  21.816  -37.137 0.4444444478
92612  -30.814  21.021  -38.004 0.2222222239
93325  -24.679  23.108  -36.176 0.3333333433
94022  -29.594  23.062  -39.059 0.2222222239
94714  -29.118  25.853  -43.365 0.1111111119
96204  -27.547  26.525  -43.032 0.1111111119
96205  -28.442  26.586  -43.129 0.1111111119
96914  -25.182  28.246  -39.456 0.1111111119
97574  -25.466  29.086  -36.409 0.1111111119
97602  -25.829  29.266  -38.239 0.1111111119
97634  -25.567  28.759  -39.633 0.1111111119
125642  -16.547  -9.599  -26.254 0.1111111119
126496  -26.077  1.067  -33.587 0.6666666865
132895  -18.796  7.802  -31.883 0.4444444478
134100  -27.015  15.957  -33.519 0.6666666865
135715  -29.572  13.238  -33.380 0.7777777910
135807  -24.820  17.267  -34.273 0.6666666865
138564  -30.325  15.244  -34.959 0.5555555820
138599  -26.008  14.033  -33.582 0.7777777910
140344  -20.905  11.742  -33.507 1.0000000000
140775  -16.293  12.301  -32.429 0.3333333433
144028  -29.492  17.343  -34.333 0.6666666865
144483  -28.495  8.192  -33.218 0.7777777910
145860  -34.348  9.880  -36.018 0.1111111119
146405  -27.913  23.638  -39.759 0.2222222239
147680  -19.257  15.410  -32.319 0.4444444478
148893  -21.674  10.713  -33.800 1.0000000000
150545  -23.412  15.012  -34.333 0.7777777910
150858  -18.551  -10.793  -27.801 0.1111111119
