#!ascii label  , from subject sub-v1s23x0050555_ses-1 vox2ras=TkReg
2056
10240  -34.783  -66.948  -36.319 0.1000000015
10250  -34.981  -67.221  -37.322 0.1000000015
7699  -34.149  -70.502  -39.352 0.1000000015
145920  -35.271  -69.440  -39.026 0.1000000015
8507  -35.214  -69.461  -39.455 0.1000000015
9363  -36.378  -68.451  -39.725 0.1000000015
8531  -33.682  -69.236  -40.820 0.1000000015
9406  -36.212  -68.359  -41.012 0.1000000015
9425  -35.886  -67.983  -41.796 0.1000000015
8547  -34.419  -68.905  -41.557 0.1000000015
9424  -35.084  -68.273  -42.092 0.1000000015
9426  -36.644  -67.664  -41.484 0.1000000015
10310  -35.560  -67.542  -42.553 0.1000000015
9438  -34.070  -68.086  -43.024 0.1000000015
10320  -35.964  -66.818  -43.020 0.1000000015
12991  -35.950  -65.616  -42.424 0.1000000015
10332  -34.974  -66.514  -43.912 0.1000000015
10318  -34.529  -67.375  -43.522 0.1000000015
11970  -37.103  -65.024  -36.525 0.1000000015
11117  -35.364  -66.465  -36.891 0.1000000015
11973  -36.633  -65.532  -36.961 0.1000000015
10261  -35.576  -67.780  -38.284 0.1000000015
11974  -37.608  -65.427  -37.635 0.1000000015
11131  -36.977  -66.685  -38.519 0.1000000015
10262  -36.583  -67.540  -38.844 0.1000000015
11119  -37.782  -66.181  -38.557 0.1000000015
9384  -36.977  -67.963  -40.071 0.1000000015
11142  -38.050  -66.875  -39.716 0.1000000015
10304  -37.347  -67.323  -41.160 0.1000000015
10312  -37.034  -67.001  -41.923 0.1000000015
13827  -33.850  -63.355  -36.747 0.1000000015
12922  -34.122  -64.636  -38.408 0.1000000015
12923  -35.163  -64.578  -38.603 0.1000000015
12943  -35.573  -64.883  -39.302 0.1000000015
11994  -35.801  -65.422  -40.648 0.1000000015
12008  -36.092  -65.516  -41.479 0.1000000015
12992  -36.722  -65.544  -41.804 0.1000000015
13007  -36.810  -65.663  -42.182 0.1000000015
12036  -36.089  -65.770  -42.748 0.1000000015
11160  -36.101  -66.107  -43.172 0.1000000015
13821  -39.151  -63.713  -34.850 0.1000000015
14802  -40.187  -62.920  -36.818 0.2000000030
13831  -39.377  -63.151  -36.199 0.2000000030
12885  -37.735  -64.555  -35.553 0.1000000015
14803  -41.084  -62.713  -37.374 0.1000000015
13842  -39.746  -63.522  -37.233 0.1000000015
132776  -38.127  -64.125  -36.222 0.1000000015
13843  -40.709  -63.408  -37.742 0.1000000015
11975  -38.330  -65.047  -37.735 0.1000000015
21930  -35.514  -55.796  -30.106 0.1000000015
19815  -35.034  -57.657  -31.249 0.1000000015
12926  -40.028  -64.777  -38.640 0.1000000015
11978  -39.679  -65.456  -39.099 0.1000000015
11133  -38.442  -66.376  -39.303 0.1000000015
19814  -34.179  -57.553  -31.437 0.1000000015
18756  -34.675  -58.169  -31.769 0.1000000015
17767  -35.816  -59.246  -32.580 0.1000000015
16749  -35.926  -60.334  -33.470 0.1000000015
16764  -36.382  -60.801  -34.051 0.1000000015
15760  -36.327  -61.777  -35.187 0.1000000015
11979  -40.382  -64.994  -39.363 0.1000000015
11144  -39.313  -65.962  -40.035 0.1000000015
10313  -37.676  -66.640  -41.453 0.1000000015
17784  -35.398  -59.785  -33.033 0.1000000015
15740  -34.928  -61.474  -34.402 0.1000000015
15759  -35.416  -61.980  -34.972 0.1000000015
14783  -36.224  -62.612  -36.459 0.1000000015
14814  -37.733  -62.616  -38.536 0.1000000015
13855  -37.291  -63.291  -38.891 0.1000000015
11147  -38.943  -65.884  -40.452 0.1000000015
11156  -37.815  -66.102  -41.645 0.1000000015
15758  -34.443  -61.984  -34.930 0.1000000015
13828  -34.804  -63.390  -36.727 0.1000000015
13829  -35.729  -63.165  -36.959 0.1000000015
13854  -36.509  -63.656  -38.507 0.1000000015
12945  -37.623  -64.584  -40.176 0.1000000015
128282  -37.310  -65.229  -40.817 0.1000000015
12908  -34.773  -64.200  -37.918 0.1000000015
13853  -35.671  -64.003  -38.167 0.1000000015
12924  -36.061  -64.324  -38.849 0.1000000015
12962  -36.735  -65.013  -40.216 0.1000000015
12977  -37.512  -65.437  -41.244 0.1000000015
11161  -36.805  -66.094  -42.690 0.1000000015
14786  -40.636  -62.369  -36.454 0.1000000015
14771  -40.359  -62.330  -35.615 0.2000000030
14756  -39.532  -63.142  -34.949 0.1000000015
14747  -40.713  -63.169  -34.095 0.2000000030
138143  -40.217  -63.916  -34.134 0.2000000030
14787  -41.520  -62.081  -36.972 0.1000000015
14804  -42.073  -62.540  -38.009 0.1000000015
23899  -35.873  -53.767  -29.245 0.1000000015
21915  -34.999  -55.225  -29.772 0.1000000015
13856  -41.237  -63.931  -38.658 0.1000000015
12928  -41.338  -64.167  -39.256 0.1000000015
12947  -41.449  -63.991  -39.618 0.1000000015
18757  -35.633  -58.171  -31.686 0.1000000015
17785  -36.330  -59.722  -33.058 0.1000000015
11997  -40.367  -64.856  -39.785 0.1000000015
16765  -37.224  -60.597  -34.333 0.1000000015
15761  -37.142  -61.419  -35.542 0.1000000015
14784  -37.042  -62.182  -36.863 0.1000000015
14801  -38.176  -61.973  -38.121 0.1000000015
14827  -38.874  -62.793  -39.505 0.1000000015
13881  -39.545  -64.142  -40.283 0.1000000015
11996  -39.625  -65.331  -40.074 0.1000000015
12963  -38.096  -64.982  -40.667 0.1000000015
12025  -37.631  -65.773  -41.615 0.1000000015
16781  -44.334  -60.611  -36.372 0.1000000015
15766  -43.663  -61.078  -35.707 0.1000000015
16780  -43.685  -60.997  -36.639 0.1000000015
15765  -42.735  -61.259  -36.049 0.1000000015
15745  -42.631  -61.465  -34.984 0.2000000030
14759  -42.066  -61.992  -34.258 0.2000000030
15764  -41.775  -61.578  -35.560 0.2000000030
14748  -41.691  -62.707  -33.862 0.2000000030
15798  -42.543  -61.861  -37.576 0.1000000015
15783  -43.854  -60.910  -37.557 0.1000000015
14805  -42.765  -62.149  -38.723 0.1000000015
14818  -42.542  -61.888  -39.346 0.1000000015
21916  -35.991  -55.147  -29.810 0.1000000015
20921  -36.474  -56.978  -30.940 0.1000000015
132935  -36.801  -57.422  -31.402 0.1000000015
143683  -37.880  -57.816  -32.225 0.1000000015
126836  -42.258  -62.947  -38.831 0.1000000015
14830  -41.962  -62.530  -39.667 0.1000000015
24957  -35.735  -53.067  -28.878 0.1000000015
26018  -36.851  -52.104  -28.962 0.1000000015
20907  -35.986  -56.408  -30.472 0.1000000015
18758  -36.572  -57.988  -31.749 0.1000000015
133105  -37.076  -59.522  -33.134 0.1000000015
17798  -37.655  -60.109  -34.036 0.1000000015
15762  -37.899  -60.995  -35.954 0.1000000015
16807  -39.026  -60.767  -37.209 0.1000000015
15814  -39.810  -61.327  -38.732 0.1000000015
15829  -40.607  -61.709  -39.414 0.1000000015
14839  -41.406  -63.100  -39.891 0.1000000015
26004  -36.170  -51.467  -28.603 0.1000000015
15779  -37.478  -61.572  -36.412 0.1000000015
15796  -38.593  -61.343  -37.675 0.1000000015
15813  -38.958  -61.621  -38.471 0.1000000015
14816  -39.513  -62.121  -39.260 0.1000000015
13871  -40.229  -63.437  -40.107 0.1000000015
26990  -36.434  -50.571  -28.576 0.1000000015
136510  -36.784  -49.004  -28.529 0.1000000015
132996  -36.033  -49.095  -28.513 0.1000000015
29935  -37.437  -47.751  -28.676 0.1000000015
18814  -44.703  -58.746  -36.122 0.1000000015
16796  -44.603  -60.102  -37.011 0.1000000015
18813  -43.938  -58.386  -36.162 0.1000000015
18824  -44.195  -58.897  -36.929 0.1000000015
16768  -44.595  -60.687  -35.510 0.1000000015
15746  -43.889  -61.265  -34.777 0.1000000015
15725  -43.115  -61.789  -34.120 0.2000000030
18823  -43.362  -58.715  -36.830 0.1000000015
17822  -44.338  -59.529  -37.517 0.1000000015
16811  -44.279  -60.266  -37.751 0.1000000015
18822  -42.339  -58.776  -36.517 0.1000000015
17821  -43.699  -59.196  -37.636 0.1000000015
130805  -38.667  -50.148  -29.869 0.1000000015
27005  -37.846  -50.995  -29.323 0.1000000015
26019  -37.650  -51.819  -29.346 0.1000000015
23900  -37.357  -53.437  -29.741 0.1000000015
22935  -36.896  -54.928  -30.097 0.1000000015
21932  -37.391  -55.444  -30.569 0.1000000015
18811  -41.916  -58.522  -35.668 0.1000000015
17819  -41.760  -59.208  -37.005 0.1000000015
17845  -43.132  -60.011  -38.745 0.1000000015
15817  -43.249  -61.213  -38.961 0.1000000015
151798  -36.719  -53.771  -29.555 0.1000000015
18771  -38.082  -58.278  -32.662 0.1000000015
18780  -38.373  -58.772  -33.238 0.1000000015
17799  -38.306  -59.780  -34.234 0.1000000015
16809  -40.623  -60.202  -37.891 0.1000000015
16810  -41.601  -60.036  -38.381 0.1000000015
16840  -42.624  -61.088  -39.357 0.1000000015
137796  -39.009  -49.020  -30.101 0.1000000015
17769  -37.563  -58.967  -32.887 0.1000000015
17786  -37.807  -59.529  -33.544 0.1000000015
145173  -38.952  -59.483  -34.491 0.1000000015
16793  -39.503  -60.227  -36.695 0.1000000015
16794  -40.311  -59.901  -37.062 0.1000000015
16823  -40.933  -60.579  -38.638 0.1000000015
138345  -41.668  -60.596  -38.988 0.1000000015
26992  -38.081  -50.173  -29.319 0.1000000015
26991  -37.312  -50.347  -28.810 0.1000000015
27968  -38.447  -49.327  -29.509 0.1000000015
27952  -37.537  -49.379  -28.798 0.1000000015
29936  -38.172  -47.759  -28.963 0.1000000015
30925  -37.936  -47.021  -28.880 0.1000000015
30924  -37.086  -46.881  -28.713 0.1000000015
16769  -45.248  -60.130  -35.296 0.1000000015
18802  -43.452  -57.902  -35.352 0.1000000015
19852  -43.928  -57.520  -34.656 0.1000000015
139294  -45.205  -58.726  -35.300 0.1000000015
16751  -45.107  -60.876  -34.557 0.1000000015
18801  -42.405  -58.043  -35.122 0.1000000015
19836  -42.368  -57.143  -33.859 0.1000000015
16770  -45.755  -60.101  -34.495 0.1000000015
15726  -44.220  -61.559  -33.905 0.1000000015
18783  -41.011  -57.946  -34.050 0.1000000015
19850  -41.902  -57.676  -34.360 0.1000000015
27006  -38.547  -50.837  -29.850 0.1000000015
22922  -37.199  -54.182  -29.944 0.1000000015
22936  -37.701  -54.652  -30.407 0.1000000015
18799  -40.566  -58.544  -34.584 0.1000000015
17810  -40.731  -59.190  -35.894 0.1000000015
15727  -45.294  -61.316  -33.593 0.1000000015
15718  -45.616  -61.648  -32.766 0.2000000030
26020  -38.366  -51.600  -29.764 0.1000000015
20922  -37.465  -56.861  -31.335 0.1000000015
19826  -38.517  -57.600  -32.452 0.1000000015
18781  -39.204  -58.518  -33.562 0.1000000015
18798  -39.608  -58.966  -34.350 0.1000000015
17809  -40.045  -59.641  -36.068 0.1000000015
29959  -39.638  -47.835  -30.615 0.1000000015
28952  -38.694  -48.265  -29.544 0.1000000015
143464  -39.505  -47.142  -30.252 0.1000000015
30953  -40.175  -46.469  -30.823 0.1000000015
29950  -38.627  -47.283  -29.335 0.1000000015
135385  -39.120  -46.762  -29.773 0.1000000015
30942  -38.488  -46.414  -29.302 0.1000000015
19837  -43.365  -57.063  -34.005 0.1000000015
19838  -44.391  -57.142  -33.985 0.1000000015
20946  -41.923  -56.674  -33.237 0.1000000015
19851  -42.869  -57.522  -34.583 0.1000000015
19853  -44.790  -57.657  -34.523 0.1000000015
17802  -45.482  -59.438  -34.950 0.1000000015
132937  -41.449  -57.288  -33.631 0.1000000015
19839  -45.309  -57.519  -33.821 0.1000000015
19827  -39.913  -57.259  -32.879 0.1000000015
134926  -45.951  -59.366  -34.190 0.1000000015
27969  -39.052  -49.767  -30.263 0.1000000015
27007  -39.183  -50.636  -30.407 0.1000000015
143561  -38.759  -52.106  -30.046 0.1000000015
23901  -38.067  -53.092  -29.991 0.1000000015
22937  -38.510  -54.359  -30.618 0.1000000015
20923  -38.416  -56.464  -31.620 0.1000000015
20934  -38.902  -56.907  -32.175 0.1000000015
135531  -39.263  -57.388  -32.684 0.1000000015
19835  -40.497  -57.465  -33.336 0.1000000015
17788  -46.409  -59.369  -33.240 0.1000000015
16752  -45.904  -60.615  -33.813 0.1000000015
28969  -39.780  -48.698  -31.111 0.1000000015
21933  -38.236  -55.172  -30.836 0.1000000015
19818  -38.118  -57.221  -31.917 0.1000000015
18782  -40.093  -58.248  -33.799 0.1000000015
15719  -46.564  -61.137  -32.280 0.1000000015
138713  -40.118  -48.079  -31.335 0.1000000015
29971  -41.199  -47.819  -32.318 0.1000000015
29970  -40.557  -47.230  -31.477 0.1000000015
30963  -41.059  -46.711  -31.880 0.1000000015
31882  -41.933  -45.835  -32.581 0.1000000015
139777  -40.669  -46.010  -31.262 0.1000000015
150009  -41.193  -44.525  -31.742 0.1000000015
20938  -42.440  -56.097  -32.807 0.1000000015
20939  -43.473  -56.072  -32.872 0.1000000015
20948  -43.896  -56.598  -33.420 0.1000000015
21959  -41.993  -55.560  -32.266 0.1000000015
20949  -44.829  -56.800  -33.257 0.1000000015
20937  -41.496  -56.211  -32.654 0.1000000015
21947  -41.458  -54.929  -31.688 0.1000000015
18785  -45.890  -58.435  -33.846 0.1000000015
20935  -39.789  -56.693  -32.431 0.1000000015
21958  -41.018  -55.712  -32.139 0.1000000015
19840  -45.857  -57.755  -33.233 0.1000000015
28970  -40.302  -48.973  -31.698 0.1000000015
23909  -37.916  -53.859  -30.238 0.1000000015
20924  -39.280  -56.181  -31.854 0.1000000015
20925  -40.139  -55.930  -32.033 0.1000000015
18773  -46.246  -58.405  -32.854 0.1000000015
16729  -46.474  -60.335  -32.978 0.1000000015
28987  -41.322  -48.850  -32.403 0.1000000015
126643  -40.000  -49.379  -31.409 0.1000000015
27978  -40.133  -50.063  -31.183 0.1000000015
24972  -38.738  -52.750  -30.159 0.1000000015
23910  -38.674  -53.533  -30.374 0.1000000015
21934  -39.084  -54.900  -31.051 0.1000000015
17770  -46.593  -59.160  -32.284 0.1000000015
151334  -41.630  -48.592  -32.757 0.1000000015
30986  -42.755  -47.868  -33.928 0.1000000015
30985  -42.241  -47.865  -33.418 0.1000000015
143253  -42.604  -46.956  -33.511 0.1000000015
30973  -42.127  -46.811  -33.025 0.1000000015
31894  -42.628  -45.874  -33.301 0.1000000015
32738  -42.292  -44.818  -32.777 0.1000000015
31895  -43.266  -45.586  -33.868 0.1000000015
22955  -41.320  -54.192  -31.115 0.1000000015
22956  -42.367  -54.271  -31.324 0.1000000015
21961  -44.167  -55.599  -32.304 0.1000000015
135785  -41.088  -53.468  -30.708 0.1000000015
132865  -44.427  -56.216  -32.759 0.1000000015
142655  -39.935  -52.682  -30.388 0.1000000015
23912  -40.163  -53.341  -30.584 0.1000000015
22939  -40.424  -54.086  -30.920 0.1000000015
20940  -45.080  -56.494  -32.499 0.1000000015
29002  -41.864  -49.073  -32.808 0.1000000015
28971  -40.914  -49.189  -32.041 0.1000000015
27015  -39.991  -50.738  -30.760 0.1000000015
22938  -39.452  -54.024  -30.722 0.1000000015
19830  -45.905  -57.613  -32.483 0.1000000015
29003  -42.425  -49.200  -33.258 0.1000000015
17771  -46.834  -59.881  -31.789 0.1000000015
29013  -42.510  -48.931  -33.718 0.1000000015
29988  -43.043  -48.924  -34.342 0.1000000015
29999  -43.760  -48.389  -34.923 0.1000000015
137206  -44.533  -47.679  -35.425 0.1000000015
139783  -43.194  -46.627  -34.028 0.1000000015
30999  -45.147  -46.717  -35.625 0.1000000015
31907  -45.788  -45.898  -35.919 0.1000000015
140651  -43.694  -44.963  -34.180 0.1000000015
21948  -42.685  -54.893  -31.846 0.1000000015
21960  -43.098  -55.491  -32.376 0.1000000015
21949  -43.939  -54.953  -31.828 0.1000000015
21950  -44.809  -55.398  -31.486 0.1000000015
28988  -41.672  -49.206  -32.210 0.1000000015
27016  -40.872  -50.620  -30.691 0.1000000015
26031  -40.689  -51.385  -30.414 0.1000000015
24973  -40.776  -52.621  -30.421 0.1000000015
29015  -44.114  -49.622  -34.676 0.1000000015
128118  -42.983  -49.349  -33.060 0.1000000015
27979  -40.690  -49.613  -31.544 0.1000000015
24961  -39.329  -52.351  -30.282 0.1000000015
20927  -45.500  -56.885  -32.150 0.1000000015
29027  -44.614  -49.631  -35.345 0.1000000015
30000  -44.560  -48.894  -35.640 0.1000000015
29034  -46.094  -49.302  -36.577 0.1000000015
30001  -45.565  -47.657  -36.183 0.1000000015
30013  -46.490  -48.311  -36.697 0.1000000015
31010  -47.099  -47.312  -36.581 0.1000000015
31000  -46.455  -46.604  -36.297 0.1000000015
31908  -46.615  -45.647  -36.051 0.1000000015
23913  -41.914  -52.841  -30.487 0.1000000015
22941  -43.306  -53.696  -30.948 0.1000000015
22957  -43.632  -54.292  -31.384 0.1000000015
22942  -44.392  -53.842  -30.744 0.1000000015
24974  -41.643  -51.963  -30.252 0.1000000015
148196  -40.780  -52.009  -30.317 0.1000000015
28001  -45.076  -49.873  -35.236 0.1000000015
29016  -45.020  -49.724  -34.406 0.1000000015
28019  -46.027  -49.935  -36.215 0.1000000015
30014  -47.512  -48.195  -36.614 0.1000000015
32750  -46.941  -44.991  -34.985 0.1000000015
22940  -42.135  -53.604  -30.851 0.1000000015
23915  -43.991  -53.313  -30.504 0.1000000015
26022  -41.686  -51.026  -30.186 0.1000000015
29004  -43.927  -49.581  -33.831 0.1000000015
28990  -44.354  -49.011  -32.637 0.1000000015
132552  -41.356  -49.435  -31.632 0.1000000015
148714  -40.988  -50.116  -30.998 0.1000000015
27017  -41.693  -50.276  -30.407 0.1000000015
28012  -47.081  -50.114  -35.475 0.1000000015
29036  -47.760  -49.633  -36.308 0.1000000015
31011  -48.021  -47.746  -36.114 0.1000000015
31001  -47.472  -46.655  -36.048 0.1000000015
31897  -47.102  -45.671  -35.419 0.1000000015
32749  -46.683  -44.455  -33.957 0.1000000015
26032  -42.758  -51.411  -29.888 0.1000000015
27018  -42.455  -49.785  -30.015 0.1000000015
142734  -42.512  -50.547  -29.854 0.1000000015
29005  -45.384  -49.273  -33.342 0.1000000015
128186  -43.622  -48.821  -31.906 0.1000000015
28972  -42.349  -49.145  -30.979 0.1000000015
27980  -41.714  -49.698  -30.839 0.1000000015
28002  -46.048  -49.980  -34.975 0.1000000015
30987  -47.644  -46.439  -34.724 0.1000000015
31884  -46.968  -45.720  -33.793 0.1000000015
31883  -46.339  -45.224  -32.766 0.1000000015
31896  -46.670  -45.052  -33.916 0.1000000015
28954  -43.057  -48.837  -30.007 0.1000000015
143207  -44.709  -48.574  -31.482 0.1000000015
28973  -43.609  -48.624  -30.681 0.1000000015
145707  -47.198  -49.859  -34.743 0.1000000015
30002  -48.549  -48.506  -35.344 0.1000000015
31002  -48.305  -47.419  -35.167 0.1000000015
30974  -46.785  -46.065  -32.698 0.1000000015
30964  -46.073  -45.499  -31.709 0.1000000015
29017  -46.436  -49.575  -34.070 0.1000000015
29028  -48.296  -49.455  -35.595 0.1000000015
29989  -48.969  -48.201  -34.286 0.1000000015
30988  -48.352  -47.157  -33.984 0.1000000015
134657  -47.470  -46.406  -33.550 0.1000000015
31866  -45.658  -45.366  -30.839 0.1000000015
30965  -46.915  -46.359  -31.737 0.1000000015
29018  -48.695  -49.041  -34.497 0.1000000015
30975  -48.086  -46.935  -32.852 0.1000000015
8501  -34.655  -69.609  -38.447 0.1000000015
147656  -34.567  -69.955  -39.548 0.1000000015
9362  -35.786  -68.963  -39.323 0.1000000015
8508  -35.769  -69.007  -39.889 0.1000000015
10263  -37.374  -67.262  -39.360 0.1000000015
8533  -35.598  -68.938  -40.553 0.1000000015
9407  -36.878  -67.897  -40.681 0.1000000015
12909  -37.814  -64.720  -36.917 0.1000000015
11118  -36.259  -66.183  -37.462 0.1000000015
11977  -38.624  -65.669  -38.621 0.1000000015
10278  -37.561  -67.445  -39.926 0.1000000015
11986  -39.186  -65.946  -39.540 0.1000000015
11146  -38.769  -66.284  -40.286 0.1000000015
13838  -34.364  -63.802  -37.322 0.1000000015
11984  -34.154  -65.390  -39.892 0.1000000015
12961  -35.943  -65.125  -39.895 0.1000000015
11985  -35.152  -65.322  -39.905 0.1000000015
13824  -39.126  -63.396  -35.410 0.1000000015
13841  -38.899  -63.764  -36.739 0.1000000015
14770  -39.704  -62.840  -35.462 0.2000000030
12925  -39.089  -64.929  -38.217 0.1000000015
21931  -36.490  -55.671  -30.288 0.1000000015
18769  -36.229  -58.628  -32.167 0.1000000015
15778  -36.700  -62.021  -35.987 0.1000000015
14768  -34.883  -62.477  -35.503 0.1000000015
14799  -36.577  -62.772  -37.331 0.1000000015
13840  -36.121  -63.379  -37.761 0.1000000015
15795  -37.829  -61.736  -37.299 0.1000000015
14826  -38.076  -62.983  -39.203 0.1000000015
151643  -37.077  -64.384  -39.700 0.1000000015
13869  -37.683  -63.765  -39.604 0.1000000015
12010  -38.919  -65.499  -40.495 0.1000000015
138282  -38.469  -63.383  -39.715 0.1000000015
12964  -38.874  -64.749  -40.486 0.1000000015
15781  -42.047  -61.582  -36.515 0.1000000015
15743  -40.939  -61.961  -35.159 0.2000000030
14758  -41.150  -62.310  -34.487 0.2000000030
15782  -43.059  -61.335  -37.073 0.1000000015
13857  -41.859  -63.596  -39.203 0.1000000015
13882  -40.911  -63.617  -40.075 0.1000000015
17768  -36.722  -59.110  -32.659 0.1000000015
16777  -37.573  -60.857  -35.091 0.1000000015
15780  -38.246  -61.133  -36.849 0.1000000015
15797  -39.361  -61.002  -37.995 0.1000000015
139232  -39.640  -62.845  -39.782 0.1000000015
12965  -39.443  -64.833  -40.325 0.1000000015
15800  -43.771  -60.680  -38.299 0.1000000015
18770  -37.225  -58.359  -32.294 0.1000000015
149423  -41.371  -61.696  -39.605 0.1000000015
26005  -37.078  -51.223  -28.840 0.1000000015
16778  -38.337  -60.479  -35.451 0.1000000015
16779  -39.141  -60.080  -35.790 0.1000000015
16792  -38.695  -60.600  -36.354 0.1000000015
16822  -40.135  -60.728  -38.285 0.1000000015
14828  -40.404  -62.575  -39.809 0.1000000015
26989  -35.496  -50.778  -28.543 0.1000000015
18803  -44.570  -58.065  -35.332 0.1000000015
16783  -45.118  -59.464  -35.806 0.1000000015
17812  -44.720  -59.442  -36.670 0.1000000015
17820  -42.753  -59.076  -37.390 0.1000000015
14750  -43.568  -62.194  -33.427 0.2000000030
17833  -42.137  -59.487  -37.860 0.1000000015
18810  -41.044  -58.755  -35.404 0.1000000015
17818  -40.882  -59.408  -36.619 0.1000000015
16824  -42.433  -60.424  -38.997 0.1000000015
17800  -39.458  -59.549  -35.130 0.1000000015
17801  -40.253  -59.119  -35.235 0.1000000015
31881  -41.313  -45.898  -31.943 0.1000000015
31864  -39.965  -45.629  -30.517 0.1000000015
19828  -40.382  -56.919  -32.818 0.1000000015
31873  -40.972  -45.172  -31.528 0.1000000015
22954  -39.939  -54.730  -31.207 0.1000000015
151819  -40.691  -54.641  -31.328 0.1000000015
31905  -43.923  -45.838  -34.473 0.1000000015
32759  -45.945  -45.123  -36.230 0.1000000015
19725  -36.137  -57.836  -19.441 0.5000000000
14607  -39.838  -63.321  -21.793 0.5000000000
132901  -35.672  -57.242  -19.004 0.5000000000
18671  -36.720  -58.409  -19.863 0.5000000000
18667  -36.997  -59.223  -19.313 0.5000000000
14601  -39.953  -63.194  -21.117 0.5000000000
21814  -35.319  -55.622  -18.869 0.5000000000
19729  -35.759  -56.930  -19.851 0.5000000000
20808  -35.441  -56.335  -19.347 0.5000000000
20817  -35.598  -56.056  -20.203 0.4000000060
19730  -36.389  -57.440  -20.309 0.4000000060
14623  -42.930  -63.878  -22.314 0.5000000000
13684  -43.597  -64.155  -22.912 0.5000000000
14624  -44.031  -63.358  -22.616 0.5000000000
149068  -44.592  -62.299  -22.789 0.5000000000
16639  -44.683  -61.116  -23.665 0.5000000000
16638  -43.966  -60.654  -23.329 0.5000000000
16667  -43.145  -60.327  -25.031 0.4000000060
16666  -42.089  -59.959  -25.591 0.4000000060
15584  -36.079  -61.030  -22.068 0.1000000015
14606  -39.059  -62.619  -22.268 0.5000000000
18665  -36.123  -58.200  -18.520 0.5000000000
18666  -36.525  -58.811  -18.950 0.5000000000
17661  -37.328  -59.734  -19.282 0.4000000060
14600  -39.201  -62.828  -21.320 0.5000000000
21804  -35.631  -55.672  -18.013 0.5000000000
20797  -35.494  -56.551  -18.479 0.5000000000
22803  -36.012  -54.699  -17.989 0.5000000000
22804  -36.784  -54.272  -17.650 0.5000000000
23767  -35.935  -53.796  -18.043 0.4000000060
22812  -35.533  -54.750  -18.574 0.3000000119
21820  -35.355  -55.484  -19.706 0.5000000000
20818  -36.188  -56.521  -20.694 0.4000000060
125925  -35.279  -54.792  -19.361 0.3000000119
18678  -38.040  -58.246  -20.949 0.6999999881
23790  -35.301  -53.909  -19.068 0.3000000119
19738  -36.935  -56.959  -21.086 0.5000000000
18679  -38.825  -58.494  -21.296 0.6000000238
17669  -39.920  -59.423  -21.067 0.6000000238
15565  -39.779  -61.508  -20.444 0.6000000238
14608  -40.637  -63.590  -21.613 0.5000000000
13678  -42.002  -64.032  -22.052 0.3000000119
22819  -35.157  -54.167  -19.823 0.3000000119
21830  -35.521  -55.225  -20.509 0.3000000119
20826  -36.632  -56.206  -21.514 0.4000000060
19740  -38.418  -57.757  -21.792 0.5000000000
18680  -39.579  -58.704  -21.572 0.6000000238
17671  -41.458  -60.055  -21.466 0.6000000238
14603  -41.856  -62.658  -21.341 0.5000000000
15586  -42.804  -62.226  -21.741 0.5000000000
22831  -35.278  -54.516  -20.896 0.4000000060
20825  -36.002  -55.639  -21.122 0.4000000060
18687  -39.085  -58.143  -22.170 0.5000000000
17681  -41.150  -59.183  -21.990 0.5000000000
16616  -42.212  -60.393  -21.765 0.5000000000
15587  -43.762  -61.975  -22.332 0.5000000000
21841  -35.878  -55.095  -21.802 0.4000000060
20830  -36.785  -56.122  -22.385 0.5000000000
19746  -38.447  -57.696  -22.767 0.5000000000
18689  -40.555  -58.815  -22.734 0.4000000060
17682  -41.893  -59.599  -22.239 0.5000000000
16637  -43.333  -60.277  -22.888 0.5000000000
147669  -35.999  -55.235  -22.435 0.4000000060
20838  -37.256  -56.662  -22.825 0.5000000000
18699  -39.081  -58.188  -23.302 0.5000000000
18713  -40.637  -58.945  -23.725 0.4000000060
17698  -42.744  -59.851  -23.360 0.4000000060
19764  -37.557  -57.338  -24.298 0.5000000000
130851  -39.317  -58.453  -24.233 0.4000000060
17711  -40.642  -59.153  -24.686 0.4000000060
127240  -41.347  -59.550  -25.079 0.4000000060
140681  -38.703  -58.125  -24.228 0.3000000119
143872  -39.475  -58.639  -24.925 0.4000000060
17718  -39.973  -58.950  -25.238 0.3000000119
17723  -39.841  -59.087  -26.135 0.3000000119
17724  -40.413  -59.512  -26.601 0.3000000119
15568  -34.443  -61.066  -21.658 0.1000000015
15569  -35.478  -60.981  -21.380 0.1000000015
15570  -36.475  -61.282  -21.067 0.4000000060
134881  -36.976  -61.430  -21.737 0.4000000060
133838  -37.634  -61.605  -22.471 0.4000000060
15585  -38.399  -62.298  -21.709 0.5000000000
15571  -37.722  -61.988  -21.231 0.4000000060
15572  -38.530  -62.322  -20.872 0.5000000000
19720  -35.861  -57.506  -18.116 0.5000000000
18661  -35.940  -58.478  -17.838 0.5000000000
15563  -37.929  -61.643  -20.337 0.5000000000
20786  -35.741  -56.790  -17.617 0.5000000000
21805  -36.440  -55.176  -17.578 0.5000000000
16603  -38.488  -60.846  -19.934 0.6000000238
23768  -36.972  -53.653  -17.425 0.4000000060
24803  -36.203  -53.153  -17.574 0.2000000030
132493  -36.889  -53.028  -16.903 0.2000000030
127051  -35.695  -53.120  -18.062 0.3000000119
23777  -34.973  -53.119  -19.086 0.3000000119
23789  -34.864  -53.522  -19.791 0.4000000060
24791  -35.984  -52.536  -16.999 0.3000000119
24815  -35.130  -52.704  -18.360 0.3000000119
24790  -35.261  -51.895  -17.079 0.3000000119
24814  -34.552  -52.432  -18.900 0.4000000060
23800  -34.508  -53.200  -20.397 0.4000000060
24826  -34.373  -52.692  -19.767 0.3000000119
23810  -34.349  -53.241  -21.150 0.4000000060
130672  -35.536  -54.740  -22.457 0.4000000060
21847  -35.759  -55.145  -23.132 0.4000000060
24841  -34.015  -52.584  -20.703 0.3000000119
23814  -34.229  -53.235  -22.176 0.3000000119
22853  -35.138  -54.390  -23.359 0.3000000119
20852  -37.073  -56.758  -23.819 0.4000000060
21852  -35.582  -55.047  -24.007 0.3000000119
20862  -36.916  -56.820  -24.812 0.3000000119
18712  -38.763  -58.315  -25.088 0.4000000060
18720  -39.291  -58.698  -25.686 0.3000000119
21868  -35.623  -54.897  -24.818 0.2000000030
20861  -36.396  -56.162  -25.292 0.2000000030
136800  -36.925  -56.790  -25.733 0.3000000119
18719  -38.580  -58.336  -26.132 0.3000000119
23851  -35.865  -53.870  -25.145 0.1000000015
20865  -36.671  -56.139  -26.084 0.2000000030
25939  -39.041  -51.705  -22.882 0.1000000015
16606  -34.824  -60.841  -20.597 0.1000000015
16607  -36.073  -60.948  -20.414 0.2000000030
145916  -37.241  -61.606  -20.851 0.4000000060
141436  -35.723  -57.773  -17.303 0.5000000000
17657  -36.212  -59.068  -18.339 0.4000000060
16597  -37.235  -60.204  -19.231 0.4000000060
16602  -37.651  -60.826  -19.700 0.5000000000
132695  -36.167  -56.222  -17.151 0.5000000000
22805  -37.741  -54.078  -17.464 0.4000000060
21806  -37.332  -54.801  -17.414 0.4000000060
146126  -38.428  -54.007  -17.395 0.4000000060
23756  -38.728  -53.735  -17.089 0.3000000119
23755  -37.917  -53.582  -17.105 0.3000000119
24774  -36.919  -52.396  -15.861 0.2000000030
24754  -37.654  -52.289  -15.320 0.1000000015
25855  -35.747  -51.803  -16.384 0.3000000119
26832  -36.144  -50.658  -15.670 0.1000000015
25854  -35.233  -51.140  -16.567 0.3000000119
133476  -34.386  -51.107  -18.144 0.3000000119
26831  -35.585  -50.449  -16.253 0.2000000030
26851  -35.016  -50.392  -16.918 0.2000000030
26875  -34.403  -50.372  -18.656 0.2000000030
24840  -33.693  -51.812  -21.121 0.2000000030
130230  -34.102  -52.822  -22.986 0.2000000030
26883  -34.294  -50.320  -19.673 0.2000000030
25924  -34.057  -51.463  -22.368 0.2000000030
24864  -34.504  -52.912  -23.638 0.2000000030
26896  -34.509  -50.336  -21.326 0.2000000030
135797  -34.775  -51.192  -22.838 0.1000000015
23845  -35.394  -53.581  -24.640 0.2000000030
22878  -35.534  -54.249  -24.902 0.2000000030
26907  -36.048  -50.391  -22.430 0.1000000015
25936  -35.260  -51.621  -23.479 0.1000000015
23846  -36.161  -53.276  -25.030 0.1000000015
23852  -36.527  -53.860  -25.539 0.1000000015
25926  -36.653  -50.812  -22.872 0.1000000015
26921  -37.345  -51.166  -23.185 0.1000000015
24890  -36.782  -52.652  -24.782 0.1000000015
25927  -38.268  -51.030  -22.671 0.1000000015
25938  -38.047  -51.549  -23.473 0.1000000015
26922  -39.690  -51.344  -22.534 0.1000000015
26911  -40.118  -50.586  -22.571 0.1000000015
131639  -34.774  -60.515  -19.624 0.3000000119
16600  -35.745  -60.601  -19.715 0.3000000119
17656  -33.428  -59.914  -17.998 0.3000000119
16589  -33.889  -60.094  -18.558 0.3000000119
16601  -36.778  -60.666  -19.662 0.3000000119
15562  -37.085  -61.219  -20.284 0.4000000060
127704  -34.421  -59.633  -18.049 0.3000000119
16590  -35.045  -59.987  -18.785 0.3000000119
18652  -35.168  -58.118  -16.838 0.4000000060
18657  -35.355  -58.629  -17.373 0.5000000000
17659  -36.037  -59.598  -18.590 0.4000000060
20772  -38.209  -55.892  -16.478 0.4000000060
148284  -37.083  -55.837  -16.631 0.4000000060
126011  -35.817  -57.000  -16.908 0.5000000000
126370  -39.905  -55.385  -17.371 0.4000000060
21793  -39.212  -55.047  -17.404 0.4000000060
21807  -38.330  -54.661  -17.381 0.4000000060
21791  -37.663  -55.505  -17.006 0.5000000000
22791  -39.890  -54.660  -17.355 0.4000000060
22806  -39.046  -54.307  -17.376 0.4000000060
22792  -40.559  -54.627  -17.117 0.4000000060
22778  -40.790  -54.227  -16.424 0.3000000119
23757  -39.442  -53.873  -17.004 0.3000000119
23742  -39.615  -53.519  -16.085 0.3000000119
23741  -38.954  -53.373  -16.411 0.3000000119
23727  -39.760  -53.041  -15.036 0.3000000119
24776  -39.126  -53.026  -15.493 0.2000000030
146798  -38.502  -51.588  -14.597 0.1000000015
25818  -37.843  -51.525  -14.789 0.1000000015
138439  -36.750  -50.138  -15.333 0.1000000015
27789  -36.141  -49.799  -15.948 0.1000000015
27806  -35.054  -49.615  -17.459 0.2000000030
27790  -36.851  -49.275  -15.678 0.1000000015
27800  -36.261  -48.903  -16.449 0.1000000015
27818  -34.757  -49.628  -18.340 0.2000000030
28785  -35.599  -48.878  -17.249 0.2000000030
27833  -35.055  -48.929  -19.056 0.2000000030
27850  -34.609  -49.946  -20.547 0.1000000015
27841  -35.491  -48.697  -19.970 0.1000000015
27852  -35.904  -49.448  -21.181 0.1000000015
28848  -36.593  -48.898  -20.861 0.1000000015
26908  -37.036  -50.314  -22.260 0.1000000015
144853  -37.478  -50.734  -22.629 0.1000000015
27864  -38.435  -49.834  -21.883 0.1000000015
135318  -37.943  -50.409  -22.161 0.1000000015
27866  -39.779  -49.767  -22.519 0.1000000015
28866  -39.932  -48.879  -22.826 0.1000000015
27880  -40.546  -49.550  -23.042 0.1000000015
28877  -41.235  -48.812  -23.676 0.1000000015
27892  -41.974  -49.210  -23.910 0.1000000015
28881  -42.583  -48.633  -24.343 0.1000000015
29893  -43.190  -48.087  -24.722 0.1000000015
16585  -32.887  -60.328  -17.736 0.3000000119
145760  -33.071  -60.573  -18.611 0.2000000030
17650  -33.262  -59.734  -17.258 0.3000000119
17646  -33.946  -59.083  -16.852 0.4000000060
18650  -33.764  -58.840  -15.971 0.3000000119
20748  -37.730  -56.247  -15.431 0.3000000119
20771  -37.345  -56.055  -16.217 0.3000000119
20747  -36.857  -56.386  -15.366 0.4000000060
128263  -35.427  -57.247  -15.769 0.4000000060
18633  -34.317  -58.249  -15.645 0.3000000119
20774  -40.336  -55.904  -17.219 0.3000000119
19683  -35.421  -57.211  -14.947 0.4000000060
19682  -34.838  -57.679  -15.281 0.4000000060
18616  -34.327  -58.290  -14.711 0.3000000119
21795  -41.586  -55.593  -17.290 0.3000000119
21794  -40.668  -55.342  -17.354 0.3000000119
128548  -41.205  -54.850  -16.996 0.3000000119
22780  -42.211  -54.863  -15.970 0.3000000119
22779  -41.496  -54.422  -15.947 0.3000000119
23743  -40.310  -53.671  -15.728 0.3000000119
24757  -40.052  -52.278  -14.385 0.2000000030
25820  -39.647  -51.580  -14.299 0.1000000015
25821  -40.385  -51.366  -14.106 0.1000000015
26790  -41.312  -51.124  -13.927 0.1000000015
26805  -38.322  -50.867  -14.523 0.1000000015
139990  -39.533  -49.510  -14.517 0.1000000015
27772  -38.168  -50.023  -14.655 0.1000000015
27792  -38.115  -49.328  -14.958 0.1000000015
28776  -37.007  -48.615  -16.076 0.1000000015
28797  -35.674  -48.210  -17.835 0.2000000030
29793  -36.205  -47.713  -17.746 0.2000000030
29809  -35.882  -47.771  -18.300 0.2000000030
28824  -36.025  -48.010  -19.711 0.1000000015
30794  -36.624  -47.111  -18.985 0.1000000015
29837  -36.623  -47.741  -20.065 0.1000000015
28849  -37.470  -48.879  -21.209 0.1000000015
29852  -37.728  -47.899  -21.031 0.1000000015
28864  -38.862  -49.034  -21.925 0.1000000015
28850  -38.268  -48.454  -21.535 0.1000000015
28865  -39.415  -48.449  -22.460 0.1000000015
29884  -41.127  -47.757  -23.924 0.1000000015
28880  -41.847  -48.255  -24.160 0.1000000015
29891  -41.813  -47.502  -24.273 0.1000000015
29892  -42.447  -47.746  -24.505 0.1000000015
30878  -42.258  -46.882  -24.466 0.1000000015
30880  -43.800  -46.757  -24.938 0.1000000015
139948  -43.090  -47.240  -24.783 0.1000000015
30890  -44.456  -47.035  -25.185 0.1000000015
15545  -32.667  -60.947  -18.119 0.2000000030
15537  -32.841  -61.346  -16.552 0.2000000030
16578  -32.877  -60.162  -17.012 0.3000000119
15510  -33.563  -60.753  -14.833 0.2000000030
16566  -33.133  -60.179  -15.478 0.3000000119
17645  -33.191  -59.637  -16.326 0.3000000119
20733  -36.435  -56.690  -14.603 0.3000000119
18615  -33.856  -58.720  -15.229 0.3000000119
20749  -39.933  -56.268  -16.436 0.3000000119
130299  -38.798  -56.242  -15.625 0.3000000119
20734  -37.196  -56.533  -14.526 0.3000000119
20722  -36.081  -56.957  -14.106 0.3000000119
19667  -34.980  -57.703  -14.437 0.3000000119
20752  -42.267  -56.398  -17.182 0.3000000119
151057  -41.638  -56.612  -16.999 0.3000000119
20723  -36.674  -56.897  -13.914 0.3000000119
19657  -36.029  -57.480  -13.623 0.3000000119
18602  -34.779  -58.283  -13.929 0.2000000030
150593  -34.279  -58.770  -14.098 0.2000000030
21776  -43.050  -56.212  -16.832 0.2000000030
21796  -42.305  -55.618  -16.932 0.2000000030
21770  -42.840  -55.336  -15.957 0.3000000119
22771  -42.595  -54.644  -14.967 0.3000000119
22770  -41.995  -54.328  -15.104 0.3000000119
23728  -41.472  -53.789  -14.825 0.3000000119
23710  -41.623  -52.949  -14.137 0.2000000030
24737  -42.566  -52.702  -13.840 0.2000000030
25806  -41.934  -51.920  -13.846 0.1000000015
27776  -42.082  -49.487  -14.370 0.1000000015
26810  -43.685  -49.890  -14.281 0.1000000015
27794  -44.418  -49.544  -15.538 0.1000000015
27775  -41.181  -49.548  -14.302 0.1000000015
28769  -42.381  -49.062  -14.817 0.1000000015
28770  -42.974  -49.041  -15.205 0.1000000015
147306  -43.310  -49.435  -16.793 0.1000000015
26852  -44.621  -50.347  -17.773 0.1000000015
27822  -46.126  -50.565  -18.445 0.1000000015
28766  -39.999  -48.896  -14.860 0.1000000015
28780  -40.770  -48.673  -15.215 0.1000000015
28781  -41.434  -48.665  -15.819 0.1000000015
27807  -43.974  -49.517  -18.220 0.1000000015
27820  -44.717  -49.499  -18.462 0.1000000015
28777  -37.691  -48.808  -15.534 0.1000000015
28788  -38.467  -48.179  -15.972 0.1000000015
28787  -37.549  -48.142  -16.267 0.1000000015
137493  -36.841  -47.307  -17.681 0.2000000030
29810  -36.391  -47.358  -18.346 0.1000000015
30813  -37.264  -46.570  -19.086 0.1000000015
29838  -37.281  -47.398  -20.384 0.1000000015
29839  -37.988  -46.864  -20.820 0.1000000015
29853  -38.406  -47.499  -21.525 0.1000000015
29872  -39.441  -47.579  -22.604 0.1000000015
29882  -39.916  -47.275  -23.072 0.1000000015
30862  -40.297  -46.645  -23.332 0.1000000015
29883  -40.420  -47.493  -23.466 0.1000000015
30864  -41.446  -46.957  -24.137 0.1000000015
31782  -42.356  -46.045  -24.345 0.1000000015
30879  -43.047  -46.420  -24.635 0.1000000015
16538  -36.830  -60.593  -13.446 0.2000000030
16554  -34.184  -60.329  -14.192 0.2000000030
17632  -33.495  -59.345  -15.356 0.3000000119
16537  -35.810  -60.331  -13.532 0.2000000030
16536  -34.835  -59.855  -13.723 0.2000000030
16553  -33.615  -59.816  -14.690 0.3000000119
17617  -33.840  -59.020  -14.618 0.3000000119
20737  -40.481  -56.628  -15.926 0.3000000119
20736  -39.657  -56.608  -14.987 0.3000000119
20725  -38.354  -56.825  -13.851 0.3000000119
19659  -37.879  -57.376  -13.395 0.3000000119
20738  -41.276  -56.821  -16.223 0.3000000119
19669  -40.620  -57.005  -14.978 0.3000000119
19661  -39.823  -57.197  -13.922 0.3000000119
19660  -38.793  -57.337  -13.527 0.3000000119
19658  -36.970  -57.410  -13.414 0.3000000119
20754  -43.788  -57.301  -16.473 0.2000000030
19685  -43.453  -57.191  -16.651 0.3000000119
18603  -35.506  -58.401  -13.498 0.2000000030
17601  -34.754  -58.969  -13.708 0.2000000030
20739  -43.589  -56.607  -16.300 0.2000000030
21771  -43.412  -55.740  -15.675 0.2000000030
20740  -44.204  -56.961  -15.867 0.2000000030
22772  -43.233  -55.061  -14.876 0.3000000119
148758  -43.585  -55.430  -14.812 0.3000000119
23711  -42.325  -53.775  -14.298 0.2000000030
21759  -43.858  -54.905  -14.133 0.2000000030
132770  -43.685  -53.974  -13.847 0.2000000030
24738  -43.493  -52.448  -13.679 0.2000000030
25808  -43.857  -51.495  -13.701 0.1000000015
28789  -40.478  -48.173  -16.400 0.1000000015
28799  -41.828  -48.450  -17.253 0.1000000015
28800  -42.463  -48.671  -17.602 0.1000000015
29800  -42.940  -48.166  -18.187 0.1000000015
29785  -38.667  -47.456  -16.681 0.1000000015
29797  -40.236  -47.580  -16.866 0.1000000015
29799  -42.065  -47.783  -17.762 0.1000000015
29796  -39.425  -47.131  -17.013 0.1000000015
30783  -39.509  -46.373  -17.672 0.1000000015
30784  -40.352  -46.469  -17.680 0.1000000015
30799  -41.018  -46.198  -18.079 0.1000000015
29794  -37.599  -46.932  -17.592 0.1000000015
30781  -37.933  -46.348  -18.328 0.1000000015
30797  -39.344  -45.762  -18.372 0.1000000015
31703  -39.240  -45.404  -19.036 0.1000000015
30814  -37.952  -46.036  -19.299 0.1000000015
30822  -38.160  -46.068  -20.196 0.1000000015
31725  -38.764  -45.613  -20.480 0.1000000015
143313  -38.506  -46.199  -20.861 0.1000000015
30835  -38.663  -46.603  -21.490 0.1000000015
134086  -39.609  -46.752  -22.725 0.1000000015
137530  -40.839  -47.013  -23.800 0.1000000015
15497  -39.071  -61.413  -13.561 0.3000000119
16541  -39.380  -60.674  -13.659 0.3000000119
17605  -38.444  -59.943  -13.318 0.3000000119
17604  -37.402  -59.844  -13.266 0.2000000030
149514  -35.951  -59.593  -13.375 0.2000000030
146355  -35.458  -59.339  -13.461 0.2000000030
17606  -39.350  -59.423  -13.370 0.3000000119
133656  -37.861  -58.943  -13.163 0.3000000119
133657  -36.939  -58.943  -13.160 0.3000000119
17618  -34.155  -59.417  -14.074 0.2000000030
19670  -41.664  -57.387  -15.320 0.3000000119
19663  -41.493  -58.013  -14.307 0.3000000119
17607  -40.081  -58.844  -13.527 0.3000000119
17602  -36.104  -59.007  -13.245 0.2000000030
18636  -44.954  -58.256  -16.741 0.2000000030
144231  -43.042  -58.280  -15.573 0.3000000119
19672  -44.690  -57.759  -16.361 0.2000000030
20741  -44.928  -57.265  -15.303 0.2000000030
21772  -43.916  -55.982  -14.998 0.2000000030
21760  -44.528  -55.578  -13.918 0.3000000119
22757  -44.839  -54.640  -13.635 0.2000000030
136235  -44.428  -53.930  -13.654 0.2000000030
31719  -39.769  -45.020  -19.511 0.1000000015
31726  -39.320  -45.106  -20.923 0.1000000015
30836  -39.280  -46.110  -22.115 0.1000000015
14530  -40.199  -62.206  -12.543 0.1000000015
15488  -40.828  -62.049  -13.430 0.2000000030
15487  -40.052  -61.872  -13.523 0.3000000119
143898  -39.898  -61.486  -13.762 0.3000000119
15498  -40.909  -61.800  -14.383 0.3000000119
16542  -40.393  -61.086  -14.122 0.3000000119
18617  -41.596  -59.006  -14.182 0.3000000119
17619  -41.884  -60.262  -14.661 0.3000000119
143729  -44.323  -59.389  -16.292 0.3000000119
18619  -43.583  -59.039  -15.698 0.3000000119
18618  -42.560  -59.125  -14.905 0.3000000119
18637  -45.913  -58.932  -17.188 0.2000000030
19673  -45.785  -57.996  -15.804 0.2000000030
20727  -44.524  -56.508  -14.543 0.2000000030
19665  -46.402  -57.800  -13.358 0.1000000015
20728  -45.105  -56.831  -14.103 0.2000000030
21761  -45.228  -56.022  -13.556 0.2000000030
20729  -45.712  -56.838  -13.387 0.2000000030
135828  -45.961  -55.177  -13.289 0.3000000119
15513  -41.588  -61.907  -15.071 0.3000000119
16555  -42.038  -61.472  -15.244 0.3000000119
16568  -45.593  -61.203  -17.120 0.3000000119
17621  -43.764  -60.442  -15.930 0.3000000119
17620  -42.812  -60.352  -15.305 0.3000000119
17635  -46.504  -60.219  -17.385 0.2000000030
18638  -47.280  -59.409  -17.097 0.2000000030
18622  -48.185  -59.705  -16.304 0.1000000015
18609  -47.280  -58.727  -14.185 0.1000000015
18598  -47.384  -58.545  -13.112 0.1000000015
20715  -46.530  -56.830  -12.726 0.1000000015
14543  -42.553  -62.360  -14.508 0.3000000119
14544  -43.525  -62.461  -14.770 0.2000000030
15514  -42.187  -62.069  -15.526 0.3000000119
15527  -42.983  -61.744  -15.892 0.3000000119
15515  -42.945  -62.250  -15.669 0.3000000119
16569  -46.556  -61.543  -17.146 0.2000000030
15529  -45.405  -62.250  -16.564 0.3000000119
16570  -47.384  -61.390  -16.642 0.2000000030
15518  -46.470  -62.188  -16.562 0.2000000030
16532  -47.894  -60.384  -13.106 0.1000000015
16544  -48.352  -60.297  -14.385 0.1000000015
16526  -48.277  -60.282  -12.077 0.1000000015
16533  -48.832  -60.057  -13.347 0.1000000015
17609  -48.815  -59.999  -14.300 0.1000000015
133754  -48.375  -59.456  -13.787 0.1000000015
17599  -48.848  -59.866  -13.201 0.1000000015
18599  -48.355  -58.980  -12.710 0.1000000015
18594  -48.519  -58.388  -11.918 0.1000000015
15516  -44.535  -62.489  -15.387 0.2000000030
141178  -43.547  -62.436  -15.535 0.2000000030
15517  -45.818  -62.419  -15.797 0.2000000030
16531  -46.719  -60.710  -13.417 0.1000000015
16557  -46.921  -61.816  -15.777 0.2000000030
132438  -46.880  -60.449  -12.169 0.1000000015
16527  -49.183  -60.001  -12.354 0.1000000015
18595  -49.053  -59.602  -12.193 0.1000000015
18596  -49.561  -59.014  -11.362 0.1000000015
16522  -47.846  -60.378  -10.539 0.1000000015
16523  -49.154  -60.149  -11.265 0.1000000015
17591  -49.798  -59.983  -10.818 0.1000000015
17596  -50.058  -59.562  -10.782 0.1000000015
16511  -47.880  -60.474  -9.287 0.1000000015
16512  -48.857  -60.307  -9.091 0.1000000015
17578  -49.692  -60.074  -9.064 0.1000000015
18673  -38.417  -59.183  -20.471 0.4000000060
18672  -37.514  -59.005  -20.053 0.4000000060
19731  -37.206  -57.895  -20.637 0.5000000000
17663  -38.028  -60.022  -19.601 0.5000000000
17668  -39.190  -59.279  -20.846 0.5000000000
15573  -39.375  -62.498  -20.742 0.5000000000
17664  -38.865  -60.047  -20.163 0.6000000238
15574  -40.309  -62.359  -20.721 0.5000000000
14609  -41.451  -63.633  -21.614 0.3000000119
13683  -42.566  -64.184  -22.640 0.5000000000
16604  -39.277  -60.750  -20.258 0.5000000000
139923  -40.369  -62.980  -23.441 0.5000000000
14610  -42.369  -63.437  -21.780 0.4000000060
16618  -43.784  -60.930  -22.652 0.5000000000
16653  -43.297  -60.127  -23.859 0.4000000060
16654  -44.040  -60.594  -24.199 0.4000000060
142865  -42.276  -59.788  -24.343 0.4000000060
17720  -41.206  -59.741  -26.111 0.3000000119
19739  -37.687  -57.394  -21.436 0.4000000060
23778  -35.419  -53.353  -18.508 0.3000000119
132909  -35.279  -54.685  -20.128 0.4000000060
17670  -40.665  -59.737  -21.225 0.6000000238
16608  -40.017  -60.381  -20.645 0.6000000238
17665  -39.488  -59.961  -20.537 0.6000000238
16609  -40.802  -60.975  -20.758 0.5000000000
21842  -36.375  -55.581  -21.996 0.4000000060
20831  -37.286  -56.658  -21.891 0.4000000060
19745  -37.878  -57.181  -22.321 0.5000000000
17680  -40.354  -58.912  -21.787 0.6000000238
16610  -41.641  -60.910  -21.206 0.5000000000
15576  -42.204  -61.440  -21.437 0.5000000000
15575  -41.291  -61.954  -20.968 0.5000000000
129389  -35.637  -54.990  -21.188 0.4000000060
22830  -34.906  -53.885  -20.537 0.4000000060
18688  -39.805  -58.480  -22.484 0.5000000000
17696  -41.303  -59.176  -22.994 0.4000000060
16617  -43.060  -60.914  -22.084 0.5000000000
22844  -35.377  -54.548  -21.683 0.4000000060
22843  -34.820  -53.927  -21.461 0.3000000119
20837  -36.626  -56.203  -23.322 0.5000000000
17697  -42.049  -59.566  -23.245 0.5000000000
19752  -37.752  -57.245  -23.303 0.5000000000
18700  -39.905  -58.596  -23.478 0.4000000060
128004  -41.358  -59.362  -24.034 0.4000000060
17710  -40.003  -58.769  -24.383 0.4000000060
19765  -38.091  -57.842  -24.729 0.4000000060
20851  -36.448  -56.245  -24.288 0.4000000060
19753  -38.271  -57.756  -23.774 0.4000000060
17660  -36.727  -59.630  -18.870 0.4000000060
15564  -38.879  -61.690  -20.340 0.5000000000
147512  -36.834  -55.621  -17.086 0.5000000000
151581  -36.324  -52.345  -16.324 0.2000000030
24802  -35.516  -52.613  -17.668 0.3000000119
24801  -34.817  -51.930  -17.896 0.3000000119
25876  -34.750  -51.148  -17.304 0.3000000119
133713  -34.063  -51.836  -19.360 0.3000000119
132773  -33.827  -51.899  -20.232 0.3000000119
24851  -33.851  -52.495  -21.591 0.3000000119
22852  -34.918  -54.077  -22.370 0.3000000119
21853  -36.061  -55.692  -23.716 0.3000000119
23820  -34.517  -53.556  -23.105 0.3000000119
24850  -33.725  -51.769  -21.850 0.2000000030
21869  -35.961  -55.614  -24.625 0.3000000119
23821  -34.806  -53.667  -23.962 0.2000000030
19773  -37.436  -57.379  -25.260 0.4000000060
19774  -38.003  -57.888  -25.677 0.4000000060
21880  -36.109  -55.335  -25.462 0.2000000030
151889  -36.401  -55.794  -25.766 0.3000000119
19776  -37.447  -57.332  -26.172 0.2000000030
24889  -35.747  -52.670  -24.466 0.2000000030
22886  -36.530  -54.663  -25.914 0.2000000030
24891  -38.427  -52.422  -24.547 0.1000000015
25928  -39.039  -51.084  -22.437 0.1000000015
17652  -35.477  -59.293  -17.971 0.5000000000
16596  -36.273  -60.163  -19.072 0.4000000060
24792  -37.693  -52.944  -16.268 0.3000000119
24775  -38.416  -52.812  -15.590 0.2000000030
25843  -36.297  -51.596  -15.703 0.2000000030
145979  -36.676  -50.936  -15.227 0.1000000015
24755  -38.265  -52.118  -14.875 0.1000000015
26868  -34.642  -50.386  -17.753 0.2000000030
27799  -35.557  -49.645  -16.671 0.2000000030
25902  -33.916  -51.153  -19.914 0.2000000030
27832  -34.610  -49.723  -19.117 0.2000000030
25918  -33.908  -51.085  -21.498 0.2000000030
25912  -33.786  -51.281  -20.690 0.2000000030
25935  -34.351  -52.043  -23.191 0.2000000030
27840  -34.803  -49.442  -19.845 0.2000000030
26906  -34.508  -50.725  -22.121 0.1000000015
151461  -35.096  -49.800  -21.126 0.1000000015
26897  -35.351  -50.132  -21.816 0.1000000015
147354  -35.242  -50.646  -22.477 0.1000000015
24865  -35.022  -52.354  -23.893 0.2000000030
25925  -35.689  -50.959  -23.008 0.1000000015
26898  -36.445  -49.849  -21.799 0.1000000015
25937  -36.336  -51.415  -23.564 0.1000000015
24866  -35.745  -51.985  -23.985 0.1000000015
25963  -36.557  -52.025  -24.224 0.1000000015
23847  -36.913  -53.204  -25.268 0.1000000015
135282  -37.190  -51.600  -23.820 0.1000000015
25964  -37.632  -52.101  -24.325 0.1000000015
16595  -33.828  -60.497  -19.245 0.3000000119
133076  -33.926  -59.479  -17.521 0.3000000119
149942  -35.515  -60.308  -19.260 0.3000000119
17651  -34.700  -59.131  -17.457 0.3000000119
19701  -35.478  -57.425  -16.582 0.4000000060
19700  -34.920  -57.800  -16.111 0.4000000060
18651  -34.467  -58.440  -16.409 0.4000000060
143226  -34.739  -58.661  -17.005 0.4000000060
21792  -38.545  -55.388  -17.128 0.4000000060
20770  -36.616  -56.308  -16.290 0.4000000060
20769  -35.906  -56.802  -16.275 0.4000000060
20773  -39.293  -55.774  -16.987 0.4000000060
23758  -40.146  -54.043  -16.755 0.3000000119
144023  -40.933  -53.871  -15.485 0.3000000119
24756  -39.057  -52.248  -14.681 0.2000000030
25819  -39.042  -51.224  -14.369 0.1000000015
26804  -37.422  -50.668  -14.841 0.1000000015
27791  -37.466  -49.668  -15.076 0.1000000015
27819  -35.194  -48.869  -18.072 0.2000000030
28798  -36.159  -48.236  -17.168 0.2000000030
28812  -35.502  -48.237  -18.599 0.1000000015
28823  -35.570  -48.264  -19.298 0.1000000015
28835  -36.254  -48.391  -20.340 0.1000000015
28836  -37.017  -48.235  -20.634 0.1000000015
26899  -37.516  -49.740  -21.699 0.1000000015
27853  -38.152  -49.231  -21.589 0.1000000015
26909  -38.733  -50.491  -22.218 0.1000000015
141208  -39.434  -49.204  -22.354 0.1000000015
28876  -40.519  -48.389  -23.384 0.1000000015
16594  -33.127  -61.043  -19.536 0.2000000030
20735  -38.057  -56.495  -14.531 0.3000000119
20746  -36.042  -56.744  -15.374 0.4000000060
20750  -40.933  -56.412  -16.962 0.3000000119
143870  -41.061  -55.996  -17.350 0.3000000119
128117  -40.682  -53.163  -14.665 0.1000000015
135661  -39.765  -50.792  -14.204 0.1000000015
24758  -40.970  -52.144  -14.072 0.1000000015
26808  -41.701  -50.187  -14.009 0.1000000015
26807  -40.637  -50.346  -14.087 0.1000000015
26806  -39.053  -50.268  -14.390 0.1000000015
27773  -38.768  -49.463  -14.700 0.1000000015
27774  -40.328  -49.549  -14.392 0.1000000015
28778  -38.583  -48.841  -15.191 0.1000000015
28786  -36.810  -48.172  -16.662 0.1000000015
29827  -35.985  -47.672  -18.978 0.1000000015
145508  -36.416  -47.502  -19.483 0.1000000015
29828  -36.913  -47.101  -19.675 0.1000000015
29871  -38.874  -48.023  -22.049 0.1000000015
15536  -32.680  -60.735  -17.251 0.2000000030
15525  -33.075  -61.107  -15.629 0.2000000030
16579  -32.821  -60.498  -16.370 0.2000000030
138489  -38.787  -56.576  -14.509 0.3000000119
20724  -37.506  -56.841  -13.827 0.3000000119
19684  -42.870  -56.860  -17.020 0.3000000119
20751  -42.106  -56.884  -16.741 0.3000000119
20753  -43.317  -56.905  -16.770 0.3000000119
139013  -43.177  -53.412  -13.843 0.2000000030
25807  -42.904  -51.686  -13.720 0.1000000015
26791  -42.301  -50.906  -13.837 0.1000000015
26809  -42.673  -50.032  -14.067 0.1000000015
27777  -42.936  -49.392  -14.542 0.1000000015
134924  -44.301  -49.621  -14.743 0.1000000015
27778  -43.690  -49.309  -14.928 0.1000000015
27802  -44.000  -49.811  -16.915 0.1000000015
28768  -41.565  -48.929  -14.833 0.1000000015
28782  -42.222  -48.879  -15.514 0.1000000015
27793  -43.550  -49.295  -15.838 0.1000000015
28792  -42.816  -49.100  -16.191 0.1000000015
139841  -44.052  -50.074  -17.871 0.1000000015
27801  -43.501  -49.615  -17.642 0.1000000015
27808  -44.574  -50.184  -18.154 0.1000000015
26869  -45.284  -50.653  -18.148 0.1000000015
27821  -45.275  -50.003  -18.470 0.1000000015
28779  -39.305  -48.562  -15.457 0.1000000015
135408  -40.112  -48.476  -15.685 0.1000000015
28791  -42.102  -48.834  -16.701 0.1000000015
28790  -41.294  -48.423  -16.650 0.1000000015
126061  -42.844  -49.201  -17.287 0.1000000015
28801  -43.174  -49.061  -18.024 0.1000000015
28815  -45.329  -48.863  -18.660 0.1000000015
136081  -38.017  -47.677  -16.543 0.1000000015
29786  -39.508  -47.962  -16.299 0.1000000015
29784  -37.348  -47.567  -16.967 0.1000000015
30795  -37.059  -46.853  -18.327 0.1000000015
30821  -37.525  -46.603  -19.944 0.1000000015
30849  -38.983  -47.077  -22.148 0.1000000015
16539  -37.779  -60.838  -13.486 0.2000000030
15492  -34.969  -60.816  -13.886 0.2000000030
16540  -38.600  -60.898  -13.572 0.3000000119
138697  -37.395  -58.099  -13.143 0.3000000119
19671  -42.820  -57.364  -16.314 0.3000000119
19662  -40.779  -57.572  -14.192 0.3000000119
18607  -40.177  -57.964  -13.633 0.3000000119
140709  -38.316  -58.078  -13.182 0.3000000119
18604  -36.456  -58.189  -13.226 0.3000000119
19686  -44.152  -57.719  -16.487 0.3000000119
18634  -43.679  -57.842  -16.427 0.3000000119
22756  -43.111  -54.322  -14.219 0.2000000030
24739  -44.427  -52.263  -13.625 0.2000000030
26792  -43.281  -50.716  -13.844 0.1000000015
144697  -40.868  -47.993  -16.965 0.1000000015
29798  -41.401  -48.033  -17.255 0.1000000015
28813  -43.756  -48.431  -18.437 0.1000000015
144321  -40.106  -46.919  -17.287 0.1000000015
30785  -41.015  -47.190  -17.459 0.1000000015
29795  -38.550  -46.724  -17.422 0.1000000015
30782  -38.764  -46.129  -18.069 0.1000000015
30796  -38.619  -45.794  -18.741 0.1000000015
31718  -38.692  -45.559  -19.594 0.1000000015
31744  -38.952  -45.837  -21.277 0.1000000015
15496  -38.339  -61.451  -13.439 0.3000000119
141058  -40.159  -59.936  -13.673 0.3000000119
18605  -38.662  -58.898  -13.201 0.3000000119
135891  -42.274  -58.145  -14.937 0.3000000119
18608  -40.823  -58.373  -13.803 0.3000000119
150590  -40.734  -59.246  -13.753 0.3000000119
18635  -44.388  -58.364  -16.593 0.3000000119
139879  -45.026  -59.135  -16.836 0.3000000119
19687  -45.471  -58.313  -16.638 0.2000000030
143158  -45.259  -55.155  -13.527 0.2000000030
133592  -44.922  -53.029  -13.558 0.2000000030
14529  -39.254  -62.175  -12.708 0.1000000015
14542  -41.599  -62.169  -14.071 0.2000000030
17608  -41.024  -60.205  -14.082 0.3000000119
16543  -41.255  -61.348  -14.661 0.3000000119
17634  -45.601  -59.873  -17.163 0.3000000119
17633  -44.737  -60.502  -16.618 0.3000000119
18620  -46.305  -58.628  -16.684 0.2000000030
18621  -47.220  -58.802  -15.878 0.2000000030
19664  -45.540  -57.541  -14.358 0.1000000015
19674  -46.308  -58.182  -14.677 0.1000000015
15499  -41.783  -62.147  -15.034 0.3000000119
16567  -44.013  -61.611  -16.308 0.3000000119
17637  -48.100  -60.352  -16.474 0.2000000030
18610  -48.374  -59.602  -15.093 0.1000000015
17622  -48.588  -60.082  -15.434 0.1000000015
16558  -47.912  -60.804  -15.650 0.1000000015
19652  -47.362  -57.795  -12.451 0.1000000015
14554  -42.975  -62.467  -15.273 0.3000000119
15528  -43.955  -62.205  -16.100 0.3000000119
141161  -47.270  -61.042  -14.718 0.1000000015
15500  -44.763  -62.135  -14.128 0.2000000030
15501  -45.313  -62.244  -14.781 0.2000000030
17595  -49.490  -59.812  -11.498 0.1000000015
130695  -48.803  -60.325  -10.090 0.1000000015
13701  -43.105  -64.252  -23.457 0.3000000119
13729  -41.930  -63.463  -26.182 0.3000000119
129825  -42.673  -63.822  -25.418 0.3000000119
11916  -39.555  -65.844  -31.917 0.2000000030
9250  -36.836  -68.306  -32.471 0.2000000030
14687  -41.513  -63.357  -27.049 0.4000000060
13795  -41.066  -64.112  -29.980 0.3000000119
13716  -43.459  -64.190  -24.568 0.4000000060
13757  -41.719  -63.818  -28.394 0.3000000119
12819  -40.618  -64.451  -30.713 0.3000000119
13702  -44.147  -64.226  -23.773 0.4000000060
142806  -42.822  -64.178  -27.345 0.4000000060
139894  -40.566  -65.052  -31.193 0.3000000119
11063  -39.580  -66.662  -32.232 0.2000000030
125985  -43.566  -64.200  -25.630 0.4000000060
12801  -41.993  -64.654  -29.594 0.4000000060
13685  -44.633  -63.864  -23.349 0.4000000060
13774  -42.344  -64.458  -28.830 0.4000000060
12839  -41.278  -65.296  -30.898 0.3000000119
10198  -39.572  -67.573  -32.461 0.3000000119
13717  -44.493  -64.226  -24.942 0.4000000060
12776  -43.753  -64.649  -27.578 0.4000000060
12821  -42.661  -65.542  -29.957 0.3000000119
128029  -41.180  -66.378  -31.629 0.4000000060
14625  -45.058  -62.952  -23.196 0.4000000060
11918  -41.808  -66.204  -31.161 0.3000000119
15609  -45.151  -61.910  -23.292 0.4000000060
12751  -45.013  -64.198  -25.687 0.4000000060
12764  -44.400  -64.547  -26.846 0.4000000060
11886  -43.720  -65.877  -29.832 0.4000000060
14645  -45.699  -62.507  -23.846 0.4000000060
12786  -44.449  -64.986  -28.295 0.4000000060
144254  -43.387  -66.381  -30.461 0.3000000119
12752  -45.544  -63.892  -25.877 0.4000000060
12765  -45.082  -64.359  -26.534 0.4000000060
12803  -44.130  -65.406  -29.134 0.4000000060
13719  -46.087  -63.347  -25.284 0.4000000060
13732  -46.197  -63.442  -26.154 0.4000000060
12778  -45.466  -64.231  -27.280 0.4000000060
138680  -44.735  -65.088  -28.859 0.4000000060
11026  -43.885  -66.875  -31.182 0.3000000119
15629  -46.041  -62.184  -24.657 0.4000000060
148430  -45.496  -64.252  -27.936 0.4000000060
11887  -44.319  -65.670  -29.821 0.3000000119
11047  -43.675  -67.114  -31.914 0.2000000030
16655  -44.757  -61.060  -24.379 0.3000000119
14657  -46.368  -62.664  -25.352 0.4000000060
15638  -46.174  -62.039  -25.569 0.4000000060
14672  -46.565  -62.571  -26.282 0.4000000060
129940  -46.109  -63.679  -27.579 0.4000000060
12788  -45.267  -64.571  -28.680 0.4000000060
11920  -44.274  -66.367  -31.053 0.2000000030
131599  -43.976  -66.791  -31.765 0.2000000030
10214  -42.181  -67.865  -33.784 0.3000000119
16668  -44.197  -60.837  -25.071 0.3000000119
15637  -45.300  -61.433  -25.055 0.3000000119
12805  -45.335  -64.391  -29.515 0.3000000119
140311  -44.263  -66.101  -31.630 0.2000000030
11921  -44.572  -65.639  -30.918 0.2000000030
11075  -43.402  -66.782  -32.869 0.2000000030
10213  -41.598  -67.916  -34.297 0.2000000030
132842  -44.376  -61.176  -26.049 0.3000000119
13747  -46.701  -63.071  -27.252 0.4000000060
12841  -44.772  -64.732  -30.748 0.1000000015
16677  -42.716  -60.440  -26.208 0.3000000119
149693  -44.101  -61.254  -26.798 0.3000000119
14688  -46.566  -62.368  -27.165 0.2000000030
13776  -46.478  -63.192  -28.753 0.2000000030
11944  -42.851  -66.343  -33.337 0.1000000015
10212  -40.634  -67.675  -34.628 0.2000000030
15676  -45.418  -61.826  -28.335 0.2000000030
15677  -46.475  -62.226  -28.060 0.2000000030
13797  -46.169  -63.231  -29.690 0.1000000015
12840  -44.347  -64.790  -31.495 0.1000000015
12861  -42.604  -65.357  -33.324 0.1000000015
145677  -41.832  -66.659  -33.972 0.1000000015
16676  -41.822  -60.195  -26.650 0.2000000030
15647  -43.386  -60.976  -26.807 0.3000000119
15662  -43.934  -61.417  -27.460 0.3000000119
16689  -42.399  -60.680  -27.232 0.3000000119
15675  -43.987  -61.607  -28.486 0.2000000030
137209  -46.558  -62.584  -29.208 0.1000000015
13815  -43.721  -64.211  -32.365 0.1000000015
11943  -42.005  -65.888  -33.750 0.1000000015
16675  -41.024  -59.910  -27.117 0.2000000030
15661  -42.951  -61.179  -27.979 0.2000000030
15690  -44.821  -61.627  -29.210 0.1000000015
15691  -46.241  -61.867  -29.115 0.1000000015
14726  -46.384  -62.441  -30.373 0.1000000015
14736  -45.371  -62.798  -31.522 0.1000000015
127139  -41.234  -65.161  -33.811 0.1000000015
135832  -39.285  -66.041  -34.451 0.1000000015
16698  -42.140  -60.766  -28.062 0.1000000015
144185  -46.594  -61.730  -30.279 0.1000000015
14743  -44.992  -62.416  -32.373 0.1000000015
13814  -43.053  -63.741  -32.957 0.1000000015
13818  -41.606  -63.666  -33.601 0.1000000015
11954  -39.881  -65.439  -34.228 0.1000000015
132785  -38.156  -65.639  -34.692 0.1000000015
15700  -46.468  -61.418  -30.239 0.1000000015
14742  -43.986  -62.665  -32.758 0.1000000015
13822  -39.828  -63.416  -34.538 0.1000000015
12871  -38.785  -64.298  -34.764 0.1000000015
14749  -42.620  -62.422  -33.675 0.1000000015
18723  -39.126  -58.769  -26.612 0.2000000030
17729  -39.689  -59.191  -27.085 0.1000000015
16688  -41.602  -60.384  -27.655 0.1000000015
16687  -40.891  -59.991  -28.123 0.1000000015
15689  -43.769  -61.423  -29.447 0.1000000015
16697  -41.606  -60.472  -28.685 0.1000000015
15699  -45.302  -61.279  -29.896 0.1000000015
127437  -46.813  -61.169  -30.875 0.1000000015
12872  -39.528  -64.306  -34.404 0.1000000015
12859  -40.954  -64.226  -33.807 0.1000000015
14741  -43.151  -62.856  -33.100 0.1000000015
15711  -46.688  -61.478  -31.355 0.1000000015
139743  -42.016  -63.759  -27.607 0.3000000119
13730  -42.779  -63.910  -26.167 0.4000000060
11917  -40.243  -65.560  -31.573 0.3000000119
13773  -41.402  -63.947  -29.193 0.3000000119
12750  -44.408  -64.389  -26.036 0.4000000060
13703  -45.058  -64.055  -24.142 0.4000000060
12802  -43.038  -65.254  -29.243 0.4000000060
13704  -45.665  -63.582  -24.510 0.4000000060
13746  -46.194  -63.564  -26.882 0.4000000060
11901  -44.421  -65.757  -30.359 0.2000000030
11065  -43.614  -66.985  -32.376 0.2000000030
143776  -46.736  -62.704  -27.004 0.3000000119
13775  -45.856  -63.871  -28.958 0.2000000030
11084  -42.068  -67.317  -33.946 0.2000000030
16678  -43.539  -60.723  -25.840 0.3000000119
15649  -46.128  -61.947  -26.484 0.3000000119
13796  -45.259  -64.047  -30.284 0.2000000030
12850  -43.871  -65.463  -32.282 0.1000000015
13760  -46.646  -63.143  -27.977 0.4000000060
15663  -45.841  -61.880  -27.412 0.2000000030
14711  -46.610  -62.542  -28.515 0.2000000030
137822  -40.339  -66.547  -34.356 0.1000000015
13811  -45.780  -63.085  -30.674 0.1000000015
12849  -43.154  -64.829  -32.859 0.1000000015
14727  -46.571  -62.220  -29.915 0.1000000015
13816  -44.382  -63.385  -32.005 0.1000000015
12860  -41.795  -64.779  -33.577 0.1000000015
17730  -40.277  -59.591  -27.577 0.1000000015
15674  -42.977  -61.313  -28.994 0.1000000015
14737  -46.309  -62.252  -31.095 0.1000000015
151838  -43.614  -63.313  -32.631 0.1000000015
11953  -38.899  -65.001  -34.536 0.1000000015
14744  -46.071  -61.985  -31.939 0.1000000015
139219  -37.373  -65.094  -35.156 0.1000000015
136705  -45.819  -60.699  -30.373 0.1000000015
16702  -42.327  -60.771  -29.385 0.1000000015
15627  -39.085  -61.797  -24.729 0.3000000119
15636  -39.174  -61.793  -25.727 0.2000000030
14669  -39.899  -62.217  -26.017 0.2000000030
127959  -38.402  -61.980  -22.706 0.4000000060
15607  -38.919  -62.017  -23.530 0.2000000030
15646  -39.239  -61.916  -26.729 0.2000000030
14620  -39.739  -62.884  -22.868 0.4000000060
14654  -39.840  -62.202  -25.071 0.2000000030
131677  -39.994  -62.360  -26.783 0.2000000030
15673  -39.067  -62.102  -28.201 0.1000000015
14685  -39.655  -62.310  -27.627 0.2000000030
14709  -39.272  -62.605  -29.389 0.1000000015
14655  -40.602  -62.608  -25.372 0.3000000119
14708  -38.512  -62.328  -29.629 0.1000000015
14698  -40.307  -62.815  -28.201 0.2000000030
13793  -38.598  -63.222  -30.750 0.1000000015
14725  -38.973  -62.808  -30.137 0.1000000015
13809  -39.106  -63.877  -31.118 0.1000000015
145790  -36.836  -64.412  -31.829 0.1000000015
12836  -37.812  -64.429  -31.738 0.1000000015
13808  -38.239  -63.748  -31.318 0.1000000015
11931  -36.792  -65.489  -32.207 0.1000000015
11914  -37.455  -65.028  -32.051 0.1000000015
14643  -40.549  -62.715  -24.347 0.3000000119
14686  -40.623  -62.799  -27.206 0.2000000030
14710  -40.005  -62.989  -29.050 0.2000000030
13771  -39.738  -63.119  -29.865 0.2000000030
11061  -37.354  -66.341  -32.350 0.1000000015
11059  -35.578  -66.757  -32.260 0.1000000015
14622  -41.117  -63.544  -23.410 0.2000000030
14644  -41.442  -63.248  -24.602 0.3000000119
144984  -39.814  -63.955  -30.814 0.2000000030
11915  -38.226  -65.295  -32.023 0.1000000015
10194  -35.343  -67.624  -32.284 0.1000000015
10195  -36.206  -67.448  -32.374 0.1000000015
137774  -41.930  -63.445  -25.322 0.3000000119
13756  -40.854  -63.355  -28.729 0.3000000119
13682  -41.617  -64.072  -22.479 0.2000000030
12838  -39.794  -64.616  -31.283 0.2000000030
134622  -38.959  -65.362  -31.866 0.1000000015
127185  -35.895  -68.275  -32.395 0.1000000015
10196  -37.113  -67.267  -32.422 0.1000000015
128930  -37.986  -67.051  -32.447 0.1000000015
8403  -35.361  -69.703  -32.582 0.1000000015
13700  -42.063  -64.073  -23.395 0.2000000030
127246  -37.831  -68.043  -32.518 0.1000000015
10197  -38.718  -67.775  -32.518 0.1000000015
7614  -35.426  -70.568  -32.890 0.1000000015
8404  -36.290  -69.674  -32.637 0.1000000015
9251  -38.689  -68.803  -32.730 0.1000000015
133005  -37.745  -69.240  -32.705 0.1000000015
9252  -39.564  -68.527  -32.737 0.1000000015
6869  -32.796  -72.051  -33.591 0.1000000015
142219  -36.029  -70.390  -32.826 0.1000000015
8405  -37.204  -69.997  -32.888 0.1000000015
138440  -38.102  -70.418  -33.266 0.1000000015
11064  -41.424  -67.263  -32.123 0.3000000119
151887  -35.898  -72.468  -33.683 0.1000000015
14621  -40.636  -63.687  -22.364 0.3000000119
14642  -39.769  -62.352  -24.023 0.3000000119
14671  -41.168  -63.034  -26.515 0.3000000119
11932  -38.136  -66.170  -32.308 0.1000000015
9249  -36.280  -68.874  -32.490 0.1000000015
13772  -40.537  -63.492  -29.547 0.2000000030
14670  -40.594  -62.627  -26.294 0.2000000030
14656  -41.275  -63.013  -25.748 0.3000000119
12837  -38.792  -64.610  -31.597 0.1000000015
151220  -34.779  -70.634  -32.969 0.1000000015
129081  -34.339  -71.197  -33.277 0.1000000015
7616  -37.565  -70.882  -33.344 0.1000000015
137081  -33.257  -70.977  -33.372 0.1000000015
7635  -36.277  -71.392  -33.302 0.1000000015
125966  -40.478  -67.435  -32.336 0.2000000030
6883  -38.245  -71.596  -34.330 0.1000000015
6121  -36.693  -72.390  -34.523 0.1000000015
7645  -38.965  -71.212  -34.734 0.2000000030
6119  -35.079  -73.165  -35.227 0.1000000015
8428  -40.368  -69.955  -33.707 0.2000000030
145089  -39.528  -70.916  -34.068 0.2000000030
6899  -37.102  -71.957  -34.737 0.2000000030
7659  -39.566  -70.683  -34.975 0.1000000015
6897  -35.696  -72.511  -35.137 0.1000000015
6900  -38.123  -71.445  -34.795 0.2000000030
7658  -38.947  -70.878  -35.178 0.1000000015
125916  -40.488  -68.343  -32.689 0.2000000030
7638  -40.061  -70.518  -34.189 0.1000000015
7656  -37.273  -71.289  -35.106 0.1000000015
7657  -38.139  -70.765  -35.227 0.1000000015
10199  -41.469  -68.137  -32.609 0.2000000030
9253  -41.287  -68.808  -33.113 0.2000000030
8443  -40.736  -69.897  -34.399 0.1000000015
8469  -38.733  -70.156  -35.340 0.1000000015
9260  -41.639  -68.814  -33.566 0.1000000015
9296  -40.627  -69.345  -34.894 0.1000000015
11045  -42.416  -67.072  -31.724 0.2000000030
10200  -42.344  -67.686  -32.456 0.2000000030
9255  -42.722  -67.644  -32.779 0.2000000030
9267  -40.302  -68.637  -34.973 0.1000000015
8444  -41.397  -69.316  -34.107 0.1000000015
11046  -43.380  -67.113  -31.616 0.2000000030
139818  -41.099  -68.642  -34.682 0.1000000015
9294  -39.134  -69.416  -35.260 0.1000000015
8407  -39.594  -69.483  -33.196 0.1000000015
8426  -38.992  -70.877  -33.713 0.1000000015
15635  -38.451  -61.398  -25.408 0.1000000015
16599  -33.808  -60.881  -20.117 0.1000000015
15495  -37.081  -61.404  -13.476 0.1000000015
14569  -33.251  -62.182  -16.837 0.1000000015
15546  -32.766  -61.511  -17.498 0.1000000015
15511  -34.329  -61.264  -14.407 0.1000000015
145087  -37.692  -61.586  -13.391 0.2000000030
135090  -36.605  -61.914  -13.523 0.1000000015
14570  -33.971  -62.722  -16.306 0.1000000015
15494  -36.318  -61.277  -13.591 0.1000000015
15512  -35.105  -61.700  -14.075 0.1000000015
14551  -34.549  -62.142  -14.653 0.1000000015
14562  -33.384  -61.976  -15.912 0.1000000015
15526  -33.756  -61.665  -15.085 0.1000000015
15485  -38.755  -61.938  -13.204 0.2000000030
14577  -33.185  -62.356  -17.726 0.1000000015
14538  -35.884  -62.068  -13.755 0.1000000015
15606  -38.030  -61.436  -23.519 0.1000000015
14533  -43.403  -62.255  -13.341 0.1000000015
137982  -43.053  -62.398  -12.420 0.1000000015
14520  -42.167  -62.459  -11.956 0.1000000015
14519  -41.290  -62.677  -11.582 0.1000000015
14532  -42.402  -62.218  -13.134 0.1000000015
14521  -43.771  -62.463  -11.913 0.1000000015
13600  -43.761  -63.261  -11.275 0.1000000015
13589  -42.420  -63.833  -10.835 0.1000000015
13599  -42.820  -63.227  -11.309 0.1000000015
13598  -41.828  -63.157  -11.165 0.1000000015
13588  -41.335  -63.815  -10.756 0.1000000015
14534  -44.059  -61.984  -12.663 0.1000000015
145964  -44.912  -65.468  -10.151 0.1000000015
13601  -44.370  -63.256  -10.989 0.1000000015
141607  -44.373  -63.986  -10.860 0.1000000015
142128  -44.040  -64.459  -10.703 0.1000000015
14522  -44.381  -62.312  -11.457 0.1000000015
13590  -43.464  -63.870  -10.926 0.1000000015
12607  -43.096  -64.482  -10.580 0.1000000015
15490  -44.590  -61.657  -13.037 0.1000000015
11684  -45.790  -64.559  -9.598 0.1000000015
13591  -45.009  -64.069  -10.603 0.1000000015
12608  -44.858  -64.744  -10.506 0.1000000015
14514  -45.091  -63.073  -10.493 0.1000000015
15480  -44.709  -61.554  -11.923 0.1000000015
22758  -45.739  -54.468  -13.439 0.1000000015
135002  -45.338  -53.776  -13.517 0.1000000015
24741  -46.372  -52.393  -13.699 0.1000000015
15477  -45.011  -61.824  -10.801 0.1000000015
16530  -45.407  -61.328  -13.378 0.1000000015
16556  -46.215  -61.646  -14.615 0.1000000015
21747  -46.113  -55.988  -13.034 0.1000000015
23712  -44.018  -53.171  -13.656 0.1000000015
22759  -46.669  -54.502  -13.285 0.1000000015
25822  -46.383  -51.086  -14.264 0.1000000015
24740  -45.447  -52.134  -13.660 0.1000000015
129625  -46.155  -51.720  -13.863 0.1000000015
12609  -45.384  -64.577  -10.211 0.1000000015
11683  -45.513  -65.249  -9.866 0.1000000015
25809  -44.777  -51.378  -13.771 0.1000000015
14531  -41.095  -62.274  -12.269 0.1000000015
14518  -40.531  -62.603  -11.660 0.1000000015
150851  -41.600  -62.152  -12.924 0.1000000015
15489  -44.134  -62.246  -13.984 0.1000000015
143757  -45.816  -52.998  -13.535 0.1000000015
144381  -43.153  -62.731  -11.751 0.1000000015
13597  -40.867  -63.159  -11.111 0.1000000015
137624  -46.202  -53.725  -13.457 0.1000000015
25810  -45.613  -51.229  -13.940 0.1000000015
19777  -37.992  -57.832  -26.601 0.1000000015
19781  -38.192  -57.655  -27.392 0.1000000015
20866  -37.153  -56.628  -26.542 0.1000000015
16651  -36.124  -60.668  -24.657 0.1000000015
16664  -36.497  -60.666  -25.416 0.1000000015
16665  -37.151  -60.807  -25.712 0.1000000015
16650  -35.105  -60.704  -24.806 0.1000000015
16663  -35.694  -60.624  -25.537 0.1000000015
16673  -36.440  -60.664  -26.235 0.1000000015
16652  -36.999  -60.769  -24.927 0.1000000015
16633  -34.746  -60.857  -24.174 0.1000000015
16634  -35.410  -60.747  -23.960 0.1000000015
16635  -36.335  -60.815  -23.703 0.1000000015
15624  -34.470  -60.979  -24.787 0.1000000015
15623  -34.039  -61.529  -24.584 0.1000000015
15602  -34.294  -61.160  -23.965 0.1000000015
9113  -40.965  -68.595  -20.476 0.1000000015
129943  -39.865  -68.554  -20.996 0.1000000015
10106  -38.015  -67.156  -24.242 0.1000000015
10968  -38.025  -66.630  -25.153 0.1000000015
10967  -37.219  -66.004  -25.120 0.1000000015
11841  -36.609  -65.379  -25.675 0.1000000015
15634  -37.729  -61.038  -25.151 0.1000000015
11859  -36.463  -65.573  -26.281 0.1000000015
11840  -36.022  -64.899  -26.002 0.1000000015
14653  -33.954  -62.086  -25.213 0.1000000015
15645  -38.540  -61.484  -26.287 0.1000000015
11858  -35.575  -65.263  -26.408 0.1000000015
12762  -34.617  -64.252  -26.327 0.1000000015
13714  -34.420  -63.574  -26.162 0.1000000015
13713  -34.233  -62.902  -25.047 0.1000000015
14641  -33.882  -62.339  -24.355 0.1000000015
15601  -33.834  -61.728  -23.720 0.1000000015
15660  -38.861  -61.844  -27.588 0.1000000015
10986  -34.617  -65.964  -26.549 0.1000000015
12761  -34.018  -63.932  -26.495 0.1000000015
13698  -34.002  -63.170  -24.061 0.1000000015
149721  -38.997  -68.558  -22.010 0.1000000015
137520  -38.564  -68.044  -23.219 0.1000000015
10099  -37.759  -67.467  -23.402 0.1000000015
16615  -35.704  -60.862  -23.042 0.1000000015
16636  -36.848  -60.825  -24.240 0.1000000015
10965  -37.472  -66.760  -24.155 0.1000000015
12749  -35.516  -64.470  -25.555 0.1000000015
12748  -34.961  -63.960  -25.747 0.1000000015
143847  -34.520  -63.409  -25.601 0.1000000015
14619  -33.625  -62.565  -23.442 0.1000000015
12736  -35.120  -64.135  -24.981 0.1000000015
12732  -34.759  -64.296  -24.105 0.1000000015
13699  -34.597  -63.645  -24.759 0.1000000015
13681  -33.622  -63.424  -23.150 0.1000000015
9101  -39.933  -68.203  -20.164 0.1000000015
9112  -39.275  -68.186  -20.639 0.1000000015
10032  -39.747  -67.777  -19.425 0.1000000015
10004  -40.234  -67.953  -18.055 0.1000000015
134080  -38.444  -68.218  -22.135 0.1000000015
10066  -38.289  -67.972  -21.361 0.1000000015
15603  -34.726  -60.948  -23.341 0.1000000015
15604  -36.680  -61.103  -22.764 0.1000000015
148226  -37.901  -67.832  -22.604 0.1000000015
137228  -34.083  -61.333  -23.262 0.1000000015
15605  -37.197  -61.092  -23.519 0.1000000015
10098  -37.068  -66.972  -23.216 0.1000000015
10964  -36.769  -66.333  -23.904 0.1000000015
11830  -36.431  -65.601  -24.595 0.1000000015
11832  -36.019  -64.943  -25.187 0.1000000015
11829  -35.713  -65.282  -24.073 0.1000000015
128322  -34.311  -64.539  -23.167 0.1000000015
12731  -34.125  -63.896  -23.634 0.1000000015
12737  -35.410  -64.621  -24.588 0.1000000015
10014  -39.553  -67.450  -18.310 0.1000000015
15583  -35.063  -60.928  -22.361 0.1000000015
10048  -39.160  -67.754  -20.026 0.1000000015
10031  -39.046  -67.302  -19.332 0.1000000015
9996  -39.555  -67.784  -16.762 0.1000000015
136261  -39.374  -67.606  -16.214 0.1000000015
15581  -33.613  -61.848  -22.753 0.1000000015
15582  -34.208  -61.237  -22.556 0.1000000015
10046  -37.938  -67.527  -20.863 0.1000000015
15625  -37.536  -61.037  -24.321 0.1000000015
10085  -37.332  -67.405  -22.536 0.1000000015
10065  -37.683  -67.664  -21.758 0.1000000015
12727  -33.717  -64.084  -22.776 0.1000000015
10963  -36.063  -65.966  -23.497 0.1000000015
11826  -35.375  -65.581  -23.044 0.1000000015
10013  -38.997  -67.052  -18.621 0.1000000015
13676  -33.409  -63.576  -22.418 0.1000000015
10084  -36.839  -66.990  -22.468 0.1000000015
10956  -36.445  -66.590  -22.914 0.1000000015
10955  -35.859  -66.148  -22.475 0.1000000015
14599  -33.275  -62.252  -21.858 0.1000000015
127047  -33.267  -61.847  -21.126 0.1000000015
13674  -33.179  -63.212  -21.690 0.1000000015
10030  -38.369  -67.252  -20.011 0.1000000015
12728  -34.031  -64.594  -22.295 0.1000000015
12724  -33.498  -64.043  -22.008 0.1000000015
144450  -37.681  -67.011  -20.378 0.1000000015
11817  -35.212  -65.658  -22.049 0.1000000015
11825  -34.684  -65.131  -22.619 0.1000000015
10064  -37.024  -67.153  -21.851 0.1000000015
10939  -36.442  -66.674  -21.925 0.1000000015
133790  -33.083  -62.499  -21.168 0.1000000015
14597  -32.957  -62.152  -20.501 0.1000000015
12714  -34.206  -64.505  -20.945 0.1000000015
12713  -33.553  -63.889  -21.209 0.1000000015
10909  -38.388  -66.775  -19.118 0.1000000015
143339  -34.819  -64.990  -20.788 0.1000000015
128168  -35.312  -65.482  -21.112 0.1000000015
11802  -34.558  -65.025  -21.619 0.1000000015
150587  -36.808  -66.861  -21.450 0.1000000015
129046  -32.947  -62.451  -19.840 0.1000000015
13673  -33.129  -63.070  -20.644 0.1000000015
12715  -34.593  -64.619  -20.156 0.1000000015
12700  -33.789  -63.976  -20.333 0.1000000015
10002  -38.958  -67.064  -17.804 0.1000000015
10938  -35.876  -66.081  -21.505 0.1000000015
127775  -37.152  -66.581  -20.288 0.1000000015
14594  -33.114  -62.690  -19.200 0.1000000015
139575  -37.724  -66.641  -19.685 0.1000000015
9063  -40.037  -68.157  -16.140 0.1000000015
9039  -40.170  -67.875  -13.418 0.1000000015
9988  -39.605  -67.627  -15.395 0.1000000015
9981  -40.168  -67.814  -14.722 0.1000000015
10100  -38.353  -67.584  -23.934 0.1000000015
11857  -34.709  -64.962  -26.505 0.1000000015
12763  -35.318  -64.556  -26.188 0.1000000015
129933  -34.144  -62.764  -25.880 0.1000000015
131975  -33.819  -61.664  -26.413 0.1000000015
10047  -38.628  -67.881  -20.705 0.1000000015
11828  -35.007  -64.944  -23.588 0.1000000015
14605  -33.322  -62.822  -22.556 0.1000000015
12725  -33.929  -64.435  -21.609 0.1000000015
10231  -18.781  -67.515  -36.805 0.1000000015
9310  -18.265  -68.009  -36.263 0.1000000015
9393  -19.530  -68.618  -41.774 0.1000000015
9374  -19.224  -68.236  -41.012 0.1000000015
10284  -20.999  -67.693  -40.730 0.1000000015
10268  -19.899  -67.462  -39.635 0.1000000015
9326  -17.823  -67.859  -38.006 0.1000000015
9415  -20.224  -68.978  -42.339 0.1000000015
7731  -21.746  -70.141  -42.968 0.1000000015
7732  -22.714  -70.400  -42.821 0.1000000015
10244  -19.615  -67.071  -37.008 0.1000000015
10232  -19.574  -67.473  -36.191 0.1000000015
9280  -19.697  -68.204  -35.577 0.1000000015
10245  -20.304  -66.776  -37.180 0.1000000015
10267  -19.149  -67.593  -39.314 0.1000000015
147938  -19.277  -67.287  -38.477 0.1000000015
128861  -19.038  -67.269  -37.709 0.1000000015
9279  -18.753  -68.421  -35.609 0.1000000015
10298  -20.901  -68.052  -41.356 0.1000000015
9342  -17.899  -68.012  -38.775 0.1000000015
9359  -18.334  -68.029  -39.469 0.1000000015
9394  -21.308  -68.365  -41.820 0.1000000015
8538  -22.268  -69.497  -42.605 0.1000000015
7733  -23.674  -70.724  -42.531 0.1000000015
133495  -26.307  -72.792  -35.440 0.1000000015
7667  -23.791  -70.847  -37.496 0.1000000015
6135  -25.937  -72.427  -36.522 0.1000000015
10218  -21.012  -67.470  -35.801 0.1000000015
9281  -20.735  -68.273  -35.561 0.1000000015
8459  -22.326  -69.219  -35.912 0.1000000015
8482  -21.971  -69.850  -36.760 0.1000000015
8484  -23.544  -70.167  -37.066 0.1000000015
10234  -21.359  -66.898  -36.159 0.1000000015
8458  -21.399  -69.162  -35.801 0.1000000015
11097  -21.036  -66.655  -36.896 0.1000000015
8456  -19.370  -69.116  -35.338 0.1000000015
10256  -20.651  -66.855  -38.639 0.1000000015
11108  -19.887  -66.883  -37.953 0.1000000015
9417  -21.800  -68.816  -42.265 0.1000000015
127091  -26.927  -73.118  -35.505 0.1000000015
6912  -25.433  -71.943  -36.841 0.1000000015
6096  -27.748  -73.121  -34.389 0.1000000015
9283  -22.813  -68.340  -35.526 0.1000000015
9284  -23.736  -68.453  -35.545 0.1000000015
8461  -24.073  -69.489  -36.169 0.1000000015
10219  -22.476  -67.359  -35.601 0.1000000015
144862  -20.571  -67.197  -39.448 0.1000000015
146997  -21.177  -67.305  -39.988 0.1000000015
10285  -21.784  -67.525  -40.486 0.1000000015
10300  -22.372  -67.801  -40.990 0.1000000015
9396  -22.950  -68.188  -41.418 0.1000000015
11110  -21.643  -66.503  -37.531 0.1000000015
6895  -24.839  -71.741  -36.755 0.1000000015
140901  -25.064  -71.378  -37.005 0.1000000015
11124  -22.259  -66.503  -38.201 0.1000000015
6911  -24.349  -71.196  -37.246 0.1000000015
11088  -23.073  -66.872  -35.829 0.1000000015
11099  -22.789  -66.565  -36.454 0.1000000015
6894  -24.025  -71.577  -36.734 0.1000000015
11113  -24.929  -66.442  -36.983 0.1000000015
10235  -26.783  -66.974  -36.076 0.1000000015
10236  -27.604  -67.149  -36.384 0.1000000015
7668  -24.999  -70.646  -36.893 0.1000000015
9285  -24.681  -68.567  -35.570 0.1000000015
10221  -24.277  -67.574  -35.471 0.1000000015
11090  -24.926  -67.010  -35.673 0.1000000015
9286  -25.990  -68.236  -35.523 0.1000000015
11101  -24.637  -66.640  -36.158 0.1000000015
11091  -25.813  -66.916  -35.905 0.1000000015
149646  -25.347  -68.159  -35.455 0.1000000015
8462  -24.872  -69.697  -36.249 0.1000000015
142183  -25.478  -68.962  -35.702 0.1000000015
8464  -27.093  -69.274  -35.962 0.1000000015
11089  -23.992  -66.935  -35.732 0.1000000015
134026  -27.162  -66.752  -36.682 0.1000000015
10223  -26.392  -67.467  -35.704 0.1000000015
6116  -26.483  -72.861  -36.393 0.1000000015
6882  -37.465  -72.047  -34.410 0.1000000015
6898  -36.409  -72.258  -34.906 0.2000000030
6956  -33.382  -70.609  -39.483 0.1000000015
7613  -34.796  -70.069  -32.702 0.1000000015
7615  -36.787  -70.663  -33.080 0.1000000015
7634  -35.288  -71.386  -33.250 0.1000000015
7637  -38.989  -71.254  -34.204 0.2000000030
7646  -39.534  -70.873  -34.502 0.2000000030
7647  -40.037  -70.435  -34.674 0.1000000015
7655  -36.247  -71.723  -35.148 0.1000000015
7700  -33.976  -70.219  -39.844 0.1000000015
8408  -40.451  -69.174  -33.181 0.2000000030
8427  -39.647  -70.398  -33.669 0.1000000015
8429  -41.065  -69.416  -33.677 0.1000000015
8455  -18.439  -69.127  -35.225 0.1000000015
8460  -23.223  -69.339  -36.060 0.1000000015
8463  -26.256  -69.155  -35.813 0.1000000015
8470  -39.477  -70.179  -35.235 0.1000000015
8471  -40.144  -70.054  -35.019 0.1000000015
8483  -22.755  -69.963  -37.015 0.1000000015
8485  -24.291  -70.407  -36.998 0.1000000015
8486  -25.638  -69.939  -36.362 0.1000000015
8506  -34.734  -69.978  -39.113 0.1000000015
8517  -34.856  -69.594  -40.082 0.1000000015
8532  -34.633  -69.285  -40.817 0.1000000015
8539  -23.224  -69.722  -42.420 0.1000000015
9053  -40.281  -67.785  -14.066 0.1000000015
9123  -38.970  -68.368  -21.387 0.1000000015
9254  -42.052  -68.317  -32.974 0.2000000030
9268  -41.194  -69.222  -34.545 0.1000000015
9269  -41.672  -68.612  -34.107 0.1000000015
9278  -17.889  -68.548  -35.770 0.1000000015
9282  -21.763  -68.143  -35.519 0.1000000015
9295  -39.931  -69.430  -35.183 0.1000000015
9311  -18.959  -67.819  -35.990 0.1000000015
9325  -17.206  -68.327  -37.558 0.1000000015
9346  -35.268  -68.776  -38.520 0.1000000015
9347  -36.215  -68.333  -39.085 0.1000000015
9364  -36.903  -67.884  -39.574 0.1000000015
9383  -36.356  -68.450  -40.277 0.1000000015
9395  -22.136  -68.286  -41.668 0.1000000015
9405  -35.350  -68.677  -41.316 0.1000000015
9416  -20.972  -68.834  -42.323 0.1000000015
9437  -33.323  -68.234  -43.077 0.1000000015
9439  -34.804  -67.803  -42.791 0.1000000015
10003  -39.523  -67.619  -17.489 0.1000000015
10184  -43.122  -67.327  -32.164 0.2000000030
10201  -43.300  -67.185  -32.391 0.2000000030
10206  -43.073  -67.192  -32.901 0.2000000030
10217  -20.247  -67.618  -35.800 0.1000000015
10220  -23.384  -67.468  -35.515 0.1000000015
10222  -25.575  -67.478  -35.573 0.1000000015
10224  -27.244  -67.549  -35.869 0.1000000015
10233  -20.411  -67.059  -36.365 0.1000000015
10251  -35.889  -66.908  -37.966 0.1000000015
10255  -18.518  -67.611  -38.486 0.1000000015
10279  -38.178  -66.846  -40.261 0.1000000015
10296  -37.508  -67.425  -40.431 0.1000000015
10299  -21.588  -67.917  -41.194 0.1000000015
10305  -37.890  -66.952  -40.837 0.1000000015
10311  -36.309  -67.277  -42.270 0.1000000015
10319  -35.268  -67.089  -43.291 0.1000000015
10321  -36.584  -66.553  -42.584 0.1000000015
10940  -37.235  -67.076  -21.068 0.1000000015
11044  -40.379  -66.504  -31.966 0.3000000119
11060  -36.481  -66.510  -32.339 0.1000000015
11062  -38.796  -66.841  -32.380 0.2000000030
11073  -42.448  -66.812  -33.669 0.2000000030
11074  -42.584  -67.325  -33.467 0.3000000119
11083  -41.329  -67.051  -34.267 0.2000000030
11087  -22.202  -66.820  -35.970 0.1000000015
11098  -21.896  -66.571  -36.650 0.1000000015
11100  -23.690  -66.610  -36.267 0.1000000015
11102  -25.458  -66.610  -36.399 0.1000000015
11109  -20.808  -66.649  -37.760 0.1000000015
11115  -26.317  -66.657  -36.514 0.1000000015
11123  -21.460  -66.640  -38.415 0.1000000015
11132  -37.756  -66.709  -39.131 0.1000000015
11135  -21.322  -66.924  -39.235 0.1000000015
11143  -38.737  -66.412  -39.891 0.1000000015
11150  -38.341  -66.348  -40.912 0.1000000015
11155  -37.214  -66.321  -42.128 0.1000000015
11159  -35.573  -66.375  -43.569 0.1000000015
11162  -37.208  -65.850  -42.156 0.1000000015
11171  -35.503  -65.719  -43.101 0.1000000015
11899  -42.268  -65.880  -30.605 0.3000000119
11900  -44.157  -66.336  -30.456 0.3000000119
11919  -42.951  -66.759  -31.053 0.2000000030
11933  -38.866  -65.992  -32.174 0.1000000015
11934  -43.369  -65.938  -32.891 0.1000000015
11935  -43.861  -66.503  -32.327 0.2000000030
11955  -41.023  -65.967  -34.052 0.1000000015
11964  -37.168  -65.921  -34.953 0.1000000015
11987  -39.787  -65.423  -39.686 0.1000000015
11993  -34.750  -65.508  -40.647 0.1000000015
11995  -36.619  -65.386  -40.983 0.1000000015
12009  -38.362  -65.868  -41.054 0.1000000015
12024  -36.288  -65.561  -41.945 0.1000000015
12037  -36.713  -65.778  -42.410 0.1000000015
12038  -37.070  -65.667  -41.995 0.1000000015
12777  -44.810  -64.672  -27.449 0.4000000060
12787  -45.064  -64.738  -28.075 0.4000000060
12804  -44.703  -65.152  -29.529 0.2000000030
12818  -39.398  -63.406  -30.523 0.1000000015
12820  -41.628  -64.916  -30.311 0.4000000060
12822  -44.775  -65.048  -30.183 0.2000000030
12870  -38.150  -64.689  -34.919 0.1000000015
12873  -40.426  -64.826  -34.003 0.1000000015
12886  -38.463  -63.996  -35.311 0.1000000015
12897  -37.495  -64.606  -36.128 0.1000000015
12907  -34.025  -64.195  -37.791 0.1000000015
12910  -38.543  -64.409  -37.272 0.1000000015
12911  -39.414  -64.235  -37.707 0.1000000015
12912  -40.351  -64.093  -38.165 0.1000000015
12927  -40.884  -64.570  -38.981 0.1000000015
12942  -34.624  -65.093  -39.157 0.1000000015
12944  -36.387  -64.617  -39.510 0.1000000015
12946  -40.917  -64.464  -39.499 0.1000000015
12966  -40.884  -64.257  -39.952 0.1000000015
12967  -41.329  -63.682  -39.867 0.1000000015
12976  -36.902  -65.466  -41.610 0.1000000015
12978  -38.244  -65.447  -40.889 0.1000000015
12993  -37.071  -65.570  -41.851 0.1000000015
12994  -37.425  -65.596  -41.561 0.1000000015
13005  -35.556  -65.658  -42.836 0.1000000015
13006  -36.365  -65.695  -42.433 0.1000000015
13677  -41.258  -63.963  -21.941 0.3000000119
13686  -45.497  -63.418  -23.831 0.4000000060
13715  -42.442  -63.865  -24.467 0.3000000119
13718  -45.323  -63.931  -25.047 0.4000000060
13720  -46.592  -62.996  -25.882 0.4000000060
13731  -43.476  -64.291  -26.638 0.4000000060
13733  -46.675  -63.012  -26.547 0.4000000060
13745  -41.149  -63.304  -27.874 0.3000000119
13758  -42.640  -64.317  -28.033 0.4000000060
13759  -45.961  -63.796  -28.278 0.4000000060
13794  -40.209  -63.687  -30.282 0.2000000030
13810  -44.934  -63.758  -31.088 0.1000000015
13819  -42.376  -63.196  -33.372 0.1000000015
13830  -38.716  -63.616  -35.939 0.1000000015
13839  -35.253  -63.699  -37.447 0.1000000015
13844  -41.658  -63.251  -38.366 0.1000000015
13868  -36.836  -63.980  -39.180 0.1000000015
13870  -39.243  -63.442  -39.999 0.1000000015
13872  -41.793  -63.341  -39.670 0.1000000015
13880  -38.548  -64.129  -40.189 0.1000000015
14553  -42.437  -62.300  -15.334 0.3000000119
14602  -40.869  -63.104  -21.076 0.5000000000
14611  -43.200  -63.076  -22.075 0.5000000000
14646  -46.079  -62.958  -24.498 0.4000000060
14696  -38.830  -62.161  -28.878 0.1000000015
14697  -39.528  -62.463  -28.575 0.2000000030
14699  -46.707  -62.559  -27.750 0.4000000060
14738  -46.655  -61.784  -30.618 0.1000000015
14751  -44.601  -61.975  -33.148 0.2000000030
14757  -40.213  -62.640  -34.830 0.2000000030
14769  -35.846  -62.366  -35.656 0.1000000015
14782  -35.319  -62.905  -36.168 0.1000000015
14785  -39.965  -62.648  -36.068 0.2000000030
14800  -37.405  -62.373  -37.735 0.1000000015
14813  -36.963  -63.008  -38.145 0.1000000015
14815  -38.528  -62.304  -38.876 0.1000000015
14817  -42.218  -62.765  -39.282 0.1000000015
14829  -41.330  -62.344  -39.799 0.1000000015
14838  -40.920  -63.036  -40.016 0.1000000015
15486  -39.406  -61.791  -13.417 0.3000000119
15493  -35.623  -61.254  -13.763 0.1000000015
15608  -44.433  -61.366  -22.942 0.5000000000
15628  -45.435  -61.604  -24.067 0.3000000119
15648  -45.418  -61.604  -25.968 0.3000000119
15692  -46.605  -62.284  -28.513 0.2000000030
15728  -46.035  -61.023  -33.122 0.1000000015
15741  -35.906  -61.416  -34.486 0.1000000015
15742  -36.777  -61.177  -34.748 0.1000000015
15744  -41.636  -61.777  -34.826 0.2000000030
15763  -41.116  -61.867  -36.026 0.2000000030
15799  -43.372  -61.408  -38.134 0.1000000015
15815  -41.316  -61.126  -39.310 0.1000000015
15816  -42.064  -60.930  -39.407 0.1000000015
15830  -41.973  -61.638  -39.605 0.1000000015
16748  -34.923  -60.329  -33.471 0.1000000015
16750  -36.931  -60.139  -33.612 0.1000000015
16763  -35.436  -60.924  -33.912 0.1000000015
16766  -37.976  -60.320  -34.656 0.1000000015
16767  -38.705  -59.960  -34.941 0.1000000015
16782  -44.932  -60.109  -36.202 0.1000000015
16795  -44.202  -60.595  -37.080 0.1000000015
16808  -39.801  -60.443  -37.536 0.1000000015
16825  -43.045  -60.584  -39.083 0.1000000015
16826  -43.425  -60.432  -38.711 0.1000000015
17603  -36.512  -59.731  -13.318 0.2000000030
17636  -47.489  -60.504  -17.174 0.2000000030
17683  -42.644  -59.987  -22.479 0.5000000000
17719  -40.564  -59.343  -25.637 0.3000000119
17787  -38.724  -59.208  -33.863 0.1000000015
17811  -41.437  -58.991  -36.171 0.1000000015
17832  -41.179  -59.668  -37.473 0.1000000015
17834  -43.104  -59.500  -38.182 0.1000000015
17835  -43.856  -59.826  -38.315 0.1000000015
17844  -42.515  -59.833  -38.499 0.1000000015
18606  -39.323  -58.203  -13.337 0.3000000119
18639  -47.993  -59.942  -16.943 0.2000000030
18768  -35.267  -58.718  -32.166 0.1000000015
18772  -38.833  -58.048  -32.984 0.1000000015
18784  -45.332  -58.107  -34.659 0.1000000015
18800  -41.469  -58.269  -34.838 0.1000000015
18804  -45.584  -58.781  -34.608 0.1000000015
18812  -42.910  -58.326  -35.981 0.1000000015
19656  -35.306  -57.778  -13.843 0.2000000030
19668  -35.580  -57.292  -14.216 0.3000000119
19780  -37.647  -57.162  -27.011 0.1000000015
19797  -34.438  -57.076  -30.884 0.1000000015
19798  -35.451  -57.078  -30.796 0.1000000015
19816  -36.007  -57.597  -31.250 0.1000000015
19817  -37.371  -57.619  -31.809 0.1000000015
19819  -45.744  -57.515  -31.645 0.1000000015
19829  -45.466  -57.130  -32.930 0.1000000015
20726  -39.093  -56.815  -14.025 0.3000000119
20732  -35.893  -56.938  -14.622 0.3000000119
20775  -41.613  -56.237  -17.243 0.3000000119
20908  -36.983  -56.242  -30.747 0.1000000015
20936  -40.649  -56.372  -32.512 0.1000000015
20945  -41.063  -56.816  -33.017 0.1000000015
20947  -42.876  -56.579  -33.399 0.1000000015
21879  -35.961  -54.483  -25.352 0.1000000015
21883  -36.609  -55.441  -26.128 0.2000000030
21943  -37.894  -55.978  -31.070 0.1000000015
21944  -38.755  -55.673  -31.354 0.1000000015
21945  -39.609  -55.443  -31.529 0.1000000015
21946  -40.461  -55.239  -31.652 0.1000000015
22793  -41.827  -55.022  -16.788 0.3000000119
22858  -35.246  -54.348  -24.311 0.2000000030
22921  -35.453  -54.545  -29.503 0.1000000015
23844  -34.976  -53.026  -24.212 0.2000000030
23911  -39.384  -53.121  -30.395 0.1000000015
24793  -38.375  -53.320  -16.601 0.3000000119
24857  -33.859  -52.282  -22.429 0.2000000030
24943  -35.950  -52.366  -28.705 0.1000000015
24958  -36.596  -53.032  -29.207 0.1000000015
24959  -37.472  -52.643  -29.503 0.1000000015
24960  -38.197  -52.337  -29.784 0.1000000015
25842  -35.721  -51.134  -16.024 0.2000000030
25844  -37.060  -51.612  -15.163 0.2000000030
25890  -34.082  -51.071  -19.008 0.3000000119
25965  -38.646  -52.037  -23.814 0.1000000015
26021  -39.114  -51.535  -30.258 0.1000000015
26030  -39.800  -51.296  -30.503 0.1000000015
26889  -34.092  -50.658  -20.635 0.2000000030
26910  -39.417  -50.539  -22.375 0.1000000015
27842  -35.902  -48.941  -20.601 0.1000000015
27851  -35.278  -49.350  -20.570 0.1000000015
27865  -39.134  -49.828  -22.169 0.1000000015
27951  -36.668  -49.719  -28.558 0.1000000015
27977  -39.493  -49.355  -30.813 0.1000000015
28003  -48.093  -49.795  -35.156 0.1000000015
28010  -45.256  -49.563  -36.021 0.1000000015
28011  -46.007  -50.125  -35.741 0.1000000015
28013  -47.837  -49.994  -35.820 0.1000000015
28020  -46.964  -50.096  -36.143 0.1000000015
28765  -39.229  -48.996  -14.865 0.1000000015
28767  -40.769  -49.073  -14.650 0.1000000015
28875  -39.921  -47.991  -23.019 0.1000000015
28932  -37.197  -48.506  -28.605 0.1000000015
28933  -37.959  -48.505  -28.911 0.1000000015
28953  -39.313  -48.445  -30.342 0.1000000015
28986  -40.686  -48.474  -31.977 0.1000000015
28989  -42.644  -49.079  -31.928 0.1000000015
29014  -43.121  -49.465  -34.006 0.1000000015
29026  -43.748  -49.373  -34.835 0.1000000015
29035  -46.859  -49.577  -36.617 0.1000000015
29048  -46.816  -48.966  -36.865 0.1000000015
29049  -47.432  -48.973  -36.739 0.1000000015
29783  -36.655  -47.773  -17.228 0.2000000030
29934  -36.628  -47.577  -28.608 0.1000000015
29951  -39.172  -47.601  -29.933 0.1000000015
29960  -39.950  -47.176  -30.773 0.1000000015
29979  -41.759  -47.798  -32.903 0.1000000015
29980  -42.017  -48.738  -33.178 0.1000000015
30012  -45.463  -48.830  -36.305 0.1000000015
30015  -48.121  -48.780  -36.226 0.1000000015
30952  -39.646  -46.470  -30.294 0.1000000015
30972  -41.574  -46.788  -32.444 0.1000000015
30998  -44.052  -46.935  -34.811 0.1000000015
31745  -39.380  -45.407  -21.676 0.1000000015
31781  -41.751  -46.371  -24.178 0.1000000015
31854  -39.138  -45.801  -29.807 0.1000000015
31872  -40.468  -45.180  -30.996 0.1000000015
31906  -44.696  -46.057  -35.159 0.1000000015
32737  -41.569  -45.060  -32.123 0.1000000015
126077  -40.781  -48.492  -15.988 0.1000000015
126474  -43.427  -64.928  -28.495 0.4000000060
126553  -37.056  -65.983  -37.867 0.1000000015
128096  -46.506  -62.097  -29.384 0.1000000015
128248  -36.849  -69.204  -32.598 0.1000000015
129486  -46.219  -59.979  -33.813 0.1000000015
129675  -39.454  -65.165  -31.659 0.2000000030
130094  -40.228  -64.688  -40.067 0.1000000015
130199  -35.151  -68.382  -32.340 0.1000000015
130267  -42.393  -63.807  -26.849 0.3000000119
131603  -34.369  -51.756  -18.586 0.3000000119
132971  -20.381  -67.559  -40.200 0.1000000015
134151  -39.621  -57.818  -33.207 0.1000000015
134293  -44.744  -61.692  -27.730 0.2000000030
134300  -36.920  -48.036  -28.560 0.1000000015
135076  -19.901  -67.173  -38.925 0.1000000015
135288  -28.664  -67.869  -36.468 0.1000000015
136176  -38.034  -47.227  -17.005 0.1000000015
136435  -45.665  -63.925  -26.553 0.4000000060
136788  -36.509  -66.119  -43.156 0.1000000015
136808  -35.645  -68.976  -32.449 0.1000000015
136881  -36.808  -49.368  -21.326 0.1000000015
136991  -33.879  -72.047  -33.513 0.1000000015
137210  -40.523  -61.045  -38.895 0.1000000015
137836  -39.521  -50.123  -30.774 0.1000000015
138685  -45.869  -44.741  -32.038 0.1000000015
138748  -40.307  -64.169  -40.177 0.1000000015
139425  -23.747  -71.164  -37.434 0.1000000015
139756  -44.908  -61.556  -26.839 0.3000000119
139807  -20.493  -68.425  -41.850 0.1000000015
139936  -49.627  -60.171  -9.908 0.1000000015
140130  -35.786  -49.916  -28.528 0.1000000015
140131  -40.066  -51.989  -30.331 0.1000000015
140338  -39.210  -45.165  -20.037 0.1000000015
140500  -42.409  -64.255  -33.271 0.1000000015
140810  -24.610  -71.074  -42.194 0.1000000015
141119  -21.739  -67.244  -35.747 0.1000000015
141642  -36.398  -54.407  -29.659 0.1000000015
141805  -42.357  -60.934  -28.651 0.1000000015
142121  -38.563  -61.566  -27.018 0.1000000015
142130  -24.964  -67.662  -35.449 0.1000000015
142636  -39.856  -50.075  -14.243 0.1000000015
143493  -40.975  -65.654  -31.295 0.3000000119
143774  -47.094  -48.599  -36.817 0.1000000015
144085  -24.469  -70.965  -37.313 0.1000000015
144536  -24.217  -66.471  -36.841 0.1000000015
145575  -36.272  -55.673  -22.836 0.4000000060
145718  -44.698  -61.860  -16.717 0.3000000119
146550  -42.225  -49.190  -32.748 0.1000000015
146838  -44.496  -65.310  -29.382 0.3000000119
146891  -43.313  -47.753  -34.392 0.1000000015
147157  -46.756  -59.841  -32.450 0.1000000015
147258  -20.122  -67.992  -41.079 0.1000000015
147789  -39.514  -67.420  -18.902 0.1000000015
148003  -44.801  -55.935  -32.156 0.1000000015
148041  -45.344  -49.862  -35.718 0.1000000015
148167  -42.003  -55.984  -17.318 0.3000000119
148695  -39.214  -45.280  -19.523 0.1000000015
149601  -49.396  -60.181  -10.584 0.1000000015
149725  -33.875  -61.955  -25.882 0.1000000015
150016  -44.367  -61.362  -29.723 0.1000000015
150222  -34.706  -52.223  -18.409 0.3000000119
150255  -18.382  -67.571  -37.610 0.1000000015
150714  -18.858  -67.939  -39.869 0.1000000015
150949  -37.596  -65.643  -32.227 0.1000000015
151302  -42.939  -66.967  -33.240 0.2000000030
151479  -25.214  -66.761  -35.948 0.1000000015
151561  -43.107  -61.104  -29.671 0.1000000015
