#!ascii label  , from subject sub-v1s23x0050555_ses-1 vox2ras=TkReg
1015
50836  14.241  -20.727  55.958 0.0000000000
48044  4.057  -24.031  42.144 0.0000000000
48857  6.879  -22.814  61.098 0.0000000000
51844  5.956  -19.765  55.210 0.0000000000
132201  2.194  -14.409  49.053 0.0000000000
49802  12.500  -21.393  61.314 0.0000000000
52869  10.039  -18.847  58.652 0.0000000000
130611  16.918  -24.185  55.141 0.0000000000
149292  14.026  -25.352  58.255 0.0000000000
43640  10.124  -27.089  60.142 0.0000000000
55904  2.381  -16.030  57.588 0.0000000000
135895  1.890  -19.265  51.459 0.0000000000
137694  0.943  -11.988  54.511 0.0000000000
46837  2.956  -24.365  57.734 0.0000000000
48926  5.798  -22.605  53.473 0.0000000000
49835  7.870  -20.908  57.618 0.0000000000
54893  5.913  -16.437  56.715 0.0000000000
49912  7.619  -21.019  48.380 0.0000000000
131843  4.733  -19.005  44.038 0.0000000000
55006  1.371  -15.563  42.339 0.0000000000
60015  5.697  -11.492  47.715 0.0000000000
151909  13.882  -20.590  58.310 0.0000000000
52876  12.794  -17.998  58.074 0.0000000000
47901  15.507  -23.339  56.183 0.0000000000
45759  14.903  -25.022  56.533 0.0000000000
47884  14.596  -23.421  57.833 0.0000000000
46818  13.729  -23.962  59.844 0.0000000000
147892  0.716  -14.308  55.757 0.0000000000
47866  4.899  -23.212  59.843 0.0000000000
132700  5.220  -22.171  58.075 0.0000000000
49810  6.739  -21.576  60.186 0.0000000000
55900  9.156  -16.708  56.661 0.0000000000
53893  8.882  -17.675  57.171 0.0000000000
46813  8.761  -24.804  61.749 0.0000000000
43643  7.818  -27.215  60.309 0.0000000000
45736  6.061  -25.072  60.989 0.0000000000
141351  3.843  -25.397  59.511 0.0000000000
49849  8.173  -21.137  54.534 0.0000000000
48953  6.771  -22.496  51.296 0.0000000000
148741  6.709  -20.314  52.257 0.0000000000
128746  0.845  -17.120  50.050 0.0000000000
51936  2.356  -19.183  47.715 0.0000000000
133247  1.886  -17.772  46.586 0.0000000000
52992  2.068  -17.957  43.301 0.0000000000
56038  1.658  -15.267  45.862 0.0000000000
48850  9.887  -22.589  62.062 0.0000000000
50799  9.260  -20.371  61.104 0.0000000000
51795  11.119  -19.105  60.595 0.0000000000
54888  11.043  -17.282  57.330 0.0000000000
135531  17.957  -25.209  53.738 0.0000000000
130497  16.385  -25.358  52.580 0.0000000000
44737  15.698  -24.799  54.178 0.0000000000
44729  13.615  -26.346  55.545 0.0000000000
44705  12.587  -26.536  59.351 0.0000000000
45730  11.372  -25.040  61.210 0.0000000000
51833  3.054  -18.245  55.923 0.0000000000
128921  3.078  -20.074  52.949 0.0000000000
53931  1.003  -17.927  54.906 0.0000000000
55971  0.917  -15.673  52.773 0.0000000000
58002  1.936  -13.440  51.384 0.0000000000
50850  15.364  -21.582  53.531 0.0000000000
45786  21.400  -25.910  52.636 0.0000000000
45754  21.907  -24.934  55.796 0.0000000000
46844  19.284  -23.698  55.221 0.0000000000
48909  17.676  -23.106  54.265 0.0000000000
45768  2.001  -24.786  55.218 0.0000000000
47925  2.730  -23.741  53.223 0.0000000000
47902  3.994  -22.982  56.007 0.0000000000
48900  6.372  -22.006  55.797 0.0000000000
130883  8.220  -19.668  56.874 0.0000000000
129957  8.799  -19.590  59.104 0.0000000000
52886  8.009  -18.487  57.262 0.0000000000
52888  5.438  -18.066  56.644 0.0000000000
53896  3.959  -16.955  56.534 0.0000000000
141178  3.870  -22.994  50.750 0.0000000000
47953  5.412  -23.138  48.364 0.0000000000
49026  5.978  -22.247  45.146 0.0000000000
51909  4.969  -20.162  49.607 0.0000000000
51960  6.511  -19.971  45.794 0.0000000000
49997  6.707  -21.228  42.055 0.0000000000
52028  4.284  -19.422  40.466 0.0000000000
53048  2.418  -18.120  39.744 0.0000000000
131174  1.536  -9.637  52.905 0.0000000000
146445  2.739  -11.574  51.412 0.0000000000
138375  4.066  -9.164  49.873 0.0000000000
59052  3.579  -13.276  47.870 0.0000000000
152657  3.714  -14.230  45.080 0.0000000000
50829  14.235  -20.941  56.959 0.0000000000
51827  13.641  -19.248  56.688 0.0000000000
51840  13.933  -20.066  55.318 0.0000000000
48899  15.133  -22.452  55.706 0.0000000000
47894  15.055  -23.289  57.100 0.0000000000
49834  14.528  -21.749  57.239 0.0000000000
49827  14.268  -21.893  58.095 0.0000000000
47044  3.541  -24.779  40.204 0.0000000000
47029  4.300  -24.248  40.414 0.0000000000
47862  6.132  -23.150  60.746 0.0000000000
48868  5.286  -22.502  59.574 0.0000000000
48861  6.372  -22.332  60.493 0.0000000000
44799  18.031  -25.982  51.134 0.0000000000
139950  7.875  -23.982  61.703 0.0000000000
45734  7.272  -25.108  61.391 0.0000000000
46816  6.519  -24.523  61.167 0.0000000000
46821  4.978  -24.522  60.248 0.0000000000
51855  7.375  -20.271  54.241 0.0000000000
138791  7.590  -20.410  53.083 0.0000000000
51871  5.916  -20.240  53.471 0.0000000000
56016  1.232  -15.743  49.303 0.0000000000
54976  1.454  -16.942  47.878 0.0000000000
131297  1.396  -16.050  47.696 0.0000000000
148902  1.834  -16.757  45.916 0.0000000000
57048  1.850  -14.817  47.197 0.0000000000
49799  11.091  -21.949  62.024 0.0000000000
49804  10.731  -21.172  61.777 0.0000000000
50796  12.246  -20.391  61.317 0.0000000000
53889  12.132  -17.513  58.054 0.0000000000
55920  10.235  -16.207  55.642 0.0000000000
45765  17.309  -24.385  54.531 0.0000000000
44736  16.673  -25.002  53.722 0.0000000000
148517  16.493  -24.588  54.552 0.0000000000
45751  14.271  -25.301  57.432 0.0000000000
45767  14.777  -25.503  55.885 0.0000000000
44713  13.933  -25.961  57.007 0.0000000000
44704  13.328  -26.237  59.048 0.0000000000
148989  13.154  -22.847  60.629 0.0000000000
46820  12.793  -24.216  60.691 0.0000000000
131191  12.049  -23.072  61.566 0.0000000000
47855  10.709  -23.668  61.913 0.0000000000
53907  2.730  -17.472  56.984 0.0000000000
52904  1.979  -18.597  55.962 0.0000000000
54914  1.278  -17.218  56.773 0.0000000000
134108  0.771  -12.930  55.030 0.0000000000
55935  0.793  -15.181  54.263 0.0000000000
57984  0.942  -13.623  53.536 0.0000000000
56997  1.346  -14.804  51.622 0.0000000000
57995  1.304  -13.318  52.722 0.0000000000
45757  19.220  -24.175  54.814 0.0000000000
46838  2.446  -24.610  57.083 0.0000000000
47903  3.307  -23.563  55.520 0.0000000000
47895  3.460  -23.583  56.524 0.0000000000
49831  5.994  -21.744  58.393 0.0000000000
48884  5.830  -21.894  57.407 0.0000000000
134514  7.502  -21.320  56.887 0.0000000000
49841  8.113  -20.871  56.591 0.0000000000
50831  8.394  -20.202  57.313 0.0000000000
50806  9.500  -19.508  60.242 0.0000000000
50807  8.720  -20.041  60.381 0.0000000000
52861  9.583  -19.153  59.026 0.0000000000
54892  7.755  -17.189  56.849 0.0000000000
52877  8.415  -18.396  57.455 0.0000000000
52878  7.171  -17.857  56.838 0.0000000000
52887  6.664  -18.121  56.836 0.0000000000
52879  5.704  -17.577  56.645 0.0000000000
147240  4.515  -17.312  56.478 0.0000000000
53895  4.555  -16.836  56.557 0.0000000000
44767  15.912  -24.884  53.177 0.0000000000
44802  15.185  -24.544  51.880 0.0000000000
43660  10.694  -27.489  58.702 0.0000000000
42565  10.102  -27.758  58.156 0.0000000000
43650  9.676  -27.510  59.495 0.0000000000
132151  6.134  -26.597  60.460 0.0000000000
43653  7.099  -27.605  59.868 0.0000000000
46826  3.543  -24.567  58.927 0.0000000000
46829  2.454  -24.847  57.906 0.0000000000
47916  4.023  -22.915  53.504 0.0000000000
143828  3.339  -23.051  51.986 0.0000000000
47922  5.088  -22.758  52.055 0.0000000000
48964  7.568  -21.774  49.996 0.0000000000
48976  5.988  -22.751  49.878 0.0000000000
48989  6.512  -22.448  47.927 0.0000000000
49015  5.618  -22.904  46.424 0.0000000000
49945  6.847  -21.604  46.503 0.0000000000
132863  2.511  -19.890  52.247 0.0000000000
130236  3.462  -20.133  52.016 0.0000000000
51905  2.658  -19.820  50.784 0.0000000000
129287  3.962  -19.336  45.935 0.0000000000
51948  4.724  -19.653  46.646 0.0000000000
51977  5.832  -19.363  44.464 0.0000000000
50954  6.910  -20.384  43.454 0.0000000000
52000  6.552  -19.857  42.940 0.0000000000
51000  5.776  -20.475  40.516 0.0000000000
52002  4.669  -18.954  42.149 0.0000000000
132636  1.405  -16.576  42.229 0.0000000000
53019  2.450  -17.937  41.218 0.0000000000
54040  2.038  -17.294  40.752 0.0000000000
61822  2.133  -8.807  51.956 0.0000000000
60912  2.196  -10.209  51.952 0.0000000000
61821  2.639  -9.367  51.622 0.0000000000
151193  5.299  -9.273  48.292 0.0000000000
60938  4.976  -10.335  49.215 0.0000000000
59994  4.522  -11.289  49.589 0.0000000000
59039  4.732  -12.067  48.348 0.0000000000
58059  3.129  -13.912  46.550 0.0000000000
58057  4.890  -13.376  46.123 0.0000000000
136681  13.491  -21.304  60.272 0.0000000000
51792  13.141  -19.718  59.825 0.0000000000
51808  13.617  -19.872  58.459 0.0000000000
47892  15.948  -24.145  55.805 0.0000000000
45758  15.571  -24.616  55.825 0.0000000000
47893  15.349  -23.897  56.703 0.0000000000
46835  14.915  -23.987  57.333 0.0000000000
46827  14.240  -24.803  58.185 0.0000000000
45744  14.076  -25.107  58.872 0.0000000000
47865  14.004  -23.414  59.195 0.0000000000
49808  13.800  -22.061  59.727 0.0000000000
136728  2.193  -14.093  57.786 0.0000000000
132199  1.386  -15.492  57.122 0.0000000000
57962  1.826  -13.191  57.509 0.0000000000
137704  1.371  -11.969  55.999 0.0000000000
135953  1.441  -11.243  55.549 0.0000000000
47868  3.862  -23.925  58.964 0.0000000000
47885  4.156  -23.087  57.724 0.0000000000
48869  4.671  -22.931  59.239 0.0000000000
49821  5.718  -21.939  59.233 0.0000000000
49820  6.575  -21.448  59.274 0.0000000000
54890  9.782  -17.304  56.970 0.0000000000
53883  9.665  -18.512  57.944 0.0000000000
54891  8.977  -17.079  56.892 0.0000000000
135356  8.005  -16.745  56.755 0.0000000000
55890  6.352  -15.865  56.716 0.0000000000
55891  5.426  -15.840  56.720 0.0000000000
44690  9.168  -26.304  61.023 0.0000000000
44697  9.305  -26.920  60.485 0.0000000000
44691  8.337  -26.138  61.169 0.0000000000
44700  6.875  -26.327  60.932 0.0000000000
44701  5.259  -26.076  60.330 0.0000000000
44702  4.363  -25.946  59.959 0.0000000000
45743  4.635  -25.286  60.098 0.0000000000
46822  4.223  -24.654  59.681 0.0000000000
48913  7.129  -22.061  54.436 0.0000000000
48939  5.840  -22.634  52.579 0.0000000000
49867  7.862  -21.687  53.235 0.0000000000
50869  7.970  -20.790  51.624 0.0000000000
51900  7.141  -20.409  50.156 0.0000000000
147950  0.885  -18.060  50.309 0.0000000000
51911  1.853  -19.179  49.221 0.0000000000
52943  1.576  -18.510  48.188 0.0000000000
52948  2.019  -18.668  47.198 0.0000000000
52964  2.368  -18.562  45.262 0.0000000000
52990  3.492  -18.701  43.701 0.0000000000
52979  1.984  -17.766  44.865 0.0000000000
54995  1.799  -16.416  44.587 0.0000000000
56044  1.742  -15.633  43.854 0.0000000000
61858  6.256  -10.231  47.395 0.0000000000
59061  6.236  -12.161  46.170 0.0000000000
60033  6.894  -11.674  45.698 0.0000000000
144479  8.506  -22.895  61.778 0.0000000000
49807  7.975  -21.653  61.202 0.0000000000
49805  9.775  -21.191  61.655 0.0000000000
51786  9.963  -19.777  60.981 0.0000000000
52859  10.687  -18.883  59.757 0.0000000000
52857  12.084  -18.795  59.891 0.0000000000
53880  11.263  -18.016  58.430 0.0000000000
53881  10.723  -18.179  58.221 0.0000000000
54902  10.259  -16.732  56.469 0.0000000000
44748  18.469  -26.189  53.407 0.0000000000
44783  17.516  -26.111  51.799 0.0000000000
44750  16.954  -25.798  53.521 0.0000000000
45766  15.279  -25.043  55.673 0.0000000000
44728  14.394  -25.801  55.266 0.0000000000
44739  13.754  -25.970  54.589 0.0000000000
43659  11.395  -27.338  58.458 0.0000000000
43639  11.061  -26.994  59.905 0.0000000000
45737  13.320  -25.205  59.934 0.0000000000
45739  11.679  -25.819  60.606 0.0000000000
45740  10.721  -25.795  61.052 0.0000000000
45731  10.472  -25.054  61.502 0.0000000000
46808  9.380  -24.110  61.921 0.0000000000
146881  4.071  -19.139  55.647 0.0000000000
51858  4.081  -20.006  54.394 0.0000000000
51859  3.271  -19.570  54.777 0.0000000000
51874  2.029  -19.245  54.177 0.0000000000
52922  1.412  -18.721  52.780 0.0000000000
137077  0.742  -16.103  54.891 0.0000000000
54942  0.891  -17.375  53.751 0.0000000000
54959  0.798  -17.155  51.907 0.0000000000
130263  0.817  -16.361  51.345 0.0000000000
57006  1.515  -15.047  50.750 0.0000000000
57021  2.082  -14.395  50.061 0.0000000000
49859  14.879  -21.607  54.349 0.0000000000
45788  20.061  -26.248  51.775 0.0000000000
46856  23.381  -24.431  54.873 0.0000000000
152915  22.833  -24.423  56.137 0.0000000000
46857  22.708  -24.967  54.489 0.0000000000
45776  21.449  -25.977  53.642 0.0000000000
45777  20.721  -26.140  53.224 0.0000000000
44747  19.366  -26.217  53.208 0.0000000000
135012  18.267  -24.602  54.200 0.0000000000
46851  18.322  -23.929  54.948 0.0000000000
47898  18.871  -23.733  55.165 0.0000000000
47900  16.940  -24.073  55.241 0.0000000000
48897  16.845  -23.606  54.932 0.0000000000
48911  15.422  -22.373  54.577 0.0000000000
47909  3.479  -23.339  54.435 0.0000000000
48915  4.930  -22.670  54.752 0.0000000000
48885  4.864  -22.511  57.351 0.0000000000
133299  5.440  -22.334  55.888 0.0000000000
128620  6.464  -22.217  54.923 0.0000000000
49850  7.317  -21.768  55.263 0.0000000000
50844  8.046  -20.523  55.389 0.0000000000
51843  7.029  -19.713  55.618 0.0000000000
49809  7.539  -21.210  60.559 0.0000000000
49819  7.346  -20.894  59.818 0.0000000000
50824  8.557  -20.010  58.733 0.0000000000
52870  9.187  -18.682  57.963 0.0000000000
140785  9.042  -19.089  58.379 0.0000000000
50823  8.613  -19.844  58.074 0.0000000000
51817  7.590  -18.737  57.128 0.0000000000
141156  6.319  -18.500  56.735 0.0000000000
51830  5.887  -19.114  56.189 0.0000000000
51820  3.701  -18.066  56.065 0.0000000000
53906  3.136  -17.499  56.521 0.0000000000
143866  3.156  -16.690  56.922 0.0000000000
137906  4.630  -15.886  56.711 0.0000000000
55892  3.820  -15.445  56.942 0.0000000000
55893  3.385  -15.494  57.176 0.0000000000
42573  8.515  -28.318  57.418 0.0000000000
43652  8.004  -27.690  59.704 0.0000000000
47934  5.361  -22.845  50.480 0.0000000000
143841  4.891  -23.244  49.075 0.0000000000
49054  4.801  -22.885  43.631 0.0000000000
51884  5.375  -20.276  52.372 0.0000000000
51895  5.654  -20.241  51.047 0.0000000000
147821  6.479  -20.338  49.120 0.0000000000
130228  4.264  -20.025  48.820 0.0000000000
51920  5.251  -20.118  48.138 0.0000000000
50920  6.887  -20.620  46.944 0.0000000000
133091  7.059  -20.768  44.920 0.0000000000
49985  6.371  -21.604  43.605 0.0000000000
48058  5.357  -23.146  41.398 0.0000000000
49098  5.912  -22.227  40.155 0.0000000000
53017  3.718  -18.657  41.835 0.0000000000
52029  3.442  -19.101  40.183 0.0000000000
136928  1.925  -10.059  54.925 0.0000000000
62845  1.862  -8.037  54.316 0.0000000000
59945  1.202  -11.038  53.251 0.0000000000
58996  1.853  -12.034  51.990 0.0000000000
59019  2.476  -13.050  50.908 0.0000000000
58023  2.586  -13.828  49.478 0.0000000000
60930  3.715  -10.360  50.832 0.0000000000
133242  3.639  -12.253  50.061 0.0000000000
58032  2.510  -14.065  48.520 0.0000000000
58060  2.564  -14.174  46.806 0.0000000000
57063  2.266  -14.602  45.246 0.0000000000
57080  2.273  -14.661  43.514 0.0000000000
57079  3.208  -14.445  43.648 0.0000000000
50837  13.937  -20.101  56.827 0.0000000000
49840  14.634  -21.646  56.310 0.0000000000
48889  14.952  -22.485  56.701 0.0000000000
138114  3.387  -24.584  42.172 0.0000000000
47030  3.856  -24.461  41.208 0.0000000000
48059  4.733  -23.814  41.126 0.0000000000
45802  18.955  -26.117  51.113 0.0000000000
47857  7.455  -23.457  61.448 0.0000000000
46815  7.305  -24.233  61.450 0.0000000000
47858  6.708  -23.655  61.171 0.0000000000
47859  6.055  -23.867  60.918 0.0000000000
51856  6.807  -20.067  54.703 0.0000000000
51870  6.661  -20.211  53.835 0.0000000000
51857  5.947  -20.113  54.296 0.0000000000
56024  1.778  -15.021  49.130 0.0000000000
56025  1.431  -15.497  48.341 0.0000000000
57049  1.548  -15.361  47.322 0.0000000000
57034  1.882  -14.758  48.122 0.0000000000
48853  11.914  -22.137  61.697 0.0000000000
49803  11.662  -21.220  61.694 0.0000000000
46853  16.481  -24.386  55.103 0.0000000000
44709  13.804  -25.842  57.874 0.0000000000
44714  13.369  -26.414  57.389 0.0000000000
44710  13.347  -26.325  58.268 0.0000000000
45749  13.783  -25.749  58.658 0.0000000000
49801  13.081  -21.568  60.878 0.0000000000
48852  12.739  -22.362  61.139 0.0000000000
54904  2.620  -16.714  57.357 0.0000000000
53916  1.807  -17.842  57.067 0.0000000000
146491  1.655  -16.502  57.308 0.0000000000
57978  0.754  -13.512  54.374 0.0000000000
134282  0.906  -12.809  54.024 0.0000000000
130420  1.116  -12.812  53.263 0.0000000000
46846  3.009  -24.035  57.025 0.0000000000
47886  3.571  -23.707  57.519 0.0000000000
49830  6.998  -21.295  58.335 0.0000000000
49836  6.857  -21.512  57.538 0.0000000000
52860  10.057  -19.019  59.554 0.0000000000
149418  6.584  -17.118  56.767 0.0000000000
53894  5.324  -16.951  56.632 0.0000000000
43649  10.483  -27.338  59.407 0.0000000000
43661  10.052  -27.656  58.930 0.0000000000
43645  5.401  -26.911  60.138 0.0000000000
43654  6.098  -27.418  59.982 0.0000000000
46828  2.963  -24.777  58.419 0.0000000000
48927  4.992  -22.708  53.901 0.0000000000
47923  4.166  -22.833  52.460 0.0000000000
48940  5.007  -22.745  52.990 0.0000000000
48974  7.584  -21.467  49.038 0.0000000000
147888  6.996  -22.112  48.670 0.0000000000
49913  7.293  -21.556  48.133 0.0000000000
49928  7.037  -21.653  47.311 0.0000000000
49927  7.372  -21.095  47.589 0.0000000000
51897  2.291  -19.597  51.555 0.0000000000
153621  2.770  -19.964  51.556 0.0000000000
51906  1.989  -19.421  50.759 0.0000000000
51963  3.270  -19.021  45.205 0.0000000000
51962  4.669  -19.185  45.082 0.0000000000
51987  5.789  -19.316  43.470 0.0000000000
52001  5.706  -19.359  42.515 0.0000000000
51988  4.715  -18.893  43.090 0.0000000000
54024  1.465  -16.379  41.066 0.0000000000
144442  1.484  -7.587  52.570 0.0000000000
62859  2.015  -8.054  51.676 0.0000000000
62858  2.626  -8.604  51.420 0.0000000000
60002  5.876  -10.815  48.002 0.0000000000
61844  5.084  -9.689  48.871 0.0000000000
60003  5.319  -11.311  48.438 0.0000000000
152735  5.268  -11.765  48.014 0.0000000000
59063  4.598  -13.077  46.926 0.0000000000
143251  5.157  -12.252  47.480 0.0000000000
49818  13.725  -21.237  59.470 0.0000000000
153259  13.415  -19.989  59.266 0.0000000000
129377  16.140  -23.765  55.550 0.0000000000
128588  14.396  -24.149  58.010 0.0000000000
131725  14.168  -24.289  58.891 0.0000000000
47874  14.285  -23.653  58.497 0.0000000000
49828  13.907  -21.215  58.605 0.0000000000
49817  13.885  -21.997  58.935 0.0000000000
59912  1.866  -11.494  56.451 0.0000000000
60874  2.117  -10.737  55.920 0.0000000000
47867  4.342  -23.657  59.402 0.0000000000
152433  4.210  -23.356  58.945 0.0000000000
48867  5.933  -21.969  59.896 0.0000000000
55888  8.193  -16.380  56.590 0.0000000000
55889  7.228  -16.019  56.645 0.0000000000
55902  6.557  -15.443  56.700 0.0000000000
45732  8.982  -25.567  61.429 0.0000000000
45733  8.145  -25.380  61.499 0.0000000000
45735  6.577  -25.254  61.151 0.0000000000
44693  6.881  -25.704  61.156 0.0000000000
45741  6.168  -25.782  60.869 0.0000000000
45742  5.495  -25.213  60.577 0.0000000000
47864  4.523  -23.948  59.870 0.0000000000
46825  4.014  -24.294  59.363 0.0000000000
143539  7.808  -21.641  54.062 0.0000000000
48912  7.235  -22.135  53.584 0.0000000000
49866  8.201  -21.190  53.712 0.0000000000
144567  7.177  -20.301  52.642 0.0000000000
50866  7.709  -20.551  52.291 0.0000000000
50870  7.602  -20.510  51.363 0.0000000000
50872  7.864  -20.742  50.995 0.0000000000
51893  7.139  -20.333  50.998 0.0000000000
150288  1.253  -18.655  49.827 0.0000000000
53959  0.932  -17.833  49.265 0.0000000000
53972  1.706  -17.603  47.257 0.0000000000
130347  1.654  -18.224  47.655 0.0000000000
52955  1.894  -18.052  46.238 0.0000000000
52954  2.077  -18.513  46.533 0.0000000000
52965  2.044  -18.354  45.808 0.0000000000
133677  2.047  -18.133  45.251 0.0000000000
52966  1.944  -17.862  45.572 0.0000000000
130533  1.753  -15.887  45.867 0.0000000000
54990  1.820  -16.342  45.328 0.0000000000
136230  1.690  -16.549  43.810 0.0000000000
131705  1.764  -15.498  44.953 0.0000000000
61859  5.695  -9.298  47.673 0.0000000000
60965  6.737  -10.742  46.607 0.0000000000
60022  6.622  -11.388  46.461 0.0000000000
60021  7.127  -11.073  45.903 0.0000000000
48851  9.142  -22.741  61.944 0.0000000000
48855  8.595  -22.206  61.638 0.0000000000
48854  9.402  -21.988  61.870 0.0000000000
51785  10.754  -19.701  61.134 0.0000000000
50798  10.274  -20.436  61.385 0.0000000000
51796  10.310  -19.255  60.435 0.0000000000
51803  12.664  -19.052  59.574 0.0000000000
52867  12.189  -18.458  59.114 0.0000000000
53879  11.819  -17.944  58.545 0.0000000000
53890  11.466  -17.547  57.982 0.0000000000
53891  10.892  -17.660  57.783 0.0000000000
54889  10.434  -17.380  57.147 0.0000000000
138978  10.585  -17.036  56.787 0.0000000000
44734  18.177  -25.846  53.847 0.0000000000
44749  17.632  -26.126  53.517 0.0000000000
44735  17.416  -25.536  53.699 0.0000000000
44726  16.086  -24.732  54.347 0.0000000000
44718  14.140  -26.017  56.151 0.0000000000
44738  14.716  -25.259  54.474 0.0000000000
44730  12.806  -26.905  55.812 0.0000000000
44711  12.767  -26.778  58.627 0.0000000000
43647  12.051  -27.068  58.948 0.0000000000
43648  11.272  -27.193  59.202 0.0000000000
44706  11.833  -26.798  59.629 0.0000000000
46824  13.801  -24.615  59.486 0.0000000000
46819  13.369  -24.420  60.136 0.0000000000
46810  11.986  -24.101  61.304 0.0000000000
45729  12.242  -24.946  60.781 0.0000000000
46811  11.031  -24.318  61.616 0.0000000000
47851  10.348  -23.118  62.077 0.0000000000
46807  10.052  -23.726  62.017 0.0000000000
47852  9.619  -23.302  62.035 0.0000000000
47853  8.888  -23.439  61.925 0.0000000000
134718  3.150  -18.740  55.438 0.0000000000
51846  3.540  -19.147  55.277 0.0000000000
51847  2.837  -19.087  55.027 0.0000000000
133424  1.549  -18.568  55.404 0.0000000000
51861  2.121  -18.979  55.072 0.0000000000
52911  1.523  -18.735  54.573 0.0000000000
52916  1.552  -18.811  53.735 0.0000000000
132032  1.121  -18.249  54.068 0.0000000000
56954  1.001  -14.353  56.721 0.0000000000
55912  0.930  -16.115  56.163 0.0000000000
128597  0.776  -15.050  56.059 0.0000000000
135784  0.928  -15.241  53.347 0.0000000000
138592  0.819  -16.124  53.755 0.0000000000
54951  0.832  -16.658  52.837 0.0000000000
130369  0.905  -17.719  52.802 0.0000000000
55985  0.855  -16.089  52.056 0.0000000000
58003  1.413  -13.928  52.001 0.0000000000
56996  1.748  -14.199  51.092 0.0000000000
56001  1.616  -15.251  49.957 0.0000000000
50851  14.604  -20.967  53.967 0.0000000000
50858  15.746  -21.197  52.788 0.0000000000
45799  21.219  -25.632  51.767 0.0000000000
46872  20.955  -25.278  51.013 0.0000000000
45800  20.532  -25.928  51.417 0.0000000000
45787  20.595  -26.171  52.262 0.0000000000
131665  21.652  -24.479  56.302 0.0000000000
46831  22.038  -24.105  56.946 0.0000000000
46840  22.324  -24.515  56.268 0.0000000000
46850  22.666  -24.751  55.556 0.0000000000
45770  22.030  -25.269  55.021 0.0000000000
45775  22.094  -25.522  54.057 0.0000000000
45771  21.380  -25.611  54.547 0.0000000000
44722  19.983  -25.493  54.217 0.0000000000
44732  19.948  -26.061  53.744 0.0000000000
144505  18.278  -24.095  54.716 0.0000000000
48895  19.248  -22.952  55.535 0.0000000000
48896  18.138  -23.670  54.918 0.0000000000
49858  16.185  -22.238  53.680 0.0000000000
153358  15.376  -22.010  53.981 0.0000000000
46858  2.435  -24.331  54.589 0.0000000000
139080  4.042  -22.950  55.121 0.0000000000
47908  4.259  -22.867  54.346 0.0000000000
48878  4.547  -22.806  58.391 0.0000000000
48890  6.631  -21.728  56.697 0.0000000000
48891  5.629  -22.122  56.562 0.0000000000
48901  5.635  -22.393  55.207 0.0000000000
50838  8.195  -20.393  56.276 0.0000000000
132087  8.142  -21.037  55.478 0.0000000000
51828  7.974  -19.945  55.962 0.0000000000
51842  7.619  -20.190  55.088 0.0000000000
50800  8.322  -20.817  60.867 0.0000000000
51798  8.617  -19.830  59.779 0.0000000000
50808  8.030  -20.473  60.206 0.0000000000
50816  8.144  -20.248  59.507 0.0000000000
150989  8.450  -17.912  57.142 0.0000000000
51809  8.775  -19.157  58.209 0.0000000000
51816  8.398  -19.309  57.683 0.0000000000
51818  5.277  -18.488  56.487 0.0000000000
51831  4.634  -18.827  56.091 0.0000000000
51819  4.465  -18.201  56.306 0.0000000000
52880  3.674  -17.380  56.412 0.0000000000
53897  3.355  -17.104  56.645 0.0000000000
54895  3.669  -16.569  56.679 0.0000000000
44766  16.987  -26.084  52.477 0.0000000000
44784  16.926  -25.711  51.911 0.0000000000
42566  9.246  -27.899  58.800 0.0000000000
42572  9.249  -28.056  57.827 0.0000000000
44698  8.497  -26.785  60.685 0.0000000000
43642  8.647  -27.323  60.152 0.0000000000
45760  2.163  -24.653  56.135 0.0000000000
47930  3.254  -23.127  51.186 0.0000000000
47936  3.215  -23.293  50.422 0.0000000000
47944  3.338  -23.445  49.633 0.0000000000
48938  6.668  -22.497  52.191 0.0000000000
48954  5.936  -22.673  51.691 0.0000000000
48966  6.036  -22.739  50.827 0.0000000000
154100  5.495  -22.998  49.219 0.0000000000
47954  4.359  -23.409  48.550 0.0000000000
49003  4.900  -23.273  46.735 0.0000000000
138876  5.499  -22.750  45.666 0.0000000000
49027  4.835  -22.920  44.953 0.0000000000
49041  4.533  -23.013  44.226 0.0000000000
49040  5.533  -22.378  44.194 0.0000000000
51872  4.156  -20.143  53.465 0.0000000000
149060  5.176  -20.232  53.094 0.0000000000
51885  4.368  -20.194  52.581 0.0000000000
51903  4.616  -20.168  50.549 0.0000000000
51896  4.728  -20.200  51.643 0.0000000000
51902  5.703  -20.233  50.163 0.0000000000
142572  6.493  -20.308  49.786 0.0000000000
51908  5.841  -20.239  49.382 0.0000000000
51922  2.174  -19.354  48.562 0.0000000000
130789  3.011  -19.842  49.114 0.0000000000
51921  3.137  -19.726  48.255 0.0000000000
51947  5.775  -19.814  46.379 0.0000000000
51935  4.979  -19.887  47.357 0.0000000000
51934  5.842  -20.095  47.275 0.0000000000
51933  6.579  -20.462  47.508 0.0000000000
51946  6.434  -20.238  46.651 0.0000000000
143476  7.044  -20.730  45.780 0.0000000000
142130  6.970  -20.225  45.312 0.0000000000
50969  6.811  -20.529  42.494 0.0000000000
49984  6.827  -21.075  42.996 0.0000000000
49998  6.198  -21.898  42.578 0.0000000000
137581  6.299  -21.908  41.588 0.0000000000
48075  5.487  -23.166  40.513 0.0000000000
49097  6.291  -21.904  40.889 0.0000000000
52027  5.254  -19.732  40.795 0.0000000000
52044  3.858  -19.928  39.837 0.0000000000
52991  2.769  -18.339  43.130 0.0000000000
53004  3.683  -18.605  42.714 0.0000000000
53005  2.911  -18.328  42.359 0.0000000000
53033  2.546  -18.002  40.385 0.0000000000
53032  3.045  -18.448  40.701 0.0000000000
52030  2.795  -18.727  39.889 0.0000000000
151299  2.502  -19.210  39.426 0.0000000000
143506  1.684  -8.630  53.776 0.0000000000
135952  1.573  -9.381  53.653 0.0000000000
60899  1.325  -10.283  53.481 0.0000000000
59958  1.451  -11.491  52.648 0.0000000000
60913  1.576  -10.441  52.588 0.0000000000
59972  2.481  -10.896  51.769 0.0000000000
154357  2.224  -11.589  51.774 0.0000000000
59007  2.363  -12.219  51.441 0.0000000000
59018  2.990  -12.321  50.829 0.0000000000
61846  3.772  -8.398  49.314 0.0000000000
61836  3.643  -8.623  50.044 0.0000000000
61828  3.767  -9.419  50.534 0.0000000000
153035  3.456  -8.883  50.664 0.0000000000
60929  4.186  -10.055  50.218 0.0000000000
59040  3.975  -12.697  48.483 0.0000000000
59030  4.188  -12.016  49.235 0.0000000000
150791  3.465  -13.184  48.515 0.0000000000
58022  3.092  -13.478  48.969 0.0000000000
58031  3.003  -13.683  48.095 0.0000000000
58045  2.369  -14.263  47.495 0.0000000000
58044  3.047  -13.798  47.310 0.0000000000
58071  3.207  -14.149  45.673 0.0000000000
57069  2.936  -14.426  44.817 0.0000000000
57070  2.239  -14.688  44.365 0.0000000000
132668  2.794  -14.493  44.149 0.0000000000
59076  5.770  -13.015  45.817 0.0000000000
50830  13.941  -20.338  57.659 0.0000000000
51826  13.885  -19.868  56.116 0.0000000000
51841  13.648  -19.212  55.772 0.0000000000
48883  14.656  -22.584  57.579 0.0000000000
48876  14.216  -22.818  58.473 0.0000000000
50821  14.154  -21.104  57.806 0.0000000000
47053  4.195  -24.213  39.644 0.0000000000
48092  4.488  -23.469  39.134 0.0000000000
47863  5.404  -23.687  60.366 0.0000000000
48862  5.607  -22.763  60.189 0.0000000000
46814  7.969  -24.620  61.700 0.0000000000
46817  5.745  -24.478  60.744 0.0000000000
50853  7.916  -20.508  54.609 0.0000000000
50861  7.742  -20.460  53.804 0.0000000000
51869  7.213  -20.276  53.422 0.0000000000
51883  6.546  -20.277  52.963 0.0000000000
54970  0.966  -16.663  49.368 0.0000000000
148430  1.154  -17.149  48.609 0.0000000000
132160  1.174  -16.284  48.527 0.0000000000
130582  1.846  -17.145  46.549 0.0000000000
53976  1.885  -17.543  45.999 0.0000000000
54985  1.746  -16.280  46.505 0.0000000000
56034  1.631  -15.575  46.520 0.0000000000
57058  1.658  -15.057  46.560 0.0000000000
48849  10.568  -22.483  62.072 0.0000000000
49800  10.248  -21.885  62.009 0.0000000000
50797  11.239  -20.399  61.484 0.0000000000
51784  11.645  -19.635  61.164 0.0000000000
151027  12.518  -17.537  57.747 0.0000000000
54901  11.645  -16.954  56.869 0.0000000000
54912  11.201  -16.692  56.437 0.0000000000
54913  10.627  -16.579  56.308 0.0000000000
54922  11.029  -16.411  55.869 0.0000000000
44725  17.063  -24.833  53.820 0.0000000000
143863  14.402  -25.571  56.620 0.0000000000
48859  13.566  -22.834  60.117 0.0000000000
47861  13.331  -23.568  60.309 0.0000000000
47854  12.744  -23.363  61.017 0.0000000000
141229  11.399  -23.607  61.703 0.0000000000
47850  11.193  -22.864  62.002 0.0000000000
140746  2.813  -17.919  56.499 0.0000000000
51848  2.544  -18.654  55.584 0.0000000000
146037  2.199  -18.164  56.639 0.0000000000
53923  1.372  -18.064  56.218 0.0000000000
54923  0.885  -17.079  55.597 0.0000000000
130920  0.662  -13.882  55.061 0.0000000000
56961  0.669  -14.680  55.094 0.0000000000
56968  0.755  -14.248  54.269 0.0000000000
56974  0.942  -14.527  53.445 0.0000000000
56987  1.113  -14.784  52.565 0.0000000000
145426  1.104  -14.038  52.822 0.0000000000
57994  1.797  -13.002  52.091 0.0000000000
146987  21.395  -24.727  55.853 0.0000000000
45756  20.058  -24.336  55.018 0.0000000000
46843  20.038  -23.865  55.607 0.0000000000
46854  2.603  -24.204  55.426 0.0000000000
46847  2.804  -24.081  56.279 0.0000000000
49842  7.474  -21.491  56.121 0.0000000000
51797  9.028  -19.511  59.802 0.0000000000
51804  9.150  -19.361  59.095 0.0000000000
129649  7.676  -17.691  56.858 0.0000000000
52889  4.765  -17.780  56.478 0.0000000000
44785  15.337  -24.729  52.719 0.0000000000
45747  3.174  -25.230  59.001 0.0000000000
45752  1.951  -25.180  57.622 0.0000000000
147823  1.882  -25.065  56.797 0.0000000000
47917  3.255  -23.386  53.607 0.0000000000
47924  3.331  -23.178  52.847 0.0000000000
47929  4.233  -22.856  51.458 0.0000000000
48952  7.479  -22.022  50.896 0.0000000000
48965  6.850  -22.417  50.388 0.0000000000
48975  6.960  -22.267  49.464 0.0000000000
48990  6.247  -22.676  48.911 0.0000000000
49002  5.614  -23.048  47.313 0.0000000000
49001  6.376  -22.357  46.914 0.0000000000
49014  6.217  -22.207  46.050 0.0000000000
51886  2.355  -19.652  52.997 0.0000000000
138595  3.613  -20.094  51.160 0.0000000000
51904  3.496  -20.063  50.436 0.0000000000
51949  3.508  -19.405  46.709 0.0000000000
128761  3.275  -19.535  47.453 0.0000000000
131743  5.029  -19.519  45.897 0.0000000000
51961  5.853  -19.561  45.421 0.0000000000
51976  6.607  -19.799  44.876 0.0000000000
51986  6.604  -19.786  43.921 0.0000000000
50984  6.613  -20.626  41.638 0.0000000000
50999  6.357  -20.743  40.990 0.0000000000
52013  6.420  -19.939  42.011 0.0000000000
52014  5.533  -19.500  41.615 0.0000000000
52015  4.537  -19.117  41.267 0.0000000000
54008  1.819  -17.569  42.568 0.0000000000
53006  2.319  -17.993  42.042 0.0000000000
54023  1.798  -17.345  41.680 0.0000000000
150902  1.735  -8.273  52.436 0.0000000000
61814  1.948  -9.507  52.196 0.0000000000
60923  2.730  -10.144  51.619 0.0000000000
59971  3.111  -10.686  51.378 0.0000000000
149830  4.372  -8.990  49.164 0.0000000000
61835  4.585  -9.802  49.566 0.0000000000
60939  4.615  -10.589  49.704 0.0000000000
59993  5.009  -10.973  49.125 0.0000000000
59051  4.281  -12.802  47.713 0.0000000000
58043  3.763  -13.454  47.129 0.0000000000
58058  3.964  -13.669  46.342 0.0000000000
58070  4.236  -13.864  45.573 0.0000000000
50795  13.030  -20.760  60.962 0.0000000000
50804  13.169  -20.231  60.436 0.0000000000
51802  13.117  -19.385  59.037 0.0000000000
52875  13.249  -18.953  58.242 0.0000000000
51815  13.662  -19.492  57.564 0.0000000000
52885  13.294  -18.567  57.394 0.0000000000
46845  15.182  -24.387  56.638 0.0000000000
46836  14.631  -24.618  57.397 0.0000000000
132158  13.889  -23.868  59.526 0.0000000000
48866  13.916  -22.659  59.263 0.0000000000
48858  13.788  -22.873  59.714 0.0000000000
153832  13.669  -22.237  60.027 0.0000000000
139466  13.296  -22.170  60.486 0.0000000000
55894  2.828  -15.484  57.572 0.0000000000
153024  2.066  -15.481  57.655 0.0000000000
56948  1.847  -14.810  57.621 0.0000000000
131783  1.459  -13.937  57.342 0.0000000000
57966  1.132  -13.332  56.737 0.0000000000
58968  2.073  -12.175  57.271 0.0000000000
58972  1.443  -12.436  56.704 0.0000000000
57972  0.832  -13.577  55.881 0.0000000000
134109  1.048  -12.700  55.959 0.0000000000
137695  1.036  -12.004  55.340 0.0000000000
59927  1.058  -11.347  54.930 0.0000000000
47876  3.454  -24.164  58.358 0.0000000000
47875  3.945  -23.519  58.354 0.0000000000
48877  5.159  -22.253  58.842 0.0000000000
49829  7.662  -20.739  58.814 0.0000000000
53882  10.208  -18.352  58.001 0.0000000000
53892  9.689  -17.777  57.338 0.0000000000
143962  6.966  -16.485  56.712 0.0000000000
44689  10.012  -26.431  60.796 0.0000000000
44699  7.664  -26.615  60.854 0.0000000000
44692  7.532  -25.915  61.218 0.0000000000
46823  3.758  -24.819  59.242 0.0000000000
139480  6.504  -22.393  53.903 0.0000000000
48925  6.567  -22.467  53.080 0.0000000000
48924  7.343  -22.165  52.704 0.0000000000
48937  7.431  -22.147  51.793 0.0000000000
49870  8.184  -21.210  52.966 0.0000000000
49871  7.949  -21.574  52.312 0.0000000000
49879  7.878  -21.558  51.396 0.0000000000
49888  7.889  -21.371  50.573 0.0000000000
49900  7.902  -21.120  49.762 0.0000000000
50881  7.627  -20.738  49.712 0.0000000000
52933  1.449  -18.884  50.753 0.0000000000
134362  1.734  -19.060  49.928 0.0000000000
51923  1.734  -18.871  48.526 0.0000000000
53965  1.291  -17.946  48.170 0.0000000000
51937  1.842  -18.709  47.814 0.0000000000
51950  2.539  -19.036  46.942 0.0000000000
51964  2.680  -18.952  46.038 0.0000000000
149961  3.741  -18.935  44.501 0.0000000000
51978  2.805  -18.697  44.539 0.0000000000
132263  2.442  -18.358  43.920 0.0000000000
53988  1.957  -17.838  44.088 0.0000000000
53982  1.879  -17.196  45.235 0.0000000000
53989  1.823  -17.226  44.326 0.0000000000
53997  1.637  -17.174  43.348 0.0000000000
55000  1.475  -16.119  43.085 0.0000000000
56049  1.570  -15.290  43.053 0.0000000000
60955  5.721  -9.988  48.231 0.0000000000
60014  6.291  -11.106  47.250 0.0000000000
60023  5.974  -11.829  46.978 0.0000000000
149624  4.119  -23.731  42.896 0.0000000000
48856  7.790  -22.613  61.438 0.0000000000
49806  8.856  -21.365  61.415 0.0000000000
53875  10.483  -18.771  58.812 0.0000000000
50805  12.821  -19.989  60.971 0.0000000000
51794  11.920  -19.096  60.622 0.0000000000
151517  12.336  -18.007  58.564 0.0000000000
52868  11.622  -18.494  59.106 0.0000000000
52858  11.390  -18.770  59.890 0.0000000000
53874  11.044  -18.610  58.991 0.0000000000
54885  10.327  -17.765  57.516 0.0000000000
54903  9.954  -16.941  56.668 0.0000000000
55899  9.425  -16.543  56.459 0.0000000000
44764  18.883  -26.320  52.562 0.0000000000
44765  17.852  -26.273  52.678 0.0000000000
137078  17.158  -26.146  53.094 0.0000000000
135779  16.605  -25.760  53.059 0.0000000000
44753  14.218  -25.220  53.940 0.0000000000
137908  15.805  -24.754  55.073 0.0000000000
44727  15.198  -25.124  54.978 0.0000000000
131747  13.065  -26.541  55.001 0.0000000000
43665  11.393  -27.445  57.701 0.0000000000
45745  13.622  -25.511  59.292 0.0000000000
45746  13.051  -25.958  59.712 0.0000000000
132440  12.901  -24.874  60.383 0.0000000000
45738  12.603  -25.531  60.253 0.0000000000
44694  12.281  -26.267  60.020 0.0000000000
44695  11.560  -26.500  60.148 0.0000000000
44696  10.856  -26.443  60.453 0.0000000000
134760  9.835  -25.713  61.292 0.0000000000
133370  9.612  -24.956  61.686 0.0000000000
46812  10.210  -24.324  61.814 0.0000000000
46809  8.506  -24.080  61.845 0.0000000000
47856  8.163  -23.419  61.750 0.0000000000
130024  4.860  -19.400  55.585 0.0000000000
128924  5.025  -19.914  54.781 0.0000000000
51845  4.061  -19.573  55.173 0.0000000000
128922  3.024  -19.858  53.922 0.0000000000
51860  2.564  -19.351  54.452 0.0000000000
51873  2.379  -19.481  53.710 0.0000000000
51898  2.003  -19.406  52.323 0.0000000000
52929  1.458  -18.843  51.778 0.0000000000
54931  0.808  -16.896  54.546 0.0000000000
55924  0.714  -15.412  55.267 0.0000000000
53952  0.920  -18.129  51.278 0.0000000000
128917  0.771  -17.117  50.900 0.0000000000
152470  1.086  -15.358  52.080 0.0000000000
136292  1.075  -15.583  51.385 0.0000000000
148673  0.973  -16.052  50.396 0.0000000000
50843  14.323  -20.894  54.874 0.0000000000
51868  14.355  -20.442  53.435 0.0000000000
44781  19.350  -26.280  51.791 0.0000000000
46849  23.461  -24.190  55.899 0.0000000000
46861  22.074  -25.511  53.044 0.0000000000
44746  20.086  -26.203  52.948 0.0000000000
44763  19.749  -26.298  52.404 0.0000000000
45764  19.328  -24.686  54.365 0.0000000000
44724  18.711  -25.229  53.928 0.0000000000
46852  17.498  -24.156  54.889 0.0000000000
47891  19.663  -23.309  55.969 0.0000000000
47899  17.848  -23.931  54.961 0.0000000000
48898  15.843  -23.165  55.170 0.0000000000
48910  16.506  -23.002  54.254 0.0000000000
49848  14.699  -21.638  55.289 0.0000000000
47910  2.905  -23.837  54.827 0.0000000000
135658  4.084  -23.040  56.922 0.0000000000
48892  4.787  -22.597  56.380 0.0000000000
48902  4.796  -22.641  55.561 0.0000000000
48914  5.830  -22.494  54.369 0.0000000000
153456  6.470  -22.321  54.416 0.0000000000
49860  7.796  -21.512  54.766 0.0000000000
147142  8.148  -20.789  54.847 0.0000000000
48860  7.129  -21.958  60.927 0.0000000000
150188  8.307  -20.336  58.095 0.0000000000
51829  7.299  -19.253  56.572 0.0000000000
51832  3.795  -18.646  55.778 0.0000000000
52890  4.028  -17.733  56.295 0.0000000000
51821  3.336  -17.760  56.259 0.0000000000
54896  3.055  -16.106  57.183 0.0000000000
140569  4.980  -16.419  56.632 0.0000000000
143891  4.253  -16.473  56.624 0.0000000000
54894  3.991  -15.998  56.753 0.0000000000
138400  3.490  -16.077  56.864 0.0000000000
56944  3.077  -14.735  57.641 0.0000000000
44800  17.443  -25.582  51.417 0.0000000000
45816  17.182  -24.729  51.123 0.0000000000
133172  16.358  -24.898  52.149 0.0000000000
43641  9.335  -27.356  60.010 0.0000000000
43651  8.863  -27.656  59.559 0.0000000000
42558  8.279  -28.029  59.070 0.0000000000
152917  2.693  -23.451  51.649 0.0000000000
47928  5.226  -22.800  51.195 0.0000000000
47935  4.623  -22.917  50.635 0.0000000000
143285  4.935  -23.033  49.826 0.0000000000
47943  4.029  -23.155  50.105 0.0000000000
137673  4.168  -23.322  49.351 0.0000000000
47955  3.487  -23.534  48.829 0.0000000000
49016  4.765  -23.175  45.908 0.0000000000
134392  4.745  -23.359  42.267 0.0000000000
128923  5.098  -20.162  53.897 0.0000000000
152233  5.860  -20.291  52.837 0.0000000000
133425  6.132  -20.316  52.296 0.0000000000
153295  5.709  -20.290  51.782 0.0000000000
51894  6.457  -20.301  51.542 0.0000000000
51901  6.473  -20.279  50.607 0.0000000000
50882  7.080  -20.473  49.320 0.0000000000
50896  7.433  -20.762  48.782 0.0000000000
130826  2.154  -19.493  50.006 0.0000000000
136606  2.803  -19.897  49.911 0.0000000000
51910  3.871  -20.070  49.751 0.0000000000
128920  4.191  -19.905  47.874 0.0000000000
129878  5.288  -20.157  48.932 0.0000000000
51919  5.983  -20.266  48.671 0.0000000000
51918  6.775  -20.488  48.456 0.0000000000
50907  7.189  -20.793  47.812 0.0000000000
49944  7.204  -21.131  46.875 0.0000000000
49958  6.785  -21.417  45.596 0.0000000000
49971  6.549  -21.504  44.569 0.0000000000
50941  7.003  -20.234  44.406 0.0000000000
49970  6.909  -20.861  43.989 0.0000000000
134416  5.643  -22.318  43.370 0.0000000000
49067  5.225  -22.774  42.853 0.0000000000
48076  4.930  -23.791  39.999 0.0000000000
48091  5.287  -22.942  39.596 0.0000000000
53018  2.996  -18.333  41.547 0.0000000000
52016  3.672  -18.766  40.968 0.0000000000
52045  2.893  -19.678  39.528 0.0000000000
136584  2.408  -10.093  55.516 0.0000000000
136883  1.340  -10.740  54.913 0.0000000000
61807  2.059  -9.120  54.369 0.0000000000
60891  1.511  -10.136  54.285 0.0000000000
59936  1.096  -11.046  54.160 0.0000000000
141949  1.082  -11.920  53.475 0.0000000000
58997  1.414  -12.413  52.674 0.0000000000
59957  1.925  -11.108  52.121 0.0000000000
154438  2.127  -13.734  50.752 0.0000000000
58012  2.496  -13.621  50.254 0.0000000000
60931  3.249  -9.629  51.177 0.0000000000
59985  3.535  -11.418  50.776 0.0000000000
59984  4.182  -10.922  50.299 0.0000000000
58011  3.086  -13.114  50.021 0.0000000000
57057  2.081  -14.589  46.661 0.0000000000
131169  1.871  -14.796  45.942 0.0000000000
58072  2.451  -14.346  46.128 0.0000000000
57064  1.765  -14.978  45.312 0.0000000000
134027  1.874  -14.925  44.625 0.0000000000
57071  1.864  -14.952  43.876 0.0000000000
57081  1.741  -14.957  43.164 0.0000000000
59062  5.452  -12.635  46.598 0.0000000000
147803  3.657  -14.354  44.355 0.0000000000
150649  1.371  -15.096  41.760 0.0000000000
47860  13.708  -23.429  59.793 0.0000000000
49082  5.945  -22.553  41.062 0.0000000000
49878  8.176  -20.927  52.345 0.0000000000
49887  8.075  -21.043  51.100 0.0000000000
49899  7.933  -20.870  50.430 0.0000000000
49957  7.082  -20.785  46.514 0.0000000000
50013  6.498  -21.296  41.263 0.0000000000
50815  13.506  -20.439  59.802 0.0000000000
50822  13.596  -20.551  58.998 0.0000000000
50852  8.115  -20.768  54.154 0.0000000000
50859  14.952  -21.021  53.202 0.0000000000
50860  8.020  -20.734  53.200 0.0000000000
50873  7.598  -20.574  50.596 0.0000000000
50919  7.193  -20.875  47.132 0.0000000000
50930  6.817  -20.417  46.145 0.0000000000
50985  6.134  -20.107  41.198 0.0000000000
51001  4.867  -20.133  40.073 0.0000000000
51783  12.346  -19.616  61.022 0.0000000000
51793  12.651  -19.447  60.392 0.0000000000
51834  2.496  -18.301  56.160 0.0000000000
51882  7.165  -20.344  51.838 0.0000000000
51887  2.013  -19.306  53.315 0.0000000000
52866  12.719  -18.607  58.787 0.0000000000
52936  1.410  -18.683  48.980 0.0000000000
52949  1.873  -18.189  47.023 0.0000000000
52978  2.186  -18.240  44.679 0.0000000000
53939  1.082  -18.212  53.428 0.0000000000
53945  0.954  -18.184  52.101 0.0000000000
54981  1.659  -16.644  47.141 0.0000000000
56058  1.548  -14.993  42.418 0.0000000000
59995  4.043  -11.602  50.017 0.0000000000
60004  4.781  -11.502  48.945 0.0000000000
60882  1.774  -10.601  55.366 0.0000000000
60944  5.383  -10.540  48.671 0.0000000000
62871  3.275  -7.996  49.511 0.0000000000
133883  6.115  -20.308  48.005 0.0000000000
136379  7.767  -20.950  49.092 0.0000000000
139576  2.316  -18.064  42.704 0.0000000000
141430  3.621  -12.795  49.230 0.0000000000
143703  2.134  -12.738  51.553 0.0000000000
145798  1.561  -15.918  47.026 0.0000000000
146059  2.287  -19.566  49.372 0.0000000000
147449  4.171  -19.713  47.220 0.0000000000
148191  5.670  -22.637  41.955 0.0000000000
148795  8.129  -21.161  51.742 0.0000000000
149137  1.725  -15.117  43.580 0.0000000000
149284  13.799  -23.418  59.607 0.0000000000
149316  11.035  -16.901  56.780 0.0000000000
149429  7.078  -21.098  46.247 0.0000000000
152853  2.578  -19.736  53.391 0.0000000000
153162  1.798  -15.134  44.144 0.0000000000
153529  5.392  -19.874  46.917 0.0000000000
154459  1.984  -17.256  57.431 0.0000000000
154641  3.870  -14.384  43.807 0.0000000000
