#!ascii label  , from subject sub-v1s23x0050555_ses-1 vox2ras=TkReg
925
131401  45.859  42.780  4.268 0.0000000000
111405  50.276  48.270  5.199 0.0000000000
132172  51.145  41.595  13.372 0.0000000000
108560  40.233  43.344  6.029 0.0000000000
106565  42.345  40.722  8.459 0.0000000000
110129  48.975  45.391  -0.056 0.0000000000
129038  46.048  50.126  8.280 0.0000000000
148950  44.799  51.405  3.158 0.0000000000
107794  51.762  42.267  19.710 0.0000000000
104576  46.262  38.051  15.323 0.0000000000
109380  52.139  43.546  2.716 0.0000000000
107236  48.970  41.323  7.572 0.0000000000
137164  53.191  43.983  8.654 0.0000000000
130140  50.175  44.535  13.084 0.0000000000
115261  44.641  54.642  -0.811 0.0000000000
112843  49.758  49.381  0.978 0.0000000000
106530  43.892  40.338  12.684 0.0000000000
130796  43.144  43.211  5.051 0.0000000000
107281  40.718  41.961  5.761 0.0000000000
107257  44.008  41.545  5.975 0.0000000000
110758  47.445  45.863  3.734 0.0000000000
110099  45.198  46.103  5.099 0.0000000000
130135  42.838  50.286  7.879 0.0000000000
107068  48.936  41.897  20.446 0.0000000000
105856  49.961  38.847  19.739 0.0000000000
103758  49.226  36.944  19.658 0.0000000000
115756  48.601  54.916  -3.287 0.0000000000
110756  51.747  45.769  3.801 0.0000000000
108566  52.579  42.901  5.473 0.0000000000
110741  51.733  46.688  7.007 0.0000000000
111335  46.716  47.401  9.525 0.0000000000
153576  48.914  45.551  9.476 0.0000000000
110035  47.121  45.006  10.908 0.0000000000
128801  48.178  44.486  14.958 0.0000000000
113528  48.545  51.263  4.742 0.0000000000
113551  47.616  50.548  1.887 0.0000000000
112140  50.287  49.041  3.266 0.0000000000
148444  51.556  46.304  1.584 0.0000000000
128827  50.342  41.496  10.319 0.0000000000
128825  46.736  41.268  10.376 0.0000000000
107165  47.844  41.545  12.509 0.0000000000
106574  39.009  40.529  7.802 0.0000000000
105919  39.812  38.825  9.916 0.0000000000
109404  49.576  44.653  -2.859 0.0000000000
110139  45.731  45.583  -0.785 0.0000000000
145476  49.022  50.803  6.764 0.0000000000
112776  51.476  49.174  8.355 0.0000000000
115215  38.933  53.565  4.529 0.0000000000
114746  41.086  52.856  2.794 0.0000000000
146300  45.563  50.432  6.144 0.0000000000
107118  52.618  41.932  16.010 0.0000000000
142583  48.833  41.620  15.279 0.0000000000
107087  49.026  40.999  17.590 0.0000000000
103816  48.126  36.838  15.488 0.0000000000
108576  48.728  42.874  3.622 0.0000000000
107274  47.491  40.927  4.424 0.0000000000
107271  51.163  40.664  3.895 0.0000000000
107233  51.994  41.411  7.531 0.0000000000
107871  53.513  42.019  10.817 0.0000000000
110079  51.992  46.344  8.813 0.0000000000
109323  52.313  44.669  10.720 0.0000000000
108506  53.531  43.766  13.278 0.0000000000
109241  51.261  44.549  16.078 0.0000000000
109205  48.996  44.389  18.412 0.0000000000
116813  46.964  57.301  -0.327 0.0000000000
114766  48.853  52.669  -2.514 0.0000000000
113572  47.149  50.728  -0.555 0.0000000000
112864  50.154  48.753  -1.635 0.0000000000
110789  50.860  45.872  -0.519 0.0000000000
109387  50.330  44.658  1.995 0.0000000000
128816  45.814  41.048  8.118 0.0000000000
106543  43.375  40.358  10.562 0.0000000000
104594  40.981  37.583  11.147 0.0000000000
138043  45.096  40.160  14.355 0.0000000000
108568  44.619  43.593  4.902 0.0000000000
107906  43.558  42.386  4.723 0.0000000000
107905  44.659  42.088  4.352 0.0000000000
109374  47.183  43.996  4.280 0.0000000000
153905  46.289  46.282  4.287 0.0000000000
110107  45.842  44.747  4.909 0.0000000000
109367  44.317  44.504  5.450 0.0000000000
106461  47.858  40.772  20.661 0.0000000000
139843  49.273  39.676  21.216 0.0000000000
105204  47.598  38.473  21.169 0.0000000000
103872  38.666  37.344  7.762 0.0000000000
147131  50.534  47.453  5.054 0.0000000000
110098  51.807  45.386  5.545 0.0000000000
110742  51.212  47.266  6.508 0.0000000000
111321  45.397  47.474  10.296 0.0000000000
110057  46.609  45.654  10.253 0.0000000000
112808  49.532  50.493  4.661 0.0000000000
112815  49.823  50.052  3.867 0.0000000000
112114  50.170  48.937  4.348 0.0000000000
111426  50.979  47.321  3.442 0.0000000000
132039  51.374  41.516  11.527 0.0000000000
128829  48.876  41.578  11.760 0.0000000000
130141  49.920  41.624  13.079 0.0000000000
130250  39.492  43.310  6.213 0.0000000000
107897  39.372  42.716  5.711 0.0000000000
107243  41.334  41.289  7.210 0.0000000000
134316  40.528  41.117  7.491 0.0000000000
107225  40.823  40.638  8.366 0.0000000000
106559  39.463  39.878  8.928 0.0000000000
106557  40.902  39.960  9.554 0.0000000000
110136  49.094  44.933  -1.012 0.0000000000
110158  48.764  44.041  -1.977 0.0000000000
110811  47.058  46.044  -0.110 0.0000000000
109362  41.538  44.246  6.729 0.0000000000
108551  39.918  43.893  7.059 0.0000000000
139210  48.218  50.536  8.251 0.0000000000
113477  49.656  51.082  8.724 0.0000000000
113478  48.754  50.959  9.241 0.0000000000
113481  44.343  50.083  8.638 0.0000000000
128781  44.278  50.253  6.991 0.0000000000
113494  45.916  50.145  7.479 0.0000000000
113504  47.829  50.821  6.091 0.0000000000
144730  52.527  42.482  18.313 0.0000000000
107099  51.015  41.578  17.533 0.0000000000
107085  51.609  41.554  18.663 0.0000000000
104555  49.478  37.456  18.598 0.0000000000
105241  48.868  38.432  18.193 0.0000000000
103804  49.715  36.619  16.847 0.0000000000
108586  50.767  42.641  2.904 0.0000000000
107285  50.321  41.007  3.451 0.0000000000
107913  51.455  41.116  3.485 0.0000000000
109352  52.569  43.615  6.484 0.0000000000
107896  52.494  41.880  6.103 0.0000000000
107891  52.997  42.287  7.849 0.0000000000
107200  52.880  41.699  8.948 0.0000000000
138955  53.478  42.806  9.347 0.0000000000
112030  51.319  49.249  8.814 0.0000000000
112029  51.634  48.282  8.414 0.0000000000
110727  50.433  47.210  8.722 0.0000000000
144557  49.760  44.602  11.381 0.0000000000
109324  50.270  44.805  10.496 0.0000000000
109308  51.627  44.573  11.636 0.0000000000
109306  53.212  44.222  12.157 0.0000000000
132194  52.343  44.460  13.158 0.0000000000
109258  52.209  44.475  14.879 0.0000000000
128758  51.331  44.561  14.351 0.0000000000
109243  47.550  44.490  15.895 0.0000000000
132285  48.191  44.505  16.632 0.0000000000
115731  45.839  55.671  -0.760 0.0000000000
131600  47.974  55.749  -1.606 0.0000000000
115259  47.019  53.683  -1.826 0.0000000000
114207  43.077  51.859  2.836 0.0000000000
114748  42.937  52.352  1.670 0.0000000000
114212  44.266  51.691  1.760 0.0000000000
148522  49.288  49.896  1.594 0.0000000000
138341  47.237  50.438  1.011 0.0000000000
113559  48.438  50.056  0.228 0.0000000000
113570  49.281  49.839  -1.435 0.0000000000
112853  50.290  48.833  -0.834 0.0000000000
111487  50.657  47.169  -1.349 0.0000000000
112212  51.043  47.739  0.196 0.0000000000
110117  51.782  44.902  2.115 0.0000000000
110118  51.221  44.749  1.711 0.0000000000
149939  50.868  44.041  2.213 0.0000000000
110112  49.745  44.307  2.745 0.0000000000
107253  48.271  40.861  5.295 0.0000000000
128706  46.581  41.327  6.850 0.0000000000
107237  47.234  41.326  7.259 0.0000000000
107177  45.493  41.049  11.623 0.0000000000
107192  45.297  40.784  10.054 0.0000000000
106536  43.463  40.325  11.408 0.0000000000
105913  41.555  39.059  11.171 0.0000000000
105910  42.633  39.291  12.242 0.0000000000
106513  46.978  40.620  15.799 0.0000000000
107145  47.044  41.237  14.666 0.0000000000
105892  45.687  39.549  15.127 0.0000000000
108570  41.465  43.021  5.344 0.0000000000
107908  40.663  42.550  5.482 0.0000000000
107907  42.292  42.697  5.085 0.0000000000
107259  42.190  41.800  5.788 0.0000000000
107241  43.227  41.223  7.095 0.0000000000
110773  48.668  45.795  2.167 0.0000000000
109361  42.350  44.378  6.369 0.0000000000
107786  51.055  42.124  20.378 0.0000000000
106459  51.191  40.835  20.034 0.0000000000
106453  50.429  40.638  20.819 0.0000000000
105225  49.670  38.076  19.892 0.0000000000
140277  52.192  44.890  3.344 0.0000000000
108575  52.513  42.626  3.788 0.0000000000
109365  52.334  44.358  4.971 0.0000000000
109359  52.265  44.838  6.462 0.0000000000
110084  52.496  45.434  7.693 0.0000000000
111334  47.623  48.012  9.218 0.0000000000
110710  49.321  46.855  8.750 0.0000000000
110711  47.541  46.768  9.213 0.0000000000
109326  48.094  44.862  10.775 0.0000000000
144939  48.367  44.510  12.508 0.0000000000
128799  49.511  44.518  13.914 0.0000000000
130138  47.635  44.489  13.181 0.0000000000
128797  46.877  44.491  13.793 0.0000000000
109261  45.526  44.497  14.327 0.0000000000
115727  43.190  54.666  0.190 0.0000000000
113540  46.911  51.420  4.058 0.0000000000
114198  46.126  51.199  2.810 0.0000000000
113538  48.541  51.147  3.396 0.0000000000
112826  49.296  50.200  2.305 0.0000000000
112833  49.884  49.541  1.941 0.0000000000
112192  51.049  48.004  1.058 0.0000000000
112166  50.828  47.973  2.648 0.0000000000
110765  51.531  46.309  3.184 0.0000000000
128822  50.175  41.407  8.775 0.0000000000
128820  47.670  41.407  8.805 0.0000000000
128823  48.726  41.497  9.796 0.0000000000
128828  47.736  41.513  11.513 0.0000000000
107168  45.479  41.085  12.584 0.0000000000
103823  46.832  36.822  14.453 0.0000000000
103829  45.640  36.677  13.594 0.0000000000
106581  37.649  40.943  6.491 0.0000000000
107261  39.923  41.648  6.306 0.0000000000
139594  38.477  40.862  6.935 0.0000000000
105943  37.930  39.559  7.533 0.0000000000
105936  38.466  39.470  8.306 0.0000000000
105291  38.685  38.287  8.797 0.0000000000
103855  38.925  37.482  8.844 0.0000000000
153428  48.789  43.761  -3.173 0.0000000000
109407  46.852  43.393  -2.504 0.0000000000
112791  49.967  50.371  6.658 0.0000000000
112065  50.879  49.275  7.058 0.0000000000
112785  50.423  50.470  7.682 0.0000000000
113462  50.982  50.706  9.493 0.0000000000
143225  50.797  50.723  10.072 0.0000000000
112771  49.340  49.814  10.205 0.0000000000
112009  47.431  49.090  10.316 0.0000000000
114743  40.131  52.895  3.700 0.0000000000
114741  41.884  51.959  3.772 0.0000000000
114191  43.990  51.333  4.134 0.0000000000
128599  45.267  51.033  4.733 0.0000000000
113518  46.878  50.855  5.553 0.0000000000
113516  48.661  50.999  5.602 0.0000000000
107141  52.106  41.769  15.028 0.0000000000
107155  50.305  41.657  13.978 0.0000000000
137162  51.331  41.766  15.841 0.0000000000
107101  48.555  41.273  16.689 0.0000000000
106498  47.249  40.165  16.609 0.0000000000
106484  49.819  40.577  18.584 0.0000000000
105242  47.936  38.511  17.202 0.0000000000
104575  46.870  37.766  15.622 0.0000000000
108577  47.691  42.843  3.864 0.0000000000
107916  46.254  41.883  3.910 0.0000000000
107287  47.804  40.993  3.814 0.0000000000
107273  48.576  40.651  4.094 0.0000000000
128814  50.306  40.811  5.945 0.0000000000
107904  52.402  41.444  4.522 0.0000000000
132021  51.459  40.903  5.786 0.0000000000
107234  51.009  41.107  6.976 0.0000000000
107202  51.118  41.426  9.043 0.0000000000
107187  52.129  41.481  10.172 0.0000000000
107161  53.050  41.732  12.159 0.0000000000
111372  51.806  47.795  7.578 0.0000000000
110726  52.251  46.823  8.288 0.0000000000
110068  52.550  45.463  9.074 0.0000000000
110709  50.001  46.330  8.863 0.0000000000
110069  51.733  45.522  9.437 0.0000000000
109334  53.090  44.690  9.293 0.0000000000
108528  53.587  43.644  10.648 0.0000000000
107861  53.648  43.051  12.056 0.0000000000
107854  53.514  42.342  13.483 0.0000000000
107847  53.481  42.552  15.313 0.0000000000
108456  53.310  43.049  16.562 0.0000000000
108444  51.900  43.616  18.514 0.0000000000
128802  49.311  44.521  15.008 0.0000000000
146428  50.487  44.533  17.600 0.0000000000
108434  50.370  43.873  19.404 0.0000000000
108427  48.756  43.521  19.475 0.0000000000
116831  48.384  56.402  -2.143 0.0000000000
115270  48.944  54.411  -2.736 0.0000000000
113593  49.944  51.903  -3.168 0.0000000000
114210  45.916  51.057  0.785 0.0000000000
114231  45.940  52.397  -1.382 0.0000000000
114229  48.176  51.854  -1.985 0.0000000000
113582  49.342  50.104  -2.399 0.0000000000
145293  49.407  49.479  -2.438 0.0000000000
111506  50.025  46.959  -2.371 0.0000000000
110828  50.322  45.480  -1.851 0.0000000000
110790  50.603  45.205  -0.181 0.0000000000
111451  51.333  46.878  0.638 0.0000000000
110779  50.631  45.089  0.567 0.0000000000
110780  49.674  45.225  1.231 0.0000000000
110119  49.206  45.095  2.572 0.0000000000
109373  48.151  44.143  3.884 0.0000000000
128495  45.673  41.487  5.195 0.0000000000
107239  44.870  41.285  6.613 0.0000000000
107222  43.940  40.967  7.857 0.0000000000
128819  45.936  40.973  8.850 0.0000000000
107209  43.913  40.606  9.207 0.0000000000
106556  42.458  40.401  9.342 0.0000000000
105917  41.100  39.429  10.359 0.0000000000
105280  40.228  38.217  10.387 0.0000000000
107157  48.029  41.563  13.419 0.0000000000
107147  45.908  41.058  13.722 0.0000000000
105905  44.297  39.961  13.762 0.0000000000
103830  44.820  36.859  13.434 0.0000000000
104588  43.055  38.166  13.069 0.0000000000
103759  48.307  36.826  19.799 0.0000000000
102978  49.193  35.924  18.774 0.0000000000
108579  45.055  42.732  4.435 0.0000000000
108580  44.453  42.691  4.545 0.0000000000
109375  46.314  43.876  4.537 0.0000000000
110106  46.604  44.893  4.577 0.0000000000
109376  45.485  43.754  4.744 0.0000000000
105843  47.663  39.299  21.214 0.0000000000
110748  50.916  46.882  5.458 0.0000000000
111404  50.630  47.764  5.873 0.0000000000
112088  50.079  49.277  5.371 0.0000000000
130692  49.871  49.843  4.744 0.0000000000
111418  50.502  47.806  4.354 0.0000000000
107162  52.141  41.577  12.592 0.0000000000
107163  50.685  41.568  12.413 0.0000000000
152639  39.760  43.074  5.691 0.0000000000
108572  40.081  42.857  5.511 0.0000000000
107224  41.478  40.892  8.016 0.0000000000
128184  40.656  40.279  8.898 0.0000000000
106566  41.510  40.410  8.935 0.0000000000
110810  48.037  45.727  -0.073 0.0000000000
108559  41.066  43.496  6.008 0.0000000000
108550  40.750  44.003  6.952 0.0000000000
113493  46.933  50.206  7.781 0.0000000000
113479  47.227  50.387  8.856 0.0000000000
136532  45.330  50.134  8.778 0.0000000000
146383  44.985  50.020  7.837 0.0000000000
108432  52.263  42.721  18.857 0.0000000000
107075  52.209  42.101  18.948 0.0000000000
149308  49.569  37.055  18.004 0.0000000000
107920  51.157  41.756  3.137 0.0000000000
108585  51.758  42.663  2.868 0.0000000000
142448  52.881  43.323  7.602 0.0000000000
108541  53.282  43.013  8.571 0.0000000000
112031  50.763  49.001  9.127 0.0000000000
111355  51.071  48.224  8.801 0.0000000000
111356  49.928  47.855  8.762 0.0000000000
109309  50.650  44.609  11.285 0.0000000000
109292  50.555  44.557  12.161 0.0000000000
147870  51.539  44.531  12.611 0.0000000000
154128  50.890  44.540  12.840 0.0000000000
152017  50.537  44.549  13.896 0.0000000000
130342  46.693  44.459  16.510 0.0000000000
116245  44.051  55.374  -0.054 0.0000000000
116244  45.133  55.970  -0.252 0.0000000000
115742  45.725  54.674  -1.264 0.0000000000
115260  45.877  53.792  -1.551 0.0000000000
114200  44.155  51.477  3.399 0.0000000000
114205  44.231  51.577  2.645 0.0000000000
112834  48.872  49.947  0.971 0.0000000000
112844  49.254  49.604  0.159 0.0000000000
144952  50.078  49.096  -0.039 0.0000000000
142020  50.607  48.390  -0.304 0.0000000000
112213  50.542  48.627  0.583 0.0000000000
109386  51.650  44.178  2.329 0.0000000000
109381  51.362  43.408  2.554 0.0000000000
109382  50.272  43.493  2.842 0.0000000000
128813  49.142  40.996  6.240 0.0000000000
128812  48.103  41.226  6.725 0.0000000000
128818  47.919  41.390  7.891 0.0000000000
143139  44.898  40.901  12.039 0.0000000000
107178  44.798  40.794  11.295 0.0000000000
148716  43.506  40.260  12.100 0.0000000000
106533  42.944  39.933  11.834 0.0000000000
105909  43.240  39.836  12.551 0.0000000000
105891  46.266  39.432  15.697 0.0000000000
106514  46.248  40.303  15.337 0.0000000000
105259  45.936  38.697  15.278 0.0000000000
140012  42.326  43.399  5.521 0.0000000000
107278  43.339  41.890  5.156 0.0000000000
107258  43.046  41.613  6.028 0.0000000000
145261  42.446  41.493  6.533 0.0000000000
151463  43.616  41.391  6.560 0.0000000000
151407  47.583  46.358  2.925 0.0000000000
150929  47.152  46.369  3.456 0.0000000000
129612  45.981  45.714  4.765 0.0000000000
110760  45.585  46.633  4.445 0.0000000000
144619  43.939  43.708  5.191 0.0000000000
109368  43.580  44.255  5.649 0.0000000000
109369  42.942  44.001  5.834 0.0000000000
107783  49.687  42.144  20.489 0.0000000000
107061  50.792  41.391  20.600 0.0000000000
107062  49.921  41.359  20.863 0.0000000000
105214  49.435  38.143  20.388 0.0000000000
105203  49.574  38.938  20.926 0.0000000000
130251  49.427  37.561  19.935 0.0000000000
104541  49.449  37.251  19.314 0.0000000000
103778  49.493  36.477  19.004 0.0000000000
116844  47.694  56.353  -3.058 0.0000000000
116286  47.107  55.778  -3.432 0.0000000000
109372  52.478  43.865  3.555 0.0000000000
110104  52.088  45.069  4.313 0.0000000000
110747  51.379  46.307  6.020 0.0000000000
110092  51.818  45.840  6.496 0.0000000000
110085  52.174  46.029  7.300 0.0000000000
110056  47.566  45.336  10.112 0.0000000000
109310  48.725  44.601  11.522 0.0000000000
109327  47.726  44.654  11.639 0.0000000000
109294  47.445  44.554  12.396 0.0000000000
109277  46.186  44.554  13.205 0.0000000000
128796  46.086  44.509  13.866 0.0000000000
109260  46.332  44.488  14.604 0.0000000000
113529  47.743  51.416  4.431 0.0000000000
113539  47.741  51.381  3.669 0.0000000000
149282  48.396  51.373  4.067 0.0000000000
112816  49.308  50.633  3.162 0.0000000000
112825  49.890  49.800  2.821 0.0000000000
112167  50.437  48.976  2.342 0.0000000000
110757  51.045  46.798  4.320 0.0000000000
110764  51.967  45.335  2.822 0.0000000000
128824  50.241  41.468  9.588 0.0000000000
107203  49.421  41.466  9.358 0.0000000000
107189  49.451  41.504  10.090 0.0000000000
107166  46.987  41.466  12.263 0.0000000000
107167  46.214  41.286  11.977 0.0000000000
107282  39.995  42.308  5.661 0.0000000000
106573  39.447  41.068  7.258 0.0000000000
106569  38.409  40.122  7.742 0.0000000000
105928  39.587  39.391  9.416 0.0000000000
105929  38.632  38.921  8.729 0.0000000000
137090  39.137  38.724  9.335 0.0000000000
105290  39.089  38.029  9.344 0.0000000000
110837  49.235  45.563  -3.118 0.0000000000
109423  49.232  43.965  -3.018 0.0000000000
110159  47.446  44.243  -1.720 0.0000000000
110160  46.308  44.450  -1.540 0.0000000000
113503  49.726  50.628  7.077 0.0000000000
113476  50.573  51.070  9.236 0.0000000000
112764  49.896  50.686  11.303 0.0000000000
112765  48.553  49.752  10.739 0.0000000000
145043  39.351  53.688  3.967 0.0000000000
115214  39.586  52.913  4.285 0.0000000000
114734  41.080  52.166  4.012 0.0000000000
114193  42.359  51.517  4.454 0.0000000000
151222  42.638  51.659  3.850 0.0000000000
113506  44.685  50.468  6.082 0.0000000000
113519  44.612  50.831  5.243 0.0000000000
128755  45.380  50.694  5.481 0.0000000000
128754  46.155  50.977  4.988 0.0000000000
128780  46.076  50.622  5.739 0.0000000000
113515  49.329  50.666  6.107 0.0000000000
107100  49.621  41.444  17.085 0.0000000000
106497  48.043  40.674  17.139 0.0000000000
132192  50.430  39.538  19.958 0.0000000000
106471  50.556  40.250  19.618 0.0000000000
106472  49.747  39.756  19.060 0.0000000000
104566  48.239  37.664  16.806 0.0000000000
104567  47.342  38.117  16.350 0.0000000000
104574  47.695  37.420  15.946 0.0000000000
103822  47.701  36.618  14.674 0.0000000000
138682  47.149  41.664  3.759 0.0000000000
107915  48.204  41.582  3.580 0.0000000000
107286  48.955  40.852  3.664 0.0000000000
107272  49.840  40.490  3.919 0.0000000000
107252  49.442  40.621  4.944 0.0000000000
130487  50.750  40.577  4.769 0.0000000000
108567  52.571  43.301  4.605 0.0000000000
145970  52.439  41.742  3.936 0.0000000000
107903  52.560  42.285  4.553 0.0000000000
107232  52.508  41.776  6.996 0.0000000000
107250  52.155  41.376  5.848 0.0000000000
153178  51.936  41.294  6.608 0.0000000000
107216  51.084  41.348  8.111 0.0000000000
107215  52.069  41.480  8.494 0.0000000000
107877  53.378  42.047  9.487 0.0000000000
107186  52.919  41.639  9.751 0.0000000000
144554  52.952  41.617  10.514 0.0000000000
107172  52.220  41.506  10.966 0.0000000000
107171  53.039  41.671  11.298 0.0000000000
112047  51.516  48.872  7.733 0.0000000000
111354  51.866  47.320  8.487 0.0000000000
111353  52.081  47.672  8.141 0.0000000000
110078  52.463  45.926  8.407 0.0000000000
110071  49.020  46.075  9.080 0.0000000000
110070  49.722  45.673  9.279 0.0000000000
147885  51.219  44.682  10.832 0.0000000000
109336  51.433  44.974  10.147 0.0000000000
109335  52.546  45.011  9.812 0.0000000000
109322  53.269  44.346  10.111 0.0000000000
139995  53.243  44.290  10.914 0.0000000000
109290  53.143  44.242  12.846 0.0000000000
109289  53.547  43.816  12.469 0.0000000000
107858  53.643  43.080  12.920 0.0000000000
107859  53.483  42.295  12.577 0.0000000000
147192  53.661  43.045  13.650 0.0000000000
147422  53.573  42.527  14.400 0.0000000000
108507  53.547  43.554  14.104 0.0000000000
109240  52.171  44.392  15.757 0.0000000000
109223  52.900  43.759  16.246 0.0000000000
109224  52.136  44.240  16.669 0.0000000000
108457  52.823  43.470  17.086 0.0000000000
109210  52.108  43.951  17.624 0.0000000000
145547  48.644  44.488  14.275 0.0000000000
109213  48.420  44.474  17.631 0.0000000000
109227  49.053  44.520  16.767 0.0000000000
109212  49.600  44.528  17.764 0.0000000000
154470  50.445  44.464  18.221 0.0000000000
109204  49.905  44.377  18.722 0.0000000000
108426  49.711  43.413  19.783 0.0000000000
117398  46.502  57.720  0.157 0.0000000000
117386  45.870  58.121  1.392 0.0000000000
118028  46.415  58.056  0.195 0.0000000000
117435  47.403  57.396  -1.002 0.0000000000
115740  48.087  54.586  -1.987 0.0000000000
115739  48.559  55.321  -2.357 0.0000000000
114777  49.515  53.452  -2.943 0.0000000000
114775  49.885  52.191  -3.195 0.0000000000
114776  49.909  52.520  -3.052 0.0000000000
113546  46.819  50.941  2.367 0.0000000000
114203  45.907  51.059  1.835 0.0000000000
113552  46.646  50.721  1.399 0.0000000000
113560  47.548  50.371  0.231 0.0000000000
113561  46.694  50.678  0.427 0.0000000000
114215  46.166  51.118  -0.167 0.0000000000
114221  46.584  51.243  -0.873 0.0000000000
114230  46.727  51.730  -1.437 0.0000000000
113584  47.667  51.029  -1.439 0.0000000000
113583  49.087  50.544  -1.873 0.0000000000
112865  49.763  49.347  -1.970 0.0000000000
112875  49.760  48.647  -2.291 0.0000000000
112241  49.812  47.687  -2.416 0.0000000000
112233  50.271  47.785  -1.994 0.0000000000
144575  50.892  46.656  -0.800 0.0000000000
110808  50.643  46.135  -1.267 0.0000000000
110809  50.387  45.375  -0.987 0.0000000000
133186  51.354  47.190  1.577 0.0000000000
128251  51.443  45.974  1.015 0.0000000000
110123  51.123  45.245  0.990 0.0000000000
110124  50.618  44.902  1.245 0.0000000000
149452  49.664  45.092  1.830 0.0000000000
109383  49.211  43.795  3.401 0.0000000000
107288  46.815  41.262  3.993 0.0000000000
145611  45.964  41.647  4.331 0.0000000000
107275  46.540  41.274  4.882 0.0000000000
107238  45.769  41.248  7.078 0.0000000000
128815  44.902  40.990  7.725 0.0000000000
107191  47.384  41.368  9.666 0.0000000000
107205  47.026  41.247  8.950 0.0000000000
107206  46.457  41.115  9.436 0.0000000000
106542  44.025  40.567  10.054 0.0000000000
107208  44.759  40.691  9.491 0.0000000000
106555  43.270  40.435  9.704 0.0000000000
106545  41.766  40.051  9.867 0.0000000000
106544  42.611  40.179  10.206 0.0000000000
105277  41.305  38.188  11.441 0.0000000000
105914  40.870  38.630  10.799 0.0000000000
104596  40.428  37.418  10.645 0.0000000000
103847  39.892  37.038  10.075 0.0000000000
103846  40.525  36.648  10.507 0.0000000000
107143  49.558  41.689  14.612 0.0000000000
107156  49.141  41.651  13.680 0.0000000000
136914  48.443  41.597  14.321 0.0000000000
106515  45.596  40.246  14.731 0.0000000000
107146  46.218  40.866  14.539 0.0000000000
106524  45.453  40.598  14.140 0.0000000000
106528  45.184  40.786  13.400 0.0000000000
106525  44.813  40.313  13.905 0.0000000000
103048  45.706  35.696  12.451 0.0000000000
104585  45.256  37.380  14.007 0.0000000000
103833  45.254  36.246  12.960 0.0000000000
108569  43.932  42.996  4.706 0.0000000000
146958  42.932  42.392  4.919 0.0000000000
107917  44.128  42.343  4.556 0.0000000000
107277  44.182  41.853  4.840 0.0000000000
142282  47.377  45.002  4.181 0.0000000000
149133  46.754  45.704  4.294 0.0000000000
149753  45.369  45.373  5.134 0.0000000000
110100  44.644  45.506  5.473 0.0000000000
109366  45.074  44.613  5.164 0.0000000000
107063  48.911  41.070  20.840 0.0000000000
106454  49.688  40.441  21.142 0.0000000000
135736  48.225  39.848  21.179 0.0000000000
105842  48.577  39.015  21.238 0.0000000000
141057  48.713  38.268  20.850 0.0000000000
145545  51.432  46.025  4.914 0.0000000000
111320  46.066  47.916  9.949 0.0000000000
110712  46.630  46.457  9.699 0.0000000000
110713  45.962  47.001  9.881 0.0000000000
110036  46.217  45.269  11.088 0.0000000000
113527  49.182  50.912  5.102 0.0000000000
112809  49.147  51.006  4.130 0.0000000000
112113  50.501  48.214  3.617 0.0000000000
148687  50.525  41.512  10.957 0.0000000000
107174  49.613  41.538  10.857 0.0000000000
128830  50.091  41.564  11.635 0.0000000000
148006  49.653  41.597  12.341 0.0000000000
107164  48.863  41.609  12.805 0.0000000000
107260  41.589  41.657  6.299 0.0000000000
133531  40.807  41.558  6.569 0.0000000000
106567  39.861  40.481  8.362 0.0000000000
106568  38.967  40.035  8.444 0.0000000000
106558  40.108  39.945  9.216 0.0000000000
105927  40.296  39.436  9.839 0.0000000000
110156  50.013  44.840  -2.366 0.0000000000
110157  49.517  44.210  -2.473 0.0000000000
152491  49.480  44.358  -1.843 0.0000000000
110137  47.867  45.143  -0.900 0.0000000000
110138  46.739  45.393  -0.817 0.0000000000
109353  41.059  44.939  7.292 0.0000000000
109354  40.253  44.716  7.577 0.0000000000
108552  39.079  43.749  7.196 0.0000000000
113491  49.062  50.803  7.750 0.0000000000
113495  43.828  50.119  7.827 0.0000000000
128756  43.193  50.397  7.000 0.0000000000
128782  45.298  50.233  6.857 0.0000000000
113505  46.524  50.392  6.582 0.0000000000
113492  47.930  50.541  7.172 0.0000000000
107815  52.809  42.205  17.022 0.0000000000
107119  51.840  41.838  16.851 0.0000000000
107098  52.353  42.007  17.967 0.0000000000
107086  50.276  41.209  18.076 0.0000000000
105226  49.523  38.136  19.183 0.0000000000
105857  49.157  39.145  18.607 0.0000000000
104556  48.882  37.725  17.706 0.0000000000
104565  49.226  37.100  17.261 0.0000000000
103805  48.657  37.016  16.354 0.0000000000
108587  49.739  42.777  3.273 0.0000000000
107914  49.342  41.695  3.372 0.0000000000
107921  50.258  41.919  3.236 0.0000000000
141500  52.537  42.026  5.341 0.0000000000
108557  52.630  42.603  6.338 0.0000000000
152843  52.733  42.287  7.000 0.0000000000
107214  52.760  41.785  8.071 0.0000000000
107883  53.225  42.183  8.700 0.0000000000
107876  53.602  42.630  10.202 0.0000000000
112777  51.295  50.105  8.875 0.0000000000
151918  51.347  47.597  8.665 0.0000000000
110708  51.159  46.794  8.796 0.0000000000
109325  49.104  44.795  10.634 0.0000000000
110054  49.463  45.175  9.869 0.0000000000
109307  52.798  44.424  11.558 0.0000000000
109275  53.089  44.241  13.659 0.0000000000
109257  53.049  44.173  14.524 0.0000000000
109276  52.253  44.478  14.009 0.0000000000
109259  51.288  44.585  15.205 0.0000000000
128800  47.221  44.475  14.795 0.0000000000
109242  48.626  44.504  15.845 0.0000000000
148607  45.094  56.987  0.948 0.0000000000
116804  45.836  57.153  0.449 0.0000000000
116243  46.826  56.480  -0.596 0.0000000000
116258  47.583  56.690  -0.953 0.0000000000
116259  46.794  55.651  -1.141 0.0000000000
115741  46.814  54.658  -1.622 0.0000000000
114744  42.540  52.267  2.375 0.0000000000
114745  41.779  52.765  2.219 0.0000000000
114206  43.451  51.920  2.195 0.0000000000
113550  48.595  50.269  1.735 0.0000000000
134347  47.999  50.232  1.032 0.0000000000
113571  48.277  50.256  -0.726 0.0000000000
152195  47.925  50.613  -1.169 0.0000000000
146827  48.976  49.859  -0.495 0.0000000000
112854  49.701  49.340  -0.901 0.0000000000
112225  50.530  48.144  -1.176 0.0000000000
112224  50.880  47.507  -0.609 0.0000000000
111469  51.163  46.679  -0.171 0.0000000000
140312  51.756  45.724  2.331 0.0000000000
110772  51.536  45.497  1.597 0.0000000000
107254  47.189  41.213  5.925 0.0000000000
128817  46.499  41.244  7.715 0.0000000000
146893  46.124  41.188  11.039 0.0000000000
146781  45.956  41.006  10.184 0.0000000000
141414  45.413  40.910  10.768 0.0000000000
106535  44.081  40.596  10.951 0.0000000000
105916  42.009  39.734  10.704 0.0000000000
106537  42.770  40.038  11.046 0.0000000000
105912  42.297  39.492  11.501 0.0000000000
104593  41.436  37.394  11.612 0.0000000000
107123  47.414  41.154  15.427 0.0000000000
107144  47.869  41.444  14.939 0.0000000000
107124  46.762  40.905  15.154 0.0000000000
105899  45.146  39.633  14.607 0.0000000000
108571  40.703  43.011  5.436 0.0000000000
107280  41.526  42.340  5.444 0.0000000000
107279  42.532  42.075  5.260 0.0000000000
107242  42.227  41.173  7.426 0.0000000000
129369  48.718  45.843  1.319 0.0000000000
110792  48.171  46.051  0.779 0.0000000000
110774  46.868  46.830  2.576 0.0000000000
110759  46.784  46.331  3.835 0.0000000000
110101  43.832  45.218  5.859 0.0000000000
109360  43.118  44.863  6.180 0.0000000000
108558  41.780  43.664  5.997 0.0000000000
137882  43.357  50.193  8.597 0.0000000000
107076  51.621  41.575  19.563 0.0000000000
107067  51.390  41.488  20.226 0.0000000000
106460  50.662  40.136  20.476 0.0000000000
134803  50.102  39.802  21.031 0.0000000000
105848  50.204  39.269  20.527 0.0000000000
104554  49.753  36.461  18.501 0.0000000000
108584  52.328  42.912  3.174 0.0000000000
109358  52.479  43.799  5.582 0.0000000000
145445  52.610  44.418  7.347 0.0000000000
109344  52.841  44.828  8.362 0.0000000000
130587  48.819  48.828  9.285 0.0000000000
112016  49.686  48.571  9.044 0.0000000000
111333  48.645  47.596  8.843 0.0000000000
135331  48.448  46.559  8.981 0.0000000000
110072  48.103  45.808  9.390 0.0000000000
110073  47.231  45.921  9.644 0.0000000000
110055  48.499  45.189  10.005 0.0000000000
109293  49.434  44.531  12.284 0.0000000000
130139  49.178  44.496  13.052 0.0000000000
148061  48.508  44.481  13.494 0.0000000000
128798  47.830  44.477  14.072 0.0000000000
109244  46.579  44.479  15.543 0.0000000000
109245  45.636  44.473  15.336 0.0000000000
115732  43.748  54.401  -0.372 0.0000000000
147504  46.334  51.311  3.534 0.0000000000
114199  45.563  51.307  3.350 0.0000000000
129618  46.965  51.257  3.231 0.0000000000
113545  47.727  51.064  2.856 0.0000000000
113544  48.536  50.686  2.567 0.0000000000
112193  50.477  48.854  1.475 0.0000000000
134469  50.879  48.258  1.837 0.0000000000
111438  51.501  46.648  2.322 0.0000000000
110111  52.134  44.411  2.694 0.0000000000
107217  49.294  41.417  8.584 0.0000000000
107218  48.460  41.449  8.598 0.0000000000
128821  48.801  41.470  9.175 0.0000000000
107204  48.174  41.490  9.371 0.0000000000
107190  48.067  41.506  10.027 0.0000000000
107175  48.549  41.528  10.645 0.0000000000
128826  47.550  41.453  10.593 0.0000000000
107176  46.888  41.398  11.298 0.0000000000
107169  44.644  40.725  12.683 0.0000000000
104581  46.458  37.453  14.927 0.0000000000
103824  46.025  37.086  14.267 0.0000000000
103828  46.464  36.501  13.740 0.0000000000
106576  37.256  40.348  6.539 0.0000000000
145513  38.998  41.476  6.403 0.0000000000
106575  37.830  40.266  6.991 0.0000000000
105944  37.421  39.742  6.718 0.0000000000
105935  38.981  39.422  8.929 0.0000000000
109405  48.836  43.672  -2.903 0.0000000000
109424  48.037  43.435  -3.134 0.0000000000
139234  47.315  46.307  0.509 0.0000000000
112066  50.245  49.681  6.310 0.0000000000
112087  50.425  48.710  6.119 0.0000000000
112790  50.535  49.977  7.179 0.0000000000
112784  51.197  49.920  8.010 0.0000000000
145411  50.029  50.863  8.032 0.0000000000
113475  50.895  50.641  8.663 0.0000000000
112015  51.106  50.092  9.421 0.0000000000
112017  47.965  49.001  9.781 0.0000000000
112018  46.937  48.385  9.782 0.0000000000
138858  40.364  52.449  4.164 0.0000000000
114742  40.690  52.634  3.509 0.0000000000
138857  41.812  52.332  2.931 0.0000000000
114740  42.522  51.921  3.200 0.0000000000
150354  43.311  51.601  3.524 0.0000000000
113532  43.802  51.063  4.959 0.0000000000
113531  44.526  51.125  4.606 0.0000000000
114190  44.914  51.308  3.944 0.0000000000
113541  45.974  51.257  4.161 0.0000000000
113530  47.002  51.256  4.798 0.0000000000
113517  47.792  51.211  5.203 0.0000000000
112799  49.736  50.267  5.543 0.0000000000
107154  52.513  41.674  13.941 0.0000000000
146729  51.454  41.665  14.284 0.0000000000
107142  50.832  41.717  14.919 0.0000000000
137553  49.993  41.705  15.584 0.0000000000
107120  50.420  41.666  16.512 0.0000000000
107121  49.200  41.576  16.178 0.0000000000
107122  48.225  41.401  15.805 0.0000000000
107102  47.686  40.973  16.260 0.0000000000
105882  46.833  39.381  16.322 0.0000000000
106470  51.001  40.962  19.183 0.0000000000
106485  48.669  40.144  18.012 0.0000000000
105868  48.210  39.323  17.709 0.0000000000
106486  47.799  39.975  17.339 0.0000000000
105881  47.457  39.349  16.969 0.0000000000
105253  47.182  38.780  16.544 0.0000000000
103817  47.233  37.127  15.178 0.0000000000
108578  46.704  42.758  4.033 0.0000000000
152278  49.907  41.078  6.941 0.0000000000
107912  52.103  41.885  3.345 0.0000000000
107270  52.109  41.031  3.841 0.0000000000
153066  52.347  41.455  5.237 0.0000000000
107251  51.956  40.837  4.722 0.0000000000
107235  50.057  41.291  7.851 0.0000000000
107188  51.169  41.449  9.860 0.0000000000
107201  52.095  41.481  9.369 0.0000000000
107173  51.275  41.476  10.625 0.0000000000
144555  52.452  41.566  11.692 0.0000000000
111390  51.072  48.277  6.845 0.0000000000
112046  51.826  48.416  8.091 0.0000000000
110736  52.225  46.961  7.812 0.0000000000
110725  52.417  46.316  7.950 0.0000000000
132694  50.814  45.935  9.114 0.0000000000
110053  50.524  45.297  9.666 0.0000000000
133696  53.426  43.776  9.310 0.0000000000
108535  53.553  43.472  9.915 0.0000000000
107870  53.683  42.901  11.148 0.0000000000
108521  53.568  43.879  11.561 0.0000000000
107862  53.490  42.180  11.672 0.0000000000
107153  53.124  41.805  13.145 0.0000000000
130480  53.282  41.953  14.027 0.0000000000
107140  53.143  41.986  15.012 0.0000000000
107830  53.264  42.366  16.168 0.0000000000
108490  53.506  43.335  14.965 0.0000000000
108471  53.428  43.142  15.831 0.0000000000
107814  53.083  42.700  17.141 0.0000000000
108443  52.717  43.029  17.997 0.0000000000
152714  50.386  44.574  14.649 0.0000000000
128803  50.378  44.587  15.532 0.0000000000
128804  49.631  44.546  16.035 0.0000000000
109225  51.123  44.504  17.041 0.0000000000
109211  51.231  44.346  18.035 0.0000000000
109203  50.953  44.160  18.817 0.0000000000
108433  51.493  43.326  19.321 0.0000000000
108425  50.871  42.994  19.932 0.0000000000
107787  50.170  42.626  20.308 0.0000000000
107788  49.028  42.763  19.984 0.0000000000
107069  48.160  41.564  20.354 0.0000000000
116271  48.369  56.017  -2.711 0.0000000000
115755  49.025  54.713  -3.153 0.0000000000
115268  49.747  52.998  -3.076 0.0000000000
114247  49.660  51.856  -3.330 0.0000000000
131864  49.353  50.458  -2.945 0.0000000000
115255  43.950  53.818  -0.633 0.0000000000
115254  44.506  53.498  -0.937 0.0000000000
114204  45.112  51.336  2.397 0.0000000000
114211  45.021  51.428  1.162 0.0000000000
114760  45.239  52.373  -0.953 0.0000000000
114768  45.251  53.066  -1.281 0.0000000000
133669  46.140  53.076  -1.624 0.0000000000
114767  47.248  52.684  -1.845 0.0000000000
153142  49.011  51.289  -2.239 0.0000000000
114228  49.481  51.961  -2.691 0.0000000000
113594  49.708  51.334  -2.941 0.0000000000
140267  49.161  49.088  -2.708 0.0000000000
112242  49.304  47.927  -2.647 0.0000000000
110836  49.959  45.781  -2.537 0.0000000000
111498  50.383  46.560  -1.969 0.0000000000
110135  49.984  44.752  -1.648 0.0000000000
110128  49.944  44.990  -0.569 0.0000000000
110791  49.595  45.271  0.440 0.0000000000
110778  51.152  45.673  0.263 0.0000000000
110766  48.281  45.608  3.154 0.0000000000
110113  48.740  44.752  3.347 0.0000000000
110105  48.011  45.136  3.766 0.0000000000
107289  45.389  42.006  4.073 0.0000000000
107276  45.082  41.796  4.557 0.0000000000
132753  44.866  41.551  5.537 0.0000000000
107255  46.205  41.353  6.041 0.0000000000
107256  45.481  41.376  6.137 0.0000000000
107240  44.113  41.196  7.000 0.0000000000
107223  43.124  40.886  8.058 0.0000000000
107219  47.128  41.320  8.222 0.0000000000
107207  45.622  40.865  9.445 0.0000000000
107221  45.257  40.842  8.698 0.0000000000
142148  44.434  40.770  8.585 0.0000000000
106564  43.159  40.611  8.883 0.0000000000
105918  40.418  38.928  10.319 0.0000000000
105281  39.574  38.158  9.810 0.0000000000
104605  39.444  37.523  9.626 0.0000000000
136170  47.465  41.461  14.068 0.0000000000
107158  47.148  41.478  13.201 0.0000000000
133833  46.283  41.335  13.000 0.0000000000
106529  44.393  40.357  13.324 0.0000000000
104582  45.682  37.909  14.742 0.0000000000
104583  44.913  38.176  14.272 0.0000000000
105267  44.701  39.028  14.298 0.0000000000
103834  44.412  36.410  12.819 0.0000000000
104586  44.472  37.610  13.743 0.0000000000
105270  44.235  38.441  13.888 0.0000000000
140021  44.177  39.304  13.839 0.0000000000
105906  43.742  39.736  13.277 0.0000000000
105907  43.086  39.066  12.899 0.0000000000
105273  42.500  38.468  12.515 0.0000000000
105274  41.900  37.920  12.112 0.0000000000
104510  47.981  37.795  20.792 0.0000000000
104524  48.795  37.486  20.316 0.0000000000
103779  48.821  36.368  19.260 0.0000000000
103843  40.984  36.966  11.104 0.0000000000
104597  39.908  37.655  10.112 0.0000000000
105258  46.607  38.575  15.907 0.0000000000
105266  45.318  38.817  14.747 0.0000000000
105271  43.628  38.764  13.456 0.0000000000
105276  41.981  38.747  11.898 0.0000000000
105278  40.735  37.992  10.922 0.0000000000
105900  44.658  39.778  14.178 0.0000000000
106452  50.966  40.887  20.461 0.0000000000
106499  46.629  40.019  16.018 0.0000000000
106532  44.153  40.629  11.903 0.0000000000
107159  46.653  41.304  13.880 0.0000000000
107193  44.732  40.695  10.428 0.0000000000
107220  46.478  41.153  8.560 0.0000000000
107782  50.391  41.938  20.605 0.0000000000
107803  52.776  42.495  17.721 0.0000000000
109226  50.042  44.591  16.905 0.0000000000
109239  53.009  44.014  15.407 0.0000000000
109291  51.300  44.537  13.436 0.0000000000
109406  47.943  43.459  -2.728 0.0000000000
110177  49.063  44.320  -3.256 0.0000000000
110689  46.039  46.280  10.128 0.0000000000
113608  49.655  51.509  -3.205 0.0000000000
114192  43.170  51.397  4.335 0.0000000000
114194  41.559  51.704  4.565 0.0000000000
114235  50.002  52.046  -3.091 0.0000000000
114749  42.336  52.744  1.635 0.0000000000
115221  40.388  53.204  3.159 0.0000000000
115222  39.831  53.451  3.577 0.0000000000
115258  48.346  53.600  -2.350 0.0000000000
115269  49.200  54.044  -3.085 0.0000000000
115750  49.062  55.012  -2.956 0.0000000000
116256  48.588  55.688  -2.527 0.0000000000
116257  48.081  56.632  -1.636 0.0000000000
116284  48.815  55.326  -2.962 0.0000000000
116285  48.144  55.611  -3.207 0.0000000000
116814  46.233  56.673  -0.187 0.0000000000
116855  46.727  56.571  -3.264 0.0000000000
117399  46.203  57.958  0.835 0.0000000000
118029  46.051  58.144  0.856 0.0000000000
128805  50.472  44.584  16.304 0.0000000000
129096  52.487  44.441  12.335 0.0000000000
134449  43.642  51.678  2.924 0.0000000000
138856  41.290  52.379  3.391 0.0000000000
140023  49.854  38.630  20.347 0.0000000000
148090  45.089  53.890  -1.250 0.0000000000
149334  48.526  56.067  -1.969 0.0000000000
150152  48.817  40.355  21.119 0.0000000000
150502  53.394  41.899  10.136 0.0000000000
151669  46.524  51.247  4.502 0.0000000000
151681  43.734  40.742  8.524 0.0000000000
153706  45.708  41.121  13.206 0.0000000000
153740  41.042  42.719  5.345 0.0000000000
154267  46.474  57.276  0.092 0.0000000000
