#!ascii label  , from subject sub-v1s23x0050626_ses-1 vox2ras=TkReg
1789
122586  -28.073  -38.795  -42.770 0.5000000000
41037  -29.235  -38.636  -43.690 0.5000000000
41034  -28.482  -37.930  -42.929 0.4000000060
41035  -29.392  -37.659  -43.673 0.5000000000
41948  -28.947  -37.126  -43.080 0.5000000000
42804  -29.463  -36.486  -43.042 0.5000000000
142041  -29.686  -18.246  -45.775 0.5000000000
59601  -29.722  -17.662  -46.281 0.4000000060
60568  -30.706  -17.248  -46.636 0.4000000060
60574  -30.541  -16.940  -46.592 0.4000000060
60576  -32.071  -16.596  -47.046 0.6000000238
61557  -31.625  -16.575  -46.917 0.5000000000
61551  -32.740  -16.442  -47.218 0.5000000000
62580  -32.045  -15.825  -46.633 0.5000000000
61558  -32.724  -16.150  -47.226 0.4000000060
62587  -33.556  -15.744  -47.337 0.4000000060
62576  -32.847  -15.268  -46.427 0.5000000000
62581  -33.202  -15.525  -47.142 0.5000000000
62588  -34.134  -15.583  -47.247 0.4000000060
131521  -28.688  -40.152  -43.062 0.5000000000
40153  -29.472  -39.675  -43.801 0.4000000060
40154  -30.507  -39.238  -44.628 0.5000000000
41038  -30.566  -37.925  -44.508 0.5000000000
41949  -29.979  -36.938  -43.876 0.5000000000
42802  -29.842  -35.885  -42.700 0.5000000000
119824  -29.591  -35.262  -41.826 0.5000000000
129157  -28.658  -19.305  -44.338 0.5000000000
58633  -29.245  -18.721  -45.118 0.5000000000
59587  -30.621  -18.734  -44.764 0.5000000000
59594  -30.588  -17.974  -45.877 0.5000000000
60569  -31.912  -16.989  -47.030 0.6000000238
63558  -37.459  -14.032  -43.624 0.3000000119
61553  -34.175  -16.016  -47.231 0.4000000060
63566  -37.536  -13.737  -44.874 0.3000000119
62583  -36.004  -14.392  -46.669 0.4000000060
63570  -36.616  -14.162  -46.426 0.4000000060
40149  -28.603  -39.379  -43.124 0.5000000000
43628  -28.736  -35.595  -41.747 0.5000000000
59595  -31.619  -17.594  -46.012 0.6000000238
64551  -38.102  -11.875  -44.708 0.3000000119
63571  -37.119  -13.600  -45.982 0.3000000119
131146  -42.467  -49.955  -46.510 0.3000000119
31887  -42.583  -48.543  -46.357 0.3000000119
30770  -43.154  -49.197  -46.753 0.4000000060
31888  -43.469  -48.258  -46.796 0.4000000060
30776  -43.974  -49.418  -47.326 0.4000000060
123208  -44.281  -48.643  -47.351 0.4000000060
31895  -44.674  -47.729  -47.437 0.4000000060
31896  -45.790  -48.132  -48.141 0.4000000060
33953  -46.226  -45.903  -48.484 0.4000000060
31886  -41.913  -48.671  -45.870 0.3000000119
32931  -42.239  -47.943  -45.980 0.3000000119
32928  -41.937  -47.313  -45.573 0.4000000060
32932  -42.732  -47.060  -46.219 0.4000000060
32933  -43.602  -47.443  -46.750 0.4000000060
33944  -43.804  -46.523  -46.751 0.4000000060
33952  -44.951  -46.196  -47.499 0.4000000060
130388  -45.582  -45.233  -47.780 0.4000000060
36857  -45.464  -43.430  -48.492 0.4000000060
35918  -46.632  -44.014  -49.079 0.4000000060
34920  -40.982  -45.542  -43.481 0.3000000119
34923  -41.348  -45.825  -44.224 0.3000000119
33937  -41.706  -46.045  -44.941 0.3000000119
33941  -42.272  -46.250  -45.613 0.4000000060
34926  -42.384  -45.305  -45.294 0.4000000060
33943  -43.181  -45.849  -46.303 0.4000000060
131628  -44.393  -45.204  -47.014 0.4000000060
34935  -45.457  -44.099  -47.782 0.4000000060
35913  -44.426  -42.641  -47.128 0.4000000060
35916  -45.187  -43.098  -47.850 0.4000000060
37662  -42.885  -41.504  -45.938 0.4000000060
36852  -44.046  -42.372  -46.953 0.4000000060
36853  -44.649  -42.849  -47.690 0.4000000060
34917  -40.609  -45.257  -42.751 0.3000000119
33934  -40.631  -46.424  -43.758 0.3000000119
35900  -41.407  -44.693  -43.232 0.3000000119
34927  -43.018  -44.945  -45.881 0.3000000119
136257  -43.711  -44.630  -46.477 0.4000000060
132907  -43.964  -43.293  -46.418 0.4000000060
37663  -43.516  -41.597  -45.985 0.4000000060
35912  -43.927  -42.045  -46.390 0.4000000060
34929  -44.553  -43.603  -47.110 0.4000000060
37656  -42.947  -41.247  -45.302 0.4000000060
39233  -42.627  -40.245  -44.022 0.4000000060
35896  -41.007  -44.558  -42.438 0.3000000119
35897  -41.914  -43.905  -42.977 0.3000000119
36834  -42.326  -43.142  -42.736 0.3000000119
35901  -42.459  -43.743  -43.930 0.4000000060
35904  -42.831  -43.649  -44.767 0.4000000060
36844  -43.558  -42.010  -45.175 0.4000000060
35909  -43.205  -43.783  -45.525 0.4000000060
40152  -45.876  -40.045  -43.235 0.3000000119
38420  -45.017  -40.307  -44.184 0.4000000060
35905  -43.821  -42.169  -45.685 0.4000000060
130815  -45.196  -39.716  -43.094 0.3000000119
37658  -44.124  -40.695  -44.647 0.4000000060
37657  -43.878  -41.002  -45.105 0.4000000060
39225  -44.240  -39.651  -43.446 0.4000000060
36812  -40.671  -43.662  -40.300 0.3000000119
35875  -40.388  -44.154  -41.028 0.3000000119
36804  -41.701  -43.207  -39.533 0.3000000119
35886  -40.660  -44.374  -41.678 0.3000000119
36822  -41.907  -43.258  -41.620 0.3000000119
37637  -42.586  -42.657  -41.094 0.3000000119
36823  -42.782  -42.481  -42.363 0.3000000119
38403  -44.236  -41.416  -43.155 0.3000000119
38405  -46.082  -40.833  -42.365 0.3000000119
36835  -43.228  -42.081  -43.885 0.3000000119
38416  -45.616  -40.492  -43.453 0.3000000119
40142  -44.430  -39.366  -42.198 0.3000000119
39224  -43.202  -39.423  -42.385 0.4000000060
39223  -42.154  -39.825  -41.843 0.4000000060
36813  -41.696  -43.223  -40.591 0.3000000119
37627  -42.664  -42.793  -40.145 0.3000000119
37615  -45.391  -41.842  -40.733 0.3000000119
37629  -44.584  -42.032  -41.083 0.3000000119
39215  -45.991  -40.476  -41.257 0.3000000119
38392  -45.533  -41.486  -41.621 0.3000000119
37639  -44.511  -41.619  -42.029 0.3000000119
40123  -45.067  -39.621  -40.627 0.3000000119
39216  -46.324  -40.117  -41.930 0.3000000119
40133  -45.722  -39.777  -41.402 0.3000000119
40122  -43.962  -39.014  -40.348 0.3000000119
40131  -43.682  -39.054  -41.111 0.3000000119
40121  -43.066  -38.818  -40.152 0.3000000119
39213  -41.861  -39.715  -40.680 0.4000000060
37613  -43.758  -42.654  -39.973 0.3000000119
141400  -43.904  -43.499  -38.905 0.3000000119
37628  -43.539  -42.410  -40.646 0.3000000119
38366  -45.025  -40.915  -39.712 0.3000000119
38381  -45.522  -41.444  -40.501 0.3000000119
39205  -45.255  -40.468  -40.312 0.3000000119
38393  -46.029  -41.187  -41.419 0.3000000119
39204  -44.304  -39.719  -39.666 0.3000000119
39214  -42.720  -39.268  -40.989 0.4000000060
39202  -41.680  -39.556  -39.737 0.4000000060
39212  -41.109  -40.361  -40.236 0.5000000000
37604  -43.145  -42.990  -39.537 0.3000000119
137975  -44.583  -42.686  -39.576 0.3000000119
37614  -44.696  -42.366  -40.205 0.3000000119
38380  -45.159  -42.158  -40.098 0.3000000119
37605  -44.639  -43.690  -38.623 0.3000000119
37600  -44.739  -43.045  -38.243 0.3000000119
36790  -44.884  -43.730  -38.361 0.3000000119
40096  -42.439  -39.180  -38.018 0.3000000119
40097  -43.351  -39.484  -38.651 0.3000000119
37594  -44.814  -43.043  -37.136 0.3000000119
40111  -43.243  -38.945  -39.482 0.3000000119
135568  -42.719  -39.033  -38.813 0.3000000119
40120  -42.467  -38.963  -39.330 0.3000000119
39203  -42.378  -39.087  -40.123 0.3000000119
39188  -41.534  -39.403  -38.886 0.4000000060
39201  -40.890  -40.192  -39.316 0.5000000000
121553  -44.613  -42.787  -38.965 0.3000000119
125901  -44.999  -41.922  -39.555 0.3000000119
38356  -44.363  -41.659  -38.529 0.3000000119
37599  -44.350  -42.206  -37.968 0.3000000119
39189  -44.324  -40.682  -38.949 0.3000000119
133112  -44.400  -42.451  -37.288 0.3000000119
38329  -43.873  -41.452  -34.713 0.3000000119
38345  -44.314  -42.063  -35.310 0.3000000119
40110  -42.161  -39.058  -38.462 0.3000000119
39173  -43.629  -40.561  -38.050 0.3000000119
123178  -43.803  -41.371  -37.670 0.3000000119
38352  -43.752  -41.695  -36.845 0.3000000119
39172  -42.876  -39.775  -37.697 0.3000000119
142598  -42.653  -40.010  -37.097 0.3000000119
39161  -43.108  -40.691  -37.107 0.3000000119
128703  -42.690  -40.435  -35.294 0.3000000119
39142  -43.328  -40.783  -34.492 0.3000000119
39153  -43.260  -41.133  -35.216 0.3000000119
123742  -43.017  -39.704  -33.613 0.3000000119
38344  -43.665  -41.673  -35.703 0.3000000119
40056  -43.711  -39.744  -33.216 0.3000000119
39129  -43.531  -40.319  -33.761 0.3000000119
40095  -41.771  -39.016  -37.716 0.4000000060
40109  -41.333  -39.179  -38.148 0.4000000060
41867  -45.254  -37.555  -32.777 0.3000000119
39187  -40.651  -39.917  -38.546 0.4000000060
41875  -46.046  -37.326  -33.191 0.3000000119
38365  -40.153  -40.744  -38.933 0.5000000000
39186  -39.794  -40.307  -38.295 0.5000000000
124399  -42.259  -39.478  -37.069 0.3000000119
40070  -42.216  -39.679  -34.848 0.3000000119
141263  -42.462  -39.582  -34.087 0.3000000119
122610  -41.844  -39.040  -37.365 0.4000000060
40040  -43.150  -39.158  -33.052 0.3000000119
40946  -43.414  -38.508  -32.703 0.3000000119
40988  -41.357  -38.514  -37.071 0.4000000060
40094  -41.020  -38.794  -37.558 0.5000000000
40947  -44.198  -38.449  -32.623 0.3000000119
43552  -45.500  -35.977  -33.300 0.4000000060
131683  -40.651  -38.249  -37.178 0.5000000000
40093  -40.030  -38.958  -37.481 0.6000000238
42715  -45.431  -36.734  -33.016 0.3000000119
39170  -39.408  -39.750  -37.779 0.6000000238
40078  -41.633  -38.867  -35.369 0.3000000119
40961  -41.848  -38.461  -33.586 0.3000000119
40085  -41.699  -38.886  -36.595 0.3000000119
40069  -41.952  -39.061  -34.286 0.3000000119
40055  -42.465  -39.112  -33.540 0.3000000119
41864  -42.536  -37.714  -32.712 0.4000000060
141674  -41.226  -38.095  -36.256 0.4000000060
139140  -43.046  -37.943  -32.613 0.4000000060
123011  -43.050  -37.217  -32.553 0.4000000060
40987  -40.933  -37.910  -36.792 0.5000000000
42713  -43.906  -37.065  -32.526 0.4000000060
132683  -43.744  -35.667  -32.683 0.4000000060
44318  -45.037  -34.813  -33.476 0.4000000060
41903  -40.319  -37.655  -36.914 0.6000000238
42714  -44.679  -36.926  -32.683 0.4000000060
43544  -44.853  -36.187  -32.885 0.4000000060
128323  -45.500  -35.348  -33.521 0.4000000060
40986  -39.701  -38.279  -37.264 0.6000000238
43553  -46.090  -35.654  -33.794 0.3000000119
44319  -45.879  -34.839  -33.996 0.4000000060
40092  -39.040  -39.067  -37.522 0.6000000238
39169  -38.469  -39.798  -37.785 0.6000000238
40968  -41.395  -38.355  -34.440 0.3000000119
41874  -41.208  -37.649  -33.657 0.3000000119
40971  -41.213  -38.097  -35.286 0.3000000119
41863  -41.900  -37.805  -33.006 0.3000000119
42711  -41.645  -36.400  -32.814 0.4000000060
41885  -40.884  -37.513  -35.632 0.5000000000
42712  -42.571  -36.451  -32.588 0.4000000060
43542  -42.950  -35.720  -32.590 0.4000000060
123113  -40.574  -36.977  -35.822 0.5000000000
44310  -44.231  -34.985  -32.988 0.4000000060
42745  -40.242  -36.686  -36.177 0.5000000000
41892  -39.983  -37.032  -36.662 0.6000000238
45224  -45.181  -34.060  -33.964 0.4000000060
44324  -45.507  -33.483  -34.621 0.4000000060
41902  -39.427  -37.514  -37.074 0.6000000238
136708  -45.999  -34.127  -34.564 0.4000000060
134765  -46.122  -33.634  -35.028 0.4000000060
124486  -38.114  -39.102  -37.637 0.6999999881
40091  -37.308  -39.173  -37.776 0.6999999881
135031  -37.719  -39.697  -37.851 0.6999999881
41873  -40.636  -36.958  -34.119 0.4000000060
42721  -40.963  -36.734  -33.334 0.4000000060
134893  -41.034  -35.100  -33.117 0.4000000060
41884  -40.556  -36.995  -35.054 0.4000000060
42720  -40.451  -36.137  -33.789 0.4000000060
43540  -41.629  -35.468  -32.850 0.4000000060
42729  -40.311  -36.301  -34.654 0.4000000060
43541  -42.234  -35.824  -32.648 0.4000000060
44316  -42.793  -34.276  -33.083 0.4000000060
44309  -43.313  -34.964  -32.783 0.4000000060
45223  -44.090  -33.623  -33.606 0.4000000060
140772  -44.590  -33.786  -33.771 0.4000000060
45232  -44.668  -33.269  -34.122 0.4000000060
42744  -39.664  -36.394  -36.432 0.6000000238
46284  -45.869  -33.075  -35.244 0.4000000060
42757  -39.195  -36.776  -36.860 0.6000000238
41901  -38.561  -37.220  -37.239 0.6999999881
46295  -46.305  -32.717  -35.815 0.4000000060
41900  -37.820  -37.612  -37.551 0.6999999881
40108  -36.986  -39.884  -38.072 0.6999999881
43549  -40.429  -35.199  -33.628 0.4000000060
42738  -40.285  -36.426  -35.526 0.4000000060
44315  -41.756  -34.494  -33.095 0.4000000060
42737  -39.932  -35.998  -35.973 0.6000000238
125364  -39.640  -35.005  -34.956 0.5000000000
45222  -43.259  -33.451  -33.524 0.4000000060
43573  -39.409  -35.819  -36.262 0.6999999881
46269  -43.845  -32.980  -33.903 0.4000000060
43572  -38.903  -35.361  -36.406 0.6999999881
46282  -44.238  -32.443  -34.538 0.4000000060
42756  -38.441  -36.412  -37.088 0.6999999881
46294  -45.549  -32.431  -35.562 0.4000000060
42755  -37.831  -36.755  -37.487 0.6999999881
46307  -46.770  -32.323  -36.365 0.4000000060
40984  -37.645  -38.447  -37.645 0.6999999881
40983  -36.872  -38.554  -37.809 0.6999999881
47279  -47.297  -31.822  -36.816 0.4000000060
47295  -47.839  -31.250  -37.256 0.4000000060
45231  -39.969  -33.951  -34.176 0.4000000060
45219  -40.593  -33.766  -33.780 0.4000000060
118284  -40.862  -34.437  -33.416 0.4000000060
45220  -41.379  -33.669  -33.511 0.4000000060
43562  -39.425  -35.289  -35.797 0.6999999881
44323  -39.513  -34.213  -34.764 0.5000000000
45221  -42.299  -33.564  -33.431 0.4000000060
128640  -38.600  -33.909  -36.006 0.6999999881
46281  -43.417  -32.467  -34.181 0.4000000060
47249  -44.137  -31.883  -35.105 0.4000000060
44343  -38.355  -34.670  -36.562 0.6999999881
47248  -43.545  -31.901  -34.716 0.4000000060
47263  -44.435  -31.559  -35.683 0.4000000060
44359  -37.754  -34.686  -37.163 0.6999999881
46293  -44.795  -32.129  -35.268 0.4000000060
127325  -37.864  -36.052  -37.369 0.6999999881
47264  -45.179  -31.842  -35.976 0.4000000060
47265  -45.953  -32.108  -36.212 0.4000000060
47277  -45.557  -31.578  -36.684 0.4000000060
42754  -37.098  -37.115  -37.846 0.6999999881
47278  -46.406  -31.751  -36.812 0.4000000060
130677  -40.244  -33.167  -34.193 0.4000000060
46266  -40.995  -32.994  -33.883 0.4000000060
46267  -41.843  -32.912  -33.811 0.4000000060
46292  -39.269  -32.757  -35.091 0.6000000238
46277  -39.901  -32.587  -34.651 0.5000000000
47247  -41.092  -31.726  -34.711 0.5000000000
124228  -41.996  -31.716  -34.613 0.4000000060
117951  -29.230  -34.575  -41.216 0.4000000060
45301  -29.816  -34.025  -41.037 0.5000000000
45241  -38.702  -32.954  -35.673 0.6000000238
128595  -42.997  -31.421  -34.939 0.4000000060
131470  -38.268  -33.145  -36.269 0.6000000238
47262  -43.681  -31.412  -35.342 0.4000000060
44342  -37.882  -33.753  -36.772 0.6000000238
48198  -43.943  -31.027  -36.090 0.4000000060
47276  -44.755  -31.308  -36.439 0.4000000060
44358  -37.332  -34.780  -37.686 0.6999999881
42776  -36.627  -36.513  -38.069 0.6999999881
48211  -46.040  -31.322  -37.392 0.4000000060
47294  -46.962  -31.354  -37.405 0.4000000060
48223  -47.598  -30.701  -38.010 0.4000000060
48243  -48.332  -30.155  -38.225 0.4000000060
135940  -40.271  -31.873  -34.875 0.5000000000
47258  -39.826  -31.489  -35.420 0.6000000238
139936  -39.622  -32.101  -35.070 0.5000000000
47260  -41.561  -31.180  -35.176 0.5000000000
46347  -28.520  -32.872  -40.636 0.3000000119
45300  -28.865  -33.792  -40.754 0.4000000060
123448  -29.504  -33.132  -40.739 0.5000000000
45267  -37.868  -32.742  -36.804 0.6000000238
47275  -39.345  -31.156  -36.029 0.6000000238
47261  -42.355  -31.219  -35.121 0.4000000060
141977  -37.511  -33.191  -37.301 0.6000000238
48197  -42.998  -30.888  -35.685 0.5000000000
46333  -37.336  -32.363  -38.459 0.6999999881
45266  -37.329  -33.980  -37.594 0.6000000238
48209  -44.281  -30.765  -36.931 0.4000000060
46332  -36.874  -32.922  -38.597 0.8000000119
119520  -37.208  -33.111  -37.962 0.6999999881
48210  -45.143  -31.107  -37.243 0.4000000060
48222  -46.663  -30.978  -38.072 0.4000000060
48242  -47.870  -29.975  -38.828 0.4000000060
50339  -48.989  -29.017  -38.863 0.4000000060
48217  -38.855  -30.890  -36.846 0.6000000238
48205  -39.770  -30.551  -36.519 0.6000000238
48193  -40.139  -30.857  -35.845 0.5000000000
48195  -41.209  -30.709  -35.729 0.5000000000
46351  -29.139  -32.186  -40.847 0.4000000060
46326  -37.603  -32.461  -37.573 0.6000000238
48206  -41.620  -30.301  -36.311 0.5000000000
46352  -30.109  -32.450  -40.948 0.5000000000
47307  -37.818  -31.771  -38.001 0.6999999881
48207  -42.500  -30.345  -36.344 0.5000000000
47327  -37.563  -31.427  -39.880 0.6999999881
141555  -37.047  -32.469  -38.906 0.6999999881
49241  -42.862  -29.992  -37.124 0.5000000000
47344  -31.213  -31.132  -41.934 0.6999999881
47336  -30.690  -31.781  -41.347 0.6000000238
46340  -36.092  -32.250  -39.488 0.6999999881
46341  -36.621  -32.522  -39.142 0.6999999881
48220  -43.737  -30.255  -37.455 0.5000000000
49321  -32.033  -29.629  -43.830 0.6999999881
48298  -31.733  -30.503  -42.726 0.6999999881
45278  -35.534  -33.698  -38.797 0.6999999881
48221  -44.644  -30.595  -37.804 0.4000000060
124590  -45.727  -30.914  -38.146 0.4000000060
135985  -46.505  -30.778  -38.734 0.4000000060
48241  -47.195  -30.425  -38.955 0.4000000060
49267  -48.452  -29.496  -38.855 0.4000000060
48218  -39.511  -30.286  -37.349 0.6000000238
48219  -40.267  -30.073  -37.040 0.6000000238
49239  -41.215  -29.869  -37.100 0.6000000238
47334  -28.667  -31.341  -41.214 0.4000000060
47335  -29.756  -31.422  -41.379 0.6999999881
48252  -38.465  -30.902  -39.341 0.6999999881
48236  -38.686  -30.724  -38.313 0.6000000238
139658  -38.893  -30.621  -37.598 0.6000000238
49249  -41.258  -29.621  -38.067 0.5000000000
47343  -30.512  -30.908  -41.905 0.6999999881
48263  -38.081  -31.247  -39.978 0.6999999881
47317  -37.832  -31.497  -39.381 0.6999999881
47308  -38.125  -31.299  -38.600 0.6999999881
49250  -42.148  -29.749  -37.731 0.5000000000
49240  -42.071  -29.970  -36.877 0.5000000000
49251  -43.145  -29.888  -38.002 0.5000000000
48297  -30.964  -30.314  -42.701 0.6999999881
47326  -36.252  -31.160  -40.245 0.6999999881
47315  -36.749  -31.807  -39.773 0.6999999881
48238  -44.006  -30.237  -38.363 0.4000000060
49320  -31.309  -29.379  -43.558 0.6999999881
131985  -35.842  -30.544  -40.537 0.6999999881
47314  -35.770  -31.696  -39.845 0.6999999881
49306  -36.603  -29.573  -41.725 0.6000000238
48260  -35.181  -30.292  -40.766 0.6000000238
47325  -35.383  -31.007  -40.244 0.6999999881
48239  -45.001  -30.646  -38.789 0.4000000060
49335  -32.309  -28.677  -44.876 0.6999999881
142024  -35.862  -29.455  -41.810 0.6000000238
48282  -35.147  -29.679  -41.502 0.6000000238
48240  -46.116  -30.837  -39.236 0.4000000060
121493  -46.819  -30.666  -39.554 0.4000000060
121207  -47.736  -30.000  -39.783 0.4000000060
49287  -48.584  -28.871  -39.621 0.4000000060
49248  -40.497  -29.767  -37.713 0.6000000238
48278  -28.177  -30.635  -41.649 0.6000000238
48279  -29.109  -30.673  -41.718 0.6000000238
47342  -29.840  -30.638  -41.904 0.6999999881
142785  -38.632  -30.750  -41.108 0.6000000238
48253  -39.124  -30.448  -39.784 0.6999999881
49282  -39.829  -29.935  -39.163 0.6000000238
122963  -38.085  -30.936  -40.609 0.6000000238
121318  -38.490  -30.849  -40.310 0.6999999881
48296  -30.201  -30.131  -42.452 0.6999999881
48284  -37.832  -30.618  -41.244 0.6000000238
49265  -42.572  -29.819  -38.640 0.5000000000
48283  -36.920  -30.223  -41.087 0.6000000238
49266  -43.353  -30.081  -38.870 0.4000000060
49334  -31.461  -28.382  -44.610 0.6999999881
49290  -35.994  -29.906  -41.003 0.6999999881
118785  -44.163  -30.521  -39.444 0.4000000060
49323  -35.284  -29.170  -42.669 0.6000000238
48254  -45.487  -30.993  -39.991 0.4000000060
50395  -33.565  -28.887  -45.051 0.6999999881
49322  -34.109  -29.308  -43.261 0.6999999881
49305  -34.435  -29.545  -42.096 0.6000000238
48255  -46.931  -31.064  -40.624 0.4000000060
48256  -47.456  -30.442  -40.370 0.4000000060
48257  -47.999  -30.120  -40.848 0.4000000060
49286  -48.121  -29.475  -39.742 0.4000000060
50377  -48.126  -29.095  -40.437 0.3000000119
49247  -39.779  -29.916  -38.147 0.6000000238
49317  -28.313  -29.320  -42.580 0.5000000000
48300  -38.962  -30.760  -42.748 0.6000000238
48285  -39.186  -30.928  -42.098 0.6000000238
48264  -39.105  -30.683  -40.849 0.6000000238
49283  -40.607  -29.836  -39.561 0.6000000238
49284  -41.409  -29.898  -39.927 0.6000000238
48294  -28.655  -30.041  -42.193 0.6000000238
48295  -29.471  -30.087  -42.292 0.5000000000
49308  -38.254  -30.234  -42.144 0.6000000238
128209  -38.602  -30.693  -41.586 0.6000000238
49264  -41.296  -29.708  -38.963 0.4000000060
122951  -41.865  -29.686  -38.519 0.5000000000
49318  -29.798  -29.481  -42.759 0.6999999881
49294  -42.173  -30.146  -40.210 0.5000000000
121186  -42.035  -29.810  -39.282 0.4000000060
49285  -42.837  -30.120  -39.545 0.4000000060
49319  -30.415  -29.104  -43.230 0.8000000119
49325  -37.987  -29.236  -42.932 0.6000000238
48267  -42.863  -30.465  -40.527 0.4000000060
130049  -43.529  -30.564  -40.115 0.4000000060
49333  -30.678  -28.061  -44.298 0.6999999881
49324  -36.403  -29.068  -42.636 0.6000000238
50398  -37.394  -28.487  -43.736 0.6000000238
118797  -44.648  -31.267  -40.954 0.4000000060
50410  -31.650  -27.282  -45.506 0.6999999881
50397  -36.231  -28.584  -43.971 0.6000000238
48269  -46.310  -31.740  -41.405 0.4000000060
50411  -32.605  -27.601  -45.906 0.6999999881
50421  -33.191  -26.552  -46.658 0.6999999881
50413  -36.050  -27.982  -45.636 0.6999999881
48270  -47.472  -31.722  -41.972 0.4000000060
120087  -33.634  -27.873  -46.125 0.6999999881
47329  -48.055  -32.065  -42.743 0.4000000060
48291  -48.157  -31.805  -42.773 0.3000000119
48271  -47.998  -31.210  -41.772 0.4000000060
50376  -47.851  -29.197  -40.810 0.4000000060
48301  -39.628  -31.203  -43.690 0.6000000238
48265  -39.847  -30.651  -41.494 0.6000000238
49309  -40.757  -30.736  -42.118 0.6000000238
50393  -28.730  -28.475  -43.137 0.6000000238
132875  -29.118  -29.354  -42.696 0.6000000238
141344  -38.666  -30.001  -43.065 0.6000000238
49293  -41.562  -30.324  -41.082 0.5000000000
48266  -42.394  -30.566  -41.293 0.5000000000
50408  -30.010  -27.717  -43.933 0.6999999881
142185  -42.917  -30.761  -41.266 0.5000000000
48268  -43.499  -31.010  -41.211 0.5000000000
122992  -30.455  -27.054  -44.446 0.8000000119
48288  -44.330  -31.852  -42.553 0.4000000060
50409  -30.954  -27.116  -45.063 0.8000000119
50414  -37.120  -27.782  -45.104 0.6000000238
50419  -31.376  -26.566  -45.618 0.6999999881
50385  -43.892  -28.955  -41.891 0.5000000000
49310  -44.541  -29.788  -42.971 0.5000000000
49331  -45.373  -31.050  -43.626 0.5000000000
47347  -45.854  -32.963  -44.260 0.4000000060
48289  -45.736  -32.311  -42.598 0.4000000060
50420  -32.206  -26.355  -46.180 0.6999999881
50425  -33.094  -26.372  -46.781 0.6999999881
124711  -35.335  -27.427  -46.266 0.6999999881
50357  -43.584  -28.139  -39.917 0.5000000000
122419  -46.211  -30.445  -42.679 0.4000000060
48306  -46.112  -32.488  -44.241 0.4000000060
47341  -47.681  -32.589  -43.585 0.4000000060
51311  -43.939  -27.727  -39.155 0.4000000060
50373  -44.262  -28.634  -40.771 0.5000000000
50386  -45.121  -29.443  -41.845 0.4000000060
49311  -48.141  -30.930  -42.708 0.4000000060
136246  -47.735  -32.350  -43.107 0.4000000060
50358  -44.590  -28.289  -39.839 0.4000000060
50374  -45.510  -28.855  -40.784 0.4000000060
49295  -46.843  -29.718  -41.773 0.4000000060
49296  -48.022  -29.916  -41.662 0.4000000060
48286  -39.853  -31.262  -43.088 0.6000000238
135915  -28.628  -27.683  -43.402 0.5000000000
49327  -39.354  -30.514  -44.073 0.6000000238
130353  -39.837  -31.591  -45.113 0.6000000238
118176  -40.725  -31.559  -44.041 0.5000000000
48303  -41.868  -31.897  -45.074 0.5000000000
50394  -29.569  -28.612  -43.290 0.6999999881
49326  -38.871  -29.226  -43.693 0.6000000238
48309  -41.998  -32.261  -46.464 0.5000000000
48287  -41.883  -31.083  -42.791 0.5000000000
50407  -29.245  -27.525  -43.653 0.6000000238
50399  -38.386  -28.315  -44.141 0.6000000238
48304  -42.946  -32.051  -45.288 0.5000000000
119295  -42.829  -31.769  -44.105 0.5000000000
49330  -44.181  -30.672  -44.205 0.5000000000
48305  -44.014  -32.185  -44.099 0.5000000000
118618  -43.100  -31.267  -42.443 0.5000000000
50371  -42.294  -28.124  -41.137 0.5000000000
50383  -41.963  -28.391  -42.347 0.5000000000
50405  -43.544  -29.469  -43.197 0.5000000000
49341  -43.575  -31.375  -45.194 0.5000000000
138978  -44.059  -31.973  -44.662 0.5000000000
47346  -44.971  -32.547  -44.300 0.4000000060
51361  -31.001  -26.685  -44.874 0.8000000119
50424  -36.855  -27.181  -45.847 0.6999999881
50384  -42.903  -28.645  -42.077 0.5000000000
49342  -44.718  -31.792  -44.448 0.5000000000
51363  -32.635  -25.802  -45.795 0.8000000119
50428  -35.034  -26.502  -46.571 0.6999999881
50423  -36.110  -26.912  -46.258 0.6999999881
50356  -42.643  -27.909  -40.137 0.5000000000
50427  -34.061  -25.990  -47.015 0.6999999881
48302  -39.943  -31.789  -44.830 0.5000000000
51358  -28.165  -27.376  -43.292 0.5000000000
49336  -39.492  -29.573  -44.358 0.6000000238
48308  -40.609  -32.208  -45.977 0.5000000000
51359  -28.741  -27.177  -43.542 0.5000000000
48312  -41.181  -31.903  -46.990 0.5000000000
48313  -42.194  -31.753  -46.936 0.5000000000
52219  -27.866  -26.369  -42.923 0.5000000000
52228  -28.369  -26.845  -43.274 0.5000000000
50415  -37.869  -27.691  -44.840 0.6000000238
50400  -38.973  -28.383  -43.818 0.6000000238
49328  -42.143  -30.107  -45.238 0.5000000000
49340  -42.670  -31.219  -46.175 0.5000000000
48310  -42.779  -31.758  -45.997 0.5000000000
51367  -38.066  -27.319  -44.635 0.6000000238
50403  -41.535  -28.981  -43.779 0.5000000000
51349  -30.510  -26.846  -43.814 0.6999999881
51373  -37.497  -26.959  -45.446 0.6000000238
50404  -42.549  -29.226  -43.475 0.5000000000
49329  -43.206  -30.361  -44.753 0.5000000000
51372  -36.802  -26.521  -45.844 0.6999999881
132666  -31.185  -26.759  -43.775 0.6999999881
124156  -42.142  -27.453  -39.525 0.4000000060
51362  -31.570  -26.468  -45.660 0.8000000119
120378  -33.759  -25.334  -46.486 0.6999999881
51294  -42.462  -27.103  -38.730 0.5000000000
52154  -42.862  -26.641  -38.063 0.5000000000
51350  -31.868  -26.627  -44.278 0.6999999881
51295  -43.383  -27.200  -38.571 0.4000000060
52155  -43.745  -26.656  -38.072 0.5000000000
54707  -45.247  -23.669  -37.756 0.4000000060
54719  -45.786  -23.695  -38.342 0.5000000000
123962  -45.701  -22.311  -38.603 0.5000000000
54730  -46.822  -23.984  -39.709 0.5000000000
55684  -46.161  -22.820  -39.199 0.5000000000
56622  -45.962  -22.175  -39.332 0.5000000000
49337  -39.886  -30.550  -45.320 0.6000000238
49338  -40.539  -30.862  -46.390 0.5000000000
50416  -39.633  -29.199  -44.410 0.6000000238
50417  -40.095  -29.698  -45.148 0.6000000238
49339  -41.678  -31.084  -46.692 0.5000000000
53044  -28.217  -25.831  -42.484 0.5000000000
52229  -29.165  -26.807  -43.405 0.5000000000
51355  -38.680  -27.385  -43.800 0.6000000238
51368  -39.336  -28.307  -43.753 0.6000000238
50401  -39.842  -28.598  -43.927 0.6000000238
50382  -41.071  -28.122  -42.677 0.5000000000
50418  -40.981  -29.907  -45.488 0.5000000000
52221  -29.347  -26.310  -42.569 0.6000000238
52222  -29.987  -26.645  -42.946 0.6999999881
52232  -38.108  -26.815  -44.270 0.6000000238
51341  -41.439  -27.818  -41.474 0.5000000000
52223  -30.766  -26.647  -42.630 0.6999999881
52231  -37.627  -26.638  -44.915 0.6000000238
51324  -41.707  -27.609  -40.377 0.5000000000
140180  -41.566  -27.320  -39.733 0.6000000238
51323  -40.973  -27.127  -40.031 0.4000000060
52142  -41.870  -26.471  -38.215 0.5000000000
51371  -35.549  -26.242  -46.076 0.6999999881
51366  -36.607  -26.263  -45.536 0.6999999881
51370  -34.416  -25.536  -46.413 0.6999999881
54699  -43.857  -23.476  -36.846 0.4000000060
131807  -44.118  -22.230  -36.792 0.4000000060
51353  -35.203  -26.691  -44.146 0.6999999881
55672  -44.936  -22.925  -37.528 0.4000000060
51351  -33.219  -26.717  -43.935 0.6999999881
55683  -45.514  -22.976  -38.074 0.4000000060
51334  -31.858  -26.863  -42.749 0.6999999881
54738  -46.550  -23.271  -39.837 0.5000000000
55693  -46.249  -22.504  -39.926 0.5000000000
50402  -40.590  -28.779  -43.983 0.5000000000
51356  -39.438  -27.703  -43.323 0.5000000000
53022  -28.694  -25.298  -41.891 0.6000000238
53045  -28.888  -25.917  -42.318 0.6000000238
51357  -40.221  -27.882  -43.028 0.5000000000
52226  -38.397  -26.709  -43.325 0.5000000000
117880  -41.017  -27.398  -40.871 0.5000000000
52197  -30.033  -26.192  -42.041 0.6999999881
52225  -37.769  -26.540  -43.834 0.6000000238
52168  -40.641  -26.488  -39.375 0.6000000238
52153  -41.134  -26.450  -38.681 0.5000000000
52198  -30.737  -26.342  -41.976 0.6999999881
51354  -36.404  -26.431  -44.623 0.6999999881
129310  -41.508  -23.862  -36.626 0.5000000000
55663  -42.183  -22.548  -36.226 0.4000000060
51365  -35.416  -26.163  -45.566 0.6999999881
51337  -34.865  -27.003  -42.624 0.6999999881
52970  -41.675  -25.692  -37.600 0.5000000000
52963  -42.022  -25.194  -37.121 0.5000000000
121900  -42.204  -23.935  -36.597 0.4000000060
55664  -42.993  -22.569  -36.332 0.4000000060
55665  -43.704  -22.698  -36.643 0.4000000060
51364  -34.091  -25.917  -45.445 0.6999999881
56602  -44.240  -21.488  -36.815 0.4000000060
56608  -44.872  -21.526  -37.488 0.4000000060
52199  -31.551  -26.581  -41.952 0.6999999881
52201  -33.503  -26.765  -41.641 0.6999999881
132117  -44.635  -22.213  -37.240 0.4000000060
57494  -45.032  -20.915  -37.770 0.4000000060
52200  -32.560  -26.696  -41.765 0.6999999881
51335  -32.826  -27.003  -42.656 0.6999999881
131686  -45.201  -22.235  -37.828 0.4000000060
56609  -45.327  -21.496  -38.188 0.4000000060
56621  -45.663  -21.430  -39.152 0.4000000060
56639  -46.188  -22.024  -40.634 0.5000000000
56633  -45.983  -21.847  -39.853 0.5000000000
51339  -39.770  -27.168  -42.420 0.5000000000
52227  -39.045  -26.947  -42.860 0.5000000000
52207  -39.383  -26.520  -41.902 0.5000000000
52208  -39.999  -26.816  -41.588 0.5000000000
52185  -40.458  -26.926  -40.889 0.5000000000
53884  -29.326  -24.669  -41.581 0.6000000238
53023  -29.584  -25.602  -41.812 0.6000000238
52206  -38.718  -26.406  -42.212 0.5000000000
51340  -40.585  -27.403  -41.825 0.5000000000
53024  -30.542  -25.659  -41.628 0.6999999881
52205  -38.066  -26.352  -42.469 0.5000000000
123372  -40.375  -26.559  -40.228 0.6000000238
142259  -40.657  -26.095  -38.742 0.5000000000
123154  -37.386  -26.469  -42.577 0.6000000238
125204  -36.996  -26.507  -43.486 0.6999999881
52983  -41.087  -25.964  -38.210 0.5000000000
54696  -41.779  -23.250  -36.414 0.4000000060
51338  -35.931  -26.826  -42.981 0.8000000119
52969  -40.807  -25.320  -37.801 0.5000000000
53822  -40.993  -24.213  -36.893 0.5000000000
128722  -43.630  -21.108  -36.363 0.4000000060
56601  -43.499  -21.863  -36.395 0.4000000060
132925  -44.358  -20.062  -36.953 0.4000000060
52203  -35.442  -26.781  -41.701 0.6000000238
58569  -44.847  -20.175  -37.689 0.4000000060
51352  -34.251  -26.867  -43.617 0.6999999881
51336  -33.852  -27.039  -42.533 0.6999999881
52202  -34.456  -26.779  -41.595 0.6000000238
53007  -35.525  -25.660  -40.535 0.6000000238
142811  -45.057  -19.949  -38.255 0.4000000060
53026  -32.308  -25.956  -41.339 0.6999999881
53027  -33.214  -26.063  -41.191 0.6000000238
52178  -34.087  -26.194  -41.016 0.6000000238
53006  -34.627  -25.585  -40.643 0.6000000238
57502  -45.260  -20.590  -38.466 0.4000000060
53873  -34.299  -24.785  -40.554 0.6000000238
57512  -45.845  -21.135  -40.249 0.5000000000
131345  -34.062  -24.091  -40.587 0.6000000238
120091  -34.721  -24.061  -40.329 0.6000000238
56658  -46.174  -21.377  -41.431 0.5000000000
133335  -29.055  -23.904  -41.543 0.5000000000
52184  -39.782  -26.313  -40.908 0.6000000238
53885  -30.222  -24.800  -41.480 0.6000000238
52183  -39.038  -25.950  -41.286 0.6000000238
52997  -40.149  -25.795  -39.177 0.5000000000
52981  -39.783  -25.118  -38.936 0.5000000000
52982  -40.396  -25.565  -38.470 0.5000000000
129848  -29.854  -23.937  -41.483 0.6000000238
54749  -30.768  -23.984  -41.379 0.6000000238
52182  -38.234  -26.020  -41.359 0.6000000238
53848  -40.043  -24.907  -38.142 0.5000000000
55661  -40.509  -22.403  -36.523 0.5000000000
56599  -41.770  -21.838  -36.027 0.4000000060
56600  -42.618  -21.839  -36.094 0.4000000060
53886  -31.149  -24.892  -41.349 0.6999999881
52204  -36.481  -26.697  -42.009 0.6999999881
52181  -37.174  -26.261  -41.369 0.6000000238
53832  -40.498  -24.580  -37.473 0.5000000000
54706  -40.238  -23.788  -37.155 0.5000000000
54695  -40.880  -23.319  -36.603 0.5000000000
57486  -43.357  -20.452  -36.135 0.4000000060
57487  -44.002  -20.628  -36.601 0.4000000060
136074  -44.486  -19.556  -37.373 0.4000000060
52180  -36.009  -26.375  -41.032 0.6999999881
53875  -35.982  -24.919  -40.125 0.6999999881
53847  -39.469  -24.379  -38.700 0.5000000000
53831  -39.780  -24.121  -37.891 0.5000000000
53887  -32.068  -25.056  -41.183 0.6000000238
53860  -36.534  -24.322  -39.767 0.6999999881
58574  -44.760  -19.336  -38.072 0.4000000060
53004  -32.945  -25.269  -40.981 0.6000000238
53005  -33.780  -25.451  -40.798 0.6000000238
53874  -35.121  -24.830  -40.333 0.6000000238
53859  -35.580  -24.048  -39.893 0.6000000238
54727  -36.366  -23.518  -39.475 0.6000000238
58575  -45.166  -19.697  -38.909 0.4000000060
53872  -33.539  -24.610  -40.727 0.6000000238
54737  -34.982  -23.300  -40.172 0.6000000238
55691  -35.925  -22.776  -39.359 0.6000000238
59557  -45.166  -19.073  -39.504 0.4000000060
55701  -35.256  -22.640  -39.921 0.6000000238
123289  -45.803  -20.513  -40.995 0.5000000000
57526  -45.630  -20.303  -40.248 0.4000000060
57539  -46.119  -20.517  -41.935 0.5000000000
53011  -39.320  -25.628  -40.465 0.6000000238
54747  -29.320  -23.222  -41.572 0.6000000238
52994  -38.223  -24.976  -40.164 0.6000000238
53863  -39.192  -24.660  -39.449 0.5000000000
56590  -42.172  -21.095  -35.838 0.4000000060
54748  -30.278  -23.203  -41.523 0.6000000238
122943  -31.226  -23.178  -41.442 0.6000000238
53009  -37.578  -25.465  -40.515 0.6000000238
53861  -37.523  -24.545  -39.849 0.6000000238
53846  -38.832  -23.943  -39.181 0.5000000000
54717  -38.512  -23.166  -38.859 0.5000000000
55682  -39.000  -22.765  -38.186 0.5000000000
55670  -39.438  -22.490  -37.427 0.5000000000
57479  -42.648  -20.397  -35.820 0.4000000060
58559  -43.520  -19.079  -36.260 0.4000000060
132815  -43.733  -19.860  -36.395 0.4000000060
53008  -36.500  -25.664  -40.544 0.6999999881
54718  -39.202  -23.585  -38.462 0.5000000000
54705  -39.586  -23.289  -37.663 0.5000000000
121764  -44.459  -18.353  -38.126 0.4000000060
119214  -31.814  -24.009  -41.187 0.6000000238
56619  -36.770  -21.507  -38.589 0.6000000238
59556  -44.802  -18.794  -38.876 0.4000000060
136892  -32.634  -23.589  -41.052 0.6000000238
55699  -33.922  -22.777  -40.999 0.6000000238
55679  -36.309  -22.165  -38.951 0.6000000238
53025  -31.409  -25.800  -41.499 0.6999999881
58586  -45.427  -19.682  -39.843 0.4000000060
59566  -44.932  -18.362  -39.632 0.4000000060
54736  -34.322  -23.371  -40.609 0.6000000238
55700  -34.631  -22.519  -40.617 0.6000000238
58602  -45.829  -19.923  -41.425 0.5000000000
58601  -45.603  -19.736  -40.694 0.4000000060
58611  -46.076  -19.709  -42.258 0.5000000000
58621  -46.124  -19.589  -43.532 0.4000000060
53010  -38.571  -25.486  -40.643 0.6000000238
53862  -38.459  -24.441  -39.730 0.5000000000
57492  -39.304  -20.917  -36.832 0.5000000000
56597  -40.064  -21.533  -36.488 0.5000000000
124372  -40.669  -20.982  -35.978 0.5000000000
58544  -42.204  -19.693  -35.627 0.4000000060
55713  -31.633  -22.399  -41.635 0.6000000238
54750  -32.155  -23.042  -41.309 0.6000000238
135754  -38.302  -21.550  -38.088 0.5000000000
56607  -39.352  -21.723  -37.137 0.5000000000
55660  -39.859  -22.240  -36.843 0.5000000000
58545  -43.045  -19.599  -35.870 0.4000000060
59534  -43.318  -18.322  -36.201 0.4000000060
59535  -43.797  -18.546  -36.779 0.4000000060
55681  -38.207  -22.280  -38.492 0.5000000000
59548  -44.279  -18.839  -37.412 0.4000000060
54751  -33.054  -22.902  -41.168 0.6000000238
55715  -33.542  -22.162  -41.398 0.6000000238
56618  -35.924  -21.408  -38.954 0.6000000238
60524  -44.653  -17.462  -39.858 0.4000000060
55716  -34.631  -21.682  -40.938 0.6000000238
121299  -35.377  -21.269  -39.727 0.6000000238
59567  -45.383  -18.879  -40.313 0.4000000060
56638  -35.062  -21.869  -40.230 0.6000000238
125958  -45.353  -18.252  -41.021 0.4000000060
130537  -45.709  -19.096  -41.387 0.4000000060
60542  -45.799  -18.074  -42.357 0.3000000119
59579  -45.983  -18.817  -42.538 0.4000000060
59585  -45.926  -18.857  -43.666 0.3000000119
121257  -39.886  -20.595  -36.242 0.5000000000
57485  -40.518  -20.084  -35.757 0.5000000000
131947  -42.485  -18.900  -35.624 0.5000000000
59518  -42.763  -18.190  -35.775 0.5000000000
121734  -38.697  -21.127  -37.541 0.5000000000
57491  -38.661  -20.307  -37.127 0.6000000238
133359  -43.067  -18.821  -35.860 0.4000000060
127232  -43.550  -17.764  -36.730 0.4000000060
55714  -32.608  -22.251  -41.552 0.6000000238
56656  -33.188  -21.397  -41.866 0.6000000238
56605  -37.964  -20.894  -37.990 0.6000000238
60487  -44.008  -18.001  -37.409 0.4000000060
60502  -44.079  -17.398  -38.184 0.4000000060
56657  -34.097  -21.525  -41.458 0.6000000238
57501  -37.242  -20.980  -38.310 0.6999999881
131606  -44.297  -16.731  -39.770 0.3000000119
125823  -34.629  -20.966  -41.261 0.6000000238
57500  -36.451  -20.639  -38.519 0.6000000238
60532  -44.591  -16.628  -40.480 0.3000000119
141166  -34.212  -22.126  -41.138 0.6000000238
58573  -35.884  -19.862  -38.698 0.6000000238
60525  -45.054  -18.085  -40.311 0.4000000060
57525  -35.016  -21.112  -40.565 0.6000000238
120108  -35.460  -19.870  -39.437 0.6000000238
60541  -45.490  -17.576  -41.708 0.3000000119
60550  -45.500  -16.740  -42.285 0.3000000119
60551  -45.786  -17.465  -42.845 0.3000000119
60557  -45.656  -17.624  -44.144 0.3000000119
59533  -39.399  -19.024  -35.941 0.6000000238
58542  -40.102  -19.241  -35.710 0.5000000000
129929  -41.102  -18.076  -35.466 0.5000000000
59517  -41.992  -18.150  -35.524 0.5000000000
142505  -38.338  -20.634  -37.581 0.6000000238
58557  -38.886  -19.501  -36.527 0.6000000238
60486  -43.279  -17.001  -36.719 0.4000000060
61489  -43.696  -16.767  -37.859 0.4000000060
57537  -34.098  -20.804  -41.839 0.6000000238
123309  -37.985  -20.215  -37.622 0.6000000238
61500  -43.799  -16.563  -38.537 0.3000000119
60515  -44.207  -17.051  -39.115 0.3000000119
57538  -34.688  -20.259  -41.556 0.6000000238
58600  -35.114  -19.695  -41.124 0.6000000238
57509  -35.007  -20.387  -40.847 0.6000000238
60533  -45.040  -17.454  -40.761 0.3000000119
57510  -35.283  -20.508  -40.035 0.6000000238
61523  -45.086  -16.740  -41.336 0.3000000119
61530  -45.493  -15.946  -42.700 0.3000000119
61531  -45.742  -16.688  -43.676 0.3000000119
136885  -39.221  -18.293  -35.871 0.6000000238
59514  -39.874  -18.505  -35.661 0.6000000238
60464  -41.494  -17.364  -35.554 0.5000000000
60465  -42.358  -17.420  -35.753 0.4000000060
58556  -38.292  -18.822  -36.658 0.6000000238
142753  -38.857  -18.765  -36.223 0.6000000238
62505  -43.173  -15.826  -37.257 0.4000000060
61499  -43.484  -16.096  -37.931 0.4000000060
128238  -37.579  -18.868  -37.187 0.6000000238
58609  -34.241  -20.030  -42.171 0.6000000238
119600  -36.809  -18.946  -37.721 0.6000000238
61510  -43.898  -16.237  -39.377 0.3000000119
62549  -44.225  -15.800  -40.493 0.3000000119
120863  -35.550  -19.277  -38.937 0.6000000238
62550  -44.654  -15.984  -41.202 0.3000000119
121686  -35.391  -18.955  -40.594 0.6000000238
58585  -35.420  -19.118  -39.639 0.6000000238
62561  -45.018  -15.317  -41.921 0.3000000119
62567  -45.527  -15.125  -42.982 0.3000000119
60461  -38.999  -17.542  -35.834 0.6000000238
60462  -39.742  -17.755  -35.608 0.5000000000
62494  -41.423  -15.887  -35.744 0.5000000000
62495  -42.117  -16.017  -36.030 0.4000000060
62504  -42.649  -15.748  -36.586 0.4000000060
62521  -42.877  -15.225  -37.131 0.4000000060
62522  -43.123  -15.157  -37.989 0.4000000060
60484  -38.309  -17.395  -36.282 0.6000000238
62539  -43.241  -15.120  -38.915 0.4000000060
62540  -43.590  -15.432  -39.460 0.3000000119
58610  -34.882  -19.558  -41.839 0.6000000238
59547  -37.040  -18.177  -37.351 0.6000000238
64512  -43.441  -13.945  -40.171 0.3000000119
59578  -35.145  -18.744  -42.057 0.6000000238
122756  -35.229  -19.105  -41.404 0.6000000238
59546  -36.284  -18.240  -37.818 0.6000000238
63537  -44.039  -14.282  -40.925 0.3000000119
59545  -35.747  -18.228  -38.266 0.6000000238
136674  -35.447  -18.148  -40.542 0.6000000238
59565  -35.391  -18.309  -39.804 0.6000000238
61458  -39.594  -16.875  -35.581 0.6000000238
63480  -41.087  -15.103  -35.771 0.4000000060
62503  -41.923  -15.238  -36.153 0.4000000060
123657  -42.476  -15.013  -36.714 0.4000000060
61473  -38.127  -16.717  -36.328 0.5000000000
61457  -38.733  -16.764  -35.904 0.5000000000
63518  -42.965  -14.489  -38.736 0.4000000060
60483  -37.680  -17.138  -36.680 0.5000000000
63527  -43.301  -14.648  -39.496 0.3000000119
60482  -37.057  -16.810  -37.066 0.5000000000
64520  -43.439  -13.150  -40.366 0.3000000119
134261  -35.564  -17.183  -38.322 0.5000000000
59571  -35.399  -18.448  -41.272 0.6000000238
61498  -35.335  -17.152  -38.940 0.6000000238
60530  -35.486  -17.655  -41.056 0.6000000238
60523  -35.334  -17.321  -39.964 0.6000000238
60513  -35.335  -17.799  -39.219 0.6000000238
60531  -35.473  -16.869  -40.836 0.5000000000
63478  -39.488  -14.727  -35.705 0.4000000060
63479  -40.277  -14.910  -35.652 0.3000000119
63488  -40.839  -14.284  -35.896 0.4000000060
63490  -42.095  -14.430  -36.561 0.4000000060
64489  -42.532  -13.724  -37.628 0.3000000119
62502  -38.331  -15.949  -36.141 0.5000000000
63477  -38.933  -15.310  -35.787 0.4000000060
130861  -42.284  -13.126  -37.280 0.3000000119
131756  -42.440  -13.040  -37.980 0.3000000119
63517  -42.814  -14.314  -38.015 0.3000000119
61471  -36.787  -15.891  -37.050 0.5000000000
65494  -42.585  -11.975  -38.993 0.3000000119
65482  -42.677  -12.935  -38.919 0.3000000119
126361  -36.453  -16.586  -37.440 0.5000000000
124671  -43.111  -13.148  -39.753 0.3000000119
119142  -35.575  -16.544  -38.452 0.5000000000
65515  -44.081  -12.879  -41.475 0.3000000119
61509  -35.412  -16.428  -39.295 0.5000000000
63487  -39.212  -13.979  -35.879 0.3000000119
64462  -40.025  -14.072  -35.757 0.3000000119
64479  -40.612  -13.427  -36.119 0.3000000119
64480  -41.503  -13.713  -36.396 0.3000000119
118651  -38.382  -14.047  -36.249 0.3000000119
63486  -38.831  -14.609  -35.902 0.4000000060
65469  -42.121  -12.497  -37.439 0.3000000119
63485  -37.601  -14.527  -36.597 0.3000000119
65481  -42.343  -12.254  -38.194 0.3000000119
62519  -36.015  -15.956  -37.816 0.4000000060
65495  -42.917  -12.457  -39.534 0.3000000119
65504  -43.280  -12.501  -40.134 0.3000000119
66394  -43.597  -11.245  -41.044 0.3000000119
62531  -35.689  -15.731  -38.729 0.5000000000
66395  -44.048  -11.309  -41.889 0.3000000119
61516  -35.496  -16.282  -40.231 0.4000000060
62538  -35.683  -15.610  -39.610 0.5000000000
64478  -39.737  -13.266  -36.031 0.3000000119
65450  -40.349  -12.530  -36.418 0.3000000119
65451  -41.148  -12.270  -36.758 0.3000000119
138360  -38.252  -13.269  -36.462 0.3000000119
65468  -41.670  -12.141  -37.097 0.3000000119
65452  -41.821  -12.854  -36.812 0.3000000119
64476  -37.665  -13.665  -36.701 0.3000000119
66371  -42.600  -11.069  -39.047 0.3000000119
63501  -36.504  -14.502  -37.597 0.3000000119
63502  -36.997  -14.092  -37.072 0.3000000119
66372  -43.020  -11.668  -39.776 0.3000000119
124726  -43.289  -11.182  -40.361 0.3000000119
63516  -36.361  -14.145  -38.341 0.3000000119
63515  -35.999  -14.922  -38.263 0.4000000060
67215  -43.373  -10.508  -40.635 0.3000000119
129650  -35.839  -15.025  -39.120 0.4000000060
67226  -44.077  -10.377  -42.163 0.3000000119
62548  -35.871  -15.436  -40.507 0.4000000060
130018  -44.347  -10.173  -42.772 0.3000000119
67234  -44.466  -10.965  -42.756 0.3000000119
66323  -38.964  -11.851  -36.671 0.3000000119
64477  -38.904  -13.252  -36.171 0.3000000119
66324  -39.781  -11.753  -36.684 0.3000000119
66325  -40.563  -11.833  -36.780 0.3000000119
66343  -41.160  -11.513  -37.172 0.3000000119
66344  -41.887  -11.752  -37.625 0.3000000119
65448  -38.559  -12.570  -36.547 0.3000000119
67163  -41.593  -10.871  -37.820 0.3000000119
67186  -42.132  -10.552  -38.484 0.3000000119
67201  -42.538  -10.287  -39.037 0.3000000119
64487  -36.609  -13.706  -37.806 0.3000000119
64488  -37.141  -13.281  -37.278 0.3000000119
130070  -43.306  -9.030  -40.643 0.3000000119
64499  -36.329  -14.274  -39.214 0.4000000060
130883  -43.620  -9.153  -41.294 0.3000000119
68872  -43.894  -8.928  -41.924 0.3000000119
63535  -36.478  -14.667  -40.746 0.4000000060
68049  -44.156  -9.591  -42.416 0.3000000119
68882  -44.217  -8.757  -42.823 0.3000000119
68057  -44.462  -9.599  -43.139 0.3000000119
68895  -44.847  -8.685  -44.737 0.3000000119
66341  -39.554  -11.078  -36.999 0.3000000119
66342  -40.319  -11.210  -37.015 0.3000000119
67162  -40.790  -10.697  -37.435 0.3000000119
67974  -41.135  -10.203  -37.820 0.3000000119
141052  -39.265  -11.450  -36.826 0.3000000119
67996  -41.158  -9.441  -38.142 0.3000000119
67185  -41.619  -10.132  -38.173 0.3000000119
65466  -37.275  -12.489  -37.474 0.3000000119
65467  -38.063  -11.961  -37.063 0.3000000119
67997  -42.066  -9.652  -38.674 0.3000000119
127323  -42.380  -8.894  -39.147 0.3000000119
65465  -36.732  -12.919  -38.035 0.3000000119
68855  -43.003  -8.264  -40.336 0.3000000119
68871  -43.421  -8.355  -41.262 0.3000000119
63526  -36.685  -14.150  -40.193 0.4000000060
68881  -43.756  -8.095  -42.169 0.3000000119
68888  -44.406  -8.285  -43.686 0.3000000119
63536  -37.086  -13.900  -41.042 0.4000000060
68894  -44.646  -8.324  -44.375 0.3000000119
69764  -44.510  -7.400  -45.259 0.3000000119
67161  -40.005  -10.507  -37.279 0.3000000119
67973  -40.490  -9.963  -37.688 0.3000000119
67160  -39.167  -10.454  -37.325 0.3000000119
67972  -39.657  -9.816  -37.628 0.3000000119
68815  -41.688  -8.742  -38.658 0.3000000119
129264  -38.728  -11.191  -37.094 0.3000000119
68854  -42.535  -8.247  -39.593 0.3000000119
65480  -36.879  -12.116  -38.207 0.3000000119
70572  -42.951  -6.786  -41.977 0.3000000119
69733  -43.214  -7.525  -41.678 0.3000000119
69745  -43.454  -7.298  -42.479 0.3000000119
69752  -43.675  -7.115  -43.229 0.3000000119
70599  -43.906  -6.993  -43.920 0.3000000119
135746  -44.072  -7.575  -43.630 0.3000000119
63547  -37.502  -13.544  -41.902 0.3000000119
69757  -44.376  -7.638  -44.344 0.3000000119
70612  -44.252  -6.620  -45.606 0.3000000119
69773  -44.587  -7.232  -46.248 0.3000000119
67994  -39.282  -9.100  -37.978 0.3000000119
67995  -40.198  -9.175  -37.987 0.3000000119
68814  -40.781  -8.427  -38.446 0.3000000119
69698  -41.360  -7.132  -39.275 0.3000000119
68834  -42.067  -8.265  -39.053 0.3000000119
67159  -38.265  -10.478  -37.574 0.3000000119
67971  -38.758  -9.771  -37.726 0.3000000119
70550  -42.038  -7.062  -39.779 0.3000000119
70558  -42.371  -6.815  -40.573 0.3000000119
71486  -42.308  -5.729  -41.517 0.3000000119
70559  -42.771  -7.019  -41.313 0.3000000119
71487  -42.727  -6.006  -42.088 0.3000000119
71507  -42.830  -5.569  -42.830 0.3000000119
70593  -43.199  -6.455  -42.812 0.3000000119
70598  -43.549  -6.542  -43.523 0.3000000119
70604  -43.692  -6.298  -44.145 0.3000000119
71525  -43.439  -5.550  -44.309 0.3000000119
70605  -44.119  -6.817  -44.685 0.3000000119
71526  -43.851  -6.041  -44.971 0.3000000119
70620  -44.345  -6.415  -46.689 0.3000000119
68812  -38.886  -8.445  -38.380 0.3000000119
68813  -39.779  -8.416  -38.314 0.3000000119
69686  -40.865  -7.650  -38.817 0.3000000119
67970  -37.862  -9.806  -38.086 0.3000000119
67993  -38.393  -9.109  -38.188 0.3000000119
69684  -39.338  -7.706  -38.710 0.3000000119
136565  -39.864  -7.372  -38.848 0.3000000119
70549  -40.815  -6.411  -39.505 0.3000000119
138036  -41.632  -6.326  -39.945 0.3000000119
67184  -37.465  -10.564  -38.111 0.3000000119
70571  -42.536  -6.369  -41.380 0.3000000119
67183  -37.076  -10.681  -38.922 0.3000000119
119249  -42.494  -4.385  -43.474 0.3000000119
71518  -43.305  -5.890  -43.526 0.3000000119
72371  -43.182  -4.904  -44.448 0.3000000119
73222  -42.844  -3.908  -45.594 0.3000000119
71544  -43.714  -5.122  -46.451 0.3000000119
69695  -38.689  -7.192  -39.195 0.3000000119
69694  -37.848  -7.597  -39.544 0.3000000119
69683  -38.404  -7.937  -38.861 0.3000000119
68810  -37.701  -8.359  -39.239 0.3000000119
67992  -37.586  -9.140  -38.820 0.3000000119
68811  -38.161  -8.576  -38.628 0.3000000119
68016  -37.278  -9.451  -39.636 0.3000000119
130142  -37.282  -9.968  -38.781 0.3000000119
54728  -37.171  -23.377  -39.292 0.6999999881
55692  -36.764  -22.837  -39.116 0.6000000238
28604  -41.291  -50.844  -45.806 0.3000000119
29665  -41.862  -50.472  -46.242 0.3000000119
29666  -42.545  -50.760  -46.679 0.3000000119
29667  -43.376  -50.169  -47.063 0.3000000119
30777  -45.078  -49.102  -47.754 0.4000000060
30785  -46.853  -49.037  -49.006 0.4000000060
31897  -46.394  -48.372  -48.885 0.4000000060
33954  -46.379  -45.991  -49.008 0.4000000060
128296  -46.297  -45.570  -49.167 0.4000000060
34942  -46.148  -44.869  -49.249 0.4000000060
135871  -44.488  -43.041  -48.305 0.4000000060
35921  -45.594  -44.046  -49.297 0.4000000060
37664  -43.218  -41.908  -46.368 0.4000000060
38402  -41.711  -40.605  -42.661 0.4000000060
36796  -42.219  -43.411  -38.910 0.3000000119
38391  -41.360  -40.540  -41.270 0.5000000000
38390  -40.598  -41.146  -40.693 0.5000000000
38379  -40.410  -40.943  -39.785 0.5000000000
42730  -46.814  -36.073  -34.290 0.3000000119
42722  -46.137  -36.462  -33.544 0.3000000119
43557  -47.055  -35.301  -34.832 0.3000000119
39185  -38.846  -40.464  -38.162 0.6000000238
44325  -46.556  -34.704  -34.688 0.4000000060
133193  -38.342  -41.063  -38.707 0.6000000238
45233  -46.642  -34.042  -35.116 0.4000000060
46296  -47.886  -33.190  -36.088 0.4000000060
46308  -47.637  -32.454  -36.386 0.4000000060
47280  -48.191  -31.838  -36.743 0.4000000060
44396  -28.710  -35.034  -41.307 0.4000000060
44397  -30.174  -34.751  -41.642 0.5000000000
41003  -36.006  -38.683  -38.006 0.6999999881
49252  -48.792  -30.227  -37.875 0.4000000060
41917  -35.625  -37.628  -38.137 0.6999999881
49268  -48.887  -29.699  -38.294 0.4000000060
119773  -30.348  -33.426  -40.926 0.5000000000
47345  -31.708  -31.248  -41.840 0.8000000119
131869  -36.084  -35.407  -38.454 0.8000000119
43603  -36.577  -35.834  -38.187 0.6999999881
42775  -35.788  -36.416  -38.297 0.6999999881
50340  -49.709  -28.601  -38.949 0.4000000060
128023  -36.195  -34.039  -38.604 0.8000000119
45290  -34.823  -33.046  -39.183 0.8000000119
45277  -34.687  -33.859  -38.801 0.8000000119
50362  -49.045  -28.409  -39.603 0.4000000060
47313  -34.765  -31.617  -39.873 0.8000000119
132379  -32.965  -29.536  -43.730 0.6999999881
47324  -34.021  -31.420  -40.241 0.8000000119
141428  -48.643  -27.602  -40.368 0.3000000119
49297  -48.014  -29.809  -41.272 0.4000000060
51312  -44.866  -27.778  -39.211 0.4000000060
50359  -45.698  -28.353  -40.001 0.4000000060
50375  -46.926  -29.065  -40.872 0.4000000060
51296  -44.269  -27.243  -38.567 0.4000000060
52158  -46.247  -26.247  -38.819 0.4000000060
138694  -46.373  -25.345  -38.811 0.5000000000
53836  -44.865  -24.432  -37.554 0.4000000060
135157  -45.800  -25.022  -38.296 0.5000000000
53864  -46.685  -24.573  -39.276 0.5000000000
53865  -47.340  -24.677  -40.061 0.4000000060
52971  -42.756  -25.413  -37.264 0.5000000000
53824  -42.502  -24.667  -36.875 0.5000000000
53835  -43.968  -24.445  -37.139 0.4000000060
55702  -46.648  -22.917  -40.764 0.5000000000
55717  -46.517  -22.288  -41.494 0.5000000000
56659  -46.565  -21.878  -42.173 0.5000000000
56676  -46.472  -21.210  -42.590 0.5000000000
54746  -28.183  -23.387  -41.653 0.5000000000
57555  -46.354  -20.401  -43.174 0.5000000000
55710  -28.631  -22.561  -41.833 0.6000000238
55711  -29.716  -22.538  -41.725 0.6000000238
55712  -30.679  -22.500  -41.689 0.6000000238
59591  -45.493  -18.459  -44.517 0.3000000119
56654  -31.053  -21.833  -41.998 0.6000000238
118083  -45.428  -17.115  -45.189 0.3000000119
56655  -32.049  -21.645  -41.954 0.6000000238
57554  -33.373  -20.482  -42.328 0.6000000238
58620  -34.473  -19.272  -42.461 0.6000000238
59584  -34.646  -18.514  -42.851 0.6000000238
131738  -35.163  -18.068  -42.539 0.6000000238
60539  -35.396  -17.909  -41.913 0.6000000238
60540  -35.498  -17.007  -41.709 0.5000000000
61522  -35.652  -16.078  -41.283 0.5000000000
62559  -36.268  -15.186  -41.428 0.4000000060
127694  -36.941  -14.366  -41.673 0.4000000060
73212  -42.597  -3.787  -44.734 0.3000000119
72381  -43.076  -4.427  -44.992 0.3000000119
73232  -42.988  -4.029  -46.519 0.3000000119
130752  -43.436  -4.560  -46.966 0.3000000119
71545  -44.043  -5.653  -47.207 0.3000000119
68017  -37.332  -8.800  -39.825 0.3000000119
137862  -37.274  -9.002  -40.484 0.3000000119
47296  -48.682  -31.234  -37.164 0.4000000060
54739  -47.078  -23.780  -40.422 0.5000000000
140482  -45.802  -47.540  -47.964 0.4000000060
33936  -41.074  -46.855  -44.539 0.3000000119
33940  -41.619  -46.828  -45.146 0.3000000119
34921  -41.801  -44.825  -44.011 0.3000000119
35885  -39.968  -44.670  -41.330 0.3000000119
37652  -44.285  -41.057  -44.611 0.4000000060
38318  -44.021  -40.956  -33.987 0.3000000119
40042  -44.671  -39.118  -32.747 0.3000000119
38343  -43.079  -41.038  -36.071 0.3000000119
120191  -42.572  -40.241  -36.412 0.3000000119
42723  -46.763  -37.068  -33.864 0.3000000119
40079  -42.125  -39.619  -35.919 0.3000000119
43556  -46.492  -35.314  -34.325 0.4000000060
40985  -38.614  -38.203  -37.403 0.6000000238
126392  -47.092  -32.977  -35.965 0.4000000060
41899  -37.190  -37.915  -37.744 0.6999999881
43550  -40.933  -35.870  -33.162 0.4000000060
43548  -39.944  -34.738  -34.253 0.4000000060
46283  -45.127  -32.776  -34.863 0.4000000060
44332  -39.174  -34.469  -35.484 0.6000000238
43588  -38.254  -35.540  -36.952 0.6999999881
43587  -37.576  -35.414  -37.504 0.6999999881
41918  -36.516  -37.836  -37.915 0.6999999881
46280  -42.782  -31.975  -34.420 0.4000000060
42777  -37.233  -36.129  -37.791 0.6999999881
48224  -48.374  -30.703  -37.651 0.4000000060
46306  -38.419  -32.336  -36.236 0.6000000238
43604  -37.006  -35.245  -38.032 0.6999999881
128108  -36.344  -37.099  -38.074 0.6999999881
47293  -38.131  -31.768  -37.014 0.6000000238
48208  -43.405  -30.487  -36.579 0.5000000000
45280  -36.803  -33.809  -38.310 0.6999999881
131213  -37.671  -31.801  -38.773 0.6999999881
44374  -36.517  -34.713  -38.392 0.8000000119
48237  -39.176  -30.339  -38.789 0.6999999881
48262  -37.208  -31.090  -40.478 0.6000000238
131252  -37.147  -29.208  -42.492 0.6000000238
118649  -34.536  -30.889  -40.496 0.6999999881
49304  -34.224  -30.187  -41.314 0.8000000119
49291  -39.862  -30.189  -40.230 0.6999999881
49307  -37.420  -29.818  -41.857 0.6000000238
50412  -34.695  -28.232  -45.820 0.6999999881
50396  -35.009  -28.816  -44.367 0.6999999881
134702  -33.539  -29.794  -42.357 0.8000000119
49292  -40.692  -30.185  -40.674 0.4000000060
47328  -47.210  -32.435  -42.842 0.3000000119
48272  -48.182  -30.660  -42.031 0.3000000119
51360  -29.891  -26.983  -43.860 0.6999999881
47339  -45.302  -32.718  -43.870 0.4000000060
139572  -45.243  -30.047  -42.780 0.4000000060
47348  -46.915  -33.018  -44.324 0.4000000060
50372  -43.215  -28.427  -40.883 0.5000000000
49332  -47.039  -31.686  -43.606 0.4000000060
48290  -47.399  -32.596  -44.160 0.4000000060
135298  -40.077  -32.058  -45.640 0.5000000000
52220  -28.633  -26.401  -42.883 0.5000000000
52230  -37.206  -26.438  -45.434 0.6999999881
52144  -43.267  -26.062  -37.625 0.5000000000
53850  -46.093  -24.439  -38.613 0.5000000000
53900  -27.835  -25.098  -42.059 0.5000000000
139128  -42.226  -25.606  -37.384 0.5000000000
52224  -37.210  -26.366  -44.845 0.6999999881
53834  -43.194  -24.799  -37.031 0.4000000060
55671  -44.330  -22.863  -37.037 0.4000000060
54698  -43.259  -23.195  -36.560 0.4000000060
53883  -28.429  -24.423  -41.660 0.5000000000
53823  -41.741  -24.507  -36.825 0.5000000000
57511  -45.505  -20.472  -39.469 0.4000000060
52996  -39.553  -25.349  -39.704 0.6000000238
54694  -40.035  -22.951  -36.948 0.5000000000
56598  -40.941  -21.763  -36.145 0.4000000060
130620  -37.100  -23.901  -39.522 0.6999999881
53876  -36.808  -24.985  -40.113 0.6999999881
53871  -32.731  -24.363  -40.930 0.6000000238
54726  -35.588  -23.275  -39.711 0.6000000238
54735  -33.460  -23.655  -40.818 0.6000000238
56632  -35.579  -22.043  -39.468 0.6000000238
56589  -41.417  -21.193  -35.868 0.4000000060
125462  -37.932  -23.718  -39.404 0.5000000000
56606  -38.863  -21.968  -37.857 0.5000000000
119674  -44.523  -17.899  -38.961 0.4000000060
56620  -37.634  -21.566  -38.365 0.6999999881
57484  -39.269  -20.215  -36.564 0.6000000238
58543  -41.384  -19.863  -35.592 0.4000000060
55680  -37.202  -22.223  -38.714 0.6000000238
57499  -35.624  -20.615  -39.149 0.6000000238
130037  -45.901  -18.190  -43.278 0.3000000119
123399  -40.795  -19.359  -35.591 0.5000000000
59516  -41.532  -18.954  -35.515 0.5000000000
60485  -42.672  -16.660  -36.206 0.4000000060
61488  -43.417  -16.537  -37.303 0.4000000060
57490  -37.301  -20.336  -38.062 0.6000000238
61517  -44.165  -16.241  -40.016 0.3000000119
58567  -37.417  -19.610  -37.654 0.6000000238
58566  -36.632  -19.730  -38.150 0.6000000238
58565  -35.978  -18.984  -38.296 0.6000000238
61539  -45.737  -16.316  -44.986 0.3000000119
58568  -38.148  -19.554  -37.139 0.6000000238
58584  -35.292  -19.766  -40.297 0.6000000238
134897  -45.125  -16.141  -41.846 0.3000000119
60463  -40.499  -17.307  -35.492 0.6000000238
59531  -37.798  -18.024  -36.755 0.6000000238
63528  -43.826  -15.002  -40.226 0.3000000119
62560  -44.374  -15.145  -41.058 0.3000000119
59555  -35.433  -18.506  -38.906 0.6000000238
61459  -40.284  -16.537  -35.500 0.5000000000
61460  -41.009  -16.580  -35.549 0.5000000000
60499  -36.538  -17.412  -37.508 0.5000000000
62491  -39.171  -16.091  -35.687 0.4000000060
63489  -41.493  -14.552  -36.119 0.4000000060
64502  -42.963  -13.840  -39.300 0.3000000119
61472  -37.574  -16.324  -36.614 0.5000000000
66383  -43.835  -12.048  -41.310 0.3000000119
66382  -43.447  -11.890  -40.574 0.3000000119
122626  -38.266  -14.987  -36.194 0.4000000060
62501  -37.557  -15.434  -36.571 0.4000000060
66359  -42.231  -11.395  -38.323 0.3000000119
62500  -36.893  -14.933  -36.959 0.3000000119
62520  -36.397  -15.232  -37.482 0.3000000119
67225  -43.715  -10.495  -41.416 0.3000000119
68064  -44.814  -9.697  -43.925 0.3000000119
65447  -37.793  -12.830  -36.838 0.3000000119
68019  -43.164  -9.746  -40.199 0.3000000119
63525  -36.126  -14.855  -39.879 0.4000000060
68835  -42.935  -8.947  -39.834 0.3000000119
69746  -43.945  -7.848  -42.999 0.3000000119
69758  -44.710  -8.130  -44.982 0.3000000119
68833  -41.500  -7.949  -38.873 0.3000000119
120700  -37.369  -11.808  -37.650 0.3000000119
66340  -37.797  -11.205  -37.554 0.3000000119
71536  -43.992  -5.829  -45.981 0.3000000119
69685  -40.178  -7.757  -38.655 0.3000000119
70557  -42.041  -5.949  -40.815 0.3000000119
72351  -42.426  -4.778  -42.837 0.3000000119
72352  -42.979  -5.035  -43.628 0.3000000119
71535  -43.513  -5.199  -45.267 0.3000000119
72391  -43.299  -4.527  -45.924 0.3000000119
72400  -43.779  -4.996  -47.762 0.3000000119
69697  -40.384  -7.079  -39.049 0.3000000119
70548  -39.973  -6.361  -39.412 0.3000000119
125544  -37.201  -10.414  -39.932 0.3000000119
67200  -37.360  -9.403  -40.873 0.3000000119
142660  -42.470  -3.076  -46.788 0.3000000119
34941  -44.754  -45.182  -49.103 0.4000000060
141270  -34.530  -32.341  -39.551 0.8000000119
48259  -33.673  -31.000  -40.851 0.8000000119
129585  -46.842  -25.971  -39.211 0.4000000060
60549  -35.372  -17.166  -42.799 0.5000000000
52973  -44.914  -25.889  -37.984 0.4000000060
52984  -45.686  -25.717  -38.307 0.4000000060
53909  -50.124  -24.789  -45.189 0.3000000119
54773  -48.511  -23.724  -43.617 0.4000000060
53913  -50.733  -24.684  -45.812 0.3000000119
54752  -47.303  -23.541  -41.294 0.4000000060
54763  -47.521  -23.261  -42.247 0.4000000060
137422  -46.914  -22.924  -41.630 0.4000000060
54782  -49.650  -24.171  -45.739 0.3000000119
55732  -47.967  -22.923  -44.107 0.4000000060
54776  -48.638  -23.629  -44.641 0.3000000119
126613  -44.455  -25.245  -37.569 0.3000000119
55718  -46.930  -22.502  -42.286 0.4000000060
55723  -47.438  -22.669  -43.118 0.4000000060
56687  -46.900  -21.859  -44.559 0.3000000119
56677  -46.903  -21.932  -43.191 0.4000000060
56693  -46.694  -21.960  -45.615 0.3000000119
55731  -47.390  -22.426  -45.017 0.3000000119
56686  -46.614  -21.222  -43.861 0.4000000060
57574  -45.637  -20.840  -45.657 0.3000000119
57570  -46.186  -20.722  -44.486 0.3000000119
56653  -30.107  -21.918  -41.967 0.5000000000
132233  -45.707  -20.143  -44.793 0.3000000119
140589  -46.218  -20.176  -43.929 0.3000000119
56652  -29.118  -21.951  -42.128 0.5000000000
57568  -29.736  -20.059  -43.522 0.5000000000
56673  -30.376  -21.316  -42.409 0.5000000000
57553  -30.598  -20.620  -42.871 0.5000000000
56674  -31.377  -21.139  -42.410 0.5000000000
59598  -44.828  -18.873  -45.723 0.3000000119
58629  -45.490  -19.349  -44.779 0.3000000119
58617  -31.639  -20.412  -42.846 0.5000000000
58618  -32.599  -20.095  -42.830 0.5000000000
59588  -31.831  -19.006  -43.972 0.5000000000
59589  -32.847  -18.580  -44.058 0.5000000000
58626  -31.829  -19.732  -43.349 0.5000000000
59596  -31.704  -18.306  -44.917 0.5000000000
58628  -33.425  -19.029  -43.312 0.5000000000
60555  -33.547  -17.877  -44.510 0.4000000060
59590  -33.935  -18.443  -43.548 0.5000000000
60561  -32.593  -17.873  -45.153 0.4000000060
60562  -33.272  -17.349  -45.642 0.4000000060
60548  -34.908  -17.722  -43.242 0.5000000000
60570  -32.916  -16.892  -46.812 0.4000000060
60563  -34.187  -17.167  -45.140 0.5000000000
61536  -35.146  -16.739  -44.417 0.4000000060
132472  -34.704  -16.268  -46.164 0.5000000000
122393  -35.767  -16.316  -42.380 0.4000000060
62582  -35.116  -15.311  -46.963 0.3000000119
61537  -35.980  -15.619  -45.013 0.3000000119
62566  -36.301  -15.584  -43.042 0.3000000119
62571  -36.371  -15.404  -44.143 0.3000000119
62577  -36.107  -14.875  -46.395 0.3000000119
63565  -36.778  -14.605  -45.411 0.3000000119
130191  -36.103  -15.631  -42.085 0.3000000119
63557  -36.918  -14.762  -43.896 0.3000000119
63546  -36.795  -14.820  -42.566 0.3000000119
57567  -28.602  -20.025  -43.628 0.5000000000
54785  -52.597  -24.605  -46.147 0.3000000119
54753  -48.009  -24.061  -41.780 0.4000000060
58625  -30.069  -19.409  -44.145 0.5000000000
120718  -32.452  -17.339  -46.145 0.5000000000
52972  -43.627  -25.356  -37.370 0.4000000060
52974  -45.226  -25.129  -37.899 0.4000000060
52157  -45.440  -26.492  -38.444 0.4000000060
53877  -47.714  -24.358  -40.941 0.4000000060
56675  -32.394  -20.881  -42.393 0.5000000000
58619  -33.561  -19.628  -42.771 0.5000000000
59583  -34.024  -18.997  -42.967 0.5000000000
142285  -34.501  -18.120  -43.352 0.5000000000
53914  -51.689  -24.762  -45.923 0.3000000119
123459  -49.734  -24.761  -44.521 0.4000000060
54777  -49.340  -24.231  -44.998 0.3000000119
55724  -47.933  -23.276  -43.117 0.4000000060
54764  -48.270  -23.901  -42.673 0.4000000060
53904  -49.145  -24.342  -44.124 0.4000000060
54781  -48.774  -23.629  -45.427 0.3000000119
134734  -47.369  -22.301  -43.987 0.4000000060
57571  -46.255  -21.425  -45.274 0.3000000119
58634  -45.110  -19.894  -45.858 0.3000000119
56671  -28.478  -21.240  -42.684 0.5000000000
57552  -29.342  -20.759  -42.949 0.5000000000
57569  -30.869  -19.950  -43.372 0.5000000000
126113  -31.088  -19.383  -43.862 0.5000000000
58627  -32.709  -19.373  -43.358 0.4000000060
60556  -34.383  -17.692  -43.964 0.5000000000
61529  -35.854  -16.200  -43.571 0.3000000119
61545  -35.456  -15.737  -45.925 0.3000000119
46355  -31.817  -32.551  -40.841 0.6999999881
46350  -33.876  -32.015  -39.828 0.6999999881
47323  -33.263  -31.685  -40.386 0.6999999881
46348  -32.464  -32.040  -40.627 0.6999999881
47337  -32.045  -31.687  -41.298 0.6999999881
48281  -33.180  -30.558  -41.690 0.6999999881
47338  -32.808  -31.324  -41.147 0.6999999881
48280  -32.323  -30.939  -41.931 0.6999999881
50360  -46.924  -28.403  -40.212 0.3000000119
51315  -47.781  -27.436  -40.136 0.3000000119
51314  -46.931  -27.637  -39.742 0.3000000119
52170  -47.736  -26.734  -40.054 0.3000000119
127197  -47.408  -26.087  -39.748 0.3000000119
48299  -32.605  -30.174  -42.695 0.6999999881
51313  -45.872  -27.762  -39.445 0.3000000119
53012  -48.028  -25.314  -40.740 0.3000000119
53028  -48.979  -25.377  -41.909 0.3000000119
51297  -45.162  -27.212  -38.721 0.3000000119
52169  -46.069  -27.037  -39.084 0.3000000119
53888  -48.366  -24.883  -41.468 0.3000000119
53046  -49.325  -25.202  -42.741 0.3000000119
52998  -47.054  -25.355  -39.512 0.3000000119
53905  -49.662  -25.076  -43.704 0.3000000119
53901  -48.908  -24.560  -43.203 0.3000000119
44385  -34.046  -34.159  -38.838 0.6999999881
139618  -35.132  -34.186  -38.655 0.6999999881
45289  -33.961  -33.513  -39.102 0.6999999881
44400  -31.567  -34.711  -41.208 0.6999999881
46338  -33.859  -32.764  -39.459 0.6999999881
45288  -33.146  -33.332  -39.560 0.6999999881
46349  -32.976  -32.510  -39.962 0.6999999881
45303  -31.308  -33.185  -40.933 0.6999999881
46354  -31.366  -31.999  -41.170 0.6999999881
52171  -48.360  -27.166  -40.426 0.3000000119
53013  -48.564  -25.965  -40.910 0.3000000119
53014  -49.149  -26.008  -41.350 0.3000000119
53047  -49.822  -25.450  -43.054 0.3000000119
53906  -50.783  -25.227  -44.440 0.3000000119
119118  -50.279  -25.143  -44.495 0.3000000119
50361  -47.882  -28.297  -40.316 0.3000000119
52999  -47.595  -25.514  -40.083 0.3000000119
37648  -39.697  -42.476  -42.781 0.4000000060
37635  -39.211  -42.366  -41.839 0.4000000060
38401  -41.096  -41.568  -42.701 0.4000000060
37647  -38.386  -42.571  -42.662 0.4000000060
38364  -39.284  -40.985  -38.756 0.5000000000
38389  -39.197  -41.718  -40.226 0.4000000060
37626  -39.845  -41.840  -41.082 0.4000000060
37636  -40.297  -42.105  -42.173 0.4000000060
37625  -38.743  -42.173  -40.959 0.4000000060
37634  -38.097  -42.409  -41.712 0.4000000060
118265  -39.933  -41.422  -40.257 0.4000000060
38377  -38.768  -41.464  -39.422 0.5000000000
38388  -38.293  -41.913  -40.166 0.5000000000
38376  -37.878  -41.534  -39.406 0.5000000000
37624  -37.770  -42.256  -40.902 0.5000000000
36820  -36.559  -42.579  -42.188 0.5000000000
118426  -36.148  -42.893  -42.678 0.5000000000
137528  -37.406  -41.940  -40.153 0.5000000000
38363  -37.459  -41.073  -38.773 0.6000000238
37633  -37.148  -42.387  -41.608 0.5000000000
127608  -37.037  -41.532  -39.429 0.5000000000
37623  -36.887  -42.202  -40.871 0.5000000000
37611  -35.819  -41.963  -40.010 0.6000000238
37632  -36.379  -42.471  -41.463 0.5000000000
37610  -34.991  -42.005  -39.857 0.5000000000
39184  -37.823  -40.398  -38.202 0.6000000238
126664  -37.053  -40.565  -38.451 0.6000000238
38375  -36.248  -41.486  -39.446 0.5000000000
38374  -35.465  -41.445  -39.399 0.6000000238
38373  -34.564  -41.313  -39.305 0.5000000000
39197  -32.326  -40.288  -39.679 0.5000000000
38371  -32.916  -41.048  -39.507 0.5000000000
38372  -33.820  -40.739  -39.095 0.5000000000
40119  -32.507  -39.511  -39.466 0.5000000000
41950  -31.847  -37.129  -44.192 0.4000000060
38362  -36.670  -41.033  -38.856 0.6000000238
42807  -31.759  -36.289  -43.556 0.5000000000
39183  -36.362  -40.387  -38.472 0.6000000238
38361  -35.902  -40.944  -38.891 0.6000000238
39182  -35.481  -40.223  -38.555 0.6000000238
131004  -32.092  -36.832  -43.274 0.5000000000
39200  -35.211  -40.899  -38.945 0.6000000238
39181  -34.013  -39.859  -38.698 0.6000000238
39199  -34.648  -40.482  -38.815 0.5000000000
40129  -31.605  -39.407  -41.138 0.5000000000
39198  -33.132  -40.154  -39.152 0.5000000000
40104  -33.262  -39.325  -38.923 0.5000000000
42806  -31.318  -36.241  -43.925 0.4000000060
43633  -31.318  -35.816  -43.327 0.5000000000
129591  -31.634  -37.792  -44.738 0.4000000060
43629  -31.232  -35.513  -42.396 0.5000000000
135808  -36.638  -39.201  -37.912 0.6000000238
43634  -31.662  -35.878  -42.775 0.5000000000
40107  -36.118  -39.633  -38.165 0.6000000238
42803  -31.955  -36.205  -42.800 0.5000000000
40106  -35.334  -39.353  -38.282 0.6000000238
129443  -34.812  -39.824  -38.536 0.6000000238
40105  -34.569  -39.205  -38.430 0.6000000238
40130  -31.869  -38.927  -40.094 0.5000000000
128527  -33.916  -39.110  -38.589 0.6000000238
41012  -32.631  -38.596  -39.346 0.5000000000
41020  -31.956  -38.058  -40.138 0.5000000000
43632  -30.815  -35.882  -43.436 0.4000000060
135996  -30.625  -35.458  -42.522 0.5000000000
41951  -31.092  -36.918  -44.327 0.4000000060
44399  -31.265  -34.247  -41.191 0.5000000000
43630  -31.528  -35.438  -41.890 0.5000000000
43620  -31.832  -35.807  -41.713 0.5000000000
42792  -31.940  -36.682  -41.714 0.5000000000
41916  -34.671  -37.766  -38.320 0.6000000238
41001  -34.256  -38.506  -38.437 0.6000000238
41019  -31.697  -38.360  -41.101 0.5000000000
41000  -33.476  -38.555  -38.759 0.5000000000
41933  -31.789  -37.560  -41.027 0.5000000000
41934  -32.129  -37.161  -40.217 0.5000000000
41925  -32.469  -37.811  -39.559 0.5000000000
44398  -30.904  -34.788  -41.734 0.5000000000
45304  -31.804  -33.640  -40.673 0.6000000238
43631  -31.776  -35.159  -41.227 0.5000000000
125773  -35.014  -37.037  -38.325 0.6000000238
43621  -32.094  -35.364  -40.505 0.5000000000
120628  -34.229  -37.049  -38.461 0.6000000238
42793  -32.088  -36.230  -40.504 0.5000000000
41926  -33.323  -37.048  -38.852 0.5000000000
42784  -32.623  -36.648  -39.541 0.5000000000
45302  -30.912  -33.801  -41.128 0.4000000060
42805  -30.496  -36.266  -43.710 0.4000000060
122297  -32.252  -32.782  -40.428 0.6000000238
44394  -32.048  -34.478  -40.487 0.6000000238
43602  -34.212  -35.514  -38.556 0.6000000238
43601  -33.325  -35.589  -38.922 0.6000000238
126828  -32.589  -35.825  -39.604 0.5000000000
46353  -30.845  -32.775  -40.986 0.4000000060
118629  -30.498  -34.212  -41.266 0.4000000060
45299  -32.438  -33.311  -40.078 0.6000000238
45287  -32.573  -33.950  -39.803 0.6000000238
44383  -32.698  -34.842  -39.518 0.5000000000
41943  -31.982  -37.594  -42.271 0.5000000000
122223  -40.825  -41.394  -41.705 0.4000000060
44373  -35.645  -34.605  -38.598 0.6000000238
130834  -35.194  -35.485  -38.472 0.6000000238
44372  -34.654  -34.649  -38.623 0.6000000238
44371  -33.678  -34.787  -38.821 0.6000000238
42774  -34.710  -36.303  -38.424 0.6000000238
44384  -33.299  -34.067  -39.190 0.6000000238
37622  -36.140  -42.284  -40.737 0.5000000000
122415  -33.060  -37.873  -39.015 0.5000000000
41002  -35.067  -38.530  -38.221 0.6000000238
41915  -33.830  -37.809  -38.566 0.6000000238
42773  -33.810  -36.297  -38.606 0.6000000238
42785  -33.133  -36.287  -39.031 0.6000000238
45244  -47.350  -33.776  -35.625 0.3000000119
44326  -47.198  -34.587  -35.238 0.3000000119
44333  -47.898  -34.449  -35.656 0.3000000119
45245  -48.070  -33.822  -35.912 0.3000000119
44334  -48.616  -34.247  -36.080 0.3000000119
45251  -48.537  -33.496  -36.219 0.3000000119
45252  -49.151  -33.331  -36.456 0.3000000119
46310  -49.504  -32.616  -36.705 0.3000000119
46309  -48.574  -32.665  -36.470 0.3000000119
50341  -50.587  -28.581  -38.838 0.3000000119
49269  -49.566  -29.370  -38.351 0.3000000119
51319  -51.057  -27.674  -39.453 0.3000000119
51318  -50.402  -27.393  -39.827 0.3000000119
126505  -50.246  -27.986  -39.393 0.3000000119
50363  -49.492  -28.048  -39.642 0.3000000119
37646  -37.334  -42.509  -42.373 0.4000000060
43563  -47.698  -35.187  -35.356 0.3000000119
126867  -48.389  -35.063  -35.775 0.3000000119
140849  -36.698  -42.636  -42.812 0.4000000060
128599  -49.321  -34.063  -36.435 0.3000000119
45253  -49.989  -33.414  -36.743 0.3000000119
47281  -49.085  -31.884  -36.828 0.3000000119
49253  -49.391  -30.028  -37.885 0.3000000119
49270  -50.478  -29.178  -38.429 0.3000000119
49254  -50.254  -29.870  -37.976 0.3000000119
50364  -52.054  -28.373  -39.268 0.3000000119
138546  -51.765  -27.394  -39.665 0.3000000119
52173  -51.594  -26.755  -40.057 0.3000000119
46311  -50.216  -32.581  -36.951 0.3000000119
26613  -29.369  -53.046  -42.728 0.4000000060
28584  -30.237  -51.276  -41.287 0.3000000119
129493  -30.877  -50.660  -40.959 0.3000000119
130426  -31.148  -49.119  -40.898 0.3000000119
37618  -32.534  -42.543  -40.176 0.4000000060
37608  -33.156  -41.962  -39.693 0.4000000060
36807  -32.867  -43.351  -40.426 0.4000000060
36808  -33.837  -43.474  -40.460 0.4000000060
39211  -31.703  -40.301  -40.505 0.4000000060
127936  -32.047  -40.911  -40.012 0.4000000060
37609  -34.087  -42.067  -39.710 0.4000000060
37620  -34.546  -42.748  -40.275 0.4000000060
36809  -34.704  -43.516  -40.757 0.4000000060
40155  -31.429  -40.092  -44.896 0.3000000119
41039  -31.639  -38.830  -45.026 0.3000000119
127284  -35.217  -42.973  -40.761 0.4000000060
137891  -33.711  -41.432  -39.443 0.4000000060
118523  -32.317  -37.866  -43.774 0.4000000060
35871  -34.141  -44.209  -40.874 0.4000000060
38387  -32.242  -41.669  -40.066 0.4000000060
37619  -33.507  -42.733  -40.023 0.4000000060
33957  -46.137  -46.541  -49.052 0.3000000119
125935  -45.893  -45.716  -49.203 0.3000000119
35920  -44.089  -44.028  -49.088 0.3000000119
36859  -43.497  -43.372  -48.518 0.3000000119
36855  -42.443  -42.996  -48.136 0.3000000119
36854  -39.910  -43.313  -47.771 0.3000000119
35911  -39.201  -43.662  -47.966 0.3000000119
140715  -39.121  -44.115  -48.151 0.3000000119
36849  -39.048  -43.406  -47.334 0.3000000119
36848  -38.242  -43.465  -46.908 0.3000000119
35914  -38.228  -43.973  -47.735 0.3000000119
36842  -39.715  -43.005  -45.111 0.3000000119
139683  -39.077  -43.224  -46.179 0.3000000119
36845  -37.835  -43.401  -46.088 0.3000000119
36836  -39.026  -42.874  -44.209 0.3000000119
118728  -37.725  -42.955  -44.405 0.3000000119
36851  -42.879  -42.489  -47.366 0.3000000119
36832  -38.067  -42.707  -43.601 0.3000000119
36841  -38.413  -43.153  -45.174 0.3000000119
128940  -42.804  -43.988  -48.826 0.3000000119
26620  -28.594  -53.477  -43.450 0.4000000060
30769  -42.224  -49.265  -46.249 0.3000000119
30778  -46.162  -48.913  -48.495 0.4000000060
32941  -44.467  -47.014  -47.243 0.4000000060
32942  -45.715  -46.974  -47.879 0.4000000060
34924  -42.158  -45.010  -44.731 0.3000000119
34936  -46.294  -44.593  -48.554 0.4000000060
34937  -46.478  -44.952  -49.091 0.4000000060
35917  -46.040  -43.686  -48.595 0.4000000060
35922  -46.438  -44.051  -49.238 0.4000000060
36821  -41.085  -43.806  -41.198 0.3000000119
36833  -41.432  -43.900  -42.074 0.3000000119
36838  -42.910  -42.767  -43.913 0.3000000119
36839  -43.560  -41.447  -45.221 0.4000000060
36856  -43.663  -42.725  -47.894 0.4000000060
36858  -46.282  -43.732  -49.070 0.4000000060
36860  -44.962  -43.562  -48.805 0.4000000060
36861  -46.032  -43.620  -49.061 0.4000000060
37612  -36.587  -41.929  -40.124 0.5000000000
37638  -43.555  -42.036  -41.879 0.3000000119
37649  -40.965  -42.058  -43.406 0.4000000060
37651  -43.599  -41.701  -43.487 0.3000000119
37653  -39.053  -42.695  -43.343 0.3000000119
37660  -43.220  -41.418  -45.661 0.4000000060
38378  -39.641  -41.284  -39.511 0.4000000060
38394  -46.311  -40.440  -42.090 0.3000000119
38404  -45.237  -41.161  -42.861 0.3000000119
38415  -44.833  -40.797  -44.163 0.4000000060
38417  -46.091  -40.199  -42.843 0.3000000119
38419  -43.098  -40.716  -44.842 0.4000000060
39128  -42.839  -40.129  -34.311 0.3000000119
39171  -40.364  -39.501  -37.908 0.6000000238
39226  -46.180  -40.200  -42.594 0.3000000119
39234  -43.319  -39.825  -43.850 0.4000000060
39235  -45.760  -40.022  -43.567 0.4000000060
39239  -43.504  -40.272  -44.571 0.4000000060
39240  -44.315  -40.134  -44.399 0.4000000060
40041  -43.901  -39.138  -32.814 0.3000000119
40132  -44.783  -39.271  -41.221 0.3000000119
40143  -45.741  -39.709  -42.217 0.3000000119
40151  -45.286  -39.958  -43.998 0.3000000119
40945  -42.575  -38.434  -32.930 0.3000000119
40948  -45.001  -38.379  -32.676 0.3000000119
41865  -43.682  -37.809  -32.552 0.3000000119
41866  -44.453  -37.703  -32.589 0.4000000060
41881  -40.933  -37.633  -34.665 0.4000000060
41893  -40.673  -37.365  -36.384 0.5000000000
42728  -39.959  -35.730  -35.224 0.4000000060
42743  -38.965  -36.076  -36.635 0.6999999881
43543  -44.159  -36.329  -32.651 0.4000000060
43551  -44.914  -35.496  -33.142 0.4000000060
43555  -40.081  -35.532  -34.380 0.4000000060
44308  -42.437  -35.101  -32.756 0.4000000060
44314  -40.326  -34.428  -33.820 0.4000000060
44317  -43.693  -34.229  -33.189 0.4000000060
44331  -38.894  -34.745  -36.078 0.6999999881
44375  -37.012  -34.515  -38.043 0.6999999881
45230  -39.608  -33.383  -34.643 0.5000000000
45242  -39.110  -33.620  -35.263 0.6000000238
45243  -46.571  -33.378  -35.476 0.4000000060
45279  -36.335  -33.327  -38.790 0.6999999881
45291  -35.822  -32.880  -39.188 0.8000000119
46268  -42.734  -32.781  -33.893 0.4000000060
46278  -40.648  -32.416  -34.384 0.4000000060
46279  -41.460  -32.321  -34.231 0.4000000060
46291  -39.050  -31.995  -35.602 0.6000000238
46339  -35.313  -32.298  -39.510 0.8000000119
47259  -40.678  -31.191  -35.336 0.5000000000
47274  -38.726  -31.574  -36.307 0.6000000238
47316  -37.269  -32.016  -39.237 0.6999999881
47340  -46.587  -33.114  -43.857 0.4000000060
48194  -40.692  -30.406  -36.300 0.5000000000
48196  -42.038  -30.696  -35.670 0.5000000000
48261  -36.441  -30.561  -40.629 0.6999999881
48307  -40.147  -31.827  -46.182 0.5000000000
48311  -45.146  -32.498  -44.354 0.4000000060
49263  -40.534  -29.717  -38.573 0.6000000238
50422  -34.350  -27.203  -46.556 0.6999999881
50426  -33.483  -25.937  -47.010 0.6999999881
51309  -41.502  -26.992  -39.120 0.6000000238
51310  -43.022  -27.608  -39.285 0.4000000060
51316  -48.456  -28.074  -40.271 0.3000000119
51317  -49.633  -27.502  -40.099 0.3000000119
51333  -31.156  -26.787  -42.879 0.6999999881
51369  -33.138  -26.054  -46.828 0.6999999881
51374  -33.893  -25.586  -46.961 0.6999999881
51375  -34.449  -25.782  -46.704 0.6999999881
52143  -42.441  -26.029  -37.633 0.5000000000
52145  -44.112  -26.019  -37.721 0.5000000000
52156  -44.595  -26.607  -38.205 0.4000000060
52167  -39.996  -25.976  -39.993 0.5000000000
52172  -50.989  -27.026  -39.911 0.3000000119
52179  -34.999  -26.319  -40.930 0.6000000238
52186  -48.047  -26.208  -40.438 0.3000000119
52995  -38.914  -25.030  -40.079 0.6000000238
53050  -50.218  -25.373  -43.678 0.3000000119
53825  -44.568  -23.637  -37.273 0.4000000060
53833  -41.287  -24.947  -37.242 0.5000000000
53849  -45.530  -24.396  -38.032 0.4000000060
54697  -42.589  -23.246  -36.445 0.4000000060
54716  -37.664  -22.918  -39.009 0.6000000238
54729  -46.321  -23.677  -39.057 0.5000000000
55662  -41.330  -22.529  -36.288 0.5000000000
56591  -43.010  -21.128  -36.029 0.4000000060
56672  -29.544  -21.469  -42.396 0.5000000000
57477  -41.272  -20.581  -35.721 0.4000000060
57478  -41.914  -20.418  -35.679 0.4000000060
57493  -44.593  -20.803  -37.191 0.4000000060
58558  -39.647  -19.787  -36.069 0.6000000238
58560  -44.039  -19.323  -36.831 0.4000000060
59515  -40.597  -18.685  -35.550 0.5000000000
59532  -38.564  -18.149  -36.247 0.6000000238
59572  -45.686  -18.360  -41.748 0.4000000060
60466  -43.047  -17.547  -36.154 0.5000000000
60498  -35.849  -17.624  -37.987 0.5000000000
60500  -37.241  -17.515  -37.086 0.6000000238
60501  -43.677  -17.240  -37.360 0.4000000060
60514  -35.487  -17.743  -38.577 0.6000000238
60575  -31.395  -16.848  -46.907 0.6000000238
61461  -41.874  -16.648  -35.749 0.5000000000
61474  -43.086  -16.337  -36.780 0.4000000060
61487  -35.938  -16.882  -37.866 0.5000000000
61544  -33.813  -16.696  -46.416 0.4000000060
61552  -33.487  -16.015  -47.401 0.4000000060
62492  -39.693  -15.497  -35.597 0.4000000060
62493  -40.514  -15.803  -35.572 0.4000000060
62532  -43.499  -15.781  -38.718 0.4000000060
63503  -42.641  -14.492  -37.255 0.4000000060
63578  -36.653  -13.786  -46.390 0.4000000060
64481  -42.230  -13.684  -36.910 0.4000000060
64501  -42.715  -13.730  -38.452 0.3000000119
65449  -39.387  -12.499  -36.373 0.3000000119
65505  -43.627  -12.663  -40.808 0.3000000119
66358  -37.114  -11.318  -38.210 0.3000000119
67202  -42.965  -10.586  -39.775 0.3000000119
68018  -42.714  -9.670  -39.411 0.3000000119
68034  -43.505  -9.777  -40.987 0.3000000119
68048  -43.829  -9.721  -41.703 0.3000000119
68889  -44.726  -8.900  -44.178 0.3000000119
69696  -39.548  -6.997  -39.103 0.3000000119
69699  -42.051  -7.670  -39.370 0.3000000119
69714  -42.542  -7.577  -40.040 0.3000000119
69715  -42.902  -7.588  -40.862 0.3000000119
71506  -42.339  -5.255  -42.087 0.3000000119
72370  -42.787  -4.360  -44.162 0.3000000119
73231  -42.769  -3.564  -47.230 0.3000000119
120422  -42.172  -37.137  -32.716 0.4000000060
120566  -42.849  -47.868  -46.421 0.4000000060
120599  -47.003  -26.757  -39.486 0.3000000119
123732  -48.632  -25.534  -41.268 0.3000000119
123857  -44.541  -9.046  -43.549 0.3000000119
124896  -48.674  -24.669  -42.281 0.3000000119
125414  -46.193  -47.148  -48.753 0.4000000060
126165  -51.076  -28.276  -39.071 0.3000000119
126607  -39.183  -30.311  -38.006 0.6000000238
127626  -41.125  -12.921  -36.470 0.3000000119
127671  -43.917  -15.752  -39.926 0.3000000119
127761  -38.368  -31.132  -37.698 0.6000000238
129433  -44.464  -34.237  -33.471 0.4000000060
129526  -42.172  -32.312  -34.163 0.4000000060
130091  -43.401  -36.407  -32.554 0.4000000060
130271  -45.550  -49.621  -48.140 0.4000000060
131266  -39.842  -16.157  -35.527 0.5000000000
131890  -40.345  -18.051  -35.518 0.6000000238
134846  -31.847  -39.689  -40.051 0.5000000000
134992  -43.437  -30.290  -39.445 0.4000000060
135628  -40.037  -43.714  -48.177 0.3000000119
135889  -31.298  -35.003  -41.735 0.5000000000
136152  -44.381  -35.720  -32.831 0.4000000060
136290  -43.095  -23.984  -36.717 0.4000000060
136503  -41.500  -37.177  -33.020 0.3000000119
137000  -32.701  -37.317  -39.381 0.5000000000
138177  -37.174  -10.053  -39.529 0.3000000119
138191  -48.907  -33.782  -36.306 0.3000000119
138371  -33.424  -16.364  -47.178 0.4000000060
138981  -45.921  -23.084  -38.630 0.5000000000
139575  -32.203  -33.820  -40.275 0.6000000238
139983  -40.675  -30.764  -35.785 0.5000000000
140864  -39.997  -29.951  -37.536 0.6000000238
141214  -41.702  -20.827  -35.749 0.4000000060
141220  -42.538  -31.567  -34.760 0.4000000060
141383  -46.012  -40.105  -43.062 0.3000000119
142492  -43.317  -32.909  -33.864 0.4000000060
142702  -36.571  -35.300  -38.292 0.6999999881
142791  -41.884  -49.829  -46.130 0.3000000119
