#!ascii label  , from subject sub-v1s23x0050611_ses-1 vox2ras=TkReg
892
41920  28.619  -44.997  36.746 0.0000000000
65602  36.963  -20.653  18.647 0.0000000000
63558  45.683  -22.691  17.291 0.0000000000
125998  43.006  -27.030  28.635 0.0000000000
127788  35.456  -44.263  30.705 0.0000000000
39210  32.334  -47.312  33.806 0.0000000000
64547  41.258  -22.286  17.310 0.0000000000
62439  43.003  -23.328  21.535 0.0000000000
55772  38.319  -30.453  30.218 0.0000000000
45704  37.178  -40.584  31.221 0.0000000000
129367  52.429  -21.206  9.111 0.0000000000
64541  52.469  -20.133  17.245 0.0000000000
58596  39.247  -27.123  24.717 0.0000000000
64452  41.310  -21.000  25.393 0.0000000000
41956  31.907  -44.814  34.293 0.0000000000
39184  30.554  -46.892  35.627 0.0000000000
64549  39.580  -21.521  17.759 0.0000000000
63530  41.211  -22.524  19.124 0.0000000000
65570  40.580  -19.927  20.371 0.0000000000
51899  40.409  -34.043  28.503 0.0000000000
123769  36.057  -45.971  31.616 0.0000000000
43815  36.592  -42.741  30.206 0.0000000000
41995  38.052  -44.580  29.699 0.0000000000
65721  50.386  -21.116  9.660 0.0000000000
62553  51.320  -23.719  10.338 0.0000000000
65685  50.368  -21.765  10.781 0.0000000000
65614  45.482  -20.750  18.143 0.0000000000
65635  47.586  -20.430  16.650 0.0000000000
63525  49.259  -22.160  19.257 0.0000000000
123055  49.875  -22.534  15.317 0.0000000000
123053  46.975  -22.496  15.438 0.0000000000
57663  40.662  -28.526  30.462 0.0000000000
57695  38.655  -28.549  27.705 0.0000000000
60426  41.132  -25.854  28.449 0.0000000000
61472  41.581  -24.549  24.679 0.0000000000
62368  44.049  -23.913  26.675 0.0000000000
143735  46.559  -22.590  25.202 0.0000000000
59467  46.164  -26.784  25.888 0.0000000000
41060  33.770  -45.523  32.997 0.0000000000
143140  42.177  -20.917  15.815 0.0000000000
64545  43.349  -21.830  17.421 0.0000000000
130270  41.390  -23.933  18.391 0.0000000000
60527  41.581  -24.989  19.507 0.0000000000
50907  36.627  -35.214  32.056 0.0000000000
52812  38.984  -32.822  30.667 0.0000000000
54756  40.570  -31.274  29.782 0.0000000000
139304  41.982  -29.857  28.179 0.0000000000
56733  44.014  -28.019  26.289 0.0000000000
48905  34.986  -37.260  31.035 0.0000000000
130708  38.302  -38.981  30.419 0.0000000000
134839  54.472  -21.194  9.870 0.0000000000
122140  52.491  -19.903  13.319 0.0000000000
137693  51.790  -22.864  14.019 0.0000000000
132373  48.811  -24.091  11.130 0.0000000000
65558  37.942  -20.088  22.126 0.0000000000
65540  43.109  -20.667  23.061 0.0000000000
61499  46.539  -23.926  22.359 0.0000000000
123746  28.859  -46.233  36.299 0.0000000000
41037  29.951  -45.451  35.801 0.0000000000
39185  29.621  -47.151  35.728 0.0000000000
64535  38.702  -20.884  18.163 0.0000000000
64520  39.772  -20.540  19.023 0.0000000000
65584  39.179  -20.144  19.587 0.0000000000
40207  37.153  -45.841  30.629 0.0000000000
121585  49.679  -20.929  9.913 0.0000000000
64602  50.420  -21.940  10.140 0.0000000000
121867  50.134  -20.924  11.347 0.0000000000
63528  45.724  -21.995  18.473 0.0000000000
64518  48.117  -21.220  19.442 0.0000000000
136782  46.890  -22.344  18.357 0.0000000000
63556  47.950  -22.596  17.282 0.0000000000
58540  41.718  -27.617  29.454 0.0000000000
59413  41.174  -26.850  29.713 0.0000000000
60410  42.435  -25.645  28.657 0.0000000000
128459  42.864  -24.524  27.928 0.0000000000
61428  43.674  -24.886  27.753 0.0000000000
61438  44.974  -24.703  27.178 0.0000000000
59448  44.842  -26.481  27.398 0.0000000000
41955  32.572  -44.945  33.790 0.0000000000
40194  33.348  -46.784  33.308 0.0000000000
39208  34.737  -46.818  32.487 0.0000000000
64561  40.614  -22.018  16.678 0.0000000000
64570  40.779  -21.853  15.837 0.0000000000
64560  41.535  -21.582  16.427 0.0000000000
64559  43.091  -21.142  16.779 0.0000000000
63545  41.891  -22.911  17.550 0.0000000000
62475  42.178  -23.660  17.528 0.0000000000
127994  41.281  -22.843  17.840 0.0000000000
63502  42.002  -22.748  20.723 0.0000000000
62458  41.336  -23.465  19.614 0.0000000000
61514  42.591  -24.267  21.056 0.0000000000
60516  42.800  -25.096  20.602 0.0000000000
132490  43.392  -24.122  21.455 0.0000000000
50906  38.074  -35.365  31.142 0.0000000000
51868  37.791  -34.233  31.585 0.0000000000
51880  39.046  -34.144  30.315 0.0000000000
52825  40.361  -32.625  29.469 0.0000000000
55759  41.485  -30.321  29.244 0.0000000000
43804  37.012  -41.860  30.559 0.0000000000
45719  35.804  -40.121  31.663 0.0000000000
46724  35.847  -38.955  32.154 0.0000000000
47815  37.003  -38.169  31.910 0.0000000000
46720  37.905  -39.722  30.625 0.0000000000
65738  51.444  -20.143  8.754 0.0000000000
64617  53.321  -21.615  9.492 0.0000000000
61590  50.729  -24.317  11.068 0.0000000000
65622  49.911  -19.853  17.857 0.0000000000
130236  47.819  -20.407  15.400 0.0000000000
65632  51.390  -19.268  16.307 0.0000000000
121954  50.277  -20.139  14.419 0.0000000000
143242  53.080  -18.772  14.817 0.0000000000
121583  53.122  -20.050  13.703 0.0000000000
63552  52.802  -21.644  16.337 0.0000000000
123492  47.983  -22.393  13.166 0.0000000000
63618  49.097  -22.628  12.657 0.0000000000
54774  37.608  -31.783  29.540 0.0000000000
55783  37.941  -30.918  28.449 0.0000000000
58572  38.991  -27.720  26.585 0.0000000000
57703  38.007  -29.114  25.995 0.0000000000
63434  41.800  -22.620  25.341 0.0000000000
62408  40.575  -23.617  23.762 0.0000000000
63465  39.139  -22.125  23.739 0.0000000000
63481  38.053  -21.815  22.454 0.0000000000
65528  39.444  -20.332  23.829 0.0000000000
66553  40.477  -19.811  22.917 0.0000000000
66534  42.377  -20.070  24.432 0.0000000000
61471  47.544  -24.262  24.032 0.0000000000
123433  47.270  -23.137  23.178 0.0000000000
60487  48.306  -24.904  22.121 0.0000000000
60511  47.860  -26.095  21.015 0.0000000000
41943  31.485  -45.111  34.779 0.0000000000
38090  31.451  -47.292  34.811 0.0000000000
38102  31.436  -47.798  33.669 0.0000000000
38092  30.481  -47.693  34.563 0.0000000000
64548  40.387  -22.009  17.476 0.0000000000
63531  40.926  -21.897  18.490 0.0000000000
129534  40.503  -20.969  18.777 0.0000000000
64505  41.611  -21.087  20.147 0.0000000000
124515  42.017  -20.973  20.948 0.0000000000
41981  35.103  -45.024  31.531 0.0000000000
42859  36.055  -43.750  30.653 0.0000000000
137645  36.407  -44.188  30.076 0.0000000000
128663  37.205  -43.736  29.867 0.0000000000
42839  37.550  -42.383  30.064 0.0000000000
44766  38.398  -42.026  29.727 0.0000000000
135677  39.068  -44.175  28.795 0.0000000000
65720  51.539  -20.928  8.947 0.0000000000
134413  51.502  -22.460  9.533 0.0000000000
64619  50.860  -22.091  9.689 0.0000000000
129327  50.515  -22.854  10.343 0.0000000000
122663  50.126  -23.114  11.035 0.0000000000
65638  44.113  -20.384  15.903 0.0000000000
125691  47.026  -20.477  17.956 0.0000000000
65596  49.026  -20.584  19.519 0.0000000000
64528  51.056  -20.641  18.838 0.0000000000
63554  51.660  -22.485  17.042 0.0000000000
63555  50.024  -22.518  17.574 0.0000000000
123054  47.963  -22.474  15.531 0.0000000000
56695  39.879  -29.524  30.808 0.0000000000
56718  38.254  -29.465  28.815 0.0000000000
58542  39.538  -27.798  29.283 0.0000000000
144003  39.544  -27.156  27.746 0.0000000000
129682  40.357  -26.091  26.181 0.0000000000
59485  40.630  -26.250  24.457 0.0000000000
60448  41.331  -25.024  26.851 0.0000000000
61449  42.743  -23.801  26.300 0.0000000000
63424  43.885  -22.401  26.010 0.0000000000
65488  44.014  -21.417  25.540 0.0000000000
63432  45.298  -22.401  26.196 0.0000000000
61459  46.437  -24.136  25.633 0.0000000000
59484  47.370  -26.340  24.277 0.0000000000
42846  32.317  -44.228  32.695 0.0000000000
41983  33.458  -44.714  32.649 0.0000000000
41982  34.065  -44.897  32.057 0.0000000000
41075  34.653  -45.677  32.467 0.0000000000
122544  35.685  -47.144  31.572 0.0000000000
65627  43.577  -20.568  16.423 0.0000000000
64544  44.239  -21.626  17.790 0.0000000000
63542  44.699  -22.186  17.923 0.0000000000
62474  43.331  -23.239  17.070 0.0000000000
62483  42.017  -24.408  17.048 0.0000000000
61531  41.392  -24.740  18.085 0.0000000000
62465  41.116  -23.643  18.931 0.0000000000
142880  41.230  -24.398  18.672 0.0000000000
50921  35.390  -35.147  31.096 0.0000000000
51881  36.448  -33.936  31.515 0.0000000000
53758  37.706  -32.494  31.149 0.0000000000
54743  39.066  -31.707  30.962 0.0000000000
143047  39.452  -33.764  29.963 0.0000000000
53769  39.793  -32.177  30.228 0.0000000000
55746  39.629  -30.691  30.747 0.0000000000
56681  40.565  -29.900  30.373 0.0000000000
131714  41.540  -28.808  29.465 0.0000000000
57673  42.324  -28.397  28.669 0.0000000000
58561  44.112  -27.619  27.396 0.0000000000
56726  42.512  -29.157  27.632 0.0000000000
142167  35.762  -36.190  31.943 0.0000000000
48877  37.608  -37.182  31.350 0.0000000000
48904  38.841  -37.275  29.955 0.0000000000
131482  39.299  -40.649  29.238 0.0000000000
46752  39.603  -39.361  29.110 0.0000000000
66647  54.363  -19.587  9.399 0.0000000000
122080  50.224  -20.623  12.061 0.0000000000
143868  51.878  -20.615  12.809 0.0000000000
63616  51.582  -22.082  12.863 0.0000000000
63631  50.187  -22.786  11.658 0.0000000000
126610  51.831  -22.849  15.081 0.0000000000
63617  50.163  -22.834  12.519 0.0000000000
61579  49.523  -25.197  11.547 0.0000000000
56728  38.031  -29.947  27.251 0.0000000000
64521  36.656  -20.968  20.397 0.0000000000
65573  37.281  -20.253  20.483 0.0000000000
66580  38.899  -19.794  21.039 0.0000000000
65556  41.512  -20.151  21.333 0.0000000000
64492  43.356  -21.505  22.274 0.0000000000
64459  45.625  -21.365  24.407 0.0000000000
63477  45.200  -21.969  23.181 0.0000000000
62437  44.783  -23.621  22.046 0.0000000000
60499  45.847  -25.248  21.491 0.0000000000
58570  44.935  -27.705  26.407 0.0000000000
57709  46.210  -28.004  24.444 0.0000000000
41020  28.702  -45.617  36.558 0.0000000000
40145  28.214  -45.945  36.763 0.0000000000
41021  28.090  -45.388  37.058 0.0000000000
41019  29.314  -45.174  36.243 0.0000000000
41038  29.371  -45.882  36.105 0.0000000000
65617  37.519  -20.866  17.934 0.0000000000
65600  38.885  -20.503  18.900 0.0000000000
65601  37.833  -20.551  18.776 0.0000000000
121999  49.751  -20.931  10.632 0.0000000000
63541  45.339  -22.384  17.933 0.0000000000
63527  46.509  -21.884  18.683 0.0000000000
63540  46.128  -22.479  18.015 0.0000000000
125693  46.902  -22.635  17.494 0.0000000000
145320  46.246  -22.663  17.356 0.0000000000
59410  42.561  -26.598  28.947 0.0000000000
123280  42.163  -26.295  29.110 0.0000000000
60409  42.664  -25.900  28.567 0.0000000000
61418  42.786  -25.399  28.245 0.0000000000
147627  43.639  -25.781  28.055 0.0000000000
60436  44.533  -25.502  27.542 0.0000000000
59428  44.124  -26.199  27.970 0.0000000000
39195  32.547  -46.905  33.912 0.0000000000
40179  32.736  -46.316  33.856 0.0000000000
38100  32.749  -47.519  33.154 0.0000000000
64546  42.323  -21.972  17.160 0.0000000000
63491  42.525  -22.526  21.253 0.0000000000
62450  42.210  -23.436  21.016 0.0000000000
49927  38.843  -36.314  29.996 0.0000000000
50905  38.535  -34.718  30.728 0.0000000000
50920  38.905  -35.254  30.208 0.0000000000
44753  37.018  -41.217  30.999 0.0000000000
44754  36.536  -41.113  31.113 0.0000000000
45705  36.322  -40.471  31.563 0.0000000000
143782  35.594  -39.481  31.875 0.0000000000
123425  36.802  -40.178  31.636 0.0000000000
141408  37.026  -39.594  31.784 0.0000000000
45702  37.676  -40.382  30.714 0.0000000000
66658  51.423  -19.312  8.703 0.0000000000
65719  52.358  -20.373  8.833 0.0000000000
65609  51.238  -19.855  18.208 0.0000000000
144833  50.764  -19.418  17.152 0.0000000000
66610  52.277  -19.067  16.518 0.0000000000
121589  52.540  -18.848  15.519 0.0000000000
121584  52.815  -19.369  16.527 0.0000000000
122020  53.198  -19.254  15.645 0.0000000000
122312  53.071  -20.271  16.508 0.0000000000
63619  47.313  -22.454  12.526 0.0000000000
127258  48.143  -22.558  12.362 0.0000000000
140221  37.983  -31.183  30.190 0.0000000000
135139  37.716  -31.521  28.740 0.0000000000
55773  37.921  -31.004  29.368 0.0000000000
58584  39.348  -27.178  25.450 0.0000000000
58597  38.604  -27.524  24.387 0.0000000000
63435  41.070  -21.749  25.187 0.0000000000
63447  40.978  -22.835  24.597 0.0000000000
63448  40.213  -21.816  24.623 0.0000000000
64472  39.100  -21.239  23.852 0.0000000000
64460  40.563  -20.918  24.920 0.0000000000
65512  40.835  -20.179  24.682 0.0000000000
65510  42.522  -20.347  25.143 0.0000000000
59483  48.014  -25.794  23.469 0.0000000000
60478  48.330  -25.183  22.610 0.0000000000
130926  48.529  -26.333  22.622 0.0000000000
59514  48.971  -25.987  21.050 0.0000000000
41036  30.525  -45.714  35.578 0.0000000000
41944  30.862  -44.892  35.124 0.0000000000
41049  31.066  -45.542  35.232 0.0000000000
40167  31.412  -46.320  35.080 0.0000000000
39183  31.176  -46.933  35.297 0.0000000000
38091  31.257  -47.646  34.421 0.0000000000
39197  30.820  -47.404  35.192 0.0000000000
64550  38.673  -21.518  17.473 0.0000000000
135234  39.624  -21.994  16.933 0.0000000000
64534  40.310  -21.589  18.104 0.0000000000
65583  40.370  -20.260  19.584 0.0000000000
64519  41.074  -20.811  19.432 0.0000000000
65582  41.193  -20.263  20.074 0.0000000000
64494  41.595  -20.445  20.766 0.0000000000
41088  35.914  -45.486  31.418 0.0000000000
41980  36.016  -45.079  31.126 0.0000000000
40227  37.882  -45.620  29.969 0.0000000000
41978  37.059  -44.325  30.196 0.0000000000
41996  37.550  -44.000  29.852 0.0000000000
42858  37.261  -43.306  29.880 0.0000000000
42857  38.051  -43.548  29.661 0.0000000000
42856  38.504  -42.957  29.466 0.0000000000
66649  50.221  -20.461  9.173 0.0000000000
65739  50.784  -20.680  9.031 0.0000000000
141082  50.950  -21.323  9.309 0.0000000000
64593  50.356  -22.467  10.834 0.0000000000
65625  45.220  -20.559  17.230 0.0000000000
65624  46.021  -20.524  17.606 0.0000000000
65613  46.238  -20.729  18.469 0.0000000000
63515  48.654  -21.654  19.461 0.0000000000
65581  48.644  -20.940  19.692 0.0000000000
64516  49.573  -21.475  19.845 0.0000000000
65594  50.147  -20.600  19.489 0.0000000000
63524  49.821  -22.081  19.513 0.0000000000
63523  50.396  -22.177  18.964 0.0000000000
63537  50.008  -22.419  18.785 0.0000000000
123056  47.355  -22.593  16.440 0.0000000000
123057  48.185  -22.537  16.381 0.0000000000
123051  47.704  -22.395  14.354 0.0000000000
123050  46.592  -22.426  14.438 0.0000000000
56694  40.404  -29.065  30.773 0.0000000000
57664  39.878  -28.363  30.101 0.0000000000
58533  40.665  -28.101  30.351 0.0000000000
59431  40.719  -26.479  28.874 0.0000000000
59432  39.958  -26.793  28.296 0.0000000000
59449  40.350  -26.181  27.946 0.0000000000
59450  39.818  -26.628  27.443 0.0000000000
59468  40.209  -26.073  27.057 0.0000000000
143167  40.663  -25.639  26.696 0.0000000000
62360  43.365  -24.270  27.203 0.0000000000
61440  42.889  -24.120  27.246 0.0000000000
62375  43.880  -23.436  26.458 0.0000000000
137269  43.610  -23.142  26.253 0.0000000000
63413  43.984  -23.146  26.208 0.0000000000
64429  44.001  -22.272  25.931 0.0000000000
62367  44.528  -23.159  26.447 0.0000000000
60447  45.670  -25.158  26.621 0.0000000000
61447  46.109  -24.640  26.151 0.0000000000
60446  46.229  -25.601  26.043 0.0000000000
60459  47.029  -25.705  24.858 0.0000000000
59476  46.763  -26.654  25.016 0.0000000000
42819  31.552  -44.494  34.200 0.0000000000
42847  31.556  -43.910  32.971 0.0000000000
123681  31.983  -44.351  33.444 0.0000000000
41954  33.188  -45.054  33.332 0.0000000000
41967  32.990  -44.783  33.246 0.0000000000
41966  33.702  -44.967  32.794 0.0000000000
144952  34.082  -45.302  32.621 0.0000000000
41965  34.371  -45.182  32.204 0.0000000000
65628  42.860  -20.633  16.112 0.0000000000
65616  43.899  -21.012  17.213 0.0000000000
63543  43.867  -22.554  17.467 0.0000000000
63544  42.794  -22.864  17.292 0.0000000000
129650  41.729  -24.215  17.785 0.0000000000
62466  41.052  -22.992  18.406 0.0000000000
61519  41.490  -24.214  19.992 0.0000000000
141028  41.243  -24.354  19.227 0.0000000000
60536  41.367  -25.117  18.603 0.0000000000
51870  36.069  -34.698  31.764 0.0000000000
51882  35.754  -34.416  31.115 0.0000000000
51869  36.944  -34.448  31.944 0.0000000000
52813  38.470  -33.533  31.055 0.0000000000
52814  37.991  -33.252  31.342 0.0000000000
131700  38.753  -32.845  30.908 0.0000000000
53757  38.643  -32.439  31.013 0.0000000000
51890  39.717  -34.194  29.475 0.0000000000
53768  40.429  -31.963  29.706 0.0000000000
52826  39.969  -32.508  29.918 0.0000000000
53754  40.035  -31.609  30.213 0.0000000000
53755  39.581  -31.803  30.544 0.0000000000
54740  40.157  -31.054  30.229 0.0000000000
55745  40.066  -30.529  30.478 0.0000000000
55744  40.593  -30.607  30.043 0.0000000000
55771  41.781  -29.987  28.699 0.0000000000
56692  41.456  -29.537  29.490 0.0000000000
56707  41.980  -29.073  29.065 0.0000000000
56706  42.168  -29.197  28.406 0.0000000000
57685  42.629  -28.507  28.047 0.0000000000
56717  42.416  -29.154  28.214 0.0000000000
128875  36.517  -43.049  29.676 0.0000000000
42876  35.830  -42.915  29.973 0.0000000000
43824  36.419  -42.141  30.214 0.0000000000
47834  34.843  -38.174  31.019 0.0000000000
48906  34.769  -37.565  30.223 0.0000000000
49929  34.899  -36.688  30.301 0.0000000000
147824  35.124  -36.532  31.020 0.0000000000
49916  35.428  -36.865  31.700 0.0000000000
47832  37.731  -38.086  31.138 0.0000000000
48878  37.198  -37.293  31.783 0.0000000000
47831  38.153  -38.166  30.656 0.0000000000
48891  38.002  -37.138  30.862 0.0000000000
122893  38.718  -38.206  30.043 0.0000000000
45717  38.604  -40.715  29.767 0.0000000000
47845  39.878  -38.780  28.838 0.0000000000
65717  54.960  -20.342  9.770 0.0000000000
63665  55.335  -22.226  10.244 0.0000000000
63667  51.720  -23.210  9.797 0.0000000000
65636  46.218  -20.432  15.899 0.0000000000
130234  45.820  -20.430  15.111 0.0000000000
141504  47.010  -20.435  15.907 0.0000000000
122059  51.355  -19.994  13.793 0.0000000000
121858  49.963  -20.377  13.349 0.0000000000
141694  50.021  -20.476  12.537 0.0000000000
121593  51.041  -20.471  12.846 0.0000000000
121832  50.758  -20.834  12.316 0.0000000000
126328  52.703  -21.055  13.456 0.0000000000
121591  52.080  -21.108  12.907 0.0000000000
63599  52.047  -22.163  13.404 0.0000000000
143178  50.898  -22.489  12.532 0.0000000000
63600  51.365  -22.707  13.359 0.0000000000
123246  51.058  -22.586  16.907 0.0000000000
140008  51.698  -22.640  16.219 0.0000000000
63569  50.935  -22.584  15.785 0.0000000000
63633  48.642  -22.848  11.852 0.0000000000
63601  50.073  -22.717  13.356 0.0000000000
129582  49.158  -23.403  11.449 0.0000000000
123906  49.585  -22.955  11.878 0.0000000000
57687  38.564  -28.767  28.599 0.0000000000
55793  38.076  -30.118  28.157 0.0000000000
56727  38.309  -29.313  27.878 0.0000000000
60473  41.603  -25.089  24.905 0.0000000000
62427  39.394  -23.364  22.593 0.0000000000
64484  38.104  -20.730  22.698 0.0000000000
64495  37.543  -20.858  21.995 0.0000000000
65559  37.500  -20.353  21.434 0.0000000000
147827  36.752  -20.555  20.014 0.0000000000
65572  37.960  -19.921  21.241 0.0000000000
124702  38.409  -19.903  20.359 0.0000000000
66567  38.502  -19.861  21.742 0.0000000000
66551  42.088  -20.140  22.810 0.0000000000
66565  41.076  -19.924  22.053 0.0000000000
65541  42.392  -20.481  22.542 0.0000000000
64483  42.776  -20.918  22.338 0.0000000000
64482  43.435  -21.071  22.790 0.0000000000
64448  45.901  -21.396  25.059 0.0000000000
65507  45.070  -21.135  24.793 0.0000000000
64458  46.068  -21.572  24.411 0.0000000000
62422  47.183  -23.385  22.784 0.0000000000
63463  46.203  -22.135  23.522 0.0000000000
134461  45.922  -22.694  22.932 0.0000000000
62424  45.083  -22.803  22.538 0.0000000000
62436  45.692  -23.480  22.422 0.0000000000
61511  45.528  -24.417  21.868 0.0000000000
61510  46.781  -24.850  21.846 0.0000000000
131474  47.034  -26.614  20.707 0.0000000000
57693  43.673  -27.982  27.213 0.0000000000
57692  44.439  -27.797  26.819 0.0000000000
57701  44.520  -27.745  26.023 0.0000000000
40155  30.083  -46.271  35.768 0.0000000000
137417  30.242  -47.173  35.609 0.0000000000
39170  29.902  -46.831  35.860 0.0000000000
39171  29.205  -46.687  36.018 0.0000000000
132075  39.665  -20.945  18.414 0.0000000000
144552  36.531  -46.671  30.938 0.0000000000
41087  36.500  -45.624  31.085 0.0000000000
40208  36.925  -46.496  30.593 0.0000000000
40219  37.557  -46.316  30.186 0.0000000000
65700  50.091  -21.294  10.422 0.0000000000
138853  50.422  -21.303  11.482 0.0000000000
65598  45.788  -20.978  18.632 0.0000000000
65597  46.593  -20.996  18.909 0.0000000000
64531  46.140  -21.378  18.762 0.0000000000
63526  47.565  -21.762  18.941 0.0000000000
127930  48.374  -22.146  18.882 0.0000000000
63538  48.896  -22.498  18.171 0.0000000000
63539  47.705  -22.449  18.248 0.0000000000
58531  41.275  -27.429  29.743 0.0000000000
142651  40.896  -27.476  30.042 0.0000000000
59412  41.656  -26.741  29.565 0.0000000000
59430  41.549  -26.247  29.283 0.0000000000
60425  41.938  -25.629  28.816 0.0000000000
60437  41.588  -25.219  27.985 0.0000000000
61430  42.830  -25.024  28.177 0.0000000000
61429  43.179  -24.967  27.915 0.0000000000
132155  43.939  -24.600  27.425 0.0000000000
133532  44.326  -24.163  26.984 0.0000000000
61439  44.164  -24.788  27.563 0.0000000000
60435  45.252  -25.749  27.030 0.0000000000
59447  45.460  -26.742  26.754 0.0000000000
41968  32.295  -44.662  33.691 0.0000000000
135983  32.288  -45.869  34.311 0.0000000000
41061  32.875  -45.557  33.708 0.0000000000
40178  33.525  -46.210  33.254 0.0000000000
40193  34.336  -46.254  32.751 0.0000000000
145021  34.030  -46.689  32.861 0.0000000000
64571  40.024  -22.337  16.106 0.0000000000
147377  42.394  -21.198  16.462 0.0000000000
62476  41.578  -23.465  17.952 0.0000000000
63503  41.606  -22.402  20.017 0.0000000000
62451  41.708  -23.425  20.370 0.0000000000
139958  41.915  -24.046  20.627 0.0000000000
60517  42.046  -24.719  20.328 0.0000000000
60526  42.353  -25.416  19.883 0.0000000000
61513  43.455  -24.777  21.097 0.0000000000
60501  44.187  -25.096  21.092 0.0000000000
50896  37.637  -35.609  31.551 0.0000000000
51859  37.409  -35.048  31.797 0.0000000000
50895  37.844  -34.925  31.467 0.0000000000
51867  38.250  -34.397  31.166 0.0000000000
51866  38.731  -33.690  30.685 0.0000000000
51889  40.161  -33.573  29.196 0.0000000000
54773  41.167  -31.477  29.191 0.0000000000
54755  41.155  -30.815  29.470 0.0000000000
54772  41.731  -30.943  28.783 0.0000000000
43805  36.810  -41.847  30.562 0.0000000000
44768  36.407  -41.597  30.639 0.0000000000
46754  35.163  -39.879  30.520 0.0000000000
46739  35.239  -39.634  31.394 0.0000000000
47833  35.149  -38.791  31.693 0.0000000000
47817  35.494  -38.272  32.076 0.0000000000
48880  35.696  -37.541  32.128 0.0000000000
46723  36.731  -38.983  32.055 0.0000000000
47814  37.431  -38.979  31.557 0.0000000000
47813  37.837  -38.975  30.963 0.0000000000
66648  53.057  -19.680  8.843 0.0000000000
65718  53.588  -20.537  9.369 0.0000000000
65634  48.780  -20.284  16.481 0.0000000000
65633  50.034  -19.916  16.382 0.0000000000
129874  49.200  -20.264  15.193 0.0000000000
127222  50.461  -19.899  15.436 0.0000000000
121592  51.655  -19.398  14.909 0.0000000000
122925  52.553  -19.079  13.837 0.0000000000
121587  53.135  -19.593  13.892 0.0000000000
122086  53.319  -19.611  14.512 0.0000000000
121950  53.174  -20.958  14.312 0.0000000000
63585  52.784  -22.115  15.307 0.0000000000
63587  48.849  -22.445  14.839 0.0000000000
123245  49.941  -22.576  14.341 0.0000000000
63602  48.933  -22.454  13.768 0.0000000000
53784  37.280  -32.491  29.205 0.0000000000
127620  38.684  -28.283  26.925 0.0000000000
56736  38.209  -29.001  26.874 0.0000000000
143132  38.456  -28.306  25.950 0.0000000000
57715  37.862  -28.872  25.254 0.0000000000
62394  41.740  -23.653  25.014 0.0000000000
62407  41.266  -23.871  24.377 0.0000000000
62409  39.674  -22.980  23.325 0.0000000000
63480  38.835  -22.478  22.990 0.0000000000
133694  38.113  -22.561  21.801 0.0000000000
63466  38.540  -21.485  23.259 0.0000000000
64473  38.683  -20.528  23.317 0.0000000000
65543  38.980  -19.878  23.150 0.0000000000
66554  39.542  -19.805  22.659 0.0000000000
66543  39.706  -19.891  23.318 0.0000000000
124165  41.064  -19.843  23.481 0.0000000000
66533  43.188  -20.265  24.264 0.0000000000
144810  47.326  -23.659  24.255 0.0000000000
63445  47.070  -22.574  23.786 0.0000000000
131478  47.427  -23.393  23.594 0.0000000000
147863  47.643  -24.065  22.665 0.0000000000
61497  47.927  -24.445  22.319 0.0000000000
61509  47.889  -24.841  21.831 0.0000000000
60496  48.402  -25.319  21.693 0.0000000000
41957  31.324  -44.774  34.664 0.0000000000
41048  31.708  -45.740  34.746 0.0000000000
40180  32.024  -46.480  34.531 0.0000000000
142438  31.810  -47.477  34.274 0.0000000000
38101  32.046  -47.663  33.590 0.0000000000
145374  31.682  -47.665  34.068 0.0000000000
38103  30.741  -47.830  33.789 0.0000000000
39198  30.094  -47.520  35.218 0.0000000000
63546  40.897  -22.221  17.955 0.0000000000
63517  41.019  -21.509  18.989 0.0000000000
63516  41.356  -21.622  19.469 0.0000000000
64504  42.107  -21.804  20.753 0.0000000000
49926  39.294  -35.909  29.538 0.0000000000
42843  34.573  -44.679  31.212 0.0000000000
42860  35.377  -44.422  30.783 0.0000000000
134636  35.351  -44.644  31.123 0.0000000000
42842  35.841  -44.292  29.938 0.0000000000
143401  36.736  -43.667  29.975 0.0000000000
129641  36.914  -45.153  30.579 0.0000000000
42841  37.204  -43.078  30.300 0.0000000000
42840  37.074  -42.563  30.147 0.0000000000
43803  37.361  -41.840  30.421 0.0000000000
43802  37.816  -41.542  30.358 0.0000000000
44751  37.710  -40.971  30.543 0.0000000000
43814  38.182  -42.018  29.939 0.0000000000
42875  39.113  -43.241  28.992 0.0000000000
136655  52.303  -22.042  9.335 0.0000000000
64618  51.523  -21.688  9.247 0.0000000000
63648  50.997  -22.993  9.861 0.0000000000
141391  50.764  -23.437  10.504 0.0000000000
62554  50.270  -23.637  11.131 0.0000000000
65637  45.183  -20.443  16.076 0.0000000000
124415  45.843  -20.474  16.692 0.0000000000
136783  47.023  -20.783  18.822 0.0000000000
65612  47.989  -20.601  18.888 0.0000000000
65611  49.029  -20.171  18.834 0.0000000000
65610  49.872  -20.004  19.204 0.0000000000
128333  50.330  -20.138  19.080 0.0000000000
65608  51.838  -20.130  17.932 0.0000000000
64542  51.929  -21.168  17.901 0.0000000000
139587  51.578  -22.142  17.737 0.0000000000
63536  50.959  -22.454  18.046 0.0000000000
63570  49.952  -22.530  16.370 0.0000000000
123058  48.951  -22.550  16.915 0.0000000000
63571  48.920  -22.474  15.856 0.0000000000
56696  39.088  -29.896  30.599 0.0000000000
56709  38.440  -29.606  29.758 0.0000000000
56708  39.235  -29.073  30.160 0.0000000000
57675  39.005  -28.426  29.376 0.0000000000
57686  39.035  -28.106  28.485 0.0000000000
58541  40.264  -27.189  29.256 0.0000000000
58552  39.508  -27.423  28.449 0.0000000000
57694  39.125  -27.786  27.548 0.0000000000
130852  39.430  -27.178  27.013 0.0000000000
58571  39.408  -27.169  26.192 0.0000000000
59478  39.939  -26.641  25.649 0.0000000000
130848  40.231  -26.514  24.925 0.0000000000
59477  40.725  -26.072  25.225 0.0000000000
60462  41.326  -25.499  25.159 0.0000000000
60461  41.634  -24.992  25.723 0.0000000000
61441  42.212  -24.615  27.601 0.0000000000
61450  42.187  -24.430  26.545 0.0000000000
61460  42.007  -24.327  25.551 0.0000000000
62385  42.408  -23.381  25.655 0.0000000000
63433  42.562  -22.498  25.758 0.0000000000
64450  43.052  -21.247  25.672 0.0000000000
65499  43.128  -20.766  25.451 0.0000000000
64439  43.731  -21.797  25.730 0.0000000000
64437  44.676  -21.771  25.972 0.0000000000
63422  46.133  -22.737  25.786 0.0000000000
133156  45.070  -23.769  26.833 0.0000000000
62374  45.795  -23.543  26.225 0.0000000000
62383  46.544  -23.351  25.413 0.0000000000
130449  47.167  -24.878  24.686 0.0000000000
60472  47.543  -25.293  24.137 0.0000000000
42878  34.745  -44.348  30.599 0.0000000000
42830  32.758  -44.539  33.079 0.0000000000
42845  33.211  -44.476  32.266 0.0000000000
42844  33.969  -44.692  31.874 0.0000000000
42861  34.706  -44.560  31.109 0.0000000000
41964  35.179  -45.381  31.803 0.0000000000
41074  35.462  -45.899  31.989 0.0000000000
40209  35.475  -46.887  32.036 0.0000000000
40191  35.767  -46.441  31.779 0.0000000000
65626  44.382  -20.536  16.813 0.0000000000
65615  44.733  -20.904  17.764 0.0000000000
64533  44.910  -21.484  18.227 0.0000000000
63529  45.194  -21.952  18.319 0.0000000000
63559  44.778  -22.746  17.221 0.0000000000
51891  35.340  -34.586  30.184 0.0000000000
52838  36.398  -33.457  29.999 0.0000000000
139810  37.270  -33.801  31.741 0.0000000000
52815  37.063  -33.209  31.450 0.0000000000
53771  36.889  -32.913  30.623 0.0000000000
53770  37.317  -32.383  30.134 0.0000000000
54758  37.866  -31.763  30.631 0.0000000000
54757  38.620  -31.218  30.892 0.0000000000
50919  39.351  -34.774  29.814 0.0000000000
51865  39.392  -32.987  30.284 0.0000000000
51879  39.849  -33.174  29.774 0.0000000000
128346  39.366  -32.309  30.509 0.0000000000
53756  39.150  -32.152  30.782 0.0000000000
54742  39.400  -31.383  30.795 0.0000000000
55762  39.050  -30.572  30.932 0.0000000000
55761  39.654  -30.339  30.888 0.0000000000
147321  40.107  -29.852  30.665 0.0000000000
57649  40.580  -29.158  30.590 0.0000000000
55760  41.087  -30.102  29.870 0.0000000000
56693  40.964  -29.369  30.170 0.0000000000
57662  40.910  -28.705  30.185 0.0000000000
57674  41.877  -28.256  29.259 0.0000000000
58539  42.337  -27.487  29.031 0.0000000000
58551  42.857  -27.733  28.294 0.0000000000
58550  43.652  -27.144  28.049 0.0000000000
57684  43.320  -27.857  27.729 0.0000000000
56716  42.799  -28.460  27.561 0.0000000000
56725  43.127  -28.306  27.046 0.0000000000
55801  42.326  -29.929  27.759 0.0000000000
56734  42.881  -28.742  27.219 0.0000000000
42894  35.925  -43.556  29.842 0.0000000000
44778  36.256  -41.896  30.363 0.0000000000
50934  34.975  -35.287  30.212 0.0000000000
49928  35.412  -36.000  31.407 0.0000000000
50898  36.362  -35.981  32.121 0.0000000000
48879  36.535  -37.437  32.128 0.0000000000
49906  36.839  -36.607  32.022 0.0000000000
50897  37.120  -35.810  31.911 0.0000000000
125824  37.812  -36.276  31.260 0.0000000000
126885  38.424  -36.673  30.461 0.0000000000
45718  38.035  -40.488  30.386 0.0000000000
46738  38.504  -39.740  30.025 0.0000000000
45732  39.180  -39.976  29.430 0.0000000000
47830  38.738  -38.971  29.864 0.0000000000
47846  39.338  -38.646  29.422 0.0000000000
42788  28.389  -44.511  36.806 0.0000000000
66646  55.508  -19.609  9.418 0.0000000000
122211  52.783  -20.378  13.380 0.0000000000
121945  51.187  -21.397  12.400 0.0000000000
64588  50.559  -22.015  11.598 0.0000000000
63632  49.848  -23.409  11.437 0.0000000000
63553  52.160  -22.022  17.084 0.0000000000
63568  52.180  -22.537  16.203 0.0000000000
127022  51.074  -22.881  13.984 0.0000000000
143456  50.768  -22.824  13.141 0.0000000000
55782  38.036  -30.213  29.136 0.0000000000
55794  37.845  -30.781  27.579 0.0000000000
63493  37.496  -21.788  21.611 0.0000000000
141902  36.469  -20.893  19.669 0.0000000000
65586  36.995  -20.471  19.460 0.0000000000
65585  38.016  -20.159  19.588 0.0000000000
65571  39.558  -19.871  20.253 0.0000000000
127577  40.251  -19.832  22.123 0.0000000000
65557  40.634  -19.871  21.264 0.0000000000
138946  41.224  -20.073  20.673 0.0000000000
65555  42.090  -20.603  21.627 0.0000000000
64493  42.594  -21.443  21.584 0.0000000000
63490  43.214  -22.262  21.775 0.0000000000
66524  43.309  -20.446  25.012 0.0000000000
65509  43.804  -20.666  24.511 0.0000000000
65524  44.240  -20.900  24.090 0.0000000000
64470  46.220  -21.806  24.000 0.0000000000
64471  45.583  -21.511  23.887 0.0000000000
64481  44.704  -21.271  23.629 0.0000000000
126070  44.181  -21.518  22.842 0.0000000000
63479  43.918  -22.161  22.244 0.0000000000
140662  43.674  -22.847  21.905 0.0000000000
62438  43.878  -23.586  21.813 0.0000000000
61512  44.282  -24.432  21.548 0.0000000000
60500  44.970  -25.134  21.325 0.0000000000
60512  46.631  -25.836  21.245 0.0000000000
128265  44.386  -27.029  27.606 0.0000000000
58560  44.931  -27.436  27.055 0.0000000000
58569  45.448  -27.504  26.243 0.0000000000
57711  45.005  -27.820  25.189 0.0000000000
58583  45.956  -27.715  25.448 0.0000000000
58582  46.429  -27.444  25.077 0.0000000000
58595  47.018  -27.554  24.384 0.0000000000
38113  30.966  -47.872  32.985 0.0000000000
39182  31.614  -46.886  34.904 0.0000000000
39196  31.955  -47.126  34.464 0.0000000000
39219  36.136  -46.845  31.340 0.0000000000
40168  30.849  -46.312  35.505 0.0000000000
40192  35.118  -46.392  32.325 0.0000000000
41102  37.455  -44.967  30.234 0.0000000000
41979  36.456  -44.800  30.591 0.0000000000
42877  35.868  -43.868  30.557 0.0000000000
42893  39.535  -43.347  28.468 0.0000000000
44752  37.357  -41.078  30.749 0.0000000000
44767  38.104  -41.326  30.194 0.0000000000
44769  36.026  -40.815  31.313 0.0000000000
45703  37.385  -40.342  31.051 0.0000000000
45706  36.321  -39.761  31.995 0.0000000000
46721  37.552  -39.738  31.079 0.0000000000
46722  37.290  -39.919  31.407 0.0000000000
46753  39.083  -39.329  29.563 0.0000000000
47816  36.209  -38.240  32.230 0.0000000000
48890  38.425  -37.495  30.407 0.0000000000
48892  35.202  -37.827  31.700 0.0000000000
49905  37.416  -36.430  31.650 0.0000000000
49907  36.036  -36.747  32.147 0.0000000000
49915  38.444  -35.722  30.602 0.0000000000
50908  35.832  -35.481  31.879 0.0000000000
50922  35.061  -35.919  30.601 0.0000000000
52827  36.481  -33.445  30.893 0.0000000000
54741  39.773  -31.192  30.546 0.0000000000
54744  38.460  -31.948  31.060 0.0000000000
55747  39.392  -31.020  30.991 0.0000000000
56724  43.914  -27.942  26.450 0.0000000000
57661  41.250  -28.224  29.692 0.0000000000
57676  38.570  -28.996  29.368 0.0000000000
57700  45.302  -27.651  25.766 0.0000000000
58532  40.915  -27.810  30.062 0.0000000000
59399  41.265  -27.265  29.895 0.0000000000
59411  41.986  -26.982  29.472 0.0000000000
59429  43.231  -26.266  28.325 0.0000000000
59469  39.820  -26.615  26.584 0.0000000000
59502  48.716  -25.518  21.843 0.0000000000
60411  42.043  -26.077  29.271 0.0000000000
60423  43.966  -25.339  27.966 0.0000000000
60424  43.231  -25.459  28.058 0.0000000000
60438  40.775  -25.597  27.506 0.0000000000
60449  40.999  -25.535  25.928 0.0000000000
60460  46.650  -25.011  25.391 0.0000000000
60474  41.192  -25.673  24.411 0.0000000000
60497  48.182  -25.447  21.437 0.0000000000
60498  47.523  -25.397  21.499 0.0000000000
60513  45.508  -25.814  21.010 0.0000000000
61431  42.400  -25.056  28.328 0.0000000000
61448  45.490  -24.352  26.627 0.0000000000
61458  47.029  -24.052  24.894 0.0000000000
61470  47.968  -24.760  23.353 0.0000000000
61482  47.924  -24.363  22.670 0.0000000000
61483  47.679  -24.039  23.230 0.0000000000
61484  41.245  -24.562  23.925 0.0000000000
61498  47.515  -24.125  22.378 0.0000000000
62359  43.607  -24.579  27.406 0.0000000000
62369  43.948  -24.051  26.770 0.0000000000
62376  43.387  -23.568  26.521 0.0000000000
62384  42.951  -22.988  25.950 0.0000000000
62393  47.088  -23.021  24.563 0.0000000000
62406  47.458  -23.725  22.915 0.0000000000
62421  47.472  -23.681  22.813 0.0000000000
62423  46.451  -23.229  22.724 0.0000000000
62425  44.321  -22.877  22.186 0.0000000000
62539  49.627  -23.989  11.374 0.0000000000
63412  44.164  -22.512  25.965 0.0000000000
63423  44.449  -22.284  26.115 0.0000000000
63425  43.274  -22.072  25.917 0.0000000000
63431  46.095  -21.967  25.514 0.0000000000
63446  46.531  -22.052  24.591 0.0000000000
63449  39.535  -21.781  24.200 0.0000000000
63462  46.846  -22.507  23.534 0.0000000000
63464  39.946  -22.525  24.087 0.0000000000
63475  47.348  -23.026  23.144 0.0000000000
63476  46.840  -22.700  23.108 0.0000000000
63478  44.548  -22.243  22.601 0.0000000000
63514  49.315  -21.799  19.704 0.0000000000
63586  52.472  -22.248  14.226 0.0000000000
63634  47.681  -22.685  11.772 0.0000000000
64438  44.094  -21.871  25.821 0.0000000000
64440  43.660  -21.695  25.779 0.0000000000
64449  45.295  -21.528  25.667 0.0000000000
64451  42.106  -20.666  25.465 0.0000000000
64461  39.745  -21.097  24.361 0.0000000000
64496  37.067  -20.954  21.192 0.0000000000
64515  49.824  -20.847  19.844 0.0000000000
64517  48.935  -21.305  19.765 0.0000000000
64529  50.236  -21.438  19.455 0.0000000000
64530  47.068  -21.290  19.045 0.0000000000
64532  45.464  -21.430  18.520 0.0000000000
64543  51.054  -21.789  18.564 0.0000000000
64558  52.550  -21.116  17.064 0.0000000000
65487  44.552  -21.415  25.570 0.0000000000
65489  43.687  -21.311  25.577 0.0000000000
65496  45.135  -21.182  25.163 0.0000000000
65497  44.424  -21.125  25.155 0.0000000000
65498  43.771  -21.029  25.317 0.0000000000
65500  41.241  -20.493  25.160 0.0000000000
65506  45.555  -21.269  24.741 0.0000000000
65508  44.449  -21.000  24.698 0.0000000000
65511  41.707  -20.163  24.933 0.0000000000
65513  40.121  -20.445  24.395 0.0000000000
65523  44.988  -21.165  24.309 0.0000000000
65525  43.508  -20.547  23.817 0.0000000000
65526  42.679  -20.259  23.467 0.0000000000
65527  40.382  -19.955  23.874 0.0000000000
65539  43.847  -20.973  23.396 0.0000000000
65542  41.818  -20.191  22.115 0.0000000000
65544  38.401  -20.089  22.785 0.0000000000
65580  49.317  -20.847  19.815 0.0000000000
65595  49.750  -20.433  19.565 0.0000000000
65599  45.232  -21.019  18.377 0.0000000000
65621  51.337  -19.421  17.498 0.0000000000
65623  48.351  -20.320  17.774 0.0000000000
66535  41.330  -19.940  24.214 0.0000000000
66542  41.830  -19.957  23.521 0.0000000000
66552  41.426  -19.924  22.785 0.0000000000
66555  38.721  -19.859  22.409 0.0000000000
66566  39.455  -19.787  21.740 0.0000000000
66605  52.204  -19.431  17.120 0.0000000000
121582  53.318  -20.631  15.461 0.0000000000
121586  52.797  -18.918  16.016 0.0000000000
122163  49.520  -20.536  12.101 0.0000000000
124095  46.617  -20.470  16.744 0.0000000000
124293  37.416  -37.956  31.516 0.0000000000
124869  40.936  -28.021  29.982 0.0000000000
125175  37.996  -42.662  29.830 0.0000000000
127929  47.766  -20.962  19.299 0.0000000000
128228  29.456  -46.459  35.983 0.0000000000
128856  46.563  -25.960  25.441 0.0000000000
129438  39.743  -26.824  25.010 0.0000000000
129537  38.967  -27.599  25.886 0.0000000000
131692  41.166  -28.917  29.850 0.0000000000
134131  42.092  -21.582  25.652 0.0000000000
134243  43.987  -20.856  25.002 0.0000000000
134780  38.362  -45.188  29.487 0.0000000000
136484  36.465  -46.314  31.206 0.0000000000
137462  50.596  -19.846  18.517 0.0000000000
139279  49.040  -26.266  21.667 0.0000000000
139824  36.726  -40.744  31.329 0.0000000000
140176  46.543  -22.038  23.990 0.0000000000
141686  39.837  -19.796  20.898 0.0000000000
142555  39.927  -29.031  30.694 0.0000000000
142744  43.103  -24.641  27.801 0.0000000000
144584  40.457  -28.606  30.672 0.0000000000
144616  38.480  -41.388  29.778 0.0000000000
144751  45.154  -23.151  26.529 0.0000000000
144953  54.926  -21.618  10.174 0.0000000000
145014  50.833  -22.692  14.874 0.0000000000
145015  40.249  -27.768  29.843 0.0000000000
145322  45.794  -26.011  26.484 0.0000000000
145735  37.933  -43.211  29.728 0.0000000000
146704  52.679  -18.759  14.833 0.0000000000
147505  38.134  -36.196  30.896 0.0000000000
