#!ascii label  , from subject sub-v1s23x0050571_ses-1 vox2ras=TkReg
423
49624  17.688  -6.202  -19.226 0.0000000000
56133  21.668  0.418  -24.197 0.0000000000
63364  15.918  8.075  -28.042 0.0000000000
58137  14.833  2.944  -26.332 0.0000000000
46579  20.542  -9.910  -16.966 0.0000000000
48691  23.104  -7.418  -19.447 0.0000000000
51444  20.356  -4.367  -23.690 0.0000000000
55109  17.413  -0.665  -25.617 0.0000000000
60014  19.052  4.712  -26.361 0.0000000000
64192  20.053  9.707  -25.294 0.0000000000
66476  13.925  11.858  -27.550 0.0000000000
47668  18.796  -8.179  -18.023 0.0000000000
101139  21.235  -8.911  -18.809 0.0000000000
48706  20.190  -7.329  -20.114 0.0000000000
53281  16.551  -1.815  -22.566 0.0000000000
55089  15.271  -0.190  -22.824 0.0000000000
60918  15.183  6.011  -29.081 0.0000000000
59098  16.467  3.036  -28.219 0.0000000000
61708  17.646  6.539  -27.303 0.0000000000
61697  19.503  6.708  -25.727 0.0000000000
63339  17.406  8.394  -25.878 0.0000000000
67129  12.483  13.071  -26.097 0.0000000000
65775  11.614  11.647  -26.405 0.0000000000
67158  12.136  12.570  -28.174 0.0000000000
54171  21.286  -1.972  -24.723 0.0000000000
108696  22.584  -4.030  -23.075 0.0000000000
54155  22.646  -1.340  -23.136 0.0000000000
62504  12.469  7.403  -28.097 0.0000000000
59064  21.951  3.400  -23.403 0.0000000000
51410  16.828  -4.531  -19.861 0.0000000000
50544  19.102  -5.843  -20.972 0.0000000000
51437  17.711  -3.830  -22.013 0.0000000000
105422  19.255  -2.587  -24.683 0.0000000000
104739  20.491  -0.321  -26.223 0.0000000000
56154  16.442  1.075  -25.706 0.0000000000
57168  18.684  1.755  -27.147 0.0000000000
110955  20.584  2.025  -25.628 0.0000000000
60879  21.031  5.142  -24.345 0.0000000000
64208  11.797  9.722  -27.224 0.0000000000
65021  14.286  10.268  -27.646 0.0000000000
105937  14.547  13.413  -28.229 0.0000000000
66474  16.025  12.588  -27.143 0.0000000000
65751  16.735  10.823  -25.878 0.0000000000
65005  19.607  10.921  -26.225 0.0000000000
115237  21.904  -5.979  -21.696 0.0000000000
49610  16.663  -5.679  -18.014 0.0000000000
102897  16.848  -6.305  -17.535 0.0000000000
113251  18.333  -7.532  -18.259 0.0000000000
47679  19.903  -8.307  -19.010 0.0000000000
48696  19.001  -7.193  -19.374 0.0000000000
62501  15.674  7.472  -28.854 0.0000000000
101678  16.520  6.355  -28.444 0.0000000000
62492  16.761  7.599  -27.329 0.0000000000
62491  17.601  7.230  -26.849 0.0000000000
63340  16.649  8.642  -25.994 0.0000000000
67918  11.529  14.240  -27.175 0.0000000000
67138  12.155  13.376  -26.977 0.0000000000
67944  10.526  14.097  -29.174 0.0000000000
54164  21.346  -1.257  -24.773 0.0000000000
104742  22.395  -2.018  -24.005 0.0000000000
55077  22.404  -0.341  -23.321 0.0000000000
61709  12.506  5.985  -27.294 0.0000000000
62493  11.953  7.695  -26.997 0.0000000000
115482  18.463  -9.307  -16.216 0.0000000000
46567  18.992  -9.868  -16.150 0.0000000000
45580  20.417  -10.323  -16.218 0.0000000000
46578  21.789  -9.805  -16.798 0.0000000000
48679  22.628  -8.171  -19.144 0.0000000000
47664  22.975  -8.500  -18.451 0.0000000000
51423  17.435  -4.151  -21.296 0.0000000000
52361  17.127  -3.553  -21.524 0.0000000000
54174  17.379  -1.398  -24.270 0.0000000000
53288  17.681  -2.098  -23.918 0.0000000000
54173  18.172  -1.720  -24.826 0.0000000000
54179  19.485  -1.601  -26.066 0.0000000000
55116  19.029  -0.721  -26.578 0.0000000000
57146  14.857  1.088  -24.680 0.0000000000
58125  15.317  2.300  -25.820 0.0000000000
59085  18.043  3.742  -27.526 0.0000000000
58144  17.910  2.760  -27.742 0.0000000000
59084  18.609  3.028  -27.299 0.0000000000
110766  19.317  1.898  -26.806 0.0000000000
59076  19.781  3.340  -26.013 0.0000000000
59075  20.427  3.450  -25.388 0.0000000000
60013  19.846  4.322  -25.620 0.0000000000
62458  19.616  8.180  -25.301 0.0000000000
62474  20.105  7.017  -25.220 0.0000000000
65786  11.933  11.690  -27.247 0.0000000000
64992  11.362  10.519  -26.892 0.0000000000
65023  12.047  10.402  -27.504 0.0000000000
103658  13.208  10.144  -27.768 0.0000000000
65774  14.238  11.255  -27.419 0.0000000000
111610  16.518  11.479  -26.227 0.0000000000
118609  17.734  12.019  -26.561 0.0000000000
65007  17.747  10.874  -25.910 0.0000000000
50564  20.065  -5.306  -22.451 0.0000000000
50555  20.426  -5.830  -21.879 0.0000000000
50563  21.002  -5.489  -22.554 0.0000000000
52360  23.662  -3.660  -21.943 0.0000000000
51420  23.519  -4.629  -21.726 0.0000000000
47654  18.484  -8.452  -17.259 0.0000000000
47653  19.312  -8.911  -17.695 0.0000000000
46590  20.693  -9.534  -17.699 0.0000000000
47666  20.395  -8.800  -18.691 0.0000000000
47678  20.698  -8.352  -19.395 0.0000000000
48704  21.632  -7.300  -20.376 0.0000000000
54156  16.136  -1.723  -22.031 0.0000000000
114602  16.381  -1.245  -23.073 0.0000000000
55099  16.353  -0.432  -24.283 0.0000000000
59100  14.339  3.969  -27.947 0.0000000000
108185  15.734  2.929  -28.085 0.0000000000
102365  16.156  4.722  -28.580 0.0000000000
108102  17.079  4.822  -27.988 0.0000000000
60904  18.343  5.330  -26.847 0.0000000000
60896  18.987  5.648  -26.312 0.0000000000
61698  18.803  6.452  -26.342 0.0000000000
62476  18.854  7.896  -25.751 0.0000000000
63337  19.006  8.734  -25.405 0.0000000000
105124  12.817  12.303  -24.592 0.0000000000
66437  12.194  12.407  -25.554 0.0000000000
66458  12.047  12.309  -26.708 0.0000000000
66477  12.715  12.132  -27.472 0.0000000000
52391  21.380  -3.355  -24.413 0.0000000000
51442  22.066  -4.189  -23.647 0.0000000000
52381  22.116  -3.469  -24.131 0.0000000000
53275  22.851  -2.878  -23.160 0.0000000000
60023  13.953  4.023  -26.761 0.0000000000
60917  13.302  5.480  -28.267 0.0000000000
61717  13.600  6.283  -29.063 0.0000000000
108034  15.074  8.183  -28.885 0.0000000000
46588  22.080  -9.520  -17.344 0.0000000000
57144  21.511  1.889  -24.108 0.0000000000
57134  22.373  1.182  -23.127 0.0000000000
114887  17.367  -5.585  -19.507 0.0000000000
49637  18.768  -6.204  -20.324 0.0000000000
50545  18.275  -5.515  -20.608 0.0000000000
51422  18.226  -4.526  -21.737 0.0000000000
51436  18.636  -4.178  -22.661 0.0000000000
52386  17.464  -2.803  -22.735 0.0000000000
51446  18.662  -3.538  -23.397 0.0000000000
52383  20.067  -3.783  -24.125 0.0000000000
53286  20.096  -2.589  -24.865 0.0000000000
54172  20.731  -1.560  -25.455 0.0000000000
56142  21.234  0.304  -24.976 0.0000000000
56144  15.932  0.026  -24.927 0.0000000000
56153  16.738  0.082  -25.625 0.0000000000
58135  16.675  2.074  -27.393 0.0000000000
57170  17.127  1.579  -26.612 0.0000000000
56162  18.259  0.535  -26.484 0.0000000000
56161  19.101  0.230  -26.653 0.0000000000
57156  20.615  1.254  -25.717 0.0000000000
57145  21.120  1.813  -25.037 0.0000000000
58113  21.270  2.651  -24.464 0.0000000000
59998  21.252  4.183  -24.228 0.0000000000
61696  19.964  6.101  -25.224 0.0000000000
108538  12.309  8.374  -27.859 0.0000000000
63366  14.016  8.617  -28.705 0.0000000000
64207  15.515  9.432  -27.190 0.0000000000
67169  13.142  13.086  -28.882 0.0000000000
67157  13.792  12.603  -27.892 0.0000000000
67156  15.238  13.010  -27.628 0.0000000000
66475  14.994  12.264  -27.329 0.0000000000
65773  15.342  11.040  -26.810 0.0000000000
65008  16.008  10.368  -26.117 0.0000000000
63341  15.959  8.983  -26.398 0.0000000000
64990  17.304  10.032  -25.639 0.0000000000
109857  18.266  10.283  -25.712 0.0000000000
64989  19.215  10.138  -25.677 0.0000000000
115963  19.481  -6.400  -20.664 0.0000000000
49636  21.174  -6.923  -20.885 0.0000000000
49635  21.937  -6.841  -20.873 0.0000000000
50562  21.924  -5.443  -22.316 0.0000000000
50553  22.519  -5.709  -21.638 0.0000000000
49609  17.299  -6.315  -18.430 0.0000000000
48682  17.592  -6.999  -17.994 0.0000000000
48681  18.210  -6.953  -18.825 0.0000000000
49623  18.503  -6.566  -19.627 0.0000000000
62500  16.482  7.115  -28.217 0.0000000000
63352  16.313  8.306  -26.813 0.0000000000
67930  10.550  14.127  -27.977 0.0000000000
55087  21.521  -0.399  -24.571 0.0000000000
54163  22.086  -1.056  -24.076 0.0000000000
55086  21.967  -0.183  -23.924 0.0000000000
46580  19.729  -9.960  -16.619 0.0000000000
45572  19.609  -10.355  -15.876 0.0000000000
45579  21.204  -10.066  -16.512 0.0000000000
48692  22.231  -7.614  -19.815 0.0000000000
51424  16.865  -3.724  -20.970 0.0000000000
52350  16.328  -3.130  -20.644 0.0000000000
54181  17.642  -1.158  -25.039 0.0000000000
54180  18.179  -1.260  -25.712 0.0000000000
54185  18.890  -1.303  -26.261 0.0000000000
114383  18.221  -0.812  -26.271 0.0000000000
58126  14.514  2.472  -25.447 0.0000000000
60021  18.366  4.474  -26.946 0.0000000000
60020  18.741  3.847  -26.792 0.0000000000
59083  19.218  3.182  -26.671 0.0000000000
106783  19.315  3.894  -26.248 0.0000000000
63336  19.797  8.929  -25.153 0.0000000000
63319  20.322  8.373  -24.938 0.0000000000
65785  12.996  11.461  -27.545 0.0000000000
103074  12.081  11.111  -27.449 0.0000000000
65022  13.351  10.788  -27.573 0.0000000000
66454  17.740  12.564  -27.049 0.0000000000
66453  18.533  12.205  -26.816 0.0000000000
51435  19.694  -4.687  -22.975 0.0000000000
51434  20.679  -4.963  -23.181 0.0000000000
48667  18.005  -7.670  -17.581 0.0000000000
47655  17.596  -7.820  -16.772 0.0000000000
47652  20.100  -9.189  -18.084 0.0000000000
47667  19.598  -8.567  -18.407 0.0000000000
48695  19.826  -7.698  -19.542 0.0000000000
48694  20.571  -7.745  -19.874 0.0000000000
48693  21.295  -7.837  -19.885 0.0000000000
48705  20.850  -7.382  -20.351 0.0000000000
55078  15.343  -0.601  -22.073 0.0000000000
54166  15.858  -1.028  -22.438 0.0000000000
55088  16.016  -0.639  -23.345 0.0000000000
54175  16.732  -0.981  -23.791 0.0000000000
60915  15.148  4.944  -28.974 0.0000000000
60034  14.941  4.071  -28.678 0.0000000000
61712  17.069  6.423  -27.933 0.0000000000
60913  16.800  5.657  -28.261 0.0000000000
60905  17.586  5.686  -27.552 0.0000000000
61707  18.177  6.116  -26.903 0.0000000000
117160  18.140  6.716  -26.767 0.0000000000
62477  17.954  7.860  -26.135 0.0000000000
63338  18.144  8.565  -25.652 0.0000000000
67912  12.934  13.796  -26.139 0.0000000000
67120  12.905  13.029  -24.863 0.0000000000
106901  12.249  12.625  -27.149 0.0000000000
52390  21.859  -2.611  -24.401 0.0000000000
109389  22.685  -2.261  -23.393 0.0000000000
53274  23.383  -2.819  -22.391 0.0000000000
108386  13.612  3.787  -25.631 0.0000000000
60024  13.202  4.576  -26.270 0.0000000000
60035  13.584  4.609  -27.517 0.0000000000
60906  12.843  5.254  -26.905 0.0000000000
61714  12.817  6.489  -28.287 0.0000000000
62503  13.249  7.153  -28.966 0.0000000000
62506  14.192  6.976  -29.228 0.0000000000
62502  14.084  7.771  -29.042 0.0000000000
46589  21.546  -9.328  -18.050 0.0000000000
47651  23.322  -8.711  -17.685 0.0000000000
58112  21.681  2.655  -23.700 0.0000000000
50533  16.828  -5.062  -19.366 0.0000000000
50546  17.429  -5.119  -20.118 0.0000000000
52373  16.437  -2.349  -21.815 0.0000000000
113060  17.160  -3.058  -22.067 0.0000000000
113849  16.968  -2.456  -22.422 0.0000000000
53287  18.433  -2.439  -24.334 0.0000000000
52385  17.998  -2.846  -23.486 0.0000000000
52394  18.836  -3.091  -24.085 0.0000000000
52384  19.332  -3.562  -23.924 0.0000000000
52393  19.683  -3.206  -24.434 0.0000000000
54184  19.689  -1.210  -26.446 0.0000000000
110222  20.173  -1.606  -26.031 0.0000000000
55108  20.430  -1.068  -26.260 0.0000000000
55097  20.989  -0.644  -25.607 0.0000000000
57158  15.456  1.458  -25.422 0.0000000000
56155  15.572  0.653  -25.128 0.0000000000
117525  16.111  0.370  -25.356 0.0000000000
58146  16.367  2.528  -27.887 0.0000000000
57180  17.914  2.028  -27.608 0.0000000000
58134  17.386  1.896  -27.477 0.0000000000
57169  17.985  1.425  -26.926 0.0000000000
106837  18.687  1.065  -26.695 0.0000000000
57167  19.292  1.192  -26.666 0.0000000000
58123  20.219  2.629  -25.822 0.0000000000
57157  19.962  1.712  -26.242 0.0000000000
58114  20.840  2.674  -25.220 0.0000000000
59999  20.649  4.289  -24.882 0.0000000000
59066  21.017  3.445  -24.740 0.0000000000
59985  21.785  4.802  -23.735 0.0000000000
106586  19.371  6.054  -25.858 0.0000000000
65752  12.152  11.662  -25.268 0.0000000000
64991  11.510  10.948  -26.233 0.0000000000
65012  11.502  10.266  -27.133 0.0000000000
64198  11.847  10.064  -26.476 0.0000000000
106212  11.597  9.850  -26.972 0.0000000000
63354  11.882  8.929  -27.136 0.0000000000
63368  12.135  9.232  -27.654 0.0000000000
64213  13.856  9.518  -28.130 0.0000000000
63365  15.101  8.977  -28.176 0.0000000000
64212  14.886  9.739  -27.676 0.0000000000
67943  12.700  13.468  -29.929 0.0000000000
67942  14.037  13.862  -29.110 0.0000000000
67155  16.253  13.311  -27.543 0.0000000000
66457  14.914  11.627  -27.196 0.0000000000
66456  15.793  11.767  -26.682 0.0000000000
65772  16.054  11.096  -26.215 0.0000000000
64197  15.787  9.683  -26.338 0.0000000000
118023  16.578  10.189  -25.777 0.0000000000
64196  16.423  9.535  -25.827 0.0000000000
65006  18.689  10.880  -26.080 0.0000000000
50554  21.265  -5.948  -21.881 0.0000000000
49647  20.757  -6.408  -21.366 0.0000000000
49646  21.560  -6.441  -21.355 0.0000000000
51433  21.580  -4.932  -23.139 0.0000000000
51432  22.335  -4.672  -22.826 0.0000000000
50552  23.267  -5.396  -21.404 0.0000000000
50543  22.973  -6.078  -21.062 0.0000000000
48680  19.078  -7.805  -18.802 0.0000000000
60914  16.016  5.738  -28.758 0.0000000000
61713  15.921  6.643  -28.837 0.0000000000
62499  17.133  6.982  -27.571 0.0000000000
63351  17.074  7.954  -26.420 0.0000000000
67917  12.664  14.223  -26.464 0.0000000000
67139  11.281  13.361  -27.740 0.0000000000
67159  10.974  13.202  -28.890 0.0000000000
54170  21.840  -1.802  -24.422 0.0000000000
61715  12.201  6.730  -27.260 0.0000000000
47628  17.785  -8.881  -15.803 0.0000000000
46568  18.295  -9.633  -15.647 0.0000000000
45570  21.217  -10.413  -15.574 0.0000000000
46566  21.950  -9.953  -16.118 0.0000000000
47665  22.131  -8.814  -18.688 0.0000000000
103087  17.109  -4.360  -20.541 0.0000000000
54165  16.993  -1.648  -23.421 0.0000000000
53280  17.277  -2.282  -23.070 0.0000000000
103789  18.891  -2.074  -24.948 0.0000000000
53292  19.629  -1.992  -25.363 0.0000000000
53293  18.874  -1.696  -25.605 0.0000000000
54183  19.858  -0.484  -26.542 0.0000000000
57171  16.277  1.989  -26.172 0.0000000000
118665  17.384  4.097  -27.889 0.0000000000
59097  17.254  3.261  -28.033 0.0000000000
58132  19.024  2.421  -27.085 0.0000000000
58124  19.604  2.529  -26.450 0.0000000000
60894  20.227  5.168  -25.003 0.0000000000
62475  19.564  7.444  -25.534 0.0000000000
114653  20.083  7.707  -25.150 0.0000000000
62457  20.684  7.570  -24.685 0.0000000000
65011  11.247  10.959  -27.036 0.0000000000
64215  11.907  9.860  -27.439 0.0000000000
65010  14.601  10.780  -27.370 0.0000000000
66473  16.979  12.891  -27.264 0.0000000000
66455  16.867  12.163  -26.646 0.0000000000
65771  17.286  11.527  -26.165 0.0000000000
65770  18.180  11.541  -26.317 0.0000000000
50556  19.527  -5.573  -21.687 0.0000000000
52370  22.983  -3.534  -22.769 0.0000000000
51431  23.027  -4.295  -22.460 0.0000000000
47642  18.125  -8.652  -16.495 0.0000000000
46592  18.981  -9.323  -16.881 0.0000000000
46591  19.877  -9.556  -17.374 0.0000000000
46596  20.796  -9.229  -18.313 0.0000000000
47677  21.734  -8.393  -19.365 0.0000000000
55098  17.049  -0.805  -24.667 0.0000000000
59086  14.604  3.481  -27.163 0.0000000000
117194  15.219  3.038  -27.471 0.0000000000
59099  15.083  3.478  -28.095 0.0000000000
60033  15.761  3.732  -28.473 0.0000000000
60032  16.660  3.910  -28.253 0.0000000000
60022  17.789  4.709  -27.436 0.0000000000
103067  19.079  7.161  -26.002 0.0000000000
62490  18.438  7.221  -26.334 0.0000000000
64193  19.282  9.390  -25.340 0.0000000000
52382  20.928  -3.951  -24.252 0.0000000000
51443  21.267  -4.459  -23.787 0.0000000000
109774  21.615  -3.947  -24.139 0.0000000000
52371  22.557  -3.502  -23.569 0.0000000000
53279  22.562  -2.838  -23.939 0.0000000000
59087  14.172  3.467  -26.218 0.0000000000
60916  14.157  4.649  -28.618 0.0000000000
60919  14.222  5.537  -29.096 0.0000000000
61716  14.441  6.324  -29.197 0.0000000000
62505  15.096  6.852  -29.111 0.0000000000
115921  14.886  7.495  -29.104 0.0000000000
99254  21.313  -9.723  -17.242 0.0000000000
102544  22.499  -9.065  -17.934 0.0000000000
57135  21.819  1.167  -23.776 0.0000000000
56132  22.144  0.450  -23.508 0.0000000000
50521  17.011  -5.647  -18.858 0.0000000000
50532  17.982  -5.873  -19.916 0.0000000000
50558  17.853  -4.804  -20.932 0.0000000000
50557  18.664  -5.214  -21.355 0.0000000000
50565  19.103  -4.953  -22.168 0.0000000000
52362  16.619  -3.051  -21.334 0.0000000000
52372  17.909  -3.388  -22.720 0.0000000000
51445  19.441  -4.056  -23.489 0.0000000000
52392  20.554  -3.275  -24.537 0.0000000000
53285  20.907  -2.469  -24.785 0.0000000000
53291  20.345  -1.970  -25.297 0.0000000000
56134  15.029  0.360  -23.473 0.0000000000
55100  15.616  -0.044  -23.841 0.0000000000
55110  16.658  -0.361  -25.105 0.0000000000
55117  17.690  -0.135  -26.182 0.0000000000
58136  15.767  2.477  -27.139 0.0000000000
58145  17.130  2.392  -27.953 0.0000000000
56163  17.461  0.844  -26.125 0.0000000000
117599  18.443  -0.241  -26.478 0.0000000000
56152  20.043  0.549  -26.325 0.0000000000
56151  20.797  0.356  -25.748 0.0000000000
56143  21.068  0.981  -25.222 0.0000000000
109481  21.401  1.105  -24.544 0.0000000000
59065  21.417  3.388  -23.999 0.0000000000
60895  19.560  5.341  -25.693 0.0000000000
60893  20.601  5.836  -24.680 0.0000000000
64214  12.564  9.628  -27.811 0.0000000000
63367  12.876  8.891  -28.292 0.0000000000
102465  13.065  8.047  -28.668 0.0000000000
63353  15.801  8.766  -27.335 0.0000000000
67171  11.247  13.581  -30.221 0.0000000000
67170  11.932  13.088  -29.339 0.0000000000
65009  15.325  10.243  -27.018 0.0000000000
64195  17.332  9.076  -25.645 0.0000000000
64194  18.351  9.446  -25.491 0.0000000000
65768  19.917  11.689  -26.529 0.0000000000
65004  20.357  11.104  -26.301 0.0000000000
64988  20.245  10.405  -25.942 0.0000000000
99404  20.831  10.132  -25.533 0.0000000000
49622  19.433  -6.882  -20.041 0.0000000000
114737  20.255  -6.809  -20.683 0.0000000000
49648  19.902  -6.200  -21.256 0.0000000000
48703  22.254  -7.072  -20.365 0.0000000000
51421  22.804  -5.067  -22.116 0.0000000000
49645  22.270  -6.328  -21.258 0.0000000000
49634  22.606  -6.630  -20.691 0.0000000000
49621  22.842  -6.954  -20.053 0.0000000000
58133  18.427  2.350  -27.440 0.0000000000
118567  18.578  5.899  -26.603 0.0000000000
118685  15.476  4.339  -28.736 0.0000000000
