#!ascii label  , from subject sub-v1s23x0050573_ses-1 vox2ras=TkReg
768
114822  -22.648  -29.908  -24.549 0.4285714328
53658  -23.020  -28.710  -25.080 0.2857142985
52843  -23.223  -29.437  -24.666 0.4285714328
53659  -23.853  -28.860  -24.794 0.4285714328
53660  -24.608  -29.043  -24.640 0.4285714328
53673  -23.673  -28.269  -25.220 0.2857142985
53674  -24.523  -28.258  -25.083 0.4285714328
54435  -24.849  -27.367  -25.496 0.4285714328
55168  -24.219  -26.873  -25.827 0.4285714328
55923  -24.599  -25.725  -26.507 0.4285714328
55924  -25.347  -25.581  -26.404 0.4285714328
56668  -24.412  -24.503  -27.438 0.5714285970
56648  -25.006  -24.961  -26.877 0.5714285970
56670  -25.958  -24.172  -27.073 0.2857142985
56669  -25.121  -24.194  -27.397 0.7142857313
57400  -25.604  -23.510  -27.680 0.7142857313
58137  -26.169  -22.923  -27.842 0.7142857313
57402  -26.880  -23.070  -27.516 0.4285714328
57401  -26.384  -23.565  -27.353 0.5714285970
59031  -27.028  -21.881  -28.132 0.5714285970
58154  -26.183  -22.252  -28.315 0.5714285970
59030  -26.354  -21.552  -28.765 0.5714285970
107732  -27.042  -21.233  -28.592 0.5714285970
59032  -27.720  -21.256  -28.206 0.4285714328
59843  -27.062  -20.127  -29.385 0.5714285970
60643  -28.261  -19.065  -29.431 0.5714285970
59842  -26.237  -20.413  -29.786 0.7142857313
60642  -27.444  -19.385  -29.705 0.7142857313
61517  -28.887  -18.725  -29.271 0.5714285970
103273  -25.552  -20.622  -30.200 0.5714285970
60654  -26.958  -18.977  -30.402 0.8571428657
61535  -28.518  -18.367  -29.748 0.7142857313
61536  -29.231  -18.143  -29.476 0.5714285970
60653  -26.212  -19.378  -30.830 0.5714285970
62442  -29.199  -17.005  -30.336 0.7142857313
62426  -29.581  -17.445  -29.738 0.5714285970
61534  -27.767  -18.662  -30.041 0.7142857313
62441  -28.421  -17.264  -30.630 0.7142857313
63234  -29.526  -16.259  -30.590 0.5714285970
61549  -28.084  -17.957  -30.335 0.7142857313
62440  -27.635  -17.575  -30.992 0.5714285970
62451  -27.941  -16.833  -31.259 0.7142857313
63233  -28.745  -16.530  -30.870 0.7142857313
63980  -29.412  -15.142  -31.341 0.7142857313
63964  -29.869  -15.510  -30.905 0.7142857313
63247  -28.284  -16.063  -31.455 0.7142857313
63963  -29.071  -15.781  -31.118 0.7142857313
64713  -29.871  -13.797  -31.639 0.7142857313
64696  -30.128  -14.613  -31.246 0.5714285970
63979  -28.595  -15.226  -31.737 0.7142857313
63246  -27.483  -16.355  -31.943 0.5714285970
65469  -30.385  -13.099  -31.629 0.5714285970
66245  -30.880  -12.442  -31.535 0.5714285970
64711  -28.488  -14.380  -32.163 0.8571428657
63978  -27.841  -15.685  -32.037 0.8571428657
66244  -30.188  -12.286  -31.900 0.7142857313
66243  -29.423  -12.179  -32.228 0.7142857313
65467  -29.105  -13.702  -31.951 0.8571428657
65468  -29.662  -12.996  -31.919 0.7142857313
67862  -29.606  -10.579  -32.377 0.8571428657
67856  -30.390  -10.692  -31.972 0.5714285970
67007  -29.132  -11.331  -32.521 0.8571428657
66242  -28.901  -12.921  -32.240 0.8571428657
68778  -29.632  -9.105  -32.287 0.8571428657
69640  -29.879  -8.390  -31.965 0.8571428657
71267  -29.094  -7.069  -32.327 0.8571428657
69648  -29.203  -8.396  -32.402 0.8571428657
70475  -28.086  -7.731  -32.979 1.0000000000
70464  -28.788  -7.700  -32.539 1.0000000000
108869  -29.258  -9.770  -32.545 0.8571428657
69647  -28.466  -8.409  -32.800 1.0000000000
72105  -28.437  -5.897  -32.680 1.0000000000
107637  -27.691  -4.732  -33.203 0.7142857313
71266  -28.439  -6.883  -32.694 1.0000000000
71276  -27.964  -6.359  -33.009 1.0000000000
72966  -28.442  -4.862  -32.772 1.0000000000
75291  -27.732  -1.717  -32.292 1.0000000000
120346  -27.033  -2.009  -32.659 0.8571428657
76009  -27.458  -0.799  -32.471 0.8571428657
117907  -27.142  1.960  -32.823 0.8571428657
77461  -27.094  1.127  -32.822 0.8571428657
76682  -27.890  0.773  -32.496 1.0000000000
79731  -27.308  3.820  -32.917 0.8571428657
79730  -26.444  4.261  -33.464 0.7142857313
78995  -26.350  3.408  -33.310 0.5714285970
79743  -26.395  5.213  -33.537 0.7142857313
104056  -26.647  6.176  -33.496 0.5714285970
79741  -24.576  4.976  -33.519 0.5714285970
79002  -25.556  3.912  -33.683 0.5714285970
79740  -23.971  4.800  -33.172 0.4285714328
81030  -23.974  6.247  -33.193 0.4285714328
81642  -24.531  7.210  -33.671 0.4285714328
120541  -24.579  5.530  -31.552 0.2857142985
109187  -24.786  6.047  -31.105 0.2857142985
80396  -24.284  5.136  -32.034 0.2857142985
59828  -27.471  -20.640  -28.761 0.5714285970
62425  -28.846  -17.694  -30.040 0.5714285970
66998  -30.680  -11.582  -31.759 0.5714285970
67855  -30.035  -9.863  -32.162 0.8571428657
70465  -29.471  -7.657  -32.146 0.8571428657
103359  -27.836  -4.006  -32.957 0.8571428657
80377  -25.904  5.742  -29.101 0.1428571492
54457  -23.382  -27.116  -25.923 0.2857142985
54434  -23.944  -27.631  -25.520 0.2857142985
120964  -25.134  -26.376  -25.930 0.4285714328
55189  -23.690  -26.553  -26.194 0.2857142985
55945  -24.074  -25.167  -27.064 0.5714285970
121443  -24.573  -24.059  -27.711 0.5714285970
57399  -24.682  -23.537  -28.077 0.2857142985
58153  -25.542  -21.969  -28.954 0.5714285970
59829  -28.366  -20.552  -28.346 0.4285714328
59043  -25.725  -21.196  -29.559 0.7142857313
60624  -28.013  -19.864  -28.998 0.5714285970
121173  -28.605  -19.961  -28.610 0.4285714328
59852  -25.869  -20.026  -30.468 0.5714285970
60641  -26.614  -19.695  -30.069 0.5714285970
63235  -30.287  -15.974  -30.332 0.5714285970
61547  -26.499  -18.618  -31.223 0.5714285970
63220  -29.935  -16.724  -30.026 0.5714285970
64712  -29.276  -14.487  -31.655 0.7142857313
108512  -29.025  -6.329  -32.303 1.0000000000
69655  -27.857  -8.426  -33.395 1.0000000000
72118  -27.777  -5.569  -33.173 0.8571428657
121524  -27.260  -3.775  -33.164 0.7142857313
73788  -28.131  -3.240  -32.528 1.0000000000
74559  -27.513  -2.569  -32.589 0.7142857313
73797  -26.742  -3.544  -33.308 0.7142857313
76010  -28.068  -0.099  -32.289 1.0000000000
80416  -24.021  5.485  -33.170 0.7142857313
79742  -25.474  4.603  -33.676 0.7142857313
80418  -25.517  5.899  -33.651 0.7142857313
111790  -23.861  4.241  -33.077 0.4285714328
106802  -24.317  5.797  -32.069 0.2857142985
81641  -23.873  7.009  -33.265 0.4285714328
81032  -25.636  6.707  -33.658 0.4285714328
103047  -23.840  7.849  -33.443 0.4285714328
81001  -24.791  6.843  -30.975 0.2857142985
81633  -23.720  6.839  -32.926 0.4285714328
58168  -24.836  -22.353  -29.139 0.4285714328
59042  -24.881  -21.776  -29.653 0.4285714328
80417  -24.520  5.682  -33.502 0.7142857313
81023  -23.877  6.056  -32.856 0.2857142985
81014  -24.311  6.647  -31.949 0.2857142985
52844  -24.051  -29.617  -24.490 0.4285714328
52858  -22.355  -29.316  -24.893 0.2857142985
54433  -22.939  -27.893  -25.607 0.2857142985
55922  -23.636  -25.913  -26.647 0.2857142985
55190  -24.277  -26.298  -26.206 0.4285714328
121262  -25.505  -24.568  -26.937 0.4285714328
58136  -25.336  -22.764  -28.403 0.5714285970
59827  -26.646  -20.856  -29.131 0.5714285970
60625  -28.861  -19.383  -28.842 0.5714285970
61548  -27.322  -18.279  -30.708 0.5714285970
102522  -26.965  -17.931  -31.311 0.7142857313
66997  -29.934  -11.438  -32.149 0.8571428657
66256  -28.545  -12.123  -32.662 0.8571428657
107705  -28.889  -9.063  -32.661 1.0000000000
78225  -27.346  2.875  -32.782 0.8571428657
108975  -25.311  5.252  -33.661 0.5714285970
79001  -24.514  4.193  -33.531 0.5714285970
81031  -24.504  6.424  -33.553 0.4285714328
80387  -24.837  5.119  -31.057 0.2857142985
80406  -23.916  5.320  -32.781 0.2857142985
80388  -25.412  5.693  -30.072 0.2857142985
58152  -24.370  -22.869  -28.863 0.2857142985
104157  -27.350  -3.300  -32.948 1.0000000000
83951  -22.377  11.443  -35.826 0.2857142985
84478  -23.378  12.058  -34.458 0.1428571492
82827  -23.220  9.711  -34.419 0.2857142985
83936  -23.213  11.166  -33.847 0.1428571492
84479  -24.932  12.486  -34.129 0.1428571492
82227  -23.669  8.107  -32.725 0.1428571492
82820  -23.354  9.564  -33.842 0.2857142985
82800  -23.469  9.459  -33.182 0.1428571492
83409  -25.018  10.173  -35.164 0.2857142985
83407  -22.694  10.417  -35.096 0.2857142985
81649  -29.376  7.872  -34.284 0.2857142985
82253  -27.005  8.791  -34.305 0.2857142985
83937  -24.557  11.680  -33.579 0.1428571492
82250  -23.735  8.859  -33.928 0.2857142985
81033  -27.681  6.515  -33.390 0.2857142985
82829  -24.972  9.467  -34.644 0.2857142985
82828  -23.869  9.454  -34.490 0.2857142985
80409  -29.896  5.283  -32.732 0.1428571492
81644  -27.866  7.371  -33.626 0.2857142985
82242  -26.337  8.187  -33.914 0.2857142985
83922  -23.568  10.571  -33.367 0.1428571492
82251  -24.554  8.880  -34.259 0.2857142985
80412  -31.926  5.008  -33.171 0.1428571492
80410  -30.770  5.146  -32.787 0.1428571492
81035  -29.288  6.718  -33.427 0.4285714328
104808  -26.824  7.015  -33.535 0.2857142985
78215  -29.490  2.735  -31.856 0.2857142985
79732  -28.435  4.694  -32.681 0.4285714328
80419  -27.519  5.665  -33.246 0.2857142985
108657  -30.727  1.848  -31.273 0.1428571492
78997  -29.546  3.736  -32.150 0.2857142985
120088  -28.199  5.311  -32.931 0.4285714328
78227  -28.769  3.210  -32.227 0.5714285970
123541  -27.999  4.160  -32.645 0.7142857313
76665  -30.200  0.143  -31.058 0.1428571492
77453  -29.867  1.920  -31.518 0.1428571492
78214  -29.155  1.974  -31.850 0.4285714328
75990  -30.865  -0.189  -30.572 0.2857142985
75999  -29.620  -0.435  -31.290 0.7142857313
111277  -28.184  2.821  -32.463 0.7142857313
76674  -28.695  0.575  -32.035 0.8571428657
77452  -28.501  1.502  -32.232 0.5714285970
75284  -30.559  -1.546  -30.297 0.2857142985
113571  -30.535  -0.876  -30.506 0.2857142985
76680  -26.205  0.827  -33.034 0.5714285970
74547  -30.661  -2.211  -30.086 0.1428571492
75293  -29.091  -1.100  -31.542 0.7142857313
73772  -30.482  -2.904  -30.164 0.1428571492
68792  -27.206  -9.638  -34.266 0.5714285970
114378  -27.797  -7.060  -33.266 0.8571428657
70474  -27.566  -7.798  -33.639 0.4285714328
71275  -27.489  -6.390  -33.450 0.5714285970
73790  -29.414  -3.886  -31.895 0.8571428657
75292  -28.581  -1.762  -31.811 0.8571428657
73784  -30.313  -3.746  -30.332 0.2857142985
74552  -28.897  -2.384  -31.702 0.8571428657
72935  -30.721  -4.501  -29.942 0.4285714328
73783  -29.938  -3.106  -30.872 0.7142857313
74553  -29.276  -1.896  -31.294 0.7142857313
68802  -26.579  -10.181  -34.590 0.2857142985
119945  -27.630  -9.060  -33.840 0.5714285970
121492  -27.094  -9.041  -34.318 0.5714285970
72958  -28.711  -3.947  -32.442 0.8571428657
73789  -28.965  -3.120  -31.986 0.8571428657
72951  -30.220  -4.534  -30.741 0.4285714328
111156  -29.890  -3.843  -31.187 0.8571428657
73782  -29.435  -2.664  -31.335 0.8571428657
72086  -30.636  -5.273  -30.467 0.4285714328
63990  -26.354  -15.667  -33.118 0.7142857313
64740  -26.460  -14.549  -33.981 0.4285714328
63991  -27.135  -15.760  -32.639 0.7142857313
65484  -27.730  -13.403  -32.991 0.8571428657
114735  -27.260  -13.156  -33.601 0.5714285970
67016  -26.557  -11.601  -34.514 0.5714285970
104254  -27.859  -11.713  -33.334 0.8571428657
67017  -27.329  -11.274  -34.078 0.5714285970
67861  -28.693  -10.444  -32.854 0.8571428657
67860  -27.950  -9.838  -33.532 0.7142857313
67869  -27.347  -10.406  -34.168 0.5714285970
70455  -30.045  -7.594  -31.620 0.7142857313
71260  -29.629  -6.768  -31.899 0.7142857313
72085  -29.607  -5.307  -31.824 0.7142857313
72959  -29.216  -4.648  -32.199 0.8571428657
70442  -31.273  -7.449  -30.487 0.2857142985
105876  -30.522  -6.013  -30.940 0.4285714328
62456  -26.143  -17.271  -32.364 0.4285714328
64729  -27.738  -14.171  -32.833 0.7142857313
65485  -28.394  -13.601  -32.422 0.7142857313
116960  -28.443  -11.268  -32.932 0.8571428657
68779  -30.333  -9.138  -31.834 0.7142857313
70456  -30.651  -7.535  -31.051 0.2857142985
69641  -30.505  -8.353  -31.435 0.5714285970
61556  -25.875  -18.560  -31.767 0.5714285970
62450  -27.025  -17.225  -31.788 0.5714285970
63257  -26.652  -16.487  -32.515 0.5714285970
112488  -27.679  -15.008  -32.577 0.7142857313
66990  -31.180  -10.812  -31.445 0.4285714328
68766  -31.076  -9.132  -31.232 0.4285714328
69628  -31.108  -8.216  -30.836 0.4285714328
59056  -24.835  -21.062  -30.312 0.5714285970
66235  -31.509  -12.610  -31.111 0.4285714328
118249  -30.531  -13.807  -31.371 0.4285714328
66999  -31.329  -11.807  -31.308 0.4285714328
55903  -26.000  -25.771  -26.117 0.1428571492
63965  -30.630  -15.147  -30.615 0.4285714328
65457  -31.083  -14.203  -30.897 0.4285714328
65470  -31.050  -13.271  -31.283 0.4285714328
56650  -26.629  -24.434  -26.702 0.1428571492
57386  -27.153  -23.743  -26.958 0.1428571492
59015  -27.889  -21.925  -27.673 0.2857142985
61519  -30.197  -19.010  -28.353 0.2857142985
62415  -31.065  -16.841  -29.078 0.2857142985
62427  -30.326  -17.176  -29.410 0.2857142985
63222  -31.401  -16.093  -29.323 0.2857142985
62413  -29.951  -17.907  -29.147 0.2857142985
63953  -31.016  -15.652  -29.966 0.2857142985
55925  -26.834  -25.207  -26.254 0.1428571492
56649  -25.902  -24.964  -26.596 0.1428571492
123366  -27.507  -23.082  -27.267 0.2857142985
59017  -29.375  -21.329  -27.302 0.2857142985
60618  -30.009  -19.778  -27.996 0.2857142985
59815  -29.704  -20.520  -27.631 0.2857142985
59814  -29.023  -20.756  -27.855 0.2857142985
56651  -27.409  -24.496  -26.492 0.1428571492
58128  -28.866  -22.848  -26.744 0.2857142985
57387  -27.903  -23.968  -26.606 0.2857142985
57403  -28.027  -23.340  -26.884 0.2857142985
104574  -28.699  -22.027  -27.240 0.2857142985
55169  -26.034  -26.405  -25.731 0.1428571492
55904  -26.735  -26.023  -25.799 0.1428571492
51995  -23.393  -30.270  -24.268 0.2857142985
51980  -23.014  -30.975  -23.924 0.2857142985
51994  -22.464  -30.514  -24.273 0.2857142985
53675  -25.533  -27.984  -25.114 0.2857142985
51093  -24.706  -30.833  -23.866 0.1428571492
51075  -22.179  -31.300  -23.923 0.2857142985
57388  -28.646  -23.709  -26.479 0.2857142985
58140  -29.485  -22.119  -26.756 0.2857142985
121512  -30.286  -18.345  -28.665 0.2857142985
63221  -30.665  -16.418  -29.692 0.2857142985
64688  -31.971  -14.681  -29.735 0.2857142985
64728  -27.135  -14.599  -33.370 0.7142857313
67006  -27.948  -10.800  -33.479 0.5714285970
111721  -30.751  -9.930  -31.708 0.4285714328
76681  -27.076  0.155  -32.723 0.7142857313
118696  -30.105  -5.283  -31.158 0.7142857313
75997  -28.296  -0.963  -32.023 0.8571428657
78224  -26.273  2.540  -33.167 0.4285714328
109534  -27.966  2.153  -32.561 0.7142857313
72087  -31.072  -6.005  -30.304 0.2857142985
122511  -27.744  1.481  -32.611 0.8571428657
75283  -29.876  -1.227  -30.908 0.5714285970
81643  -25.857  7.492  -33.734 0.2857142985
83377  -25.270  10.321  -32.755 0.1428571492
80421  -29.585  6.007  -33.081 0.2857142985
82830  -26.377  9.587  -34.810 0.2857142985
51996  -24.359  -30.330  -24.178 0.1428571492
114412  -25.238  -29.222  -24.553 0.1428571492
54436  -25.722  -27.073  -25.486 0.1428571492
55905  -27.526  -25.615  -25.835 0.1428571492
55927  -28.279  -25.243  -25.852 0.1428571492
58138  -27.347  -22.519  -27.613 0.2857142985
58139  -28.062  -22.633  -27.241 0.2857142985
59816  -30.590  -20.237  -27.268 0.2857142985
61505  -30.998  -18.481  -28.176 0.2857142985
61557  -26.341  -17.982  -31.846 0.5714285970
59830  -29.172  -20.062  -28.270 0.2857142985
63256  -25.964  -16.376  -32.814 0.2857142985
63954  -31.711  -15.332  -29.542 0.2857142985
64698  -31.872  -14.133  -30.272 0.2857142985
64000  -26.771  -15.103  -33.340 0.7142857313
65506  -26.085  -13.708  -34.532 0.4285714328
65498  -27.053  -13.990  -33.741 0.5714285970
68801  -25.897  -10.127  -34.748 0.2857142985
67882  -26.784  -10.826  -34.521 0.5714285970
65458  -31.689  -13.392  -30.766 0.2857142985
66272  -27.134  -12.355  -33.975 0.7142857313
68791  -26.415  -9.459  -34.584 0.2857142985
114287  -31.826  -12.045  -30.854 0.1428571492
67849  -31.758  -10.406  -30.827 0.4285714328
68767  -31.703  -9.553  -30.722 0.1428571492
69629  -31.630  -8.732  -30.554 0.1428571492
75998  -28.877  -0.278  -31.800 0.8571428657
73773  -31.027  -3.589  -29.561 0.2857142985
74533  -31.147  -2.616  -29.682 0.1428571492
81622  -24.069  7.530  -32.213 0.2857142985
74546  -30.002  -2.218  -30.680 0.4285714328
75285  -31.245  -0.974  -30.057 0.1428571492
76675  -29.476  0.382  -31.512 0.5714285970
83364  -24.039  9.333  -32.589 0.1428571492
77445  -31.095  1.172  -30.923 0.1428571492
78216  -30.391  2.574  -31.590 0.1428571492
80420  -28.539  6.054  -33.151 0.2857142985
79733  -29.272  4.598  -32.502 0.2857142985
78985  -30.143  3.219  -31.853 0.2857142985
78999  -31.364  3.780  -32.189 0.1428571492
79736  -31.909  4.396  -32.686 0.1428571492
80411  -31.432  4.933  -32.873 0.1428571492
81645  -28.933  7.385  -33.729 0.2857142985
81646  -29.848  7.306  -33.868 0.2857142985
81036  -30.247  6.635  -33.537 0.1428571492
81037  -31.127  6.402  -33.745 0.1428571492
52846  -25.744  -29.827  -24.384 0.1428571492
71247  -31.478  -6.709  -30.121 0.2857142985
119064  -32.147  5.485  -34.175 0.1428571492
81650  -30.139  7.639  -34.613 0.2857142985
52842  -21.847  -30.011  -24.645 0.2857142985
110511  -25.150  -28.659  -24.762 0.1428571492
58155  -26.710  -22.515  -27.874 0.4285714328
121298  -26.535  -23.983  -26.992 0.1428571492
120948  -29.455  -5.961  -31.977 0.7142857313
113346  -28.574  -9.628  -32.891 0.8571428657
68784  -28.195  -9.068  -33.139 0.8571428657
72106  -29.051  -5.472  -32.310 0.8571428657
78996  -28.063  3.487  -32.546 0.7142857313
80407  -27.500  4.731  -33.072 0.5714285970
82241  -24.764  8.128  -33.925 0.2857142985
59016  -28.511  -21.305  -27.757 0.2857142985
74551  -28.296  -2.481  -32.132 0.8571428657
109277  -23.628  7.604  -33.038 0.2857142985
104482  -23.620  8.564  -33.237 0.2857142985
110687  -28.277  -12.930  -32.629 0.8571428657
83415  -22.504  10.619  -34.938 0.2857142985
84490  -22.533  12.268  -35.687 0.1428571492
83947  -22.584  11.263  -34.869 0.2857142985
83923  -24.392  10.868  -33.178 0.1428571492
83406  -22.629  10.366  -34.606 0.2857142985
83416  -23.252  10.665  -35.491 0.2857142985
83935  -22.991  10.525  -33.776 0.1428571492
83408  -23.792  9.964  -34.964 0.2857142985
82243  -27.481  8.116  -33.942 0.2857142985
81034  -28.479  6.809  -33.436 0.2857142985
82252  -25.722  8.840  -34.272 0.2857142985
80408  -28.983  5.336  -32.801 0.2857142985
80422  -30.559  5.900  -33.150 0.1428571492
108508  -26.922  7.647  -33.699 0.2857142985
80424  -32.139  5.309  -33.698 0.1428571492
79734  -30.154  4.510  -32.433 0.1428571492
81038  -31.748  5.954  -33.989 0.1428571492
119739  -28.667  3.996  -32.395 0.4285714328
78217  -31.267  2.500  -31.512 0.1428571492
76676  -30.194  1.054  -31.206 0.1428571492
79735  -31.012  4.435  -32.488 0.2857142985
78226  -28.673  2.406  -32.176 0.5714285970
110261  -29.313  1.233  -31.720 0.5714285970
75989  -30.207  -0.511  -30.857 0.5714285970
113287  -27.286  -7.135  -33.843 0.4285714328
69653  -26.699  -8.658  -34.429 0.4285714328
118614  -29.545  -3.315  -31.483 0.8571428657
72950  -29.766  -4.568  -31.534 0.7142857313
66255  -27.785  -12.597  -33.130 0.7142857313
65497  -26.616  -13.411  -34.167 0.4285714328
66271  -26.269  -12.668  -34.475 0.4285714328
116998  -25.662  -12.932  -34.571 0.2857142985
71261  -30.272  -6.780  -31.297 0.5714285970
72097  -29.941  -6.013  -31.540 0.7142857313
67848  -31.334  -9.965  -31.259 0.4285714328
70443  -31.590  -8.038  -30.332 0.2857142985
61518  -29.557  -18.691  -28.886 0.2857142985
60626  -29.555  -19.383  -28.478 0.2857142985
64697  -31.384  -14.866  -30.192 0.4285714328
55926  -27.666  -25.026  -26.155 0.1428571492
51981  -23.944  -31.157  -23.768 0.1428571492
83365  -24.937  9.618  -32.400 0.1428571492
51997  -25.153  -30.403  -24.140 0.1428571492
53661  -25.887  -28.850  -24.606 0.1428571492
82787  -24.635  8.935  -32.162 0.1428571492
113459  -26.128  0.076  -32.986 0.5714285970
111328  -26.421  -1.683  -32.943 0.4285714328
75300  -25.750  -1.231  -33.165 0.4285714328
76008  -26.501  -0.749  -32.898 0.5714285970
74558  -26.560  -2.643  -33.089 0.4285714328
73808  -26.071  -3.273  -33.480 0.4285714328
75301  -27.028  -1.399  -32.646 0.5714285970
72117  -27.190  -5.817  -33.554 0.5714285970
63200  -32.146  -17.016  -28.192 0.1428571492
63214  -31.773  -16.504  -28.717 0.1428571492
63949  -32.101  -15.729  -28.901 0.1428571492
56683  -24.031  -24.022  -27.972 0.2857142985
62414  -30.797  -17.656  -28.739 0.1428571492
62403  -32.518  -17.674  -27.445 0.1428571492
110839  -33.394  -16.348  -27.430 0.1428571492
63215  -32.459  -16.185  -28.275 0.1428571492
56667  -23.572  -24.595  -27.658 0.2857142985
60619  -30.780  -19.349  -27.776 0.1428571492
61506  -31.508  -18.923  -27.557 0.1428571492
61498  -32.179  -18.585  -27.225 0.1428571492
62388  -33.320  -17.746  -26.715 0.1428571492
63177  -35.524  -16.548  -26.471 0.1428571492
63175  -34.092  -16.686  -26.786 0.1428571492
63914  -35.055  -15.898  -26.658 0.1428571492
55944  -23.120  -25.276  -27.315 0.2857142985
59018  -30.087  -21.546  -26.710 0.1428571492
102600  -30.681  -21.634  -26.329 0.1428571492
105254  -32.073  -19.637  -26.561 0.1428571492
59808  -31.486  -20.390  -26.477 0.1428571492
121614  -33.078  -18.909  -26.273 0.1428571492
60608  -31.941  -19.178  -27.080 0.1428571492
61499  -33.677  -18.388  -26.151 0.1428571492
106250  -34.520  -18.209  -25.956 0.1428571492
62389  -35.955  -17.332  -26.257 0.1428571492
112522  -35.102  -17.116  -26.324 0.1428571492
120734  -22.736  -25.844  -26.942 0.2857142985
123257  -21.995  -26.158  -26.924 0.2857142985
57389  -29.470  -23.402  -26.295 0.1428571492
58129  -30.277  -22.274  -26.301 0.1428571492
106942  -32.458  -20.205  -26.056 0.1428571492
59011  -31.342  -21.313  -26.153 0.1428571492
59809  -33.271  -20.003  -25.654 0.1428571492
60610  -33.541  -19.238  -25.790 0.1428571492
63178  -36.431  -16.574  -26.522 0.1428571492
56654  -30.092  -23.841  -25.902 0.1428571492
58118  -30.781  -22.732  -25.912 0.1428571492
57373  -30.863  -23.471  -25.725 0.1428571492
116713  -32.639  -21.374  -25.562 0.1428571492
59799  -32.931  -20.745  -25.599 0.1428571492
59000  -31.984  -21.858  -25.677 0.1428571492
61485  -35.290  -18.640  -25.733 0.1428571492
60592  -34.094  -19.782  -25.431 0.1428571492
61500  -35.855  -18.089  -26.054 0.1428571492
56634  -29.977  -24.717  -25.622 0.1428571492
56652  -28.316  -24.514  -26.229 0.1428571492
56636  -31.484  -24.547  -25.385 0.1428571492
123641  -31.165  -23.993  -25.564 0.1428571492
58119  -31.548  -22.806  -25.621 0.1428571492
57390  -30.197  -23.075  -26.098 0.1428571492
59002  -33.312  -21.377  -25.388 0.1428571492
58120  -32.823  -22.005  -25.355 0.1428571492
121903  -34.345  -20.984  -25.356 0.1428571492
60593  -34.992  -19.554  -25.466 0.1428571492
55889  -32.070  -25.915  -24.815 0.1428571492
102808  -30.845  -25.065  -25.426 0.1428571492
56620  -32.939  -24.653  -24.911 0.1428571492
55909  -32.197  -25.055  -25.050 0.1428571492
102890  -33.101  -22.884  -25.173 0.1428571492
57376  -32.978  -23.805  -25.080 0.1428571492
59801  -34.735  -20.500  -25.395 0.1428571492
59003  -34.077  -21.443  -25.288 0.1428571492
56637  -32.254  -24.201  -25.237 0.1428571492
59001  -32.143  -20.971  -25.917 0.1428571492
104537  -30.098  -20.949  -27.127 0.1428571492
61501  -36.623  -18.048  -26.211 0.1428571492
63916  -36.849  -15.851  -26.746 0.1428571492
113027  -35.155  -17.777  -26.080 0.1428571492
116607  -34.228  -17.415  -26.402 0.1428571492
108268  -31.480  -17.158  -28.590 0.1428571492
119219  -22.853  -26.536  -26.450 0.2857142985
60594  -35.924  -19.416  -25.676 0.1428571492
62390  -36.975  -17.329  -26.456 0.1428571492
63179  -37.344  -16.597  -26.706 0.1428571492
112820  -27.050  -4.268  -33.400 0.4285714328
63915  -35.935  -15.835  -26.645 0.1428571492
63913  -34.324  -16.099  -26.906 0.1428571492
63935  -35.408  -15.128  -26.840 0.1428571492
63955  -32.359  -14.938  -29.158 0.1428571492
117413  -26.256  1.678  -33.093 0.4285714328
81651  -30.599  7.248  -35.090 0.1428571492
56653  -29.269  -24.177  -26.064 0.1428571492
55928  -29.046  -24.921  -25.783 0.1428571492
122536  -29.662  -22.738  -26.430 0.1428571492
65459  -32.331  -13.388  -30.107 0.1428571492
66236  -32.093  -12.655  -30.551 0.1428571492
62402  -31.625  -17.724  -28.173 0.1428571492
63201  -32.842  -16.693  -27.709 0.1428571492
61507  -32.856  -18.370  -26.704 0.1428571492
103453  -31.758  -18.277  -27.730 0.1428571492
63202  -33.447  -16.987  -27.077 0.1428571492
118003  -33.446  -15.284  -27.882 0.1428571492
63912  -33.801  -16.371  -27.118 0.1428571492
60620  -31.389  -19.620  -27.139 0.1428571492
60609  -32.486  -19.028  -26.662 0.1428571492
63176  -34.714  -16.619  -26.583 0.1428571492
59010  -30.689  -20.997  -26.635 0.1428571492
116846  -32.819  -19.502  -26.144 0.1428571492
60611  -34.332  -18.931  -25.617 0.1428571492
58130  -31.096  -22.097  -25.983 0.1428571492
59800  -33.806  -20.666  -25.383 0.1428571492
57374  -31.595  -23.721  -25.482 0.1428571492
56635  -30.736  -24.262  -25.609 0.1428571492
117425  -32.344  -22.562  -25.430 0.1428571492
57375  -32.299  -23.328  -25.348 0.1428571492
102949  -33.651  -22.132  -25.223 0.1428571492
105061  -34.798  -21.347  -25.358 0.1428571492
51073  -20.649  -31.690  -23.967 0.1428571492
109115  -21.758  -30.684  -24.312 0.1428571492
51091  -20.483  -31.021  -24.323 0.1428571492
51993  -21.077  -30.425  -24.554 0.1428571492
52857  -21.402  -29.334  -25.078 0.1428571492
53672  -22.019  -28.530  -25.393 0.1428571492
53671  -21.093  -28.598  -25.509 0.1428571492
54432  -21.814  -27.676  -25.918 0.1428571492
54456  -22.586  -27.224  -26.070 0.1428571492
53670  -20.244  -28.382  -25.595 0.1428571492
54454  -20.844  -27.059  -26.350 0.1428571492
54455  -21.899  -26.863  -26.431 0.1428571492
109107  -21.185  -25.755  -27.216 0.1428571492
121330  -21.830  -24.772  -27.780 0.1428571492
55943  -22.061  -25.366  -27.470 0.1428571492
56666  -22.529  -24.573  -27.870 0.2857142985
56682  -23.200  -23.990  -28.292 0.1428571492
56681  -22.396  -23.787  -28.397 0.2857142985
59851  -25.153  -20.331  -30.779 0.4285714328
60661  -25.763  -19.112  -31.444 0.4285714328
108671  -26.913  -6.434  -33.887 0.2857142985
103173  -26.395  -4.837  -33.747 0.2857142985
72979  -27.144  -5.117  -33.507 0.2857142985
75308  -24.486  -2.106  -33.285 0.2857142985
75299  -25.114  -1.656  -33.259 0.2857142985
76007  -25.566  -0.400  -33.095 0.2857142985
57416  -22.996  -23.334  -28.813 0.2857142985
57417  -23.784  -23.445  -28.582 0.1428571492
52856  -20.493  -29.128  -25.283 0.1428571492
109108  -20.901  -27.909  -25.834 0.1428571492
55187  -20.475  -26.142  -26.785 0.1428571492
55942  -21.148  -24.933  -27.626 0.1428571492
56665  -21.630  -24.215  -28.014 0.1428571492
57415  -22.329  -23.079  -28.747 0.2857142985
58151  -23.536  -22.811  -29.171 0.2857142985
59858  -24.792  -19.838  -31.251 0.2857142985
70473  -27.010  -7.907  -34.162 0.2857142985
71273  -26.044  -6.448  -34.216 0.2857142985
72116  -26.580  -5.663  -33.804 0.2857142985
72115  -25.776  -5.430  -34.070 0.2857142985
74568  -25.568  -2.755  -33.449 0.2857142985
74567  -24.605  -2.881  -33.592 0.2857142985
58167  -24.103  -22.253  -29.621 0.2857142985
71274  -26.640  -7.233  -34.234 0.2857142985
71284  -25.959  -7.390  -34.484 0.2857142985
113935  -25.669  -4.684  -33.979 0.2857142985
72977  -25.170  -4.211  -34.006 0.2857142985
72978  -26.085  -4.018  -33.706 0.2857142985
73806  -24.486  -3.747  -33.903 0.2857142985
72125  -25.095  -6.040  -34.423 0.2857142985
72114  -24.909  -5.031  -34.340 0.2857142985
60652  -25.493  -19.706  -31.110 0.4285714328
120819  -21.263  -29.885  -24.781 0.1428571492
74557  -25.744  -2.040  -33.236 0.2857142985
73807  -25.332  -3.468  -33.708 0.2857142985
51092  -21.261  -31.192  -24.157 0.1428571492
52841  -20.720  -29.791  -24.893 0.1428571492
122132  -21.462  -28.177  -25.657 0.1428571492
55188  -21.271  -26.407  -26.756 0.1428571492
59850  -24.392  -20.438  -30.832 0.4285714328
75309  -25.095  -2.273  -33.421 0.2857142985
120110  -24.280  -21.615  -30.088 0.4285714328
72976  -24.454  -4.415  -34.205 0.2857142985
61555  -25.277  -18.814  -31.730 0.2857142985
83428  -27.603  10.846  -37.577 0.1428571492
83429  -28.198  10.381  -37.979 0.1428571492
83418  -27.136  10.792  -36.202 0.1428571492
82831  -27.723  9.319  -34.840 0.1428571492
81648  -28.956  8.491  -34.644 0.1428571492
101920  -27.998  10.211  -39.775 0.1428571492
82841  -27.407  10.021  -35.491 0.1428571492
83417  -24.792  10.897  -35.839 0.1428571492
84512  -22.510  13.261  -38.716 0.1428571492
119213  -25.511  -18.050  -32.109 0.2857142985
62455  -25.456  -17.122  -32.476 0.2857142985
82254  -29.703  8.310  -35.118 0.1428571492
82843  -29.105  9.408  -36.468 0.1428571492
82244  -28.479  8.000  -34.045 0.1428571492
82842  -28.490  9.608  -35.725 0.1428571492
82264  -29.144  8.957  -35.419 0.1428571492
83410  -26.241  10.434  -35.504 0.1428571492
112601  -28.082  8.642  -34.402 0.1428571492
83966  -25.179  12.183  -38.346 0.1428571492
84509  -22.582  12.804  -38.857 0.1428571492
83953  -24.846  11.606  -36.789 0.1428571492
83964  -22.149  12.287  -37.057 0.1428571492
84501  -22.016  12.600  -36.871 0.1428571492
83952  -22.937  11.518  -36.494 0.1428571492
83967  -26.853  11.311  -39.312 0.1428571492
83419  -28.085  10.381  -36.506 0.1428571492
119587  -26.079  11.091  -36.113 0.1428571492
83954  -26.502  11.442  -37.103 0.1428571492
101908  -27.376  11.075  -40.555 0.1428571492
71283  -25.252  -7.039  -34.558 0.1428571492
72975  -23.719  -4.187  -34.137 0.1428571492
72112  -21.931  -4.521  -34.193 0.1428571492
72974  -22.819  -3.923  -33.986 0.1428571492
70484  -26.301  -8.064  -34.481 0.1428571492
73804  -22.765  -3.109  -33.421 0.1428571492
74565  -23.173  -2.255  -32.904 0.1428571492
75307  -23.325  -1.376  -32.737 0.2857142985
114244  -26.346  -14.145  -34.344 0.2857142985
64739  -26.012  -14.406  -34.380 0.1428571492
106183  -25.387  -10.228  -34.860 0.1428571492
105100  -25.612  -9.643  -34.758 0.1428571492
70483  -25.392  -8.118  -34.636 0.1428571492
72069  -31.196  -5.276  -29.830 0.1428571492
71282  -24.409  -6.648  -34.637 0.1428571492
75298  -24.486  -1.375  -33.031 0.1428571492
108736  -23.866  -1.820  -32.944 0.1428571492
120224  -23.888  -0.978  -32.836 0.2857142985
76679  -23.992  0.647  -33.239 0.2857142985
78222  -23.186  3.077  -32.792 0.2857142985
78221  -22.805  2.670  -32.300 0.2857142985
78984  -23.800  3.833  -32.518 0.2857142985
115058  -25.332  4.447  -29.435 0.1428571492
113426  -25.170  0.545  -33.246 0.2857142985
76005  -23.874  -0.149  -32.953 0.2857142985
113216  -25.287  1.451  -33.337 0.2857142985
77460  -25.237  2.278  -33.406 0.2857142985
118921  -24.394  2.051  -33.489 0.2857142985
77458  -22.882  1.926  -32.670 0.2857142985
78994  -25.033  3.253  -33.556 0.2857142985
77464  -22.940  2.559  -32.737 0.2857142985
78993  -23.861  3.621  -33.275 0.2857142985
79721  -24.438  4.387  -31.772 0.1428571492
78213  -23.262  3.189  -31.942 0.2857142985
80389  -26.026  6.412  -29.638 0.1428571492
77451  -22.708  2.190  -32.293 0.1428571492
76673  -22.794  1.343  -32.539 0.1428571492
79712  -25.025  4.277  -30.932 0.1428571492
78974  -24.583  3.626  -31.261 0.1428571492
74556  -20.999  -2.067  -32.304 0.2857142985
77444  -24.158  1.930  -30.333 0.1428571492
78966  -25.219  3.833  -29.282 0.1428571492
78204  -24.290  2.979  -31.029 0.1428571492
72957  -21.164  -3.694  -31.656 0.1428571492
72936  -31.419  -4.539  -29.368 0.1428571492
118416  -25.622  -10.483  -34.827 0.1428571492
69662  -25.154  -9.112  -34.771 0.1428571492
69661  -24.503  -8.476  -34.692 0.1428571492
71281  -23.576  -6.412  -34.721 0.1428571492
72984  -23.928  -4.926  -34.514 0.1428571492
73805  -23.665  -3.379  -33.761 0.1428571492
73803  -21.795  -3.414  -33.374 0.1428571492
75306  -22.907  -1.786  -32.712 0.2857142985
118753  -23.094  0.697  -32.784 0.1428571492
112868  -23.409  1.420  -33.152 0.2857142985
78212  -22.998  2.803  -31.822 0.2857142985
78965  -24.842  3.355  -30.051 0.1428571492
78975  -25.126  3.997  -30.175 0.1428571492
72070  -31.791  -5.303  -29.334 0.1428571492
79713  -25.197  4.790  -30.090 0.1428571492
79729  -23.927  4.648  -32.681 0.2857142985
81002  -25.394  6.571  -30.392 0.1428571492
67881  -26.041  -10.799  -34.787 0.1428571492
67029  -25.713  -11.795  -34.768 0.1428571492
109960  -25.035  -0.920  -33.092 0.1428571492
76006  -24.692  -0.158  -33.098 0.1428571492
72124  -24.188  -5.753  -34.607 0.1428571492
114022  -23.868  -7.122  -34.699 0.1428571492
70482  -24.537  -7.561  -34.661 0.1428571492
74566  -23.745  -2.592  -33.343 0.1428571492
69663  -25.934  -8.889  -34.649 0.1428571492
74564  -22.548  -2.623  -32.940 0.1428571492
68800  -25.016  -9.849  -34.920 0.1428571492
122069  -24.417  -0.713  -32.958 0.2857142985
76016  -23.300  -0.447  -32.710 0.2857142985
110820  -24.218  1.404  -33.440 0.2857142985
77459  -23.382  2.250  -33.209 0.2857142985
78223  -23.999  2.819  -33.423 0.2857142985
81607  -25.357  7.388  -30.724 0.1428571492
76685  -22.957  -0.046  -32.582 0.1428571492
58149  -21.673  -22.690  -28.557 0.1428571492
58150  -22.820  -22.690  -29.205 0.1428571492
58166  -23.242  -22.235  -29.678 0.1428571492
59029  -21.921  -21.966  -28.988 0.1428571492
59039  -22.260  -21.258  -29.457 0.1428571492
59841  -22.332  -20.390  -29.740 0.1428571492
59040  -22.934  -21.617  -29.940 0.1428571492
59848  -22.941  -20.397  -30.299 0.1428571492
59041  -23.629  -21.691  -30.083 0.1428571492
60651  -23.214  -19.729  -30.631 0.1428571492
59849  -23.643  -20.429  -30.660 0.1428571492
59055  -24.004  -21.119  -30.490 0.1428571492
118440  -23.992  -19.702  -31.151 0.1428571492
114801  -22.543  -19.675  -30.068 0.1428571492
61546  -23.419  -19.057  -30.933 0.1428571492
60659  -24.654  -19.204  -31.513 0.1428571492
61554  -24.724  -18.490  -31.804 0.1428571492
63262  -25.808  -15.479  -33.373 0.1428571492
76003  -21.773  -1.054  -32.231 0.1428571492
121995  -21.347  -23.113  -28.210 0.1428571492
59028  -21.224  -21.939  -28.425 0.1428571492
63999  -26.138  -14.969  -33.858 0.1428571492
60660  -25.183  -19.363  -31.482 0.1428571492
122058  -22.276  -22.497  -29.002 0.1428571492
111731  -22.559  -22.085  -29.464 0.1428571492
59840  -21.674  -20.459  -29.133 0.1428571492
59053  -22.760  -20.971  -29.987 0.1428571492
59054  -23.323  -21.063  -30.277 0.1428571492
113408  -22.820  -19.026  -30.382 0.1428571492
58135  -20.908  -22.714  -27.990 0.1428571492
69654  -27.340  -8.478  -34.030 0.5714285970
71246  -30.881  -6.749  -30.698 0.2857142985
76666  -30.760  0.550  -30.850 0.1428571492
78998  -30.494  3.812  -32.122 0.2857142985
80423  -31.464  5.590  -33.331 0.1428571492
82819  -23.035  10.016  -33.797 0.1428571492
82826  -22.884  10.086  -34.368 0.2857142985
82840  -22.732  10.187  -34.770 0.2857142985
83394  -22.779  10.351  -34.214 0.2857142985
83946  -22.676  10.696  -34.384 0.2857142985
84513  -23.848  13.448  -39.008 0.1428571492
112484  -24.039  10.052  -32.876 0.1428571492
117407  -28.553  9.037  -34.921 0.1428571492
117674  -23.366  10.132  -33.367 0.1428571492
118031  -23.162  9.944  -34.785 0.2857142985
119442  -22.014  13.082  -37.207 0.1428571492
