#!ascii label  , from subject sub-v1s23x0050569_ses-1 vox2ras=TkReg
1143
69993  -35.770  12.952  8.773 0.0000000000
67551  -45.759  8.482  -2.860 0.0000000000
93218  -43.139  17.162  12.779 0.0000000000
68145  -43.764  9.578  7.837 0.0000000000
67373  -43.416  9.416  16.641 0.0000000000
71258  -42.207  14.267  1.419 0.0000000000
74973  -45.515  20.458  0.127 0.0000000000
75545  -36.493  21.350  4.668 0.0000000000
64579  -37.095  4.770  15.854 0.0000000000
69387  -40.164  11.606  7.993 0.0000000000
70021  -43.462  12.289  5.047 0.0000000000
71233  -38.622  14.308  5.317 0.0000000000
74171  -45.927  18.948  13.218 0.0000000000
73544  -47.450  18.753  7.195 0.0000000000
98045  -43.649  20.732  7.939 0.0000000000
74942  -40.391  19.814  2.436 0.0000000000
76045  -39.559  22.520  8.424 0.0000000000
67574  -42.154  7.636  -4.532 0.0000000000
71187  -35.305  14.140  13.547 0.0000000000
72868  -38.104  17.135  9.909 0.0000000000
100441  -48.066  8.037  9.043 0.0000000000
93732  -44.287  10.553  12.187 0.0000000000
68111  -39.529  9.252  11.470 0.0000000000
67369  -38.511  8.594  15.757 0.0000000000
68184  -41.348  9.349  1.084 0.0000000000
70064  -41.471  12.668  -2.393 0.0000000000
72902  -42.031  17.985  5.854 0.0000000000
73613  -43.659  18.004  -0.282 0.0000000000
72384  -42.966  16.186  -6.163 0.0000000000
75020  -39.777  20.798  -5.233 0.0000000000
75591  -35.654  21.553  -3.288 0.0000000000
69379  -37.797  11.801  8.349 0.0000000000
70004  -38.733  12.849  6.356 0.0000000000
71218  -37.366  14.415  7.168 0.0000000000
74819  -43.368  20.755  13.279 0.0000000000
74847  -45.041  20.276  10.241 0.0000000000
74844  -41.894  20.887  10.701 0.0000000000
75503  -41.530  21.435  8.345 0.0000000000
67566  -44.669  8.237  -3.347 0.0000000000
98365  -35.391  15.793  14.139 0.0000000000
104048  -37.368  14.756  14.242 0.0000000000
68723  -44.681  10.830  15.918 0.0000000000
68114  -42.035  10.292  12.088 0.0000000000
68080  -41.555  9.760  14.491 0.0000000000
66652  -38.441  7.701  16.796 0.0000000000
67394  -34.079  8.840  12.846 0.0000000000
69356  -32.286  11.549  12.076 0.0000000000
68732  -31.306  10.142  13.396 0.0000000000
66729  -43.762  7.836  5.336 0.0000000000
70642  -42.872  13.191  3.151 0.0000000000
68820  -42.871  11.294  3.359 0.0000000000
70038  -43.834  12.717  1.688 0.0000000000
69433  -40.792  11.334  -0.271 0.0000000000
70669  -43.925  13.872  0.067 0.0000000000
97812  -40.781  17.321  11.413 0.0000000000
106871  -40.051  17.822  8.260 0.0000000000
73501  -42.018  18.408  8.975 0.0000000000
74932  -47.508  19.976  3.382 0.0000000000
94277  -45.751  18.582  2.969 0.0000000000
73605  -46.367  19.449  -0.427 0.0000000000
72368  -45.294  16.675  -2.886 0.0000000000
74296  -44.540  19.465  -2.919 0.0000000000
93811  -41.489  19.043  -5.471 0.0000000000
74281  -42.224  20.033  -1.889 0.0000000000
74925  -38.535  20.310  3.726 0.0000000000
106851  -38.084  20.962  -0.128 0.0000000000
74952  -36.838  21.318  1.235 0.0000000000
75576  -33.583  21.990  -1.788 0.0000000000
75556  -35.470  21.729  2.364 0.0000000000
69384  -43.081  11.851  8.389 0.0000000000
68799  -43.591  11.097  6.248 0.0000000000
69398  -41.656  12.023  7.069 0.0000000000
70012  -40.010  12.908  5.044 0.0000000000
71243  -39.578  14.514  3.620 0.0000000000
72847  -46.814  17.573  13.348 0.0000000000
97137  -45.560  18.341  9.438 0.0000000000
74186  -47.477  18.693  10.412 0.0000000000
74884  -46.680  20.206  7.001 0.0000000000
74915  -44.723  20.471  4.083 0.0000000000
93056  -42.262  20.098  1.987 0.0000000000
74895  -42.015  20.558  5.141 0.0000000000
75537  -40.253  21.104  6.243 0.0000000000
75519  -37.983  21.881  6.365 0.0000000000
67572  -40.773  8.606  -5.627 0.0000000000
71198  -34.952  14.604  10.912 0.0000000000
72291  -36.177  16.006  8.930 0.0000000000
71731  -36.697  15.205  11.981 0.0000000000
72271  -39.077  15.388  13.048 0.0000000000
72265  -40.904  15.892  14.089 0.0000000000
73461  -40.307  18.545  14.225 0.0000000000
104897  -43.468  17.534  14.910 0.0000000000
66696  -45.122  8.152  8.965 0.0000000000
103626  -46.272  9.558  11.482 0.0000000000
68140  -44.239  10.196  9.550 0.0000000000
68785  -42.585  11.370  9.893 0.0000000000
68773  -39.684  10.201  10.094 0.0000000000
66679  -43.010  7.298  13.269 0.0000000000
64584  -39.644  4.641  14.282 0.0000000000
109022  -40.400  6.985  15.067 0.0000000000
66663  -41.384  8.766  16.877 0.0000000000
67385  -39.253  8.664  13.697 0.0000000000
69369  -34.776  11.704  9.970 0.0000000000
67518  -45.455  8.579  -0.396 0.0000000000
67460  -42.424  8.803  4.510 0.0000000000
67501  -42.869  8.485  1.485 0.0000000000
67533  -44.012  8.638  -1.275 0.0000000000
67531  -41.643  9.267  -1.513 0.0000000000
68853  -40.811  10.511  -2.691 0.0000000000
70068  -41.221  11.984  -5.733 0.0000000000
72301  -38.245  16.684  7.421 0.0000000000
106825  -39.681  16.510  5.763 0.0000000000
72327  -40.582  16.666  3.306 0.0000000000
99076  -44.168  18.430  6.808 0.0000000000
73569  -42.473  18.085  3.324 0.0000000000
72348  -42.005  16.523  0.559 0.0000000000
71810  -44.490  15.312  -1.555 0.0000000000
70693  -42.832  14.253  -4.322 0.0000000000
70700  -40.735  13.060  -7.460 0.0000000000
94509  -40.519  20.383  -1.691 0.0000000000
75598  -37.494  21.472  -4.116 0.0000000000
74278  -35.747  19.397  -2.691 0.0000000000
74276  -33.993  20.075  -2.336 0.0000000000
93908  -32.023  20.790  -1.202 0.0000000000
98605  -36.814  12.481  8.328 0.0000000000
70612  -37.729  12.813  7.411 0.0000000000
70610  -36.596  13.682  8.030 0.0000000000
74830  -42.586  20.668  12.346 0.0000000000
75488  -40.548  21.693  11.341 0.0000000000
67567  -45.285  8.298  -3.195 0.0000000000
68714  -44.406  10.399  16.681 0.0000000000
68081  -42.388  10.100  15.128 0.0000000000
68068  -42.740  9.732  16.623 0.0000000000
67364  -33.385  8.493  14.043 0.0000000000
68733  -32.045  9.965  13.040 0.0000000000
67438  -43.988  8.583  7.710 0.0000000000
111401  -43.483  8.427  6.471 0.0000000000
70649  -42.192  13.597  2.510 0.0000000000
70032  -44.089  12.891  2.533 0.0000000000
70033  -44.167  13.100  1.970 0.0000000000
70046  -43.873  13.201  1.373 0.0000000000
71260  -43.656  13.954  0.903 0.0000000000
72851  -41.635  17.344  11.716 0.0000000000
73494  -41.549  18.184  9.800 0.0000000000
72862  -42.884  17.984  10.590 0.0000000000
96987  -46.513  20.404  1.974 0.0000000000
73595  -47.368  19.840  1.532 0.0000000000
74986  -46.419  20.208  -0.320 0.0000000000
73623  -45.939  19.317  -1.636 0.0000000000
74270  -45.197  20.216  -1.233 0.0000000000
74295  -43.438  19.704  -3.325 0.0000000000
74269  -43.990  20.156  -1.142 0.0000000000
74907  -37.189  20.807  4.134 0.0000000000
74939  -37.673  20.554  2.479 0.0000000000
74938  -36.892  20.993  2.164 0.0000000000
75563  -36.150  21.474  1.775 0.0000000000
75549  -35.583  21.641  3.357 0.0000000000
69383  -41.973  11.651  8.565 0.0000000000
69389  -42.428  11.899  7.735 0.0000000000
69388  -41.275  11.727  7.827 0.0000000000
70625  -38.620  13.557  5.662 0.0000000000
70626  -39.364  12.802  5.760 0.0000000000
100731  -39.160  13.306  5.203 0.0000000000
70634  -40.118  13.308  4.178 0.0000000000
71234  -39.016  14.505  4.585 0.0000000000
73475  -47.347  18.036  14.281 0.0000000000
72856  -47.753  17.946  11.779 0.0000000000
74172  -46.928  18.710  11.977 0.0000000000
74858  -43.986  20.665  8.743 0.0000000000
74854  -45.945  20.256  9.484 0.0000000000
95624  -45.275  20.468  7.332 0.0000000000
97448  -46.474  20.252  5.930 0.0000000000
74882  -43.992  20.560  6.411 0.0000000000
74914  -43.508  20.476  4.227 0.0000000000
93045  -42.976  20.739  6.663 0.0000000000
76046  -40.208  21.971  8.734 0.0000000000
75506  -40.794  21.600  7.451 0.0000000000
75505  -40.067  21.862  7.387 0.0000000000
75536  -39.336  21.170  6.079 0.0000000000
76048  -38.986  22.892  7.265 0.0000000000
67562  -41.509  8.389  -5.438 0.0000000000
71193  -35.545  14.674  11.722 0.0000000000
71730  -36.069  15.139  11.520 0.0000000000
71194  -36.180  14.644  12.458 0.0000000000
110573  -38.015  15.554  14.435 0.0000000000
71727  -38.522  15.055  13.773 0.0000000000
71722  -39.292  15.338  13.932 0.0000000000
98352  -40.513  15.700  13.676 0.0000000000
72264  -40.112  15.640  14.174 0.0000000000
74818  -39.698  20.368  13.980 0.0000000000
73462  -41.775  17.760  14.582 0.0000000000
74149  -43.130  19.100  15.280 0.0000000000
73456  -43.981  18.265  15.493 0.0000000000
74792  -43.832  19.956  15.988 0.0000000000
66709  -46.981  7.776  7.741 0.0000000000
66698  -47.194  8.060  9.071 0.0000000000
68093  -46.730  10.678  12.796 0.0000000000
68761  -45.039  10.316  12.069 0.0000000000
68134  -44.681  9.836  10.827 0.0000000000
107264  -44.438  10.289  11.012 0.0000000000
68776  -43.534  11.161  10.153 0.0000000000
100035  -43.332  11.026  10.989 0.0000000000
68112  -40.541  9.574  11.657 0.0000000000
68132  -41.037  10.335  10.714 0.0000000000
68130  -39.175  9.748  10.524 0.0000000000
64583  -38.953  4.563  14.722 0.0000000000
109457  -39.656  6.688  15.250 0.0000000000
112083  -39.441  8.201  16.873 0.0000000000
108500  -40.904  8.320  16.704 0.0000000000
67354  -39.946  8.342  16.707 0.0000000000
103211  -39.752  8.855  15.066 0.0000000000
98966  -38.926  8.632  14.758 0.0000000000
69984  -34.256  12.423  10.209 0.0000000000
68768  -33.938  10.997  10.791 0.0000000000
67503  -45.968  8.474  0.717 0.0000000000
68809  -43.770  11.585  5.598 0.0000000000
102919  -43.281  10.590  5.591 0.0000000000
68814  -43.214  10.754  4.889 0.0000000000
68826  -41.730  10.610  2.413 0.0000000000
67485  -41.810  8.955  3.018 0.0000000000
67500  -41.951  8.830  1.097 0.0000000000
67517  -43.510  8.490  0.310 0.0000000000
67515  -42.202  8.765  0.159 0.0000000000
67532  -43.058  8.731  -1.648 0.0000000000
68205  -41.052  9.740  -0.445 0.0000000000
70049  -41.488  12.512  -1.232 0.0000000000
68844  -40.629  10.860  -1.371 0.0000000000
69442  -40.704  11.411  -2.242 0.0000000000
69446  -40.775  10.995  -3.662 0.0000000000
70069  -41.588  12.706  -4.160 0.0000000000
72286  -37.236  16.680  9.863 0.0000000000
94579  -37.046  16.352  8.273 0.0000000000
72874  -38.354  17.359  8.857 0.0000000000
72888  -41.078  17.816  7.082 0.0000000000
72895  -39.878  17.260  6.913 0.0000000000
93471  -40.910  17.378  5.986 0.0000000000
72323  -40.149  16.462  4.647 0.0000000000
72908  -41.437  17.527  4.714 0.0000000000
73514  -46.548  18.531  8.689 0.0000000000
73513  -44.947  18.494  8.324 0.0000000000
73543  -46.268  18.521  6.801 0.0000000000
111009  -44.608  18.530  1.947 0.0000000000
108494  -44.027  18.364  3.635 0.0000000000
73581  -43.615  18.339  2.266 0.0000000000
72926  -42.071  17.726  1.814 0.0000000000
72932  -42.301  17.200  0.406 0.0000000000
71804  -43.429  15.749  -0.573 0.0000000000
72355  -43.503  16.722  -0.802 0.0000000000
71838  -44.493  16.399  -4.396 0.0000000000
71827  -44.317  15.660  -4.044 0.0000000000
71304  -43.513  15.349  -5.132 0.0000000000
71293  -42.194  13.928  -6.021 0.0000000000
71312  -42.123  15.109  -6.787 0.0000000000
71300  -40.412  13.836  -7.183 0.0000000000
71845  -41.689  15.444  -6.886 0.0000000000
73644  -40.697  19.358  -5.388 0.0000000000
72962  -40.892  17.789  -5.216 0.0000000000
74943  -41.267  19.886  2.281 0.0000000000
108719  -41.667  19.811  0.133 0.0000000000
74244  -40.254  19.735  1.006 0.0000000000
74981  -37.551  21.442  -0.933 0.0000000000
74992  -38.042  21.431  -2.070 0.0000000000
75597  -36.512  21.462  -3.796 0.0000000000
74302  -36.563  20.519  -4.399 0.0000000000
74301  -35.716  20.749  -4.037 0.0000000000
74277  -34.827  19.667  -2.498 0.0000000000
74999  -34.445  20.870  -3.379 0.0000000000
76109  -32.772  22.171  -1.097 0.0000000000
75575  -32.611  21.499  -1.569 0.0000000000
75569  -32.022  21.759  -1.126 0.0000000000
74966  -31.495  20.975  -0.768 0.0000000000
69381  -39.467  11.349  8.406 0.0000000000
69998  -39.633  11.887  7.358 0.0000000000
93067  -38.746  12.318  7.177 0.0000000000
111242  -38.158  12.998  6.803 0.0000000000
71226  -37.836  14.480  6.585 0.0000000000
74180  -45.397  19.327  12.009 0.0000000000
74841  -43.312  20.113  12.009 0.0000000000
98377  -43.318  20.366  11.098 0.0000000000
74852  -42.977  20.832  9.245 0.0000000000
75508  -42.206  21.167  7.951 0.0000000000
102932  -41.450  21.382  9.175 0.0000000000
75491  -39.910  21.912  10.047 0.0000000000
67565  -43.629  8.068  -3.615 0.0000000000
71180  -35.392  14.299  14.122 0.0000000000
71182  -36.897  14.466  13.962 0.0000000000
72261  -36.308  15.612  14.335 0.0000000000
68746  -44.400  10.731  13.185 0.0000000000
68758  -42.961  10.598  12.152 0.0000000000
107307  -43.167  10.456  13.803 0.0000000000
68091  -41.289  9.715  12.756 0.0000000000
67400  -40.389  9.132  12.766 0.0000000000
65954  -37.338  6.739  16.426 0.0000000000
67342  -36.877  8.199  16.492 0.0000000000
68089  -34.284  9.298  12.109 0.0000000000
68755  -33.394  10.772  11.336 0.0000000000
68745  -33.048  10.212  12.008 0.0000000000
68744  -32.278  10.583  12.384 0.0000000000
97200  -43.653  12.301  4.395 0.0000000000
95456  -43.613  11.608  4.375 0.0000000000
96024  -43.924  12.654  3.191 0.0000000000
69421  -42.726  11.573  2.412 0.0000000000
96931  -41.636  11.097  1.657 0.0000000000
68836  -40.788  10.535  0.237 0.0000000000
70044  -42.700  12.368  0.872 0.0000000000
70051  -42.974  12.825  0.188 0.0000000000
70668  -43.252  13.426  -0.475 0.0000000000
110031  -39.511  17.443  10.485 0.0000000000
72875  -39.325  17.662  8.733 0.0000000000
72870  -40.596  17.995  9.809 0.0000000000
73500  -41.090  18.274  8.996 0.0000000000
73527  -42.408  18.330  7.497 0.0000000000
74885  -48.077  18.975  5.582 0.0000000000
73552  -46.511  18.506  5.209 0.0000000000
73573  -47.503  19.039  3.151 0.0000000000
73594  -46.816  19.317  1.453 0.0000000000
73604  -45.696  18.877  -0.103 0.0000000000
72948  -44.755  17.416  -1.799 0.0000000000
73622  -45.291  18.344  -1.720 0.0000000000
73630  -45.305  18.622  -2.909 0.0000000000
72963  -43.758  18.344  -4.300 0.0000000000
108644  -42.610  17.325  -5.809 0.0000000000
73636  -42.943  19.025  -4.715 0.0000000000
74306  -41.799  20.178  -4.613 0.0000000000
75013  -41.341  20.604  -3.826 0.0000000000
94799  -39.279  20.103  3.401 0.0000000000
94350  -39.005  20.030  1.110 0.0000000000
74954  -38.288  20.293  1.793 0.0000000000
94075  -37.496  21.268  0.090 0.0000000000
94074  -36.664  21.846  -1.271 0.0000000000
75577  -34.718  22.139  -2.013 0.0000000000
107113  -35.893  22.050  -0.721 0.0000000000
75571  -35.113  22.203  0.093 0.0000000000
75561  -34.422  22.388  0.701 0.0000000000
68792  -43.917  10.742  8.252 0.0000000000
67437  -43.472  9.614  7.141 0.0000000000
69390  -43.400  11.732  7.444 0.0000000000
69399  -42.858  12.080  6.810 0.0000000000
70015  -43.192  12.195  5.867 0.0000000000
70006  -40.868  12.178  6.455 0.0000000000
110391  -41.235  12.368  5.821 0.0000000000
70014  -42.170  12.422  5.322 0.0000000000
70026  -42.107  12.920  3.783 0.0000000000
93225  -41.457  13.417  3.137 0.0000000000
71250  -40.905  13.996  2.428 0.0000000000
72845  -44.258  17.211  13.084 0.0000000000
73496  -44.566  17.939  10.542 0.0000000000
101555  -46.068  17.551  11.764 0.0000000000
73497  -46.731  18.002  10.277 0.0000000000
73515  -47.449  18.762  9.057 0.0000000000
74848  -46.533  19.799  10.197 0.0000000000
74856  -47.534  19.367  8.853 0.0000000000
74214  -47.870  18.955  6.687 0.0000000000
107311  -47.619  19.663  5.602 0.0000000000
104014  -46.194  20.393  3.779 0.0000000000
74945  -44.887  20.503  1.997 0.0000000000
74971  -43.912  20.349  0.337 0.0000000000
74929  -43.850  20.451  2.823 0.0000000000
109201  -42.336  20.305  3.413 0.0000000000
99129  -41.602  20.240  3.649 0.0000000000
74881  -41.990  20.878  6.526 0.0000000000
101350  -41.048  20.640  5.398 0.0000000000
74911  -40.389  20.414  4.643 0.0000000000
74910  -39.451  20.453  4.688 0.0000000000
74892  -38.023  20.885  5.276 0.0000000000
75534  -37.543  21.437  5.758 0.0000000000
70603  -35.197  13.544  9.318 0.0000000000
71210  -35.657  14.464  8.949 0.0000000000
71741  -35.689  15.273  9.427 0.0000000000
71736  -36.395  15.758  10.847 0.0000000000
72283  -37.659  16.494  10.764 0.0000000000
71726  -37.672  14.790  13.640 0.0000000000
94874  -38.064  15.911  11.841 0.0000000000
97772  -38.477  16.745  10.998 0.0000000000
72850  -40.199  16.842  11.797 0.0000000000
105894  -40.962  16.686  12.350 0.0000000000
72844  -42.398  16.692  13.531 0.0000000000
73473  -39.476  17.292  14.306 0.0000000000
72813  -41.277  16.848  14.443 0.0000000000
72832  -42.358  16.701  14.144 0.0000000000
93845  -43.521  16.917  13.978 0.0000000000
104240  -44.367  17.188  14.650 0.0000000000
97129  -46.522  17.933  15.317 0.0000000000
74150  -46.341  18.950  15.678 0.0000000000
94748  -45.126  7.865  8.218 0.0000000000
67435  -44.509  8.269  8.328 0.0000000000
68137  -48.356  9.386  11.126 0.0000000000
67423  -47.587  8.852  10.574 0.0000000000
67429  -45.619  8.454  9.830 0.0000000000
67428  -44.775  8.818  9.623 0.0000000000
68142  -44.046  9.966  8.735 0.0000000000
68787  -44.105  10.853  9.129 0.0000000000
68790  -42.846  11.705  9.155 0.0000000000
108628  -41.236  11.321  8.920 0.0000000000
68775  -41.951  10.835  10.577 0.0000000000
93069  -41.503  10.931  9.981 0.0000000000
68789  -40.268  11.148  8.768 0.0000000000
102652  -39.247  10.921  8.966 0.0000000000
64589  -41.136  4.606  13.599 0.0000000000
65294  -39.233  5.587  14.720 0.0000000000
65295  -39.966  5.654  14.252 0.0000000000
65967  -41.108  6.391  13.822 0.0000000000
107448  -41.669  7.210  14.206 0.0000000000
66670  -42.176  8.056  15.403 0.0000000000
67356  -42.666  9.354  16.782 0.0000000000
68053  -41.137  9.135  16.640 0.0000000000
67386  -40.057  8.937  13.853 0.0000000000
68090  -39.574  8.801  12.583 0.0000000000
69990  -35.461  12.577  9.148 0.0000000000
69989  -34.883  12.531  9.611 0.0000000000
71197  -34.305  14.026  11.002 0.0000000000
70591  -33.922  13.585  11.936 0.0000000000
70587  -34.372  13.817  13.187 0.0000000000
67521  -47.726  9.486  -0.453 0.0000000000
67519  -46.170  8.806  -0.820 0.0000000000
67535  -45.944  8.815  -1.980 0.0000000000
67441  -43.108  9.132  6.426 0.0000000000
67451  -43.095  8.280  4.958 0.0000000000
68169  -41.865  9.506  3.678 0.0000000000
67472  -42.444  8.635  3.542 0.0000000000
67487  -43.565  8.288  2.261 0.0000000000
108851  -44.006  8.329  1.218 0.0000000000
95635  -44.525  8.474  -0.065 0.0000000000
67534  -45.117  8.665  -1.639 0.0000000000
67549  -43.950  8.552  -2.703 0.0000000000
67548  -42.993  8.613  -2.928 0.0000000000
67547  -42.134  8.807  -3.111 0.0000000000
101932  -40.736  10.381  -0.676 0.0000000000
68218  -41.631  9.251  -3.253 0.0000000000
68228  -41.622  8.941  -4.705 0.0000000000
68227  -41.199  9.279  -5.297 0.0000000000
68865  -40.974  10.053  -5.750 0.0000000000
69456  -40.193  10.717  -6.421 0.0000000000
71749  -36.613  15.358  8.043 0.0000000000
71758  -37.618  15.199  7.017 0.0000000000
71765  -38.234  15.393  6.347 0.0000000000
72885  -38.691  17.285  7.992 0.0000000000
72311  -39.396  16.714  6.383 0.0000000000
71766  -38.997  15.960  5.809 0.0000000000
71776  -39.547  15.526  4.227 0.0000000000
71781  -39.890  15.279  3.188 0.0000000000
72334  -40.659  15.846  2.020 0.0000000000
73503  -43.883  18.391  9.251 0.0000000000
106352  -43.076  18.440  7.738 0.0000000000
73549  -42.792  18.175  5.670 0.0000000000
73551  -45.065  18.398  5.287 0.0000000000
73550  -43.810  18.327  5.439 0.0000000000
105294  -42.172  17.949  4.202 0.0000000000
72914  -41.706  17.692  3.402 0.0000000000
72919  -41.372  17.188  1.936 0.0000000000
71792  -41.669  15.052  1.098 0.0000000000
108056  -43.349  14.457  0.355 0.0000000000
71279  -43.674  14.333  -1.869 0.0000000000
71811  -44.836  15.870  -2.126 0.0000000000
106424  -44.254  15.145  -2.941 0.0000000000
70685  -42.767  14.029  -2.905 0.0000000000
70692  -42.170  13.469  -4.668 0.0000000000
95474  -40.724  12.349  -7.225 0.0000000000
72373  -41.129  16.865  -5.464 0.0000000000
103404  -42.457  19.952  -0.323 0.0000000000
74280  -41.370  20.089  -1.492 0.0000000000
75003  -40.467  20.846  -3.059 0.0000000000
74983  -39.280  20.473  -0.633 0.0000000000
94164  -38.828  21.317  -2.805 0.0000000000
75019  -38.868  21.028  -5.130 0.0000000000
74303  -37.431  20.260  -4.776 0.0000000000
73627  -37.622  18.953  -3.060 0.0000000000
73612  -37.300  18.375  -1.034 0.0000000000
74990  -33.363  21.226  -2.275 0.0000000000
74980  -33.238  20.553  -2.086 0.0000000000
76073  -36.502  22.283  5.587 0.0000000000
76072  -35.942  22.638  5.132 0.0000000000
76088  -35.193  22.236  3.774 0.0000000000
76094  -34.211  22.683  2.366 0.0000000000
76093  -33.382  23.178  1.701 0.0000000000
102614  -36.347  12.969  8.368 0.0000000000
67374  -44.436  9.567  16.410 0.0000000000
68057  -44.946  10.377  16.785 0.0000000000
68056  -43.868  10.033  16.912 0.0000000000
68713  -43.574  10.113  16.791 0.0000000000
68055  -43.234  9.822  16.815 0.0000000000
66715  -43.966  8.155  6.909 0.0000000000
97330  -43.535  8.892  7.085 0.0000000000
71251  -41.815  13.987  1.951 0.0000000000
70655  -43.031  13.668  1.931 0.0000000000
70656  -43.824  13.409  1.551 0.0000000000
71259  -43.243  13.941  1.306 0.0000000000
72852  -42.743  17.555  11.556 0.0000000000
99191  -42.053  17.909  10.650 0.0000000000
74960  -46.026  20.495  1.021 0.0000000000
74974  -46.790  20.212  0.239 0.0000000000
74985  -45.678  20.328  -0.647 0.0000000000
74972  -44.593  20.361  -0.488 0.0000000000
74923  -36.987  20.810  3.129 0.0000000000
75550  -36.316  21.188  3.752 0.0000000000
75557  -36.195  21.219  2.770 0.0000000000
69382  -41.007  11.477  8.440 0.0000000000
70633  -39.288  13.571  4.595 0.0000000000
73474  -46.884  18.488  14.191 0.0000000000
73485  -47.350  18.206  13.263 0.0000000000
93895  -44.681  20.572  7.967 0.0000000000
74865  -44.008  20.633  7.200 0.0000000000
74883  -45.128  20.456  6.605 0.0000000000
74897  -43.510  20.573  5.791 0.0000000000
74864  -42.940  20.850  7.546 0.0000000000
76050  -40.111  22.094  7.960 0.0000000000
76049  -39.533  22.471  7.679 0.0000000000
76063  -39.310  22.162  7.118 0.0000000000
67575  -42.821  7.635  -4.033 0.0000000000
66116  -42.587  7.317  -4.134 0.0000000000
67573  -41.615  7.741  -5.166 0.0000000000
95902  -35.623  14.324  12.745 0.0000000000
108015  -38.467  16.008  14.502 0.0000000000
72263  -38.613  15.308  14.256 0.0000000000
101382  -39.254  15.737  14.347 0.0000000000
72829  -39.857  16.289  14.445 0.0000000000
98806  -42.675  19.961  15.297 0.0000000000
66704  -47.590  7.913  8.426 0.0000000000
68115  -44.839  10.045  11.520 0.0000000000
68760  -44.455  10.394  11.590 0.0000000000
68778  -44.091  10.686  10.741 0.0000000000
68759  -43.866  10.693  11.617 0.0000000000
68131  -40.048  9.887  10.725 0.0000000000
68110  -38.479  9.319  11.087 0.0000000000
65290  -37.747  5.207  15.547 0.0000000000
106486  -39.176  8.332  16.703 0.0000000000
67370  -39.468  8.664  16.091 0.0000000000
68756  -34.208  10.355  11.111 0.0000000000
67489  -45.416  8.246  1.901 0.0000000000
69406  -43.863  12.043  5.390 0.0000000000
99877  -43.949  11.863  5.050 0.0000000000
96979  -41.198  10.173  1.519 0.0000000000
94456  -41.390  9.400  2.090 0.0000000000
68195  -41.589  9.177  0.089 0.0000000000
70675  -42.200  13.124  -1.465 0.0000000000
70056  -40.996  12.132  -1.967 0.0000000000
70063  -41.072  11.881  -3.466 0.0000000000
72867  -37.496  16.948  8.986 0.0000000000
72896  -41.456  17.794  6.417 0.0000000000
97945  -40.670  17.486  6.657 0.0000000000
72901  -41.443  17.609  5.556 0.0000000000
73530  -46.367  18.555  7.723 0.0000000000
73603  -44.341  18.450  0.311 0.0000000000
73592  -43.926  18.410  1.320 0.0000000000
73602  -43.047  17.980  0.558 0.0000000000
72939  -43.042  17.347  -0.264 0.0000000000
72385  -43.747  16.717  -5.275 0.0000000000
71837  -43.792  15.920  -5.308 0.0000000000
71836  -42.998  15.460  -6.171 0.0000000000
71846  -42.329  15.645  -6.694 0.0000000000
72383  -42.025  16.264  -6.509 0.0000000000
74318  -40.473  20.161  -5.373 0.0000000000
73635  -40.352  18.769  -5.209 0.0000000000
102217  -39.806  19.765  -5.314 0.0000000000
74317  -38.963  20.409  -5.294 0.0000000000
74956  -40.706  19.745  1.684 0.0000000000
75585  -36.963  21.790  -2.136 0.0000000000
109232  -36.399  21.747  -3.029 0.0000000000
75007  -35.687  21.201  -3.787 0.0000000000
75000  -35.087  20.927  -3.693 0.0000000000
75590  -34.915  21.207  -3.413 0.0000000000
69386  -39.122  11.711  7.862 0.0000000000
69997  -38.217  12.025  7.872 0.0000000000
70611  -37.152  13.651  7.453 0.0000000000
70620  -37.692  13.653  6.932 0.0000000000
70621  -38.147  13.633  6.339 0.0000000000
74831  -43.801  20.180  13.026 0.0000000000
74839  -41.789  20.932  11.612 0.0000000000
74840  -42.543  20.575  11.368 0.0000000000
74845  -42.902  20.680  10.318 0.0000000000
74851  -42.090  21.006  9.700 0.0000000000
75498  -41.257  21.261  10.113 0.0000000000
76033  -40.151  22.197  11.494 0.0000000000
75492  -40.507  21.576  10.519 0.0000000000
110583  -40.025  21.943  9.430 0.0000000000
66825  -45.095  8.045  -3.449 0.0000000000
66824  -44.286  7.836  -3.633 0.0000000000
71719  -35.856  14.868  14.380 0.0000000000
94771  -45.467  11.200  15.646 0.0000000000
68735  -43.986  10.703  14.633 0.0000000000
109908  -43.818  10.673  13.458 0.0000000000
68079  -40.778  9.412  14.080 0.0000000000
67380  -34.768  8.527  13.574 0.0000000000
67395  -34.894  8.802  12.612 0.0000000000
68088  -33.514  9.452  12.390 0.0000000000
68743  -31.692  10.610  12.879 0.0000000000
70027  -43.453  12.609  3.654 0.0000000000
69415  -43.775  12.234  3.852 0.0000000000
69427  -43.614  12.334  2.278 0.0000000000
69426  -42.663  11.932  1.640 0.0000000000
69434  -41.482  11.504  0.764 0.0000000000
70661  -43.701  13.340  0.554 0.0000000000
72860  -40.142  17.527  10.722 0.0000000000
72869  -39.641  17.712  9.783 0.0000000000
73510  -41.637  18.306  8.120 0.0000000000
73511  -42.549  18.428  8.256 0.0000000000
74220  -48.067  18.988  4.575 0.0000000000
73563  -47.677  18.803  4.087 0.0000000000
74225  -47.768  19.235  3.722 0.0000000000
74247  -47.080  19.882  0.626 0.0000000000
93874  -46.541  19.426  0.312 0.0000000000
73593  -45.446  18.804  1.043 0.0000000000
73615  -45.912  18.932  -1.014 0.0000000000
74297  -45.398  19.234  -2.449 0.0000000000
74308  -44.915  19.004  -3.067 0.0000000000
73637  -44.744  18.443  -3.460 0.0000000000
106906  -43.887  19.126  -3.692 0.0000000000
96749  -42.912  19.946  -2.718 0.0000000000
74307  -42.724  19.639  -4.215 0.0000000000
74294  -42.410  20.121  -3.701 0.0000000000
101491  -42.022  20.198  -2.937 0.0000000000
74940  -38.573  20.166  2.790 0.0000000000
106199  -39.018  19.923  2.013 0.0000000000
74953  -37.529  20.816  1.549 0.0000000000
109390  -37.376  21.156  0.810 0.0000000000
75578  -36.919  21.660  -0.464 0.0000000000
74968  -36.814  21.580  0.310 0.0000000000
96535  -36.080  21.793  0.705 0.0000000000
75562  -35.370  21.979  1.297 0.0000000000
75555  -34.693  22.203  1.881 0.0000000000
102345  -43.727  11.524  8.149 0.0000000000
70007  -42.024  12.245  6.224 0.0000000000
69999  -40.519  11.895  7.215 0.0000000000
70005  -39.708  12.280  6.593 0.0000000000
93872  -40.314  12.475  5.832 0.0000000000
70013  -40.956  12.566  5.307 0.0000000000
70019  -41.249  12.784  4.534 0.0000000000
70640  -39.452  13.843  3.938 0.0000000000
70641  -40.199  13.735  3.324 0.0000000000
71244  -40.105  14.462  2.917 0.0000000000
72846  -45.523  17.317  13.287 0.0000000000
72854  -45.040  17.456  12.325 0.0000000000
96247  -46.171  17.489  12.605 0.0000000000
74181  -47.559  18.327  11.358 0.0000000000
73498  -47.495  18.161  10.882 0.0000000000
73506  -47.368  18.516  9.967 0.0000000000
74190  -47.659  18.968  9.471 0.0000000000
74842  -44.369  19.977  11.334 0.0000000000
74184  -45.932  19.583  11.055 0.0000000000
74866  -46.248  20.295  7.921 0.0000000000
74860  -46.728  20.073  8.767 0.0000000000
74861  -47.514  19.531  8.078 0.0000000000
74867  -47.734  19.386  7.248 0.0000000000
106881  -47.718  19.501  6.359 0.0000000000
103720  -45.752  20.391  4.882 0.0000000000
74930  -45.212  20.492  3.020 0.0000000000
99128  -44.008  20.479  3.539 0.0000000000
99131  -42.990  20.541  5.027 0.0000000000
74928  -43.106  20.419  3.510 0.0000000000
74913  -42.401  20.424  4.208 0.0000000000
74912  -41.359  20.399  4.477 0.0000000000
75524  -42.140  21.035  7.241 0.0000000000
75507  -41.489  21.393  7.660 0.0000000000
75522  -40.595  21.443  6.860 0.0000000000
74880  -41.122  20.986  6.271 0.0000000000
111023  -40.623  20.844  5.862 0.0000000000
74894  -39.989  20.716  5.484 0.0000000000
75520  -38.850  21.734  6.564 0.0000000000
75535  -38.399  21.288  5.948 0.0000000000
106847  -41.085  7.914  -5.484 0.0000000000
96625  -40.604  9.398  -5.929 0.0000000000
71205  -35.190  14.626  9.837 0.0000000000
72282  -36.972  16.278  10.560 0.0000000000
72277  -37.189  15.865  11.421 0.0000000000
71733  -38.280  15.203  12.930 0.0000000000
111912  -38.572  15.625  12.450 0.0000000000
72278  -38.869  16.115  11.958 0.0000000000
72849  -39.367  16.974  11.226 0.0000000000
72279  -39.659  16.088  12.370 0.0000000000
72280  -40.429  16.011  12.843 0.0000000000
72273  -41.031  16.044  13.401 0.0000000000
72843  -41.677  16.535  12.988 0.0000000000
72266  -41.579  16.250  13.876 0.0000000000
74159  -40.392  19.587  14.194 0.0000000000
96883  -39.518  18.306  14.085 0.0000000000
72812  -40.313  17.239  14.418 0.0000000000
107168  -40.957  17.800  14.453 0.0000000000
73463  -42.824  17.971  14.898 0.0000000000
72814  -42.359  17.047  14.472 0.0000000000
72815  -43.419  17.107  14.593 0.0000000000
73457  -45.046  18.474  15.929 0.0000000000
73465  -45.869  18.257  15.704 0.0000000000
95695  -46.575  18.317  15.406 0.0000000000
74138  -45.727  19.065  16.127 0.0000000000
99275  -47.474  7.827  7.159 0.0000000000
66702  -45.718  7.845  8.482 0.0000000000
66708  -45.837  7.700  7.731 0.0000000000
68117  -47.050  10.030  12.045 0.0000000000
68136  -47.289  9.409  11.307 0.0000000000
67422  -46.234  8.915  10.743 0.0000000000
67430  -46.781  8.337  9.879 0.0000000000
68133  -44.360  10.331  10.357 0.0000000000
67420  -44.530  9.653  10.050 0.0000000000
67427  -44.317  9.403  9.234 0.0000000000
68786  -43.622  11.398  9.560 0.0000000000
99531  -41.845  11.369  9.330 0.0000000000
68757  -42.393  10.719  11.208 0.0000000000
68113  -41.528  10.240  11.419 0.0000000000
68774  -40.559  10.509  10.065 0.0000000000
68784  -40.937  10.964  9.411 0.0000000000
95048  -39.925  10.651  9.472 0.0000000000
66674  -43.607  7.862  13.557 0.0000000000
109036  -40.081  4.012  14.186 0.0000000000
64585  -40.355  4.655  13.894 0.0000000000
65958  -38.109  6.702  16.146 0.0000000000
66667  -39.974  7.268  15.786 0.0000000000
65966  -40.485  6.389  14.302 0.0000000000
65974  -41.733  6.262  13.361 0.0000000000
65964  -40.921  7.136  14.819 0.0000000000
66669  -41.386  8.029  16.114 0.0000000000
67372  -42.074  8.741  16.833 0.0000000000
68054  -41.995  9.191  17.061 0.0000000000
68066  -40.494  9.216  15.370 0.0000000000
67399  -38.676  8.633  12.729 0.0000000000
69370  -35.397  11.173  9.928 0.0000000000
68780  -35.982  10.812  9.916 0.0000000000
69374  -36.063  11.368  9.475 0.0000000000
69373  -35.437  11.886  9.453 0.0000000000
69983  -33.702  12.358  10.790 0.0000000000
68754  -32.708  10.910  11.765 0.0000000000
69359  -32.884  11.602  11.487 0.0000000000
70586  -33.561  13.499  12.958 0.0000000000
70582  -33.977  13.786  13.719 0.0000000000
101829  -34.606  13.963  13.956 0.0000000000
67520  -46.838  8.962  -0.316 0.0000000000
68149  -43.481  10.374  6.847 0.0000000000
68158  -43.017  9.870  5.974 0.0000000000
68164  -42.650  9.678  5.149 0.0000000000
67450  -42.720  8.935  5.502 0.0000000000
68819  -42.442  10.421  3.995 0.0000000000
68176  -41.711  9.997  3.161 0.0000000000
97982  -42.064  8.766  2.078 0.0000000000
67486  -42.604  8.530  2.610 0.0000000000
98672  -42.927  8.657  -0.402 0.0000000000
67550  -44.877  8.545  -2.694 0.0000000000
107219  -42.319  8.859  -1.938 0.0000000000
68217  -41.010  9.910  -1.821 0.0000000000
95510  -41.233  9.764  -3.654 0.0000000000
68859  -41.047  10.221  -4.329 0.0000000000
95807  -41.019  11.315  -4.967 0.0000000000
68858  -41.011  10.692  -5.308 0.0000000000
69457  -40.726  10.570  -6.146 0.0000000000
70076  -40.768  11.265  -6.581 0.0000000000
71748  -36.016  15.147  8.662 0.0000000000
71211  -36.271  14.453  8.291 0.0000000000
93372  -37.615  16.373  7.644 0.0000000000
71750  -37.271  15.763  7.525 0.0000000000
71759  -37.847  16.013  7.031 0.0000000000
72886  -39.557  17.500  7.754 0.0000000000
102377  -40.230  16.991  6.066 0.0000000000
71771  -39.175  15.428  5.056 0.0000000000
72317  -39.616  16.100  5.146 0.0000000000
72907  -40.757  17.008  4.147 0.0000000000
104085  -40.144  16.205  3.712 0.0000000000
97635  -40.286  15.992  2.774 0.0000000000
73495  -43.618  18.143  10.146 0.0000000000
73504  -44.531  18.183  9.882 0.0000000000
73528  -43.943  18.464  7.587 0.0000000000
98586  -43.199  18.382  7.075 0.0000000000
73541  -43.445  18.325  6.275 0.0000000000
73572  -46.608  18.592  3.620 0.0000000000
73561  -45.723  18.444  4.470 0.0000000000
73570  -43.381  18.292  3.116 0.0000000000
73560  -44.233  18.354  4.483 0.0000000000
98696  -43.182  18.254  3.945 0.0000000000
73559  -43.027  18.210  4.814 0.0000000000
72925  -41.725  17.086  1.083 0.0000000000
72341  -41.338  16.157  1.316 0.0000000000
71797  -42.485  15.479  0.286 0.0000000000
71805  -44.172  15.078  -0.882 0.0000000000
97725  -44.238  14.752  -1.331 0.0000000000
72949  -45.284  17.577  -2.487 0.0000000000
72362  -44.876  16.675  -2.071 0.0000000000
71294  -43.556  14.921  -4.144 0.0000000000
71286  -43.528  14.585  -2.947 0.0000000000
70701  -41.217  13.709  -7.038 0.0000000000
70691  -41.441  12.897  -6.437 0.0000000000
70699  -40.056  12.971  -7.375 0.0000000000
106095  -41.811  18.143  -5.685 0.0000000000
72374  -41.578  17.202  -5.777 0.0000000000
72955  -40.606  17.036  -4.287 0.0000000000
74958  -43.103  20.223  1.169 0.0000000000
74256  -42.717  20.069  0.362 0.0000000000
74266  -41.009  19.947  -0.700 0.0000000000
74970  -38.759  20.488  0.120 0.0000000000
74254  -39.648  19.980  0.319 0.0000000000
75593  -38.024  21.594  -3.295 0.0000000000
75001  -38.548  21.540  -4.013 0.0000000000
75010  -38.260  21.259  -4.710 0.0000000000
74316  -38.166  20.761  -5.072 0.0000000000
75009  -37.327  21.049  -4.542 0.0000000000
74291  -36.029  19.892  -3.707 0.0000000000
74279  -36.707  19.169  -2.865 0.0000000000
73621  -37.413  18.620  -2.031 0.0000000000
73620  -36.525  18.841  -1.813 0.0000000000
74265  -35.631  19.105  -1.623 0.0000000000
74264  -34.736  19.403  -1.466 0.0000000000
74263  -33.813  19.768  -1.317 0.0000000000
97650  -34.041  21.649  -2.479 0.0000000000
74979  -32.485  20.954  -1.750 0.0000000000
74262  -32.813  20.212  -1.079 0.0000000000
76081  -35.535  22.378  4.504 0.0000000000
76572  -35.509  23.174  4.553 0.0000000000
76087  -34.576  22.772  3.254 0.0000000000
69994  -37.444  12.332  8.058 0.0000000000
69996  -36.978  12.970  7.882 0.0000000000
74829  -41.822  21.141  12.214 0.0000000000
75493  -41.133  21.212  11.044 0.0000000000
75481  -40.744  22.048  12.036 0.0000000000
76025  -40.174  22.688  11.894 0.0000000000
72824  -34.888  16.788  13.495 0.0000000000
68722  -43.947  10.530  16.153 0.0000000000
68734  -43.241  10.351  15.697 0.0000000000
68067  -41.822  9.566  16.178 0.0000000000
67379  -33.238  8.935  13.188 0.0000000000
68078  -32.441  9.272  13.371 0.0000000000
66707  -44.699  7.843  7.488 0.0000000000
66716  -44.583  7.741  6.518 0.0000000000
99859  -43.868  7.894  6.130 0.0000000000
70643  -43.920  12.997  2.939 0.0000000000
98472  -43.368  13.329  2.604 0.0000000000
70650  -44.032  13.177  2.302 0.0000000000
70662  -43.743  13.656  0.868 0.0000000000
72861  -41.102  17.774  10.654 0.0000000000
105960  -42.643  18.272  9.750 0.0000000000
74946  -47.416  20.101  2.388 0.0000000000
74236  -47.562  19.884  2.072 0.0000000000
74962  -47.402  20.094  1.738 0.0000000000
74258  -46.722  19.898  -0.300 0.0000000000
73616  -46.350  19.622  -0.890 0.0000000000
74271  -46.219  19.989  -1.047 0.0000000000
74284  -45.542  19.772  -1.787 0.0000000000
108564  -44.950  19.710  -2.354 0.0000000000
74283  -44.605  20.008  -1.871 0.0000000000
74282  -43.430  19.970  -1.864 0.0000000000
74268  -42.856  19.961  -1.044 0.0000000000
74908  -37.951  20.518  4.104 0.0000000000
74924  -37.810  20.494  3.404 0.0000000000
72835  -47.097  17.699  14.083 0.0000000000
72855  -47.312  17.701  12.359 0.0000000000
73486  -47.519  17.965  13.319 0.0000000000
73490  -47.768  18.025  12.347 0.0000000000
96785  -44.790  20.482  9.373 0.0000000000
74859  -45.346  20.433  8.703 0.0000000000
74898  -44.759  20.469  5.769 0.0000000000
99130  -44.137  20.482  4.966 0.0000000000
74896  -42.531  20.671  5.847 0.0000000000
75502  -40.805  21.733  8.049 0.0000000000
109659  -40.433  21.815  7.710 0.0000000000
75521  -39.741  21.581  6.743 0.0000000000
76062  -38.605  22.432  6.767 0.0000000000
71721  -37.976  14.976  14.238 0.0000000000
72272  -39.910  15.557  13.423 0.0000000000
74147  -41.195  18.831  14.436 0.0000000000
99301  -42.131  18.626  14.770 0.0000000000
74137  -44.722  19.256  16.116 0.0000000000
66703  -46.559  7.841  8.400 0.0000000000
66697  -46.122  8.004  9.115 0.0000000000
68116  -45.782  10.079  12.019 0.0000000000
68135  -45.396  9.564  11.217 0.0000000000
68777  -44.118  10.842  9.890 0.0000000000
108295  -42.765  11.154  10.506 0.0000000000
101479  -38.963  10.310  9.727 0.0000000000
65959  -38.854  7.597  16.636 0.0000000000
66661  -39.556  7.866  16.758 0.0000000000
66668  -40.689  7.630  15.991 0.0000000000
66662  -40.386  8.066  16.714 0.0000000000
67355  -40.710  8.607  16.778 0.0000000000
67371  -40.308  8.822  16.339 0.0000000000
68127  -36.005  9.759  10.789 0.0000000000
68769  -35.561  10.449  10.363 0.0000000000
107810  -34.691  10.856  10.469 0.0000000000
69368  -34.122  11.609  10.469 0.0000000000
67504  -46.693  8.587  1.168 0.0000000000
67502  -44.988  8.298  0.968 0.0000000000
68163  -42.222  9.608  4.357 0.0000000000
67516  -42.662  8.597  0.567 0.0000000000
94567  -42.203  8.862  -0.797 0.0000000000
69438  -40.847  11.864  -1.101 0.0000000000
108332  -36.825  16.538  9.131 0.0000000000
72292  -37.843  16.926  8.140 0.0000000000
72887  -40.445  17.715  7.508 0.0000000000
72318  -40.112  16.643  5.387 0.0000000000
72900  -40.730  17.088  5.226 0.0000000000
112463  -41.415  17.510  3.984 0.0000000000
73529  -45.095  18.481  7.290 0.0000000000
73542  -45.127  18.454  6.583 0.0000000000
73571  -45.097  18.441  3.691 0.0000000000
94278  -44.539  18.465  2.850 0.0000000000
73580  -42.686  18.109  2.496 0.0000000000
73591  -42.881  18.092  1.619 0.0000000000
97941  -42.295  17.682  1.081 0.0000000000
72349  -42.668  16.536  -0.110 0.0000000000
72356  -44.278  15.997  -1.355 0.0000000000
72375  -45.066  16.919  -3.697 0.0000000000
71828  -44.938  16.300  -3.537 0.0000000000
71303  -42.776  14.742  -5.794 0.0000000000
71302  -41.713  14.517  -6.865 0.0000000000
71301  -41.043  14.508  -7.206 0.0000000000
71835  -41.179  15.129  -6.814 0.0000000000
109736  -41.116  18.383  -5.425 0.0000000000
74246  -42.029  19.901  1.063 0.0000000000
74245  -41.109  19.750  0.976 0.0000000000
74255  -40.618  19.803  0.207 0.0000000000
74984  -40.104  20.103  -0.630 0.0000000000
74982  -38.473  20.945  -0.833 0.0000000000
75592  -37.224  21.713  -3.157 0.0000000000
75008  -36.458  21.141  -4.154 0.0000000000
74290  -35.031  20.271  -3.471 0.0000000000
74289  -34.326  20.376  -3.008 0.0000000000
74967  -32.145  20.414  -0.386 0.0000000000
75568  -31.446  21.520  -0.627 0.0000000000
71227  -38.289  14.448  5.939 0.0000000000
74179  -44.448  19.643  12.579 0.0000000000
74846  -43.855  20.419  10.513 0.0000000000
74853  -43.888  20.606  9.726 0.0000000000
74857  -42.956  20.893  8.336 0.0000000000
75499  -42.195  21.130  8.753 0.0000000000
75497  -40.602  21.665  9.526 0.0000000000
96554  -40.939  21.656  8.718 0.0000000000
76040  -39.531  22.354  9.409 0.0000000000
76039  -38.987  23.020  9.036 0.0000000000
110136  -35.837  14.185  13.952 0.0000000000
71188  -36.165  14.316  13.545 0.0000000000
71181  -36.185  14.357  14.136 0.0000000000
71720  -36.696  14.799  14.325 0.0000000000
72262  -37.276  15.436  14.450 0.0000000000
109896  -45.139  10.812  13.356 0.0000000000
93957  -43.759  10.662  12.641 0.0000000000
68092  -42.197  10.144  13.337 0.0000000000
111354  -40.028  9.050  12.072 0.0000000000
65289  -37.231  5.820  16.036 0.0000000000
65286  -36.644  6.272  16.373 0.0000000000
65955  -37.762  7.498  16.728 0.0000000000
102674  -37.346  7.925  16.825 0.0000000000
67343  -37.612  8.207  16.714 0.0000000000
68105  -33.782  9.935  11.690 0.0000000000
68087  -32.750  9.712  12.707 0.0000000000
69411  -43.970  12.113  4.729 0.0000000000
69422  -43.728  12.256  2.978 0.0000000000
106819  -41.087  10.655  1.001 0.0000000000
68183  -41.029  9.824  0.605 0.0000000000
70050  -41.673  12.242  -0.144 0.0000000000
70667  -42.319  12.812  -0.621 0.0000000000
101758  -38.970  17.328  10.320 0.0000000000
94104  -38.871  17.496  9.514 0.0000000000
72876  -40.214  18.017  8.981 0.0000000000
73509  -40.742  18.086  8.259 0.0000000000
73525  -41.108  18.041  7.632 0.0000000000
73526  -41.681  18.095  7.218 0.0000000000
73540  -42.411  18.186  6.568 0.0000000000
94815  -47.379  18.708  6.065 0.0000000000
73553  -47.706  18.793  4.973 0.0000000000
73562  -46.950  18.555  4.465 0.0000000000
73584  -47.381  19.478  2.254 0.0000000000
73583  -46.789  18.862  2.560 0.0000000000
73582  -45.720  18.711  2.122 0.0000000000
72940  -44.006  17.630  -1.069 0.0000000000
73614  -44.734  18.405  -0.703 0.0000000000
93442  -45.412  18.572  -2.469 0.0000000000
72956  -45.373  17.742  -3.126 0.0000000000
72964  -44.520  17.650  -3.949 0.0000000000
72386  -44.421  17.019  -4.474 0.0000000000
72970  -43.765  17.578  -4.971 0.0000000000
106263  -42.965  18.244  -5.253 0.0000000000
73645  -42.262  18.744  -5.418 0.0000000000
74320  -42.106  19.549  -5.078 0.0000000000
74319  -41.264  19.936  -5.315 0.0000000000
75021  -40.827  20.565  -4.888 0.0000000000
74941  -39.517  19.897  2.614 0.0000000000
74955  -39.790  19.764  1.712 0.0000000000
74969  -38.073  20.689  0.774 0.0000000000
75584  -35.849  21.975  -2.258 0.0000000000
103253  -34.642  22.324  -1.055 0.0000000000
75570  -33.956  22.454  -0.599 0.0000000000
76105  -33.283  22.676  0.007 0.0000000000
68144  -43.668  10.285  7.526 0.0000000000
68793  -43.785  11.118  7.548 0.0000000000
101016  -43.662  11.382  6.901 0.0000000000
69400  -43.653  11.888  6.326 0.0000000000
70020  -42.788  12.549  4.471 0.0000000000
70025  -40.951  13.194  3.773 0.0000000000
71257  -41.252  14.595  1.768 0.0000000000
72853  -43.863  17.483  11.976 0.0000000000
72864  -44.769  17.673  11.377 0.0000000000
102010  -45.811  17.737  10.860 0.0000000000
72865  -47.117  17.745  11.291 0.0000000000
73505  -46.896  18.388  9.509 0.0000000000
73531  -47.478  18.772  8.126 0.0000000000
74185  -47.161  19.123  10.812 0.0000000000
74855  -47.098  19.670  9.488 0.0000000000
74189  -47.364  19.264  10.079 0.0000000000
74192  -47.814  18.930  8.515 0.0000000000
74202  -47.853  18.933  7.650 0.0000000000
74900  -47.777  19.530  4.916 0.0000000000
74917  -47.826  19.500  4.187 0.0000000000
74916  -47.193  20.125  4.380 0.0000000000
74931  -46.667  20.344  2.885 0.0000000000
74959  -44.456  20.455  1.114 0.0000000000
93418  -43.503  20.364  2.000 0.0000000000
74944  -42.784  20.311  2.784 0.0000000000
94146  -41.863  20.104  2.873 0.0000000000
74927  -40.983  19.994  3.063 0.0000000000
75523  -41.387  21.289  7.000 0.0000000000
105945  -41.756  20.728  5.855 0.0000000000
98633  -40.705  20.188  3.846 0.0000000000
74926  -40.109  19.983  3.231 0.0000000000
98972  -39.832  20.213  3.984 0.0000000000
74909  -39.118  20.283  4.076 0.0000000000
74893  -38.924  20.775  5.370 0.0000000000
100925  -38.525  20.523  4.563 0.0000000000
109590  -37.766  20.719  4.643 0.0000000000
74891  -37.242  21.056  5.050 0.0000000000
75533  -36.762  21.646  5.441 0.0000000000
70607  -35.965  13.661  8.594 0.0000000000
71735  -35.597  15.241  10.600 0.0000000000
71742  -35.964  15.826  9.886 0.0000000000
72285  -36.534  16.274  9.865 0.0000000000
71725  -36.899  14.621  13.090 0.0000000000
71732  -37.487  15.192  12.496 0.0000000000
101044  -42.308  17.084  12.513 0.0000000000
72830  -40.692  16.173  14.365 0.0000000000
72831  -41.471  16.351  14.254 0.0000000000
72833  -44.875  17.114  14.134 0.0000000000
72834  -46.178  17.409  14.174 0.0000000000
73464  -44.561  17.686  15.279 0.0000000000
72816  -45.639  17.526  15.018 0.0000000000
72817  -46.782  17.727  14.776 0.0000000000
73466  -47.055  18.035  14.971 0.0000000000
74151  -46.855  18.455  15.026 0.0000000000
74161  -46.287  19.043  14.750 0.0000000000
97052  -46.062  19.624  16.005 0.0000000000
97883  -46.460  7.649  7.009 0.0000000000
94683  -45.461  7.608  6.814 0.0000000000
67434  -44.109  9.055  8.474 0.0000000000
67421  -45.083  9.105  10.484 0.0000000000
99656  -44.500  8.686  8.940 0.0000000000
68791  -43.754  11.541  8.843 0.0000000000
69380  -38.544  11.422  8.491 0.0000000000
69378  -37.129  11.915  8.566 0.0000000000
69991  -36.209  12.164  8.866 0.0000000000
67388  -43.698  8.684  15.245 0.0000000000
63844  -41.565  3.923  13.838 0.0000000000
64590  -42.028  4.599  13.297 0.0000000000
65293  -38.476  5.550  15.191 0.0000000000
65962  -39.115  6.784  15.671 0.0000000000
108211  -39.572  6.246  14.858 0.0000000000
65297  -40.716  5.511  13.744 0.0000000000
65298  -41.462  5.454  13.359 0.0000000000
64600  -42.173  5.532  12.977 0.0000000000
65975  -42.412  6.593  13.135 0.0000000000
107973  -42.385  7.486  13.935 0.0000000000
66673  -42.901  8.059  14.525 0.0000000000
67387  -42.825  8.712  16.254 0.0000000000
111369  -41.112  9.504  15.456 0.0000000000
67417  -38.882  8.835  11.919 0.0000000000
99132  -38.132  8.520  14.406 0.0000000000
67384  -38.445  8.548  13.632 0.0000000000
67398  -37.808  8.563  12.919 0.0000000000
71204  -34.719  14.126  10.176 0.0000000000
70602  -34.439  13.354  10.101 0.0000000000
71192  -34.844  14.158  12.158 0.0000000000
69360  -33.504  11.597  10.974 0.0000000000
71718  -34.957  15.040  14.336 0.0000000000
94447  -34.447  14.452  14.208 0.0000000000
72270  -34.486  16.007  13.904 0.0000000000
67537  -47.307  9.518  -1.915 0.0000000000
67536  -46.747  9.211  -2.313 0.0000000000
67442  -43.243  8.327  5.815 0.0000000000
67473  -43.270  8.284  3.190 0.0000000000
67488  -44.526  8.217  2.037 0.0000000000
67564  -42.632  8.091  -3.964 0.0000000000
67563  -41.958  8.330  -4.622 0.0000000000
71217  -36.830  14.435  7.691 0.0000000000
71757  -37.134  15.041  7.462 0.0000000000
72302  -39.014  17.034  7.150 0.0000000000
72310  -38.575  16.332  6.658 0.0000000000
71770  -38.695  15.031  5.506 0.0000000000
71786  -40.485  15.050  2.335 0.0000000000
72863  -43.668  17.827  10.996 0.0000000000
73502  -42.869  18.429  8.916 0.0000000000
73512  -43.495  18.464  8.341 0.0000000000
98673  -45.820  18.475  6.000 0.0000000000
101175  -44.522  18.391  6.067 0.0000000000
72909  -42.139  17.942  5.129 0.0000000000
72913  -41.071  17.209  3.360 0.0000000000
72920  -41.891  17.774  2.639 0.0000000000
100398  -41.341  17.351  2.769 0.0000000000
72335  -40.813  16.687  2.435 0.0000000000
71791  -41.002  15.369  1.685 0.0000000000
71267  -42.730  14.479  0.813 0.0000000000
71268  -43.843  14.092  0.281 0.0000000000
71798  -43.606  14.752  -0.235 0.0000000000
70676  -42.962  13.756  -1.637 0.0000000000
107030  -44.223  16.898  -1.412 0.0000000000
71819  -44.823  15.791  -2.868 0.0000000000
71818  -44.621  15.192  -2.078 0.0000000000
110876  -44.255  14.755  -2.124 0.0000000000
70684  -42.091  13.349  -2.756 0.0000000000
112022  -41.833  13.433  -6.217 0.0000000000
72382  -41.463  16.074  -6.329 0.0000000000
74267  -41.893  19.890  -0.851 0.0000000000
74994  -41.310  20.346  -2.473 0.0000000000
75012  -40.229  21.079  -4.350 0.0000000000
112245  -39.672  19.807  1.045 0.0000000000
106178  -39.715  20.531  -1.346 0.0000000000
94770  -39.029  20.952  -1.613 0.0000000000
74993  -39.705  20.914  -2.324 0.0000000000
75002  -39.525  21.295  -3.592 0.0000000000
75011  -39.200  21.313  -4.666 0.0000000000
74304  -38.286  19.921  -5.026 0.0000000000
74293  -37.863  19.340  -4.163 0.0000000000
74292  -36.946  19.598  -3.977 0.0000000000
73610  -35.588  18.958  -0.592 0.0000000000
75583  -34.823  21.662  -2.832 0.0000000000
75589  -34.152  21.199  -2.990 0.0000000000
74991  -33.805  20.802  -2.851 0.0000000000
76559  -38.461  23.227  6.838 0.0000000000
76061  -37.825  22.752  6.392 0.0000000000
75518  -37.169  22.057  6.078 0.0000000000
76567  -36.461  22.957  5.509 0.0000000000
75532  -36.041  21.926  5.050 0.0000000000
75544  -35.781  21.740  4.261 0.0000000000
75548  -34.907  22.151  2.916 0.0000000000
76080  -34.972  22.922  3.970 0.0000000000
76100  -33.811  22.659  1.263 0.0000000000
65963  -39.998  6.525  14.830 0.0000000000
67344  -38.100  8.010  16.970 0.0000000000
70045  -43.631  12.881  0.940 0.0000000000
70632  -38.828  13.861  5.023 0.0000000000
71311  -41.443  14.872  -7.032 0.0000000000
72818  -47.227  17.848  14.336 0.0000000000
74229  -47.580  19.630  2.786 0.0000000000
74257  -43.367  20.175  -0.360 0.0000000000
74899  -47.078  20.139  5.162 0.0000000000
74957  -41.461  19.835  1.615 0.0000000000
74961  -47.122  20.170  1.088 0.0000000000
74978  -31.916  21.249  -1.252 0.0000000000
103547  -44.034  19.818  -2.536 0.0000000000
110733  -42.354  18.125  -5.625 0.0000000000
111315  -47.218  19.954  7.571 0.0000000000
111449  -47.683  17.893  12.412 0.0000000000
111924  -36.937  21.314  -4.187 0.0000000000
112093  -45.420  18.032  10.174 0.0000000000
