#!ascii label  , from subject sub-v1s23x0050569_ses-1 vox2ras=TkReg
1056
81946  40.036  24.407  -0.713 0.0000000000
82831  44.457  26.411  2.036 0.0000000000
78649  44.049  18.305  11.767 0.0000000000
81410  35.108  22.902  1.703 0.0000000000
80291  38.372  21.348  6.700 0.0000000000
110512  42.175  25.431  -4.556 0.0000000000
83256  40.376  27.444  5.838 0.0000000000
103130  40.702  31.665  1.346 0.0000000000
76373  48.279  14.617  8.399 0.0000000000
75703  45.985  14.013  3.778 0.0000000000
80894  46.239  21.886  -2.049 0.0000000000
80823  43.035  21.716  6.486 0.0000000000
81848  46.064  25.011  7.918 0.0000000000
79140  48.205  19.545  15.699 0.0000000000
99145  41.340  36.050  0.926 0.0000000000
84374  46.145  29.238  -2.185 0.0000000000
77102  41.088  15.033  7.803 0.0000000000
81934  36.913  24.018  0.171 0.0000000000
81376  36.738  23.450  4.593 0.0000000000
81879  38.640  24.603  3.727 0.0000000000
80913  39.850  21.389  -5.230 0.0000000000
81469  36.938  21.166  -3.179 0.0000000000
115441  37.010  28.639  4.015 0.0000000000
74443  46.674  11.706  6.156 0.0000000000
75683  49.172  14.065  4.605 0.0000000000
105158  50.233  11.614  4.811 0.0000000000
87877  42.331  37.377  -3.839 0.0000000000
115188  47.479  23.478  -0.551 0.0000000000
98739  47.268  22.830  2.590 0.0000000000
109581  47.419  25.377  4.513 0.0000000000
81312  45.327  24.358  14.270 0.0000000000
81307  47.336  23.314  14.152 0.0000000000
79129  45.702  19.134  16.096 0.0000000000
76312  47.029  14.499  14.593 0.0000000000
83810  41.989  28.396  1.066 0.0000000000
85300  43.375  31.084  -0.160 0.0000000000
82858  44.033  26.854  -1.526 0.0000000000
101630  46.143  24.249  -3.777 0.0000000000
80269  43.039  20.754  9.289 0.0000000000
79181  41.323  19.460  8.727 0.0000000000
77676  42.700  16.807  10.237 0.0000000000
79217  37.184  19.748  5.372 0.0000000000
78216  38.389  17.320  6.073 0.0000000000
84390  43.747  29.851  -4.582 0.0000000000
83325  41.193  28.146  -3.014 0.0000000000
82801  42.716  26.802  4.318 0.0000000000
82783  45.729  27.036  6.327 0.0000000000
113151  35.422  35.199  2.768 0.0000000000
108038  38.709  34.993  2.879 0.0000000000
83801  40.088  28.617  2.547 0.0000000000
77672  48.073  16.390  10.239 0.0000000000
77088  45.013  15.743  8.583 0.0000000000
76388  48.091  15.718  6.447 0.0000000000
97621  48.934  14.679  2.523 0.0000000000
81438  42.209  23.983  -1.115 0.0000000000
115593  42.008  24.198  2.616 0.0000000000
81897  44.026  23.350  2.168 0.0000000000
80816  44.869  22.324  6.990 0.0000000000
80805  44.456  22.110  11.170 0.0000000000
82317  47.374  26.299  9.043 0.0000000000
80803  46.565  22.847  11.857 0.0000000000
78634  45.761  18.335  13.595 0.0000000000
77065  48.869  15.042  13.250 0.0000000000
75659  46.309  13.593  9.337 0.0000000000
115392  39.942  37.302  -2.955 0.0000000000
86581  42.537  34.126  -1.962 0.0000000000
86144  45.169  33.216  0.619 0.0000000000
85328  45.287  31.314  -2.228 0.0000000000
82878  45.062  26.349  -5.662 0.0000000000
81483  44.108  22.417  -5.614 0.0000000000
80289  40.986  21.795  6.992 0.0000000000
78669  39.082  18.376  7.997 0.0000000000
77123  40.288  15.751  4.943 0.0000000000
97984  43.164  14.290  5.994 0.0000000000
81948  38.072  24.026  -0.800 0.0000000000
97670  38.319  24.855  1.982 0.0000000000
97400  39.241  24.896  1.866 0.0000000000
81453  39.778  23.050  -2.336 0.0000000000
80903  38.281  21.196  -4.206 0.0000000000
81959  38.385  23.318  -1.563 0.0000000000
81960  37.404  22.607  -1.524 0.0000000000
103489  46.765  10.713  6.400 0.0000000000
73827  49.066  11.394  5.419 0.0000000000
73816  49.672  10.564  5.900 0.0000000000
112379  38.282  14.928  4.092 0.0000000000
97200  45.636  25.325  0.568 0.0000000000
82338  47.568  24.404  2.712 0.0000000000
82339  46.682  25.647  3.050 0.0000000000
80242  44.163  21.706  13.757 0.0000000000
116594  45.494  21.212  14.824 0.0000000000
82832  43.663  26.750  1.251 0.0000000000
83302  43.168  27.334  -0.453 0.0000000000
114340  44.606  25.864  0.187 0.0000000000
82374  45.310  25.221  -0.377 0.0000000000
79170  43.247  19.683  10.994 0.0000000000
78655  42.674  18.512  10.628 0.0000000000
77675  43.525  17.005  10.669 0.0000000000
109252  34.624  22.173  2.934 0.0000000000
80845  35.381  22.011  4.200 0.0000000000
80836  37.660  22.469  5.748 0.0000000000
80292  37.338  21.022  5.604 0.0000000000
79202  37.755  19.843  5.889 0.0000000000
100066  37.949  17.968  5.882 0.0000000000
79201  38.059  19.162  6.362 0.0000000000
83333  43.135  27.820  -4.329 0.0000000000
100119  42.190  27.969  -3.527 0.0000000000
82872  41.733  26.324  -3.745 0.0000000000
81936  35.445  22.205  0.234 0.0000000000
81421  34.243  21.831  1.006 0.0000000000
83255  41.159  27.186  5.585 0.0000000000
83245  42.682  27.582  6.718 0.0000000000
83238  42.226  28.256  7.311 0.0000000000
115496  38.999  27.504  4.954 0.0000000000
83795  38.441  28.462  3.537 0.0000000000
83263  40.254  27.425  4.340 0.0000000000
83270  41.281  27.550  3.359 0.0000000000
111232  48.983  15.684  9.689 0.0000000000
77086  47.725  16.104  7.832 0.0000000000
76381  48.647  15.372  7.263 0.0000000000
75048  50.260  13.126  3.768 0.0000000000
75701  49.342  14.599  3.716 0.0000000000
75710  50.133  13.750  1.998 0.0000000000
99952  44.059  23.229  -1.036 0.0000000000
81943  43.195  23.918  0.232 0.0000000000
102170  45.453  22.855  0.739 0.0000000000
81348  47.173  23.492  5.584 0.0000000000
80830  46.055  22.287  4.980 0.0000000000
81346  45.372  23.266  7.105 0.0000000000
81342  44.036  23.047  8.945 0.0000000000
81338  44.864  23.849  9.549 0.0000000000
83735  46.125  29.564  8.826 0.0000000000
83233  47.386  27.934  7.921 0.0000000000
82768  46.295  27.630  9.836 0.0000000000
80222  48.144  21.471  15.216 0.0000000000
80790  47.741  22.661  13.308 0.0000000000
80241  48.066  21.178  14.073 0.0000000000
79667  46.034  20.652  12.949 0.0000000000
78633  46.814  18.399  14.540 0.0000000000
98110  46.882  16.445  13.500 0.0000000000
77639  48.173  16.704  15.800 0.0000000000
76338  44.981  14.403  12.801 0.0000000000
76337  46.502  14.373  12.441 0.0000000000
99167  40.144  36.882  -1.728 0.0000000000
87013  40.693  36.125  -2.083 0.0000000000
86578  41.743  34.912  -0.573 0.0000000000
86132  39.994  33.974  2.904 0.0000000000
86548  41.246  36.201  3.569 0.0000000000
86138  42.592  33.607  2.695 0.0000000000
84870  44.789  30.100  -0.862 0.0000000000
85292  44.860  31.679  0.245 0.0000000000
85291  45.714  31.889  -0.041 0.0000000000
85732  45.466  32.405  -0.828 0.0000000000
84886  46.150  30.229  -1.817 0.0000000000
84388  45.750  29.453  -3.776 0.0000000000
83332  46.473  27.621  -4.065 0.0000000000
81461  46.387  22.391  -3.441 0.0000000000
81481  45.630  22.817  -4.938 0.0000000000
80900  44.934  22.141  -3.834 0.0000000000
81464  42.457  22.568  -3.425 0.0000000000
81370  42.582  23.476  4.249 0.0000000000
114909  40.947  23.867  4.865 0.0000000000
80824  42.074  22.467  6.200 0.0000000000
77686  40.670  16.916  9.132 0.0000000000
79182  40.487  19.082  8.590 0.0000000000
101515  39.597  16.542  7.951 0.0000000000
77110  39.683  16.016  6.237 0.0000000000
77103  40.184  15.412  6.768 0.0000000000
112241  45.840  15.017  6.166 0.0000000000
98475  44.408  14.923  7.176 0.0000000000
76421  44.628  13.984  4.803 0.0000000000
81921  36.303  24.188  1.557 0.0000000000
81393  36.155  23.727  3.797 0.0000000000
112398  37.296  24.603  2.950 0.0000000000
81869  38.007  24.291  4.357 0.0000000000
80835  38.489  22.944  5.988 0.0000000000
81486  40.282  22.608  -6.212 0.0000000000
81950  36.314  22.425  -0.545 0.0000000000
75674  47.551  13.810  7.359 0.0000000000
75676  48.383  14.753  6.390 0.0000000000
75042  47.967  13.145  5.511 0.0000000000
74452  49.428  12.318  4.827 0.0000000000
80888  47.537  22.059  -1.528 0.0000000000
100567  47.028  22.466  0.267 0.0000000000
81915  47.936  23.169  0.815 0.0000000000
115903  47.683  24.170  3.820 0.0000000000
82330  47.559  25.165  5.950 0.0000000000
111109  44.875  26.222  12.065 0.0000000000
82306  45.915  25.604  12.253 0.0000000000
81817  46.081  24.551  14.171 0.0000000000
102882  47.136  22.541  14.860 0.0000000000
79127  48.002  19.363  16.098 0.0000000000
77043  48.121  16.192  16.152 0.0000000000
77634  47.010  16.736  16.431 0.0000000000
76308  45.711  14.634  15.071 0.0000000000
76339  43.905  14.438  13.170 0.0000000000
87435  39.706  36.754  0.185 0.0000000000
84346  40.972  30.333  0.781 0.0000000000
85294  42.370  31.766  0.601 0.0000000000
84344  42.175  29.295  -0.107 0.0000000000
84376  43.678  29.277  -1.039 0.0000000000
83315  44.778  27.387  -2.184 0.0000000000
82862  46.225  26.699  -3.793 0.0000000000
82383  45.064  25.552  -2.127 0.0000000000
81955  47.123  23.019  -2.094 0.0000000000
80273  43.589  21.098  7.809 0.0000000000
114961  42.242  20.609  7.740 0.0000000000
79176  42.244  19.578  9.528 0.0000000000
78180  41.448  17.773  9.761 0.0000000000
77081  41.379  15.772  8.998 0.0000000000
75720  47.267  14.247  1.552 0.0000000000
75714  44.887  13.755  1.952 0.0000000000
98253  36.204  18.845  5.475 0.0000000000
80844  36.170  22.169  4.706 0.0000000000
114566  36.583  20.057  5.091 0.0000000000
107013  36.709  18.254  5.659 0.0000000000
78217  37.778  17.414  5.777 0.0000000000
78221  38.278  16.732  5.606 0.0000000000
77729  38.969  16.332  4.965 0.0000000000
111999  43.011  31.108  -4.428 0.0000000000
84392  41.670  29.796  -3.541 0.0000000000
82808  43.637  26.711  3.631 0.0000000000
82799  45.049  26.519  4.454 0.0000000000
82793  43.879  26.670  5.461 0.0000000000
83236  44.507  28.644  7.432 0.0000000000
83736  45.195  30.017  9.201 0.0000000000
83217  43.991  28.354  10.791 0.0000000000
82296  44.136  26.056  13.364 0.0000000000
86565  36.795  35.009  2.677 0.0000000000
97794  37.955  33.959  2.776 0.0000000000
85717  39.499  32.155  2.335 0.0000000000
84336  39.690  30.422  1.790 0.0000000000
83811  41.329  28.795  1.358 0.0000000000
83277  42.266  27.604  2.367 0.0000000000
100589  46.078  16.619  11.503 0.0000000000
77669  44.237  16.955  10.865 0.0000000000
77077  45.994  16.205  9.098 0.0000000000
77100  46.612  15.854  7.520 0.0000000000
76405  46.443  14.883  5.536 0.0000000000
76403  48.307  15.190  6.099 0.0000000000
117197  48.678  14.792  4.333 0.0000000000
75712  47.791  14.436  2.547 0.0000000000
81957  40.436  23.959  -1.502 0.0000000000
81919  40.734  24.771  1.311 0.0000000000
81929  42.378  24.274  0.795 0.0000000000
115205  43.354  23.584  2.429 0.0000000000
81369  43.618  22.849  4.522 0.0000000000
101874  46.287  22.563  2.945 0.0000000000
116432  45.365  22.348  4.563 0.0000000000
107696  44.411  21.789  6.762 0.0000000000
80814  43.871  21.817  8.260 0.0000000000
80263  43.191  20.888  10.379 0.0000000000
104774  43.686  19.937  11.522 0.0000000000
82791  46.489  26.536  5.675 0.0000000000
82781  47.259  26.508  6.956 0.0000000000
82322  47.058  25.641  8.575 0.0000000000
97132  46.832  25.285  10.738 0.0000000000
81839  46.944  24.759  10.563 0.0000000000
81840  46.146  24.376  10.116 0.0000000000
115826  45.455  22.677  11.350 0.0000000000
79668  44.908  20.681  12.314 0.0000000000
112032  44.629  18.299  12.348 0.0000000000
77659  45.653  16.988  12.505 0.0000000000
77666  48.534  15.521  11.996 0.0000000000
76355  48.876  15.071  10.683 0.0000000000
76322  48.291  14.660  13.879 0.0000000000
76348  47.819  14.454  11.450 0.0000000000
76365  47.878  14.374  9.324 0.0000000000
75675  46.498  13.084  7.808 0.0000000000
116666  41.571  37.707  -3.676 0.0000000000
87017  42.164  35.792  -3.375 0.0000000000
86584  42.908  34.216  -2.906 0.0000000000
85721  43.331  32.456  1.165 0.0000000000
103479  42.907  34.797  0.345 0.0000000000
86576  43.690  34.209  -0.125 0.0000000000
108557  44.027  33.335  -1.457 0.0000000000
85746  44.207  32.294  -2.592 0.0000000000
84901  44.075  30.339  -4.320 0.0000000000
83872  44.611  28.407  -5.280 0.0000000000
82879  44.241  25.953  -5.561 0.0000000000
82396  45.961  25.311  -4.797 0.0000000000
81977  44.264  23.771  -5.926 0.0000000000
81979  42.251  23.447  -6.286 0.0000000000
80923  41.404  21.668  -6.035 0.0000000000
81465  41.316  22.587  -3.269 0.0000000000
81877  40.472  24.625  3.081 0.0000000000
106153  40.044  23.613  5.477 0.0000000000
80290  39.222  21.805  6.867 0.0000000000
79696  41.500  20.465  7.881 0.0000000000
79188  39.882  19.664  8.148 0.0000000000
79190  38.448  19.688  7.211 0.0000000000
78208  38.749  17.241  6.530 0.0000000000
77721  39.220  16.446  5.350 0.0000000000
109769  43.622  15.881  9.419 0.0000000000
77090  42.674  15.202  8.408 0.0000000000
76391  42.333  14.453  6.488 0.0000000000
75705  43.997  13.650  3.305 0.0000000000
76408  41.749  14.452  5.658 0.0000000000
73825  51.134  10.455  5.123 0.0000000000
73837  50.363  10.589  4.135 0.0000000000
81947  39.051  24.265  -0.790 0.0000000000
81932  38.811  24.632  0.062 0.0000000000
98294  39.622  24.641  -0.038 0.0000000000
81958  39.413  23.722  -1.527 0.0000000000
81454  38.712  22.529  -2.364 0.0000000000
73817  48.087  10.627  6.123 0.0000000000
82368  45.724  25.590  1.524 0.0000000000
82352  47.005  25.026  2.068 0.0000000000
82353  45.637  25.975  2.467 0.0000000000
82846  44.565  26.093  1.007 0.0000000000
78650  43.363  18.328  11.169 0.0000000000
78171  43.934  17.566  11.237 0.0000000000
80858  34.703  22.541  2.421 0.0000000000
80846  34.810  22.003  3.550 0.0000000000
100619  35.280  22.712  3.535 0.0000000000
80827  37.750  21.610  6.115 0.0000000000
79706  37.837  20.700  6.259 0.0000000000
107976  38.100  20.016  6.560 0.0000000000
116168  42.608  26.274  -4.268 0.0000000000
109190  42.440  27.068  -3.829 0.0000000000
81420  34.982  21.972  0.535 0.0000000000
83246  41.530  27.567  6.530 0.0000000000
83239  41.273  28.189  7.263 0.0000000000
83257  39.535  27.492  5.387 0.0000000000
83264  39.393  27.536  4.521 0.0000000000
103349  40.355  27.291  5.104 0.0000000000
83262  41.059  27.167  4.644 0.0000000000
106209  48.710  15.286  8.902 0.0000000000
77075  48.525  15.907  8.529 0.0000000000
76372  48.661  15.386  7.970 0.0000000000
75062  50.366  13.190  2.454 0.0000000000
81449  44.745  22.522  -1.849 0.0000000000
81436  45.399  22.570  -0.985 0.0000000000
81345  46.344  24.155  6.852 0.0000000000
81349  46.619  23.156  6.064 0.0000000000
81849  45.299  24.075  7.706 0.0000000000
81341  44.697  23.805  8.446 0.0000000000
112659  45.456  24.533  8.406 0.0000000000
83228  45.824  29.166  9.583 0.0000000000
83227  46.704  28.629  9.081 0.0000000000
79126  48.320  20.480  15.315 0.0000000000
79654  48.293  21.270  14.861 0.0000000000
79148  48.091  19.998  14.781 0.0000000000
79141  47.635  19.216  14.886 0.0000000000
78626  48.043  18.627  15.704 0.0000000000
78145  47.599  17.746  15.377 0.0000000000
78144  48.110  17.912  16.090 0.0000000000
76358  44.095  14.128  11.130 0.0000000000
101067  39.843  36.957  -0.636 0.0000000000
115082  39.962  36.959  -1.170 0.0000000000
87010  40.338  36.282  -1.048 0.0000000000
87006  41.016  35.643  -0.228 0.0000000000
85716  40.500  32.384  2.076 0.0000000000
109122  40.861  33.923  2.939 0.0000000000
85715  41.642  32.567  1.785 0.0000000000
84375  45.211  29.377  -1.466 0.0000000000
84869  45.705  30.302  -1.106 0.0000000000
102126  46.118  29.972  -1.626 0.0000000000
84848  45.981  30.678  -1.182 0.0000000000
117198  46.225  29.641  -2.187 0.0000000000
84382  46.410  29.118  -2.946 0.0000000000
83864  46.432  28.383  -3.520 0.0000000000
98242  46.638  21.948  -2.819 0.0000000000
80899  45.939  22.142  -3.668 0.0000000000
81462  45.595  22.027  -2.878 0.0000000000
81463  44.201  22.493  -2.740 0.0000000000
80833  42.974  22.377  5.801 0.0000000000
81357  42.780  23.032  5.107 0.0000000000
99312  40.641  16.151  8.848 0.0000000000
77691  40.062  16.722  8.560 0.0000000000
77092  40.080  15.954  8.194 0.0000000000
114046  40.397  15.404  7.624 0.0000000000
96957  45.546  14.311  4.967 0.0000000000
76406  45.007  14.484  5.672 0.0000000000
75694  45.345  13.965  4.270 0.0000000000
98330  36.817  24.317  1.031 0.0000000000
81903  36.583  24.415  2.556 0.0000000000
81920  37.286  24.672  2.031 0.0000000000
81901  38.952  24.821  2.759 0.0000000000
81902  38.041  24.767  2.887 0.0000000000
81374  38.387  23.893  4.967 0.0000000000
81868  38.757  24.277  4.504 0.0000000000
80932  40.247  21.880  -6.255 0.0000000000
81981  39.437  22.914  -5.757 0.0000000000
80925  39.337  21.594  -5.889 0.0000000000
80904  37.335  21.248  -4.041 0.0000000000
80916  37.013  21.640  -4.599 0.0000000000
81949  37.166  23.368  -0.682 0.0000000000
81935  36.137  23.267  0.443 0.0000000000
75028  46.723  12.995  7.023 0.0000000000
75032  47.148  12.880  6.197 0.0000000000
74462  50.403  12.201  4.212 0.0000000000
74450  50.658  11.595  3.946 0.0000000000
87888  42.189  38.296  -3.953 0.0000000000
88301  42.333  39.455  -4.549 0.0000000000
81940  47.911  22.803  -0.419 0.0000000000
81926  47.991  22.881  0.127 0.0000000000
111020  47.527  25.050  3.682 0.0000000000
81864  47.630  24.446  4.469 0.0000000000
81860  47.524  24.339  5.369 0.0000000000
82333  47.494  25.249  5.234 0.0000000000
81818  45.041  25.007  14.225 0.0000000000
81825  45.922  24.968  13.749 0.0000000000
79642  46.038  20.095  15.783 0.0000000000
80236  46.619  21.789  15.057 0.0000000000
79655  46.344  20.901  15.464 0.0000000000
79641  47.197  20.448  15.975 0.0000000000
79128  47.196  19.684  16.205 0.0000000000
78137  47.045  17.649  16.478 0.0000000000
78138  45.963  17.217  16.439 0.0000000000
77635  45.205  15.588  15.745 0.0000000000
77045  44.757  14.910  15.264 0.0000000000
76324  44.688  14.465  13.822 0.0000000000
76325  43.721  14.515  14.101 0.0000000000
83829  41.709  29.104  0.540 0.0000000000
84345  41.725  29.927  0.155 0.0000000000
83828  42.237  28.604  0.191 0.0000000000
82852  43.615  26.808  -0.753 0.0000000000
83309  43.329  28.266  -1.087 0.0000000000
102296  43.541  27.443  -1.166 0.0000000000
83316  44.065  27.843  -1.662 0.0000000000
82857  44.788  26.464  -2.158 0.0000000000
82384  44.478  26.063  -1.556 0.0000000000
82373  46.713  24.384  -0.053 0.0000000000
81941  46.408  24.181  -1.161 0.0000000000
81447  47.606  22.235  -1.775 0.0000000000
80274  43.042  20.658  8.321 0.0000000000
79687  42.578  20.174  8.918 0.0000000000
78178  42.100  17.851  10.283 0.0000000000
78657  42.064  18.843  10.049 0.0000000000
111926  41.812  17.120  10.007 0.0000000000
77685  41.267  17.033  9.583 0.0000000000
99562  41.883  16.336  9.615 0.0000000000
79219  35.619  19.408  5.298 0.0000000000
102090  35.902  20.003  4.927 0.0000000000
81377  36.026  22.853  4.336 0.0000000000
99388  36.552  22.771  4.859 0.0000000000
79707  37.435  20.344  5.614 0.0000000000
79723  36.942  20.486  5.233 0.0000000000
105744  37.084  18.927  5.475 0.0000000000
108384  37.411  18.160  5.712 0.0000000000
108281  38.174  17.232  5.899 0.0000000000
85339  43.528  31.071  -4.124 0.0000000000
103483  43.205  30.056  -4.359 0.0000000000
83866  41.912  28.916  -3.453 0.0000000000
83867  40.834  29.118  -2.965 0.0000000000
82800  43.568  26.631  4.613 0.0000000000
83244  43.832  27.600  6.873 0.0000000000
83745  44.841  30.018  8.542 0.0000000000
82741  43.840  26.867  12.573 0.0000000000
86989  36.463  35.475  2.436 0.0000000000
86566  35.935  35.114  2.698 0.0000000000
114239  37.177  33.437  2.836 0.0000000000
102200  38.436  33.080  2.750 0.0000000000
85708  39.302  33.091  2.653 0.0000000000
83794  39.321  28.367  3.223 0.0000000000
116473  39.037  29.479  2.578 0.0000000000
84828  39.075  30.154  2.341 0.0000000000
84331  39.702  29.486  2.118 0.0000000000
83812  40.559  29.127  1.727 0.0000000000
83800  41.010  28.449  2.175 0.0000000000
82802  41.795  27.088  3.980 0.0000000000
83269  42.094  27.367  3.124 0.0000000000
82809  42.638  26.990  3.574 0.0000000000
82816  42.963  27.117  2.817 0.0000000000
77673  46.575  16.514  10.582 0.0000000000
77681  47.118  16.413  9.667 0.0000000000
77099  47.586  15.869  6.999 0.0000000000
76389  47.012  15.502  6.284 0.0000000000
76404  47.741  15.356  5.812 0.0000000000
75684  48.447  14.390  5.373 0.0000000000
76433  49.582  14.363  2.710 0.0000000000
76434  48.453  14.721  3.527 0.0000000000
75711  48.592  14.558  1.541 0.0000000000
81956  41.354  23.934  -1.516 0.0000000000
81945  41.178  24.395  -0.604 0.0000000000
81944  42.247  24.268  -0.140 0.0000000000
81419  44.496  23.282  1.440 0.0000000000
81928  43.302  23.843  1.088 0.0000000000
81390  43.529  23.216  3.580 0.0000000000
81408  43.974  23.226  2.776 0.0000000000
81417  47.322  22.673  1.114 0.0000000000
81406  46.871  22.651  1.970 0.0000000000
81388  46.895  22.599  3.587 0.0000000000
80821  45.910  22.388  5.779 0.0000000000
80822  45.067  22.048  6.281 0.0000000000
80831  45.015  22.219  5.450 0.0000000000
80817  44.127  21.713  7.369 0.0000000000
80807  43.912  22.366  10.349 0.0000000000
80809  43.675  22.250  9.378 0.0000000000
107325  43.665  21.686  10.619 0.0000000000
79678  43.434  20.425  11.086 0.0000000000
79677  44.072  20.585  11.685 0.0000000000
82792  45.117  26.668  5.401 0.0000000000
82798  46.160  26.436  4.748 0.0000000000
82774  47.540  27.162  8.414 0.0000000000
82777  47.509  26.937  7.672 0.0000000000
82321  47.422  26.288  8.118 0.0000000000
82325  47.343  26.067  7.237 0.0000000000
82318  47.040  25.503  9.444 0.0000000000
81824  46.486  25.021  12.727 0.0000000000
82305  46.625  25.266  11.735 0.0000000000
81834  47.079  24.230  12.628 0.0000000000
80791  47.382  22.967  12.497 0.0000000000
81329  47.151  23.612  11.986 0.0000000000
81333  46.716  24.153  11.144 0.0000000000
81330  46.061  23.329  11.233 0.0000000000
81334  45.431  23.667  10.443 0.0000000000
80258  45.640  22.116  11.826 0.0000000000
79155  45.976  19.868  13.394 0.0000000000
112151  45.129  20.091  12.733 0.0000000000
79156  45.078  19.389  12.811 0.0000000000
78642  45.112  18.643  12.892 0.0000000000
78153  45.298  17.870  12.977 0.0000000000
77658  48.153  15.579  13.354 0.0000000000
77069  48.895  15.316  11.279 0.0000000000
77064  48.897  15.074  12.305 0.0000000000
76306  47.829  14.817  15.363 0.0000000000
112302  48.387  15.269  15.399 0.0000000000
76311  48.477  14.809  14.860 0.0000000000
76357  46.691  14.188  10.666 0.0000000000
76366  46.940  14.012  9.958 0.0000000000
76356  47.989  14.496  10.291 0.0000000000
75669  46.327  13.285  8.548 0.0000000000
87890  39.060  37.609  -3.994 0.0000000000
87878  39.416  37.429  -3.288 0.0000000000
87866  40.713  37.306  -3.244 0.0000000000
87012  41.573  35.375  -2.492 0.0000000000
87450  41.260  36.294  -2.915 0.0000000000
86585  42.214  34.654  -2.472 0.0000000000
86589  42.594  34.979  -3.208 0.0000000000
85301  42.547  31.231  0.099 0.0000000000
85722  42.289  32.331  1.202 0.0000000000
85293  43.494  31.787  0.471 0.0000000000
85719  45.299  32.559  0.597 0.0000000000
85712  44.965  33.265  1.399 0.0000000000
86142  44.752  33.864  1.444 0.0000000000
86572  44.106  34.570  1.209 0.0000000000
86145  44.640  33.835  0.402 0.0000000000
85313  45.751  31.711  -1.154 0.0000000000
85733  44.578  32.718  -1.587 0.0000000000
85329  44.222  31.588  -3.181 0.0000000000
85338  44.563  30.841  -3.387 0.0000000000
83871  45.443  28.195  -5.177 0.0000000000
84400  45.341  28.926  -4.762 0.0000000000
83338  45.039  27.521  -5.574 0.0000000000
107777  44.473  26.926  -5.491 0.0000000000
82389  46.207  25.403  -3.940 0.0000000000
82871  46.231  26.131  -4.530 0.0000000000
105389  46.066  24.463  -4.374 0.0000000000
81482  44.962  22.634  -5.395 0.0000000000
81976  45.067  23.339  -5.557 0.0000000000
81493  43.655  22.796  -6.169 0.0000000000
81978  43.276  23.580  -6.265 0.0000000000
81484  42.935  22.218  -6.118 0.0000000000
80930  41.857  22.098  -6.308 0.0000000000
80922  42.231  21.894  -6.019 0.0000000000
100565  43.092  22.891  -2.665 0.0000000000
81451  42.084  23.372  -2.234 0.0000000000
81452  40.859  23.304  -2.289 0.0000000000
112585  41.261  24.648  1.963 0.0000000000
81899  40.602  24.761  2.237 0.0000000000
81898  41.370  24.443  2.696 0.0000000000
81351  41.319  23.031  5.991 0.0000000000
81352  40.466  23.129  6.037 0.0000000000
80834  39.425  23.235  5.938 0.0000000000
98525  40.042  22.459  6.620 0.0000000000
79691  41.673  19.966  8.366 0.0000000000
80278  41.931  21.084  7.361 0.0000000000
78664  39.885  18.285  8.522 0.0000000000
79183  39.639  18.950  8.280 0.0000000000
79698  39.169  20.273  7.608 0.0000000000
79189  39.021  19.292  7.864 0.0000000000
78670  38.505  18.734  7.283 0.0000000000
78191  38.785  17.781  7.339 0.0000000000
117292  39.369  16.458  5.778 0.0000000000
77124  39.747  16.151  5.396 0.0000000000
77728  39.668  16.089  4.791 0.0000000000
77133  40.248  15.749  4.136 0.0000000000
77078  44.579  16.009  9.363 0.0000000000
77683  43.950  16.451  10.123 0.0000000000
97832  44.083  14.473  6.280 0.0000000000
76374  43.261  14.912  7.747 0.0000000000
100724  43.295  14.557  6.851 0.0000000000
111444  42.396  14.859  7.850 0.0000000000
76383  42.600  14.646  7.283 0.0000000000
116313  44.649  13.673  2.717 0.0000000000
75715  43.987  13.698  2.342 0.0000000000
81933  37.830  24.427  0.094 0.0000000000
97397  37.629  24.638  1.060 0.0000000000
97398  38.603  24.817  1.027 0.0000000000
80902  39.369  21.444  -4.259 0.0000000000
80914  38.753  21.311  -5.081 0.0000000000
81467  39.020  21.788  -3.282 0.0000000000
81468  37.882  21.408  -3.328 0.0000000000
81455  37.626  21.853  -2.407 0.0000000000
81456  36.665  21.252  -2.331 0.0000000000
74442  47.563  11.441  5.826 0.0000000000
73826  50.549  10.959  5.228 0.0000000000
82367  47.266  24.388  0.989 0.0000000000
116084  46.859  25.845  3.672 0.0000000000
81313  44.598  23.466  13.903 0.0000000000
80785  45.804  23.480  14.409 0.0000000000
80237  45.275  21.811  14.397 0.0000000000
106638  42.961  27.327  1.413 0.0000000000
83303  42.700  28.030  -0.203 0.0000000000
83288  43.051  27.259  0.529 0.0000000000
82847  43.747  26.538  0.199 0.0000000000
82380  44.206  26.019  -0.719 0.0000000000
79681  43.031  20.121  10.541 0.0000000000
79171  42.667  19.432  10.384 0.0000000000
78177  43.012  17.626  10.738 0.0000000000
81362  37.165  23.056  5.207 0.0000000000
80837  36.815  22.184  5.193 0.0000000000
104865  37.238  21.711  5.554 0.0000000000
79216  37.629  19.151  5.715 0.0000000000
78696  37.598  18.604  5.767 0.0000000000
78695  37.888  18.614  5.960 0.0000000000
78192  38.267  18.106  6.413 0.0000000000
83873  43.750  28.626  -4.877 0.0000000000
83865  42.876  28.779  -4.134 0.0000000000
83334  41.461  27.218  -3.250 0.0000000000
81430  34.761  21.258  -0.536 0.0000000000
80874  34.276  21.203  -0.239 0.0000000000
99977  33.487  21.414  0.994 0.0000000000
80867  33.970  21.822  2.048 0.0000000000
82795  41.928  26.881  4.938 0.0000000000
82794  42.884  26.734  5.238 0.0000000000
83254  42.193  26.984  5.914 0.0000000000
83785  38.107  28.000  4.102 0.0000000000
97178  37.652  28.567  3.777 0.0000000000
83273  38.904  27.880  3.903 0.0000000000
83272  39.713  27.751  3.755 0.0000000000
83793  40.062  28.049  3.185 0.0000000000
83279  40.743  28.009  2.894 0.0000000000
83271  40.498  27.672  3.573 0.0000000000
97060  40.975  27.371  3.979 0.0000000000
77671  48.820  16.067  10.070 0.0000000000
77680  48.415  16.263  9.458 0.0000000000
77085  48.357  15.764  7.505 0.0000000000
77098  48.365  15.741  6.944 0.0000000000
75693  49.683  14.034  4.058 0.0000000000
75056  50.123  13.800  3.143 0.0000000000
81450  43.308  23.307  -1.692 0.0000000000
81437  43.143  23.799  -0.650 0.0000000000
96928  44.158  23.410  -0.295 0.0000000000
81428  44.255  23.436  0.539 0.0000000000
81366  47.382  23.404  4.878 0.0000000000
81367  46.892  22.623  4.498 0.0000000000
81356  46.748  22.741  5.333 0.0000000000
81350  45.716  22.796  6.478 0.0000000000
80813  44.352  22.537  7.861 0.0000000000
99440  44.829  23.200  7.578 0.0000000000
81335  44.297  23.112  9.949 0.0000000000
83235  45.744  28.774  7.454 0.0000000000
83242  46.340  27.835  6.991 0.0000000000
83230  46.825  28.833  8.343 0.0000000000
83226  47.244  28.068  8.579 0.0000000000
82314  46.975  26.654  9.619 0.0000000000
80778  48.030  22.015  14.744 0.0000000000
81318  47.458  23.433  13.172 0.0000000000
80784  47.806  22.637  14.147 0.0000000000
114632  47.695  22.106  13.195 0.0000000000
102737  47.302  21.448  13.220 0.0000000000
80249  47.053  22.234  12.538 0.0000000000
79661  47.356  20.498  13.850 0.0000000000
79149  47.024  19.695  14.157 0.0000000000
79150  46.052  19.039  13.754 0.0000000000
78152  46.301  17.759  14.054 0.0000000000
77640  47.196  16.915  14.610 0.0000000000
77650  48.052  15.869  14.598 0.0000000000
77061  48.761  15.124  14.365 0.0000000000
76323  45.941  14.426  13.582 0.0000000000
112721  47.255  14.421  13.463 0.0000000000
76349  46.274  14.296  11.422 0.0000000000
113828  39.366  37.405  -1.713 0.0000000000
87850  39.953  37.214  -2.230 0.0000000000
87451  40.598  36.890  -2.605 0.0000000000
87009  41.015  35.356  -1.425 0.0000000000
86582  41.792  34.678  -1.688 0.0000000000
86563  39.720  34.942  3.091 0.0000000000
86549  40.327  35.742  3.373 0.0000000000
86562  40.957  35.006  3.326 0.0000000000
86131  41.969  34.399  3.230 0.0000000000
109337  44.262  30.705  -0.429 0.0000000000
85725  45.571  32.523  -0.009 0.0000000000
85724  45.784  31.978  -0.437 0.0000000000
85327  45.946  30.970  -1.472 0.0000000000
84887  45.679  30.555  -2.473 0.0000000000
84900  45.138  30.151  -3.610 0.0000000000
84899  46.067  29.804  -2.703 0.0000000000
83870  46.180  28.306  -4.460 0.0000000000
83337  45.887  27.626  -5.006 0.0000000000
81968  46.181  23.244  -4.237 0.0000000000
81474  45.945  22.442  -4.208 0.0000000000
80909  45.206  22.333  -4.693 0.0000000000
80910  44.073  22.202  -4.840 0.0000000000
81475  42.869  22.104  -4.674 0.0000000000
80901  43.635  22.385  -3.720 0.0000000000
81391  42.237  23.904  3.259 0.0000000000
81392  41.731  23.927  4.066 0.0000000000
81371  41.695  23.641  4.840 0.0000000000
81358  41.958  23.096  5.609 0.0000000000
80825  41.137  22.497  6.464 0.0000000000
79178  41.069  18.908  9.009 0.0000000000
78663  40.646  18.340  8.950 0.0000000000
77692  39.418  17.394  8.149 0.0000000000
77696  39.189  16.899  7.323 0.0000000000
77104  39.666  16.041  7.287 0.0000000000
77109  40.219  15.536  5.858 0.0000000000
76382  45.376  15.509  7.765 0.0000000000
77101  44.185  15.303  8.093 0.0000000000
76390  44.996  14.823  6.445 0.0000000000
76407  43.885  14.133  5.402 0.0000000000
81904  35.774  23.933  2.160 0.0000000000
81394  35.454  23.454  2.833 0.0000000000
81882  36.086  24.152  3.005 0.0000000000
81881  36.797  24.359  3.426 0.0000000000
81870  37.109  24.157  4.197 0.0000000000
81880  37.651  24.528  3.640 0.0000000000
81375  37.562  23.744  4.822 0.0000000000
81361  37.974  23.307  5.419 0.0000000000
80826  38.393  22.161  6.355 0.0000000000
82409  41.526  24.409  -5.263 0.0000000000
115913  40.796  24.714  -4.718 0.0000000000
81969  39.538  24.049  -4.986 0.0000000000
112165  38.385  21.533  -5.544 0.0000000000
81439  36.482  21.628  -1.471 0.0000000000
81440  35.593  21.153  -1.445 0.0000000000
81429  35.475  21.643  -0.536 0.0000000000
81922  35.613  23.220  1.128 0.0000000000
83778  37.030  27.917  5.132 0.0000000000
83258  38.533  27.641  5.365 0.0000000000
83249  39.034  27.827  6.292 0.0000000000
75667  48.395  14.683  7.646 0.0000000000
75677  47.780  13.879  6.674 0.0000000000
75685  48.082  13.960  6.060 0.0000000000
75041  48.819  13.268  4.934 0.0000000000
74453  48.244  12.241  5.334 0.0000000000
75040  49.688  13.209  4.381 0.0000000000
75047  50.455  12.350  3.652 0.0000000000
80889  46.917  21.945  -1.427 0.0000000000
80881  46.561  22.319  -0.589 0.0000000000
80880  47.442  22.271  -0.847 0.0000000000
81416  47.834  22.834  0.545 0.0000000000
81405  47.711  22.927  1.556 0.0000000000
82351  47.686  23.726  1.766 0.0000000000
81896  47.686  23.373  2.469 0.0000000000
81387  47.558  23.057  3.133 0.0000000000
81857  47.209  24.206  6.076 0.0000000000
81853  47.262  25.182  6.595 0.0000000000
82769  45.479  26.848  10.812 0.0000000000
81816  46.932  24.071  13.776 0.0000000000
80781  46.181  22.632  14.604 0.0000000000
80780  46.847  23.191  14.578 0.0000000000
80779  47.567  22.630  14.647 0.0000000000
80235  47.714  21.988  15.108 0.0000000000
79640  48.047  20.257  15.875 0.0000000000
78617  48.108  18.639  16.054 0.0000000000
78136  47.872  17.877  16.316 0.0000000000
77627  47.983  17.190  16.406 0.0000000000
111945  47.600  15.300  15.798 0.0000000000
100785  46.127  15.124  15.597 0.0000000000
99149  45.497  14.494  14.403 0.0000000000
87007  40.440  36.368  0.339 0.0000000000
116271  40.935  31.060  0.826 0.0000000000
85287  41.490  31.742  0.901 0.0000000000
84836  41.644  30.936  0.313 0.0000000000
84851  42.411  30.545  -0.177 0.0000000000
84362  42.692  29.765  -0.477 0.0000000000
83843  42.724  28.910  -0.561 0.0000000000
84361  43.617  30.005  -0.738 0.0000000000
83851  44.213  28.604  -1.505 0.0000000000
83850  45.227  28.400  -2.098 0.0000000000
83859  45.692  27.813  -2.645 0.0000000000
83323  46.269  27.748  -3.312 0.0000000000
83324  45.547  26.990  -2.845 0.0000000000
82863  45.576  25.964  -2.998 0.0000000000
81965  45.754  24.842  -2.955 0.0000000000
82379  45.032  25.284  -1.327 0.0000000000
81942  45.752  24.447  -2.191 0.0000000000
81964  46.441  23.406  -3.180 0.0000000000
81448  47.110  22.248  -2.569 0.0000000000
80893  47.244  21.887  -2.078 0.0000000000
80276  43.658  21.379  7.061 0.0000000000
80287  42.828  21.218  7.040 0.0000000000
80277  42.912  20.823  7.633 0.0000000000
79690  42.353  20.325  8.198 0.0000000000
79688  41.992  19.776  8.807 0.0000000000
78658  41.630  18.436  9.786 0.0000000000
79177  41.623  19.098  9.331 0.0000000000
113485  41.143  16.408  9.287 0.0000000000
109376  46.556  13.964  2.504 0.0000000000
113367  45.508  13.765  2.565 0.0000000000
75721  45.970  13.917  1.684 0.0000000000
80300  35.934  21.390  4.686 0.0000000000
104452  36.713  21.282  5.125 0.0000000000
79724  36.275  20.633  4.905 0.0000000000
79218  36.474  19.507  5.219 0.0000000000
78218  37.022  17.368  5.769 0.0000000000
77730  38.133  15.946  5.095 0.0000000000
84391  42.649  29.644  -4.040 0.0000000000
84903  42.487  30.580  -4.108 0.0000000000
82398  41.055  25.418  -4.117 0.0000000000
82873  40.679  26.393  -3.258 0.0000000000
82814  44.605  26.502  2.979 0.0000000000
82807  44.784  26.477  3.730 0.0000000000
104757  44.315  26.579  4.832 0.0000000000
82784  44.424  26.978  6.261 0.0000000000
82785  43.266  26.981  6.140 0.0000000000
83243  45.088  27.748  6.891 0.0000000000
83756  45.181  29.619  7.962 0.0000000000
113597  45.527  29.874  8.557 0.0000000000
83216  45.093  28.164  10.371 0.0000000000
110804  44.259  27.227  11.268 0.0000000000
82290  44.237  25.554  13.980 0.0000000000
86564  37.723  35.018  2.745 0.0000000000
86121  37.042  34.228  2.745 0.0000000000
86133  39.006  33.986  2.846 0.0000000000
85707  40.220  33.131  2.574 0.0000000000
85289  39.886  31.415  1.753 0.0000000000
84326  37.993  29.161  3.315 0.0000000000
110290  39.202  31.061  2.197 0.0000000000
85288  40.343  30.766  1.246 0.0000000000
84833  40.337  29.907  1.390 0.0000000000
84335  41.076  29.540  0.943 0.0000000000
83278  41.532  27.841  2.624 0.0000000000
83290  41.765  28.159  1.881 0.0000000000
112122  42.384  27.790  1.613 0.0000000000
82833  42.809  27.374  2.081 0.0000000000
82815  43.801  26.735  2.730 0.0000000000
77668  44.881  17.119  11.490 0.0000000000
77674  45.133  16.739  10.770 0.0000000000
77682  45.476  16.423  9.959 0.0000000000
77076  47.588  16.281  8.736 0.0000000000
77087  46.389  16.023  8.243 0.0000000000
106493  45.942  15.379  6.896 0.0000000000
76420  46.509  14.461  4.544 0.0000000000
75673  48.420  14.730  7.015 0.0000000000
76387  48.477  15.354  6.744 0.0000000000
114589  48.971  14.568  4.531 0.0000000000
76418  48.296  14.890  5.171 0.0000000000
110880  47.476  14.971  5.152 0.0000000000
75702  47.008  14.299  3.514 0.0000000000
81931  40.459  24.673  0.257 0.0000000000
81930  41.444  24.564  0.515 0.0000000000
81918  41.693  24.522  1.395 0.0000000000
81917  42.512  24.170  1.618 0.0000000000
81409  42.605  23.965  2.402 0.0000000000
110603  43.094  23.582  2.891 0.0000000000
80832  43.857  22.367  5.322 0.0000000000
81418  46.206  22.666  1.331 0.0000000000
81407  45.277  22.864  2.294 0.0000000000
80843  46.226  22.401  4.283 0.0000000000
81389  45.748  22.459  3.794 0.0000000000
97781  44.890  22.780  3.253 0.0000000000
114864  44.484  22.423  4.782 0.0000000000
80286  44.071  21.965  6.223 0.0000000000
80268  43.419  21.270  8.721 0.0000000000
101194  43.341  21.603  9.827 0.0000000000
79165  43.687  19.141  11.542 0.0000000000
82806  46.004  26.288  3.846 0.0000000000
82797  47.144  25.977  5.047 0.0000000000
82782  46.845  26.912  6.551 0.0000000000
82790  47.327  25.992  6.018 0.0000000000
114194  47.369  25.771  6.526 0.0000000000
82326  46.976  25.524  7.500 0.0000000000
82754  46.141  25.879  11.309 0.0000000000
107816  46.565  26.327  10.353 0.0000000000
82315  47.013  25.797  9.817 0.0000000000
81835  46.930  24.629  11.588 0.0000000000
114925  47.013  25.195  10.097 0.0000000000
111477  46.766  24.910  9.787 0.0000000000
81844  46.333  25.098  8.920 0.0000000000
81845  45.577  24.528  9.206 0.0000000000
80804  44.837  22.910  10.749 0.0000000000
80250  45.889  21.419  12.411 0.0000000000
80259  44.712  21.379  11.778 0.0000000000
79164  44.308  19.826  12.155 0.0000000000
78643  44.393  18.933  12.247 0.0000000000
78170  44.666  17.715  12.034 0.0000000000
100164  47.656  16.292  11.195 0.0000000000
77667  47.109  16.209  12.331 0.0000000000
77665  48.718  15.959  10.764 0.0000000000
111310  48.998  15.653  10.447 0.0000000000
76364  48.756  15.017  9.756 0.0000000000
77051  48.397  15.424  15.274 0.0000000000
77060  48.845  14.987  14.163 0.0000000000
76336  48.134  14.540  12.733 0.0000000000
76347  48.806  14.912  11.953 0.0000000000
75668  47.398  13.822  8.093 0.0000000000
75033  46.133  12.153  6.737 0.0000000000
87454  41.336  37.101  -3.309 0.0000000000
87453  41.916  36.587  -3.467 0.0000000000
86588  43.532  34.426  -3.900 0.0000000000
86171  43.543  33.576  -3.507 0.0000000000
87004  41.204  36.380  1.549 0.0000000000
85714  43.041  33.000  1.953 0.0000000000
85720  44.528  32.543  1.027 0.0000000000
113875  43.340  35.470  1.814 0.0000000000
86573  42.060  35.495  0.732 0.0000000000
86577  42.600  34.356  -0.892 0.0000000000
86148  45.015  33.192  -0.422 0.0000000000
86146  43.350  33.870  -1.231 0.0000000000
86158  43.255  33.613  -2.327 0.0000000000
86157  43.863  32.941  -2.744 0.0000000000
85757  43.860  32.229  -3.611 0.0000000000
84389  44.626  29.651  -4.508 0.0000000000
84401  44.200  29.169  -4.940 0.0000000000
83339  44.103  27.744  -5.238 0.0000000000
82880  43.492  26.791  -4.784 0.0000000000
82397  43.260  25.607  -5.091 0.0000000000
108983  46.117  26.901  -4.685 0.0000000000
82877  45.774  26.201  -5.169 0.0000000000
81975  45.680  24.083  -5.044 0.0000000000
108912  45.023  24.335  -5.626 0.0000000000
82406  44.648  25.111  -5.740 0.0000000000
82407  43.812  24.725  -5.853 0.0000000000
82408  42.782  24.493  -5.728 0.0000000000
81987  41.816  22.657  -6.470 0.0000000000
80931  40.988  21.810  -6.278 0.0000000000
80912  40.993  21.506  -5.356 0.0000000000
80911  42.049  21.777  -5.500 0.0000000000
81476  41.722  21.994  -4.427 0.0000000000
81477  40.554  21.765  -4.318 0.0000000000
81466  40.161  22.315  -3.252 0.0000000000
97401  40.013  24.895  1.793 0.0000000000
81900  39.810  24.831  2.539 0.0000000000
81878  39.602  24.672  3.412 0.0000000000
81865  41.002  24.076  4.358 0.0000000000
81866  40.319  24.429  3.945 0.0000000000
81867  39.468  24.393  4.275 0.0000000000
107588  39.096  22.558  6.392 0.0000000000
80279  40.756  21.133  7.489 0.0000000000
79692  40.887  19.853  8.285 0.0000000000
79697  40.312  20.443  7.856 0.0000000000
102332  40.120  21.710  7.135 0.0000000000
80280  39.720  21.105  7.411 0.0000000000
80281  38.916  21.057  7.213 0.0000000000
79699  38.409  20.550  7.023 0.0000000000
77711  39.260  16.594  6.472 0.0000000000
78215  38.964  16.838  5.997 0.0000000000
77684  42.882  16.024  9.629 0.0000000000
77079  43.089  15.559  8.991 0.0000000000
77080  42.248  15.619  9.042 0.0000000000
76375  41.747  15.171  8.310 0.0000000000
76384  41.744  14.709  7.367 0.0000000000
75704  45.110  13.746  3.416 0.0000000000
75695  44.513  13.753  4.040 0.0000000000
76422  43.660  13.813  4.365 0.0000000000
103682  43.165  13.753  2.755 0.0000000000
76435  43.141  13.750  3.572 0.0000000000
97015  42.990  14.057  5.135 0.0000000000
115595  42.486  14.287  5.667 0.0000000000
76392  41.337  14.642  6.435 0.0000000000
76393  40.664  14.985  6.360 0.0000000000
76409  40.877  14.907  5.515 0.0000000000
73815  50.948  10.314  5.651 0.0000000000
73835  51.065  10.525  4.821 0.0000000000
74451  50.806  11.121  4.600 0.0000000000
73836  50.855  10.898  4.338 0.0000000000
74454  47.388  12.200  5.731 0.0000000000
75658  47.261  13.865  8.756 0.0000000000
75713  46.012  13.879  3.156 0.0000000000
76307  46.868  14.776  15.376 0.0000000000
76313  44.558  14.603  14.675 0.0000000000
76335  48.809  14.917  13.095 0.0000000000
76385  40.857  14.904  7.103 0.0000000000
76419  47.831  14.761  4.430 0.0000000000
76461  49.163  14.433  0.691 0.0000000000
77044  46.748  15.838  16.160 0.0000000000
77050  48.746  15.037  14.879 0.0000000000
77089  43.395  15.293  8.419 0.0000000000
77091  40.843  15.495  8.370 0.0000000000
77722  38.644  16.716  5.732 0.0000000000
78161  46.076  17.228  13.506 0.0000000000
78181  40.892  17.688  9.308 0.0000000000
78186  40.250  17.554  8.797 0.0000000000
78618  47.259  18.647  16.370 0.0000000000
78659  41.200  18.418  9.382 0.0000000000
79166  43.099  19.020  10.946 0.0000000000
79639  48.258  20.965  15.445 0.0000000000
79660  48.224  20.685  14.592 0.0000000000
79682  42.717  20.175  9.847 0.0000000000
80223  47.667  21.139  15.551 0.0000000000
80240  48.018  21.963  13.946 0.0000000000
80260  43.810  21.233  11.185 0.0000000000
80288  42.021  21.787  6.764 0.0000000000
80786  44.956  22.603  14.099 0.0000000000
80915  37.881  21.465  -4.835 0.0000000000
80921  43.054  22.030  -5.640 0.0000000000
80924  40.441  21.493  -6.010 0.0000000000
81311  46.456  23.921  14.376 0.0000000000
81359  40.936  23.545  5.413 0.0000000000
81360  38.701  23.504  5.505 0.0000000000
81368  44.582  22.640  4.080 0.0000000000
81372  40.263  24.042  4.799 0.0000000000
81373  39.280  23.929  5.099 0.0000000000
81426  47.807  22.672  -0.271 0.0000000000
81427  45.426  22.823  -0.014 0.0000000000
81435  47.714  22.445  -1.036 0.0000000000
81485  41.218  23.184  -6.234 0.0000000000
81487  39.530  22.085  -6.150 0.0000000000
81492  44.463  22.876  -5.819 0.0000000000
81494  41.072  22.270  -6.465 0.0000000000
81875  47.705  23.858  3.253 0.0000000000
81876  41.177  24.279  3.575 0.0000000000
81916  43.330  23.726  1.863 0.0000000000
81927  47.789  23.380  0.172 0.0000000000
81954  47.708  22.890  -1.196 0.0000000000
81986  42.654  22.694  -6.377 0.0000000000
82295  45.234  25.524  13.334 0.0000000000
82335  46.973  25.941  4.228 0.0000000000
82340  45.506  26.279  3.208 0.0000000000
82405  45.389  25.280  -5.442 0.0000000000
82771  47.183  27.438  9.138 0.0000000000
82778  47.182  27.513  7.263 0.0000000000
83234  46.705  28.502  7.639 0.0000000000
83247  40.572  27.785  6.615 0.0000000000
83265  38.615  27.676  4.579 0.0000000000
83266  37.865  27.776  4.808 0.0000000000
83289  42.519  27.884  0.775 0.0000000000
83744  46.106  29.403  8.105 0.0000000000
83786  37.359  28.144  4.368 0.0000000000
83802  39.354  28.966  2.657 0.0000000000
83858  46.287  28.532  -2.780 0.0000000000
84402  43.462  29.421  -4.564 0.0000000000
84849  45.552  31.004  -0.499 0.0000000000
84850  43.161  30.411  -0.472 0.0000000000
84902  43.312  30.505  -4.296 0.0000000000
85299  45.838  31.405  -0.728 0.0000000000
85713  44.241  33.209  1.862 0.0000000000
85745  44.961  32.052  -1.899 0.0000000000
86139  41.275  33.302  2.558 0.0000000000
86550  39.506  35.915  3.204 0.0000000000
86971  34.927  35.256  2.898 0.0000000000
87448  39.628  37.255  -1.299 0.0000000000
88291  41.911  38.752  -4.110 0.0000000000
97399  39.662  24.840  0.928 0.0000000000
98606  44.056  14.381  12.170 0.0000000000
99172  47.551  23.316  3.931 0.0000000000
99852  41.904  24.391  2.119 0.0000000000
107893  43.434  26.957  2.083 0.0000000000
108592  46.582  24.612  13.491 0.0000000000
108849  46.275  28.843  -3.891 0.0000000000
109326  43.930  15.599  8.829 0.0000000000
110337  47.698  17.249  16.388 0.0000000000
113150  45.530  26.968  -5.316 0.0000000000
113627  44.225  26.561  4.237 0.0000000000
113718  49.132  14.727  3.181 0.0000000000
114854  36.399  21.737  4.921 0.0000000000
115195  47.679  23.036  13.723 0.0000000000
115224  47.185  24.157  11.788 0.0000000000
115511  38.825  31.569  2.479 0.0000000000
115519  40.886  27.451  6.148 0.0000000000
116148  44.213  33.724  -0.550 0.0000000000
117210  39.869  27.394  4.845 0.0000000000
